$coord
    0.62395690776829     -0.01736316379680      4.14386321117177      cl
    2.60325586086833      1.51135837097671     -1.46979713288182      o
   -0.09533137219851     -3.12788365255193     -0.87554184875353      o
   -2.36916434907956      2.23292579215538     -0.71988111603629      o
    2.27291152960487     -0.17993252201526     -2.10814325939412      h
   -0.73658981878509      2.63359488199047     -1.49654463866707      h
    0.22828451265819     -2.65418688003561      0.92235605387823      h
   -1.70209152090137      1.75993157535875      0.97049000309423      h
   -1.27007636433558     -1.78111418800305     -1.35796636355707      h
    2.37109740569443      1.18318780370829      0.34823489685673      h
$redundant
     number_of_atoms            10
     degrees_of_freedom         24
     internal_coordinates       42
     frozen_coordinates          0
# definitions of redundant internals
   1 k  1.0000000000000 stre    4    6           val=   1.91231
   2 k  1.0000000000000 stre    6    1           val=   3.85747
   3 k  1.0000000000000 linc    1    4    6    8 val=  22.32743
   4 k  1.0000000000000 linp    1    4    6    8 val= -10.63849
   5 k  1.0000000000000 stre    3    7           val=   1.86109
   6 k  1.0000000000000 stre    7    2           val=   3.75085
   7 k  1.0000000000000 linc    3    2    7   10 val=  17.83726
   8 k  1.0000000000000 linp    3    2    7   10 val=  -6.97289
   9 k  1.0000000000000 stre    2   10           val=   1.91569
  10 k  1.0000000000000 stre   10    1           val=   3.94231
  11 k  1.0000000000000 linc    1    2   10    5 val=  17.17200
  12 k  1.0000000000000 linp    1    2   10    5 val= -17.28455
  13 k  1.0000000000000 stre    2    5           val=   1.78131
  14 k  1.0000000000000 stre    3    9           val=   1.90469
  15 k  1.0000000000000 stre    4    8           val=   1.79422
  16 k  1.0000000000000 bend   10    5    2      val=  94.30223
  17 k  1.0000000000000 bend    9    7    3      val=  96.88015
  18 k  1.0000000000000 bend    6    8    4      val=  96.08656
  19 k  1.0000000000000 tors    8    3    2   10 val=  78.40630
        1.0000000000000 tors    8    3    2    5
        1.0000000000000 tors    9    3    2   10
        1.0000000000000 tors    9    3    2    5
  20 k  1.0000000000000 stre    1    9           val=   4.37823
  21 k  1.0000000000000 stre    3    8           val=   3.87459
  22 k  1.0000000000000 stre    4    5           val=   3.82096
  23 k  0.5959182479168 bend    9   10    1      val=  70.73538
        0.5480336566321 bend    6   10    1
        0.5869757686635 bend    6    9    1
  24 k -0.3033019681559 bend    9   10    1      val=  -1.64393
        0.8303978441082 bend    6   10    1
       -0.4673835005787 bend    6    9    1
  25 k -0.7435653017136 bend    9   10    1      val=  -0.56172
        0.1004914508747 bend    6   10    1
        0.6610689150071 bend    6    9    1
  26 k  0.7466745032487 bend    7    5    2      val=  82.21856
        0.6651895866580 bend    7   10    2
  27 k -0.6651895866580 bend    7    5    2      val=   6.58021
        0.7466745032487 bend    7   10    2
  28 k  0.7020034539517 bend    8    7    3      val=  83.06036
        0.7121735396937 bend    8    9    3
  29 k  0.7121735396937 bend    8    7    3      val=  -2.87228
       -0.7020034539517 bend    8    9    3
  30 k  0.8060095709880 bend    5    8    4      val=  90.69698
        0.5919025016637 bend    5    6    4
  31 k -0.5919025016637 bend    5    8    4      val=   3.77491
        0.8060095709880 bend    5    6    4
  32 k  1.0000000000000 bend    4    2    5      val= 141.97467
  33 k  1.0000000000000 bend    3    4    8      val= 137.34969
  34 k  1.0000000000000 bend    1    3    9      val= 138.12701
  35 k  1.0000000000000 tors    7    2    1    6 val=   4.05722
        1.0000000000000 tors    7    2    1    9
        1.0000000000000 tors    5    2    1    6
        1.0000000000000 tors    5    2    1    9
  36 k  1.0000000000000 tors    3    9    1   10 val=   3.21499
        1.0000000000000 tors    3    9    1    6
  37 k  1.0000000000000 tors    5    4    1   10 val=   8.46546
        1.0000000000000 tors    5    4    1    9
        1.0000000000000 tors    8    4    1   10
        1.0000000000000 tors    8    4    1    9
  38 k  1.0000000000000 tors    4    5    2   10 val=   2.96941
        1.0000000000000 tors    4    5    2    7
  39 k  1.0000000000000 tors    1    9    3    7 val=  -7.08798
        1.0000000000000 tors    1    9    3    8
  40 k  1.0000000000000 tors    4    8    3    7 val=  28.87883
        1.0000000000000 tors    4    8    3    9
  41 k  1.0000000000000 tors    3    8    4    6 val= -21.39539
        1.0000000000000 tors    3    8    4    5
  42 k  1.0000000000000 tors    2    5    4    6 val=  -4.44776
        1.0000000000000 tors    2    5    4    8
        24 non zero eigenvalues  of BmBt
           1           3.172833856    0    0
        -0.395925562         0.513578353         0.027429512         0.032094809
         0.158750087        -0.193392090         0.046118570         0.010129481
        -0.453244075         0.548795793        -0.029005387        -0.073605872
         0.000000000         0.000000000         0.000000000         0.000000000
         0.000000000         0.000000000         0.000000000         0.000000000
         0.000000000         0.000000000         0.000000000         0.000000000
         0.000000000         0.000000000         0.000000000         0.000000000
         0.000000000         0.000000000         0.000000000         0.000000000
         0.000000000         0.000000000         0.000000000         0.000000000
         0.000000000         0.000000000         0.000000000         0.000000000
         0.000000000         0.000000000
           2           3.019337140    0    0
         0.192024883        -0.216183925        -0.005668325        -0.000553169
         0.634782631        -0.688329057        -0.037054595         0.008213260
         0.025625886        -0.080972974         0.049006670        -0.168988687
         0.000000000         0.000000000         0.000000000         0.000000000
         0.000000000         0.000000000         0.000000000         0.000000000
         0.000000000         0.000000000         0.000000000         0.000000000
         0.000000000         0.000000000         0.000000000         0.000000000
         0.000000000         0.000000000         0.000000000         0.000000000
         0.000000000         0.000000000         0.000000000         0.000000000
         0.000000000         0.000000000         0.000000000         0.000000000
         0.000000000         0.000000000
           3           2.741401056    0    0
         0.539474333        -0.444295984        -0.017144520         0.060956423
        -0.122366813         0.103548725         0.085247073        -0.004382974
        -0.536053818         0.428835317         0.056574804         0.011068828
         0.000000000         0.000000000         0.000000000         0.000000000
         0.000000000         0.000000000         0.000000000         0.000000000
         0.000000000         0.000000000         0.000000000         0.000000000
         0.000000000         0.000000000         0.000000000         0.000000000
         0.000000000         0.000000000         0.000000000         0.000000000
         0.000000000         0.000000000         0.000000000         0.000000000
         0.000000000         0.000000000         0.000000000         0.000000000
         0.000000000         0.000000000
           4           1.471607791    0    0
         0.230314797         0.147950828         0.143081085         0.098690458
        -0.420832328        -0.272068557        -0.418468429         0.014301563
         0.398273128         0.365365244         0.198727743        -0.369873185
         0.000000000         0.000000000         0.000000000         0.000000000
         0.000000000         0.000000000         0.000000000         0.000000000
         0.000000000         0.000000000         0.000000000         0.000000000
         0.000000000         0.000000000         0.000000000         0.000000000
         0.000000000         0.000000000         0.000000000         0.000000000
         0.000000000         0.000000000         0.000000000         0.000000000
         0.000000000         0.000000000         0.000000000         0.000000000
         0.000000000         0.000000000
           5           1.321044277    0    0
        -0.537307811        -0.444310195        -0.343355968         0.063226195
        -0.378159480        -0.277841209        -0.069641815         0.001730405
        -0.236401211        -0.152505870         0.213938251        -0.205015705
         0.000000000         0.000000000         0.000000000         0.000000000
         0.000000000         0.000000000         0.000000000         0.000000000
         0.000000000         0.000000000         0.000000000         0.000000000
         0.000000000         0.000000000         0.000000000         0.000000000
         0.000000000         0.000000000         0.000000000         0.000000000
         0.000000000         0.000000000         0.000000000         0.000000000
         0.000000000         0.000000000         0.000000000         0.000000000
         0.000000000         0.000000000
           6           1.292466266    0    0
         0.173683157         0.162625061         0.168116909        -0.242583857
        -0.320092172        -0.247645377         0.040785738         0.358529648
        -0.290754811        -0.328596715        -0.555071342        -0.248323288
         0.000000000         0.000000000         0.000000000         0.000000000
         0.000000000         0.000000000         0.000000000         0.000000000
         0.000000000         0.000000000         0.000000000         0.000000000
         0.000000000         0.000000000         0.000000000         0.000000000
         0.000000000         0.000000000         0.000000000         0.000000000
         0.000000000         0.000000000         0.000000000         0.000000000
         0.000000000         0.000000000         0.000000000         0.000000000
         0.000000000         0.000000000
           7           1.014609309    0    0
        -0.040058354        -0.109206410        -0.476784277         0.303288681
         0.159243499         0.118207700        -0.399974830         0.413148795
         0.134479684         0.203092974        -0.472773635         0.119633703
         0.000000000         0.000000000         0.000000000         0.000000000
         0.000000000         0.000000000         0.000000000         0.000000000
         0.000000000         0.000000000         0.000000000         0.000000000
         0.000000000         0.000000000         0.000000000         0.000000000
         0.000000000         0.000000000         0.000000000         0.000000000
         0.000000000         0.000000000         0.000000000         0.000000000
         0.000000000         0.000000000         0.000000000         0.000000000
         0.000000000         0.000000000
           8           0.908888070    0    0
        -0.075327124        -0.086592132         0.206882182         0.676479242
        -0.023487841         0.018450555         0.574916031         0.132376655
         0.176005178         0.038005273        -0.130921496        -0.296473339
         0.000000000         0.000000000         0.000000000         0.000000000
         0.000000000         0.000000000         0.000000000         0.000000000
         0.000000000         0.000000000         0.000000000         0.000000000
         0.000000000         0.000000000         0.000000000         0.000000000
         0.000000000         0.000000000         0.000000000         0.000000000
         0.000000000         0.000000000         0.000000000         0.000000000
         0.000000000         0.000000000         0.000000000         0.000000000
         0.000000000         0.000000000
           9           0.850732990    0    0
         0.162146160         0.139703525        -0.646569711        -0.365541753
        -0.047250449        -0.013521697         0.489622370        -0.047877429
         0.245686196         0.175705768        -0.023604056        -0.257466996
         0.000000000         0.000000000         0.000000000         0.000000000
         0.000000000         0.000000000         0.000000000         0.000000000
         0.000000000         0.000000000         0.000000000         0.000000000
         0.000000000         0.000000000         0.000000000         0.000000000
         0.000000000         0.000000000         0.000000000         0.000000000
         0.000000000         0.000000000         0.000000000         0.000000000
         0.000000000         0.000000000         0.000000000         0.000000000
         0.000000000         0.000000000
          10           0.684499699   13    0
        13
          11           0.494990601   13    0
        13
          12           1.726582636   13    0
        13
          13           1.695296314   14    0
        14
          14           1.585402500   15    0
        15
          15           0.613626460   19    0
        19
          16           0.474750061   19    0
        19
          17           0.894955115   19    0
        19
          18           6.869036375    0    0
         0.000000000         0.000000000         0.000000000         0.000000000
         0.000000000         0.000000000         0.000000000         0.000000000
         0.000000000         0.000000000         0.000000000         0.000000000
         0.000000000         0.000000000         0.000000000         0.000000000
         0.000000000         0.000000000         0.000000000         0.081005731
        -0.123259865         0.003575446        -0.012151353         0.016313212
         0.053510980         0.072880181        -0.083824089         0.105049363
        -0.090900044         0.037111674        -0.077911996        -0.030935148
        -0.000834562        -0.035846269         0.245733909        -0.433579682
        -0.058226838        -0.472875832         0.396825128        -0.070891049
        -0.034545422         0.542734922
          19           4.353503790    0    0
         0.000000000         0.000000000         0.000000000         0.000000000
         0.000000000         0.000000000         0.000000000         0.000000000
         0.000000000         0.000000000         0.000000000         0.000000000
         0.000000000         0.000000000         0.000000000         0.000000000
         0.000000000         0.000000000         0.000000000        -0.207034169
        -0.141923519         0.014413388         0.052997468         0.011810048
         0.024626008        -0.089314103         0.047978604         0.065583340
        -0.142164433        -0.180495335         0.174879864         0.127380701
         0.190786492         0.017659612        -0.036680345        -0.220529192
        -0.129565279         0.147835620         0.288603576        -0.565695206
         0.464058385        -0.273985793
          20           2.357417062    0    0
         0.000000000         0.000000000         0.000000000         0.000000000
         0.000000000         0.000000000         0.000000000         0.000000000
         0.000000000         0.000000000         0.000000000         0.000000000
         0.000000000         0.000000000         0.000000000         0.000000000
         0.000000000         0.000000000         0.000000000         0.271995205
        -0.216994873         0.457996856         0.070934468         0.080640157
        -0.048698771         0.129939110        -0.066388718        -0.043005695
        -0.019399256        -0.138011487         0.158679228        -0.244774242
         0.296413736        -0.147172367         0.136359606         0.345579347
        -0.366758136        -0.163225124        -0.259703662        -0.067864014
         0.178415095         0.122593585
          21           1.203272815    0    0
         0.000000000         0.000000000         0.000000000         0.000000000
         0.000000000         0.000000000         0.000000000         0.000000000
         0.000000000         0.000000000         0.000000000         0.000000000
         0.000000000         0.000000000         0.000000000         0.000000000
         0.000000000         0.000000000         0.000000000        -0.550013110
         0.402214538         0.600414581         0.149882720        -0.001580906
         0.041907733        -0.004230027        -0.174325115         0.113502477
         0.052825909         0.046747977        -0.107722946        -0.134452232
        -0.210919289        -0.020040407         0.064473178        -0.025014568
         0.103695982        -0.053836668        -0.024413498        -0.025878313
         0.084510506         0.036196573
          22           1.059784708    0    0
         0.000000000         0.000000000         0.000000000         0.000000000
         0.000000000         0.000000000         0.000000000         0.000000000
         0.000000000         0.000000000         0.000000000         0.000000000
         0.000000000         0.000000000         0.000000000         0.000000000
         0.000000000         0.000000000         0.000000000        -0.537192312
        -0.749347806        -0.052084576        -0.100165611         0.016512093
        -0.058380463        -0.141213747        -0.078141410         0.081343942
         0.078532609         0.151433770        -0.022231419        -0.130786760
        -0.061479434         0.093727572        -0.006766927         0.079591086
        -0.030878278         0.003843337        -0.119579096         0.081319918
        -0.097632847         0.061274666
          23           0.500988706    0    0
         0.000000000         0.000000000         0.000000000         0.000000000
         0.000000000         0.000000000         0.000000000         0.000000000
         0.000000000         0.000000000         0.000000000         0.000000000
         0.000000000         0.000000000         0.000000000         0.000000000
         0.000000000         0.000000000         0.000000000         0.191591848
        -0.184082554         0.494390812        -0.103486210         0.253971039
         0.015378229        -0.160826970         0.302632191         0.022638925
         0.326377242        -0.204451351        -0.042492419         0.393251645
        -0.036599046         0.326027471        -0.066202731        -0.094582812
         0.104628111         0.049974721         0.096572512        -0.000524363
        -0.207250418         0.010575547
          24           0.397196965    0    0
         0.000000000         0.000000000         0.000000000         0.000000000
         0.000000000         0.000000000         0.000000000         0.000000000
         0.000000000         0.000000000         0.000000000         0.000000000
         0.000000000         0.000000000         0.000000000         0.000000000
         0.000000000         0.000000000         0.000000000        -0.023067610
        -0.111487832        -0.018050201         0.254098522        -0.094011202
        -0.330479993        -0.030069909         0.378775959         0.186217681
        -0.217388925        -0.114002286        -0.390061075         0.300528140
        -0.131836111        -0.299765569        -0.057851398         0.100832456
         0.132459789        -0.318003171        -0.195141557         0.025712440
         0.206554165        -0.038573429
$user-defined bonds
$end
