$dipgrad          cartesian dipole gradients
  -.28088615072323D+00  0.37191178519046D-01  0.16210649866061D-01
  -.20537341947972D+00  -.81853416049742D-01  -.16272624872069D-01
  0.36299272424188D-01  0.19495669996287D+00  -.11587636103878D+00
  0.25631958863616D+00  -.28119958952401D+00  -.47960351679088D-01
  0.93969630792600D-02  0.24908523977201D+00  -.31907644793912D-01
  -.32943433973043D-01  -.58286721352810D-01  0.40413294848730D-01
  0.15393667313647D+00  -.77070140574135D-01  0.35742830400000D-01
  0.20276230899389D+00  0.36343289999060D+00  -.10360681797451D+00
  0.23410838816331D-01  -.16944756221455D-01  0.26789910193283D-01
  -.23921042230635D+00  0.23086515510742D+00  0.10035127118710D-01
  -.41853335941323D-02  -.16606232979896D+00  0.29431068484753D-01
  -.16078831196961D+00  -.10998866628778D+00  -.73260524068711D-01
  0.36497688669123D+00  -.72269343057931D-01  0.46560357039493D-02
  0.20382574944231D+00  0.15926280983396D+00  0.24609233849094D-01
  -.92581077540565D-01  0.32109758938291D-01  0.20707432999154D-01
  -.54748280518928D-01  0.68957877814447D-01  -.41744544098484D-01
  -.12218306482029D+00  -.32334598287764D+00  0.45835453837434D-01
  0.18411646319360D+00  -.79719689555808D-01  -.98658998296687D-01
  0.80633216559720D-01  0.16969205482004D+00  0.18859250495085D-01
  0.25530948368358D+00  -.39410577774503D+00  0.97379979141158D-01
  0.44334514475328D-01  0.20975487583788D+00  -.12895451046994D+00
  0.24012611943831D+00  0.80791012311241D-01  -.29835707321668D-01
  -.13480787639686D+00  0.35628528343872D+00  -.24076647009170D+00
  0.44947629164338D-01  -.36983295581154D+00  0.18878533381554D+00
  -.45396802827432D+00  -.10591863990385D+00  0.84576833844599D-01
  0.71634246318841D-01  -.59180331041386D+00  0.57785636375545D-01
  0.46939714685917D-01  0.20862994563635D+00  -.27721292912035D+00
  0.46083432200328D+00  0.33157420138729D-01  -.78690742133455D-01
  -.43290360647047D-01  0.11333990339590D+00  -.47706666396254D-01
  -.20606951167315D+00  -.16821002120692D+00  0.13273359959523D+00
  -.50056306493873D-01  0.32179860537985D-01  0.47948560060708D-01
  0.79146745477013D-03  0.45549494681698D-01  0.38922203884239D-01
  0.64577085156958D-02  0.67975101725118D-02  0.13530694755944D+00
  -.45620747527718D+00  0.65724031499968D-01  0.69612739583605D-01
  0.16973623543426D+00  0.84088925391091D-01  -.12001816355767D+00
  0.13246456038409D+00  -.19502817803776D+00  -.71539594633292D-01
  0.34095868591561D+00  0.26598745413128D-01  -.21166450291111D+00
  -.21796057584470D+00  0.30718940542777D+00  0.12148971700661D+00
  -.30314568642893D+00  0.11500110864546D+00  0.13845193937643D+00
  -.54053878327089D+00  -.20121598869376D-01  0.20302266450546D-01
  0.18809235431760D+00  -.54702205727939D+00  -.41449164558539D-01
  0.12501920496964D+00  -.77862621184063D-01  -.23672958305113D+00
  0.19950066464560D+00  0.18830630030697D+00  -.49028774609948D-01
  0.10089145922974D+00  0.43808500948666D+00  0.16360195234966D-01
  -.71677408684467D-01  0.18565725372643D+00  0.67283668694522D-01
  0.99417208263631D-02  -.29822791652450D-01  0.21026331549759D-01
  -.63571854334357D-01  -.19758313796756D-01  -.22457475108749D-01
  0.20636447753391D-01  0.29759583379214D-01  0.14235007776057D+00
  -.15546907366789D+00  -.36603432909832D+00  -.52282563894050D-01
  -.28852402269793D+00  -.21862846787139D+00  0.41057796735346D-01
  -.17118803319100D+00  0.26102375392720D-01  -.70523795089005D-01
  0.27090997218091D-01  0.44595634884702D-01  -.39187555140318D-01
  0.22680917130436D-01  -.38237530920192D-01  0.35728470059737D-01
  0.14238321389242D-01  0.78762785581832D-02  0.14205608798965D+00
  0.26266875156695D+00  -.12148631667825D+00  0.64336454421830D-01
  -.16921104114188D+00  0.36780424420693D+00  -.32860954583022D-01
  0.23773121201368D+00  -.98320257217174D-01  0.76439914286959D-01
  -.62076551285488D+00  -.15148566919510D+00  -.18790542479919D-02
  0.33763755901214D-01  -.47243273929030D+00  0.58732690795269D-01
  -.13375209703858D+00  -.98404618484642D-02  -.23134194495597D+00
  0.40696436870231D+00  0.23266666787270D+00  0.15327795470454D+00
  0.35345968105935D-02  0.31975959776144D+00  0.79967954130539D-01
  0.24858309617533D+00  0.15782765498110D+00  0.60316000317258D-01
  0.58102764696761D-01  -.36858151757701D-01  -.67062539744156D-02
  -.53696632917145D-01  -.86754652646695D-01  -.47284254421939D-01
  -.64956381528549D-01  -.99131613248414D-01  0.55057586218850D-01
  0.38957410093109D-01  -.16352002639354D-01  -.12654061633219D-01
  -.33482389525953D-01  0.17077421806365D-01  -.22166905360652D-02
  -.66916896200009D-01  0.21050143372438D-01  -.28671616879928D-01
  -.35498921814488D-01  0.24744414827514D-01  0.59898234657208D-01
  0.42338550150998D-01  0.17950769907937D-01  -.19365139501360D-01
  0.81485242681945D-01  -.26055793452996D-01  0.40139478067079D-01
  -.14928470051151D-01  0.84801820767619D-01  -.57598577314469D-01
  0.62519615691033D-01  0.19017978298496D-01  0.36173287333868D-01
  -.69980569852575D-01  0.11267298133971D+00  0.23517148218256D-01
  -.48702274354968D-01  -.25947468712982D-01  0.69861761155241D-01
  -.29751608889878D-01  0.63330650864368D-01  0.23088897752231D-01
  0.14463685628646D+00  -.38715480077932D-02  0.12256004721781D-01
  -.25636815893415D-01  -.58903275930507D-01  -.31433987720000D-01
  -.46169034506249D-01  -.15010725085852D-01  -.28057131054902D-01
  -.52199841667365D-01  -.43522315286758D-01  0.63023496450761D-01
  0.44741330376055D-01  0.31609295813213D-01  -.47543574063724D-02
  0.25310810635627D-01  0.23555264306602D-01  -.11043648446087D-02
  0.44555930059221D-01  0.33945725317174D-01  -.40806725643740D-01
  0.26585044955000D-01  0.15311996203623D-01  -.12036875089026D-01
  0.26469975944556D-01  -.36655044330583D-01  0.64411360607301D-01
  -.18318601304036D-01  0.91019537991143D-01  0.31853393549568D-01
  0.42779700252218D-02  -.37241492437766D-02  0.11128791616691D-02
  -.68512754223838D-02  0.46855449520482D-01  -.15900382932944D-01
  0.86608380635493D-02  -.76545834531772D-01  -.23904731431547D-01
$end
