$energy      SCF               SCFKIN            SCFPOT
     1 -1152.103138174      1148.67083     -2300.77397     0.2124714222371
     2 -1152.103510831      1148.66785     -2300.77136     0.2117263313207
     3 -1152.101121305      1148.70029     -2300.80141     0.2096860018877
     4 -1152.100431574      1148.71959     -2300.82002     0.2064298332414
     5 -1152.102547166      1148.68532     -2300.78786     0.2021634066417
     6 -1152.102371353      1148.59927     -2300.70165     0.1971451428397
     7 -1152.099096180      1148.46602     -2300.56511     0.1917097082043
     8 -1152.094784565      1148.29767     -2300.39245     0.1861187360159
     9 -1152.092818565      1148.11745     -2300.21026     0.1804002519851
    10 -1152.091739760      1147.97389     -2300.06563     0.1744628684060
    11 -1152.088535779      1147.90312     -2299.99166     0.1681662469531
    12 -1152.081982321      1147.89561     -2299.97759     0.1614934292152
    13 -1152.074996262      1147.89231     -2299.96731     0.1544551282231
    14 -1152.071282531      1147.83186     -2299.90314     0.1471693045915
    15 -1152.067202529      1147.71312     -2299.78033     0.1399031154140
    16 -1152.058714384      1147.56858     -2299.62729     0.1328101436828
    17 -1152.049367958      1147.41870     -2299.46806     0.1259719462576
    18 -1152.043589547      1147.28838     -2299.33197     0.1194100389918
    19 -1152.039364848      1147.22176     -2299.26112     0.1130703434201
    20 -1152.033841837      1147.24041     -2299.27425     0.1068957561295
    21 -1152.025395321      1147.32055     -2299.34594     0.1009516247947
    22 -1152.017770595      1147.39018     -2299.40795     0.9533035756283E-01
    23 -1152.014710756      1147.38959     -2299.40430     0.9021271427377E-01
    24 -1152.010845492      1147.33373     -2299.34458     0.8580924670119E-01
    25 -1152.002584635      1147.26197     -2299.26455     0.8207773946849E-01
    26 -1151.995460847      1147.19131     -2299.18677     0.7880506372018E-01
    27 -1151.992606360      1147.15047     -2299.14308     0.7566915458765E-01
    28 -1151.991461799      1147.17927     -2299.17074     0.7240613853836E-01
    29 -1151.988981472      1147.28981     -2299.27879     0.6904141897498E-01
    30 -1151.983628262      1147.44766     -2299.43129     0.6573432632408E-01
    31 -1151.980109813      1147.57451     -2299.55462     0.6256065985964E-01
    32 -1151.981490720      1147.61975     -2299.60124     0.5966484775101E-01
    33 -1151.981044622      1147.61488     -2299.59593     0.5718521569223E-01
    34 -1151.975934002      1147.60481     -2299.58075     0.5511010828305E-01
    35 -1151.972805956      1147.60433     -2299.57713     0.5337298758838E-01
    36 -1151.974073479      1147.64059     -2299.61466     0.5186252572104E-01
    37 -1151.976469052      1147.74914     -2299.72561     0.5050156942360E-01
    38 -1151.976153344      1147.93709     -2299.91325     0.4924700006432E-01
    39 -1151.971496284      1148.16316     -2300.13466     0.4811845278183E-01
    40 -1151.968853690      1148.33963     -2300.30848     0.4707927602047E-01
    41 -1151.971460211      1148.42030     -2300.39176     0.4614569492435E-01
    42 -1151.969931163      1148.45642     -2300.42635     0.4534586682082E-01
    43 -1151.962204154      1148.49504     -2300.45724     0.4466821867282E-01
    44 -1151.956626021      1148.53938     -2300.49601     0.4407621938829E-01
    45 -1151.955330311      1148.60851     -2300.56384     0.4346092743924E-01
    46 -1151.954801365      1148.73022     -2300.68502     0.4272296455330E-01
    47 -1151.951191757      1148.90316     -2300.85435     0.4182730338463E-01
    48 -1151.943784882      1149.07471     -2301.01849     0.4077323784400E-01
    49 -1151.941447156      1149.14752     -2301.08897     0.3954068452004E-01
    50 -1151.945956189      1149.09096     -2301.03691     0.3819550452825E-01
    51 -1151.945334587      1148.97858     -2300.92391     0.3683512724998E-01
    52 -1151.940688771      1148.85025     -2300.79093     0.3550505260690E-01
    53 -1151.940489947      1148.71661     -2300.65710     0.3422127163766E-01
    54 -1151.944378610      1148.61292     -2300.55730     0.3290593039335E-01
    55 -1151.948522455      1148.56816     -2300.51668     0.3147768106678E-01
    56 -1151.948466205      1148.57873     -2300.52720     0.2993611672261E-01
    57 -1151.944143035      1148.58704     -2300.53118     0.2832068653787E-01
    58 -1151.945348036      1148.50041     -2300.44575     0.2666433515412E-01
    59 -1151.949705216      1148.32076     -2300.27046     0.2502666402387E-01
    60 -1151.945936921      1148.12762     -2300.07355     0.2349241905394E-01
    61 -1151.939015618      1147.94976     -2299.88877     0.2214205162822E-01
    62 -1151.935724759      1147.80436     -2299.74008     0.2096727988291E-01
    63 -1151.935107837      1147.72405     -2299.65916     0.1986180102417E-01
    64 -1151.934263188      1147.72401     -2299.65827     0.1875518898204E-01
    65 -1151.929313771      1147.78555     -2299.71487     0.1766691831058E-01
    66 -1151.922285008      1147.83764     -2299.75993     0.1664055400024E-01
    67 -1151.922010745      1147.79380     -2299.71581     0.1578574411309E-01
    68 -1151.921853157      1147.66420     -2299.58605     0.1484846356082E-01
    69 -1151.914894153      1147.52510     -2299.43999     0.1415046894265E-01
    70 -1151.908859120      1147.40041     -2299.30927     0.1371511045352E-01
    71 -1151.906749885      1147.32778     -2299.23453     0.1349769408297E-01
    72 -1151.906992309      1147.34191     -2299.24890     0.1336697433581E-01
    73 -1151.907021611      1147.44493     -2299.35195     0.1329371776807E-01
    74 -1151.903989328      1147.59631     -2299.50030     0.1337544209109E-01
    75 -1151.902333867      1147.70822     -2299.61055     0.1370157116939E-01
    76 -1151.906681406      1147.71749     -2299.62417     0.1421015823421E-01
    77 -1151.909092991      1147.66276     -2299.57185     0.1483677828133E-01
    78 -1151.905817960      1147.60010     -2299.50592     0.1565281100807E-01
    79 -1151.904575587      1147.55071     -2299.45528     0.1667561902749E-01
    80 -1151.907581505      1147.55158     -2299.45916     0.1780899435555E-01
    81 -1151.912411825      1147.63693     -2299.54934     0.1899617119935E-01
    82 -1151.915890290      1147.80616     -2299.72205     0.2026779352105E-01
    83 -1151.916801693      1148.00923     -2299.92603     0.2174613885193E-01
    84 -1151.920127772      1148.15993     -2300.08006     0.2352377963329E-01
    85 -1151.927156830      1148.21743     -2300.14459     0.2551830158904E-01
    86 -1151.931071068      1148.22364     -2300.15471     0.2763399979402E-01
    87 -1151.930047094      1148.22826     -2300.15831     0.2994105287457E-01
    88 -1151.931986486      1148.24593     -2300.17792     0.3253507528572E-01
    89 -1151.938020783      1148.30833     -2300.24635     0.3530846076542E-01
    90 -1151.943886900      1148.44952     -2300.39341     0.3817317596748E-01
    91 -1151.946121250      1148.66356     -2300.60968     0.4119092749387E-01
    92 -1151.945829404      1148.88909     -2300.83492     0.4452552136257E-01
    93 -1151.948269997      1149.04384     -2300.99211     0.4825674428658E-01
    94 -1151.953013025      1149.10018     -2301.05320     0.5220906875617E-01
    95 -1151.954838210      1149.09331     -2301.04815     0.5622309716686E-01
    96 -1151.952579269      1149.06275     -2301.01533     0.6034593795354E-01
    97 -1151.953980834      1149.01619     -2300.97018     0.6471659882296E-01
    98 -1151.960004278      1148.98280     -2300.94280     0.6931563000729E-01
    99 -1151.966542457      1148.99570     -2300.96224     0.7410165939776E-01
   100 -1151.971494558      1149.04573     -2301.01722     0.7914748537225E-01
   101 -1151.977497178      1149.07292     -2301.05042     0.8462444893163E-01
   102 -1151.988120169      1149.01250     -2301.00062     0.9054741158218E-01
   103 -1152.000533352      1148.85497     -2300.85551     0.9641523350866E-01
   104 -1152.010032529      1148.63653     -2300.64656     0.1005387181197
   105 -1152.016413824      1148.39935     -2300.41576     0.1046815649046
   106 -1152.025675706      1148.17075     -2300.19642     0.1098954509878
   107 -1152.036747729      1148.00137     -2300.03812     0.1162130813858
   108 -1152.046485252      1147.92737     -2299.97386     0.1236885812737
   109 -1152.053580292      1147.93742     -2299.99100     0.1326908454956
   110 -1152.060286252      1147.97326     -2300.03354     0.1434723648017
   111 -1152.068230717      1147.97904     -2300.04727     0.1553745860877
   112 -1152.073415992      1147.95143     -2300.02485     0.1655588077228
   113 -1152.073105123      1147.92111     -2299.99421     0.1669977923226
   114 -1152.068249469      1147.92891     -2299.99716     0.1630580478760
   115 -1152.060149999      1148.02234     -2300.08249     0.1595096506800
   116 -1152.045157563      1148.25254     -2300.29770     0.1570142777956
   117 -1152.020967303      1148.62437     -2300.64534     0.1558266513967
   118 -1151.988546047      1149.07739     -2301.06594     0.1563054450002
   119 -1151.956299331      1149.49453     -2301.45083     0.1581596587122
   120 -1151.931824166      1149.77780     -2301.70963     0.1606300215795
   121 -1151.919887214      1149.88136     -2301.80124     0.1636679957404
   122 -1151.929271974      1149.78119     -2301.71046     0.1676428286362
   123 -1151.958920090      1149.51943     -2301.47835     0.1726776925317
   124 -1151.997567070      1149.20099     -2301.19855     0.1759481439083
   125 -1152.033308167      1148.93382     -2300.96713     0.1787689501129
   126 -1152.058655842      1148.77547     -2300.83413     0.1824652723230
   127 -1152.072848908      1148.71028     -2300.78313     0.1862016093751
   128 -1152.080938584      1148.68037     -2300.76131     0.1898683445566
   129 -1152.079192496      1148.66755     -2300.74674     0.1932736806383
   130 -1152.068233882      1148.65544     -2300.72368     0.1850535186351
   131 -1152.056260869      1148.62135     -2300.67761     0.1689658083737
   132 -1152.046364485      1148.58910     -2300.63546     0.1548562338457
   133 -1152.037162686      1148.61054     -2300.64770     0.1428293980297
   134 -1152.027458059      1148.71407     -2300.74153     0.1327430570149
   135 -1152.017051604      1148.87916     -2300.89621     0.1243915825744
   136 -1152.010785868      1149.03565     -2301.04643     0.1174838480545
   137 -1152.008642982      1149.13794     -2301.14659     0.1114675759491
   138 -1152.000286960      1149.19807     -2301.19835     0.1054693161425
   139 -1151.989438054      1149.18984     -2301.17928     0.9902515462465E-01
   140 -1151.984102226      1149.09281     -2301.07691     0.9282015653261E-01
   141 -1151.983909257      1148.94972     -2300.93363     0.8737752403383E-01
   142 -1151.983894445      1148.82712     -2300.81102     0.8253754248555E-01
   143 -1151.980936180      1148.75480     -2300.73574     0.7808396613858E-01
   144 -1151.978188575      1148.69740     -2300.67559     0.7399004724873E-01
   145 -1151.983156038      1148.59348     -2300.57664     0.7034156643842E-01
   146 -1151.987683545      1148.46129     -2300.44898     0.6706982706313E-01
   147 -1151.981714061      1148.33782     -2300.31954     0.6392449739030E-01
   148 -1151.973158645      1148.18712     -2300.16028     0.6081805603193E-01
   149 -1151.970852314      1147.98207     -2299.95292     0.5788232672019E-01
   150 -1151.971616015      1147.77209     -2299.74371     0.5519632654399E-01
   151 -1151.968230496      1147.63005     -2299.59828     0.5267236503885E-01
   152 -1151.959208120      1147.57500     -2299.53420     0.5033834024111E-01
   153 -1151.952780135      1147.54985     -2299.50263     0.4836535902800E-01
   154 -1151.955019169      1147.50374     -2299.45876     0.4692668468147E-01
   155 -1151.954289504      1147.47154     -2299.42583     0.4592567516723E-01
   156 -1151.943727212      1147.46972     -2299.41344     0.4515159452979E-01
   157 -1151.933002370      1147.43863     -2299.37163     0.4447832248185E-01
   158 -1151.930896496      1147.33951     -2299.27041     0.4400247419134E-01
   159 -1151.931463636      1147.22988     -2299.16135     0.4376157751239E-01
   160 -1151.926335882      1147.18852     -2299.11486     0.4369391270979E-01
   161 -1151.916591187      1147.22662     -2299.14321     0.4381688090050E-01
   162 -1151.913684715      1147.28183     -2299.19551     0.4429331683194E-01
   163 -1151.920812406      1147.32467     -2299.24548     0.4513950097682E-01
   164 -1151.925602731      1147.39766     -2299.32326     0.4626352905301E-01
   165 -1151.923803708      1147.49956     -2299.42336     0.4753374614500E-01
   166 -1151.925108838      1147.55395     -2299.47906     0.4894616783274E-01
   167 -1151.937001451      1147.51727     -2299.45427     0.5060302466133E-01
   168 -1151.949835619      1147.46176     -2299.41160     0.5258494273531E-01
   169 -1151.953954139      1147.47430     -2299.42826     0.5486850985481E-01
   170 -1151.953420926      1147.55617     -2299.50959     0.5744078829065E-01
   171 -1151.962061626      1147.64372     -2299.60578     0.6044220145640E-01
   172 -1151.978839979      1147.73459     -2299.71343     0.6390372484164E-01
   173 -1151.989235757      1147.88636     -2299.87559     0.6771743950199E-01
   174 -1151.988899251      1148.08703     -2300.07593     0.7178582285105E-01
   175 -1151.989615696      1148.23478     -2300.22440     0.7602681346696E-01
   176 -1152.000927457      1148.26807     -2300.26900     0.8047763756127E-01
   177 -1152.010407722      1148.26885     -2300.27926     0.8530732217664E-01
   178 -1152.009274694      1148.32234     -2300.33161     0.9068618879561E-01
   179 -1152.006851877      1148.41149     -2300.41834     0.9683296264334E-01
   180 -1152.017790580      1148.48025     -2300.49804     0.1040387365282
   181 -1152.035330345      1148.56376     -2300.59910     0.1123291556198
   182 -1152.045347829      1148.72086     -2300.76621     0.1215534732073
   183 -1152.046600221      1148.91737     -2300.96397     0.1319173993311
   184 -1152.052833535      1149.03737     -2301.09020     0.1439939549524
   185 -1152.067904788      1149.04613     -2301.11403     0.1577962941170
   186 -1152.075310795      1149.04710     -2301.12241     0.1725724041369
   187 -1152.069849016      1149.10677     -2301.17662     0.1873594855824
   188 -1152.065305000      1149.18792     -2301.25323     0.2012967685594
   189 -1152.070609857      1149.26546     -2301.33607     0.2140477065552
   190 -1152.072425633      1149.40843     -2301.48086     0.2224436198761
   191 -1152.058884443      1149.65939     -2301.71827     0.2200990396202
   192 -1152.030867687      1149.95944     -2301.99030     0.2132689614120
   193 -1152.002871732      1150.18532     -2302.18819     0.2054576539193
   194 -1151.977810630      1150.30324     -2302.28105     0.1974712315733
   195 -1151.945712655      1150.37586     -2302.32157     0.1900716267255
   196 -1151.913994778      1150.39962     -2302.31362     0.1842041451106
   197 -1151.905655625      1150.29432     -2302.19997     0.1811299379839
   198 -1151.925968517      1150.05740     -2301.98337     0.1810264835464
   199 -1151.957964703      1149.78006     -2301.73803     0.1825414268380
   200 -1151.988133193      1149.51719     -2301.50532     0.1848342207391
   201 -1152.012574996      1149.253662306     -2301.266237302
$end
