$coord
    0.08834600851686      0.12300967783658      0.02246802853533      ti
    0.69882789389658     -2.77027517106977      2.18873819548836      o
   -2.63812080936504     -1.25166422759916     -1.74846632915747      o
   -4.08171586145632     -0.25452944659459     -2.19284412204574      h
   -0.73993437258246      2.73863253069532      1.76831305927964      o
   -1.97646778592336      4.08092956932372      2.42648577410238      h
    2.43063547200798      0.76588524858623     -2.22706196005174      o
    3.50096633812590      2.08206362644156     -2.76580114868691      h
    2.30477536518769     -3.54106006765820      1.75773456136036      h
$redundant
     number_of_atoms             9
     degrees_of_freedom         21
     internal_coordinates       21
     frozen_coordinates          0
# definitions of redundant internals
   1 k  1.0000000000000 tors    4    3    1    2 val= 141.46086
        1.0000000000000 tors    4    3    1    5
        1.0000000000000 tors    4    3    1    7
   2 k  1.0000000000000 stre    3    4           val=   1.80989
   3 k  1.0000000000000 bend    1    4    3      val= 121.64862
   4 k  1.0000000000000 tors    6    5    1    2 val= 123.38309
        1.0000000000000 tors    6    5    1    3
        1.0000000000000 tors    6    5    1    7
   5 k  1.0000000000000 stre    5    6           val=   1.94009
   6 k  1.0000000000000 bend    1    6    5      val= 154.28203
   7 k  1.0000000000000 tors    8    7    1    2 val= 123.14803
        1.0000000000000 tors    8    7    1    3
        1.0000000000000 tors    8    7    1    5
   8 k  1.0000000000000 stre    7    8           val=   1.77994
   9 k  1.0000000000000 bend    1    8    7      val= 140.77858
  10 k  1.0000000000000 tors    9    2    1    3 val= 114.23035
        1.0000000000000 tors    9    2    1    5
        1.0000000000000 tors    9    2    1    7
  11 k  1.0000000000000 stre    2    9           val=   1.83274
  12 k  1.0000000000000 bend    1    9    2      val= 109.81058
  13 k  1.0000000000000 stre    1    5           val=   3.25200
  14 k  1.0000000000000 stre    1    7           val=   3.31059
  15 k  1.0000000000000 stre    1    3           val=   3.52981
  16 k  1.0000000000000 stre    1    2           val=   3.66558
  17 k -0.0959655330138 bend    7    5    1      val=   0.38340
       -0.5567318710188 bend    3    5    1
        0.3973556296354 bend    3    7    1
       -0.3990466075505 bend    2    5    1
        0.5986276852942 bend    2    7    1
        0.0731808941192 bend    2    3    1
  18 k -0.7297322897642 bend    7    5    1      val=   5.20844
       -0.0140815535958 bend    3    5    1
       -0.1896389850642 bend    3    7    1
        0.4020263920147 bend    2    5    1
        0.2054850566145 bend    2    7    1
        0.4769488673846 bend    2    3    1
  19 k -0.3301796503268 bend    7    5    1      val=   6.10687
        0.4808187726890 bend    3    5    1
        0.5574064364605 bend    3    7    1
       -0.4475099754455 bend    2    5    1
       -0.3032241452073 bend    2    7    1
        0.2385009655585 bend    2    3    1
  20 k  0.2733618912650 bend    7    5    1      val=  -0.21487
        0.1212493685788 bend    3    5    1
       -0.5437436554900 bend    3    7    1
       -0.5079942397931 bend    2    5    1
        0.1070347605602 bend    2    7    1
        0.5877075093161 bend    2    3    1
  21 k -0.2111417515862 bend    7    5    1      val=   5.60075
        0.5525336269027 bend    3    5    1
       -0.2289282370268 bend    3    7    1
       -0.1827089218698 bend    2    5    1
        0.5699977582005 bend    2    7    1
       -0.4893236349148 bend    2    3    1
        21 non zero eigenvalues  of BmBt
           1          16.324432688    1    0
         1
           2           7.835776232    2    0
         2
           3           3.859378003    3    0
         3
           4           3.522424953    4    0
         4
           5           3.028099876    5    0
         5
           6           2.664294798    6    0
         6
           7           2.475020581    7    0
         7
           8           2.262573388    8    0
         8
           9           2.039168033    9    0
         9
          10           1.924572122   10    0
        10
          11           1.632360478   11    0
        11
          12           1.234849664   12    0
        12
          13           0.971579437   13    0
        13
          14           0.692675814   14    0
        14
          15           0.566795585   15    0
        15
          16           0.298889305   16    0
        16
          17           0.136260004   17    0
        17
          18           0.110626346   18    0
        18
          19           0.088697978   19    0
        19
          20           0.084431997   20    0
        20
          21           0.069824081   21    0
        21
$user-defined bonds
$end
