$coord
   -0.08318921720032      0.00183014682835      0.00680299413490      ti
    0.83213459519630     -2.87388837486453      2.00080950626635      o
   -2.54798452362586     -0.60126838957757     -2.02359321824707      o
   -4.25368874774587     -0.93643229520491     -2.26635442926425      h
   -0.78776982639446      2.59770668440673      2.06266175437660      o
    0.87810350618704      4.11843298731049      2.08887603529199      h
    2.62509276610482      0.72189592784582     -2.01582436514216      o
    3.13625782689937      1.75128360962341     -3.57645318020487      h
    2.26445535220618     -2.55116075691771      3.04884330476974      h
$redundant
     number_of_atoms             9
     degrees_of_freedom         21
     internal_coordinates       21
     frozen_coordinates          0
# definitions of redundant internals
   1 k  1.0000000000000 tors    4    3    1    2 val=  67.45267
        1.0000000000000 tors    4    3    1    5
        1.0000000000000 tors    4    3    1    7
   2 k  1.0000000000000 stre    3    4           val=   1.75519
   3 k  1.0000000000000 bend    1    4    3      val= 149.19349
   4 k  1.0000000000000 tors    6    5    1    2 val= 107.19091
        1.0000000000000 tors    6    5    1    3
        1.0000000000000 tors    6    5    1    7
   5 k  1.0000000000000 stre    5    6           val=   2.25575
   6 k  1.0000000000000 bend    1    6    5      val= 111.73287
   7 k  1.0000000000000 tors    8    7    1    2 val=  45.38081
        1.0000000000000 tors    8    7    1    3
        1.0000000000000 tors    8    7    1    5
   8 k  1.0000000000000 stre    7    8           val=   1.93817
   9 k  1.0000000000000 bend    1    8    7      val= 142.05224
  10 k  1.0000000000000 tors    9    2    1    3 val=  59.47457
        1.0000000000000 tors    9    2    1    5
        1.0000000000000 tors    9    2    1    7
  11 k  1.0000000000000 stre    2    9           val=   1.80390
  12 k  1.0000000000000 bend    1    9    2      val= 112.26977
  13 k  1.0000000000000 stre    1    3           val=   3.24984
  14 k  1.0000000000000 stre    1    5           val=   3.38549
  15 k  1.0000000000000 stre    1    7           val=   3.45605
  16 k  1.0000000000000 stre    1    2           val=   3.61713
  17 k -0.5135045247249 bend    5    3    1      val=   0.36092
       -0.0500190579700 bend    7    3    1
       -0.4903081217855 bend    7    5    1
        0.5585640220119 bend    2    3    1
        0.0934269380752 bend    2    5    1
        0.4155559928503 bend    2    7    1
  18 k  0.2244317381098 bend    5    3    1      val=   0.33942
        0.6169355162573 bend    7    3    1
       -0.2778590737567 bend    7    5    1
        0.2623172588488 bend    2    3    1
       -0.6223444562532 bend    2    5    1
       -0.1889241443579 bend    2    7    1
  19 k -0.5233856469458 bend    5    3    1      val=   2.01522
        0.3814201340815 bend    7    3    1
        0.4228162329506 bend    7    5    1
       -0.3564505306905 bend    2    3    1
       -0.2834988583367 bend    2    5    1
        0.4408900038946 bend    2    7    1
  20 k  0.3080023984981 bend    5    3    1      val=   2.48872
       -0.5507586274515 bend    7    3    1
        0.2156010467385 bend    7    5    1
        0.2013064514605 bend    2    3    1
       -0.5761248794116 bend    2    5    1
        0.4276347523014 bend    2    7    1
  21 k -0.3674845352514 bend    5    3    1      val=   2.55256
       -0.0950933683626 bend    7    3    1
        0.5502228711463 bend    7    5    1
        0.5323527089980 bend    2    3    1
       -0.0929369468189 bend    2    5    1
       -0.5110092727638 bend    2    7    1
        21 non zero eigenvalues  of BmBt
           1          13.121409636    1    0
         1
           2           7.309351894    2    0
         2
           3           3.300589157    3    0
         3
           4           3.229669301    4    0
         4
           5           2.785747745    5    0
         5
           6           2.681404288    6    0
         6
           7           2.273200571    7    0
         7
           8           2.131257333    8    0
         8
           9           1.987022749    9    0
         9
          10           1.824806383   10    0
        10
          11           1.611391559   11    0
        11
          12           1.194337522   12    0
        12
          13           0.912018581   13    0
        13
          14           0.727255358   14    0
        14
          15           0.453287776   15    0
        15
          16           0.299705562   16    0
        16
          17           0.134275805   17    0
        17
          18           0.114663954   18    0
        18
          19           0.091143812   19    0
        19
          20           0.078887388   20    0
        20
          21           0.070491942   21    0
        21
$user-defined bonds
$end
