$coord
   -0.00933350616954      0.14806586965700     -0.09726568123962      ti
    0.88142216574605     -2.77461555897251      1.73418677791362      o
   -2.74945359536153     -1.08732407040088     -1.59390383410010      o
   -3.07732353606116     -0.27644504342363     -3.15063981332905      h
   -0.70682121729651      2.70238147142221      2.08536913607898      o
   -2.35215870701933      4.04078983161436      2.00304189429152      h
    2.71454381999246      0.64987735301161     -1.86716087853195      o
    4.31897251839057      0.84547874762911     -2.23956467219700      h
   -0.66325339233022     -3.55599066978225      2.31905739398695      h
$redundant
     number_of_atoms             9
     degrees_of_freedom         21
     internal_coordinates       21
     frozen_coordinates          0
# definitions of redundant internals
   1 k  1.0000000000000 stre    8    7           val=   1.65865
   2 k  1.0000000000000 linc    8    1    7    2 val=  14.41998
   3 k  1.0000000000000 linp    8    1    7    2 val=  13.59703
   4 k  1.0000000000000 tors    4    3    1    2 val= 149.78203
        1.0000000000000 tors    4    3    1    5
   5 k  1.0000000000000 stre    3    4           val=   1.78562
   6 k  1.0000000000000 bend    1    4    3      val= 111.79929
   7 k  1.0000000000000 tors    6    5    1    2 val=  99.05309
        1.0000000000000 tors    6    5    1    3
   8 k  1.0000000000000 stre    5    6           val=   2.12256
   9 k  1.0000000000000 bend    1    6    5      val= 127.03279
  10 k  1.0000000000000 stre    1    7           val=   3.28692
  11 k  0.6696156699030 bend    3    7    1      val=   8.57134
       -0.7264292770905 bend    5    7    1
        0.1546459181684 bend    2    7    1
  12 k -0.4345771921220 bend    3    7    1      val=   8.08172
       -0.2143677969464 bend    5    7    1
        0.8747508855210 bend    2    7    1
  13 k  1.0000000000000 tors    9    2    1    3 val=  20.91901
        1.0000000000000 tors    9    2    1    5
  14 k  1.0000000000000 stre    2    9           val=   1.82720
  15 k  1.0000000000000 bend    1    9    2      val= 107.70007
  16 k  1.0000000000000 stre    1    3           val=   3.35773
  17 k  1.0000000000000 stre    1    5           val=   3.43146
  18 k  1.0000000000000 stre    1    2           val=   3.56226
  19 k  0.9438584831150 bend    5    3    1      val=  62.52496
       -0.3209243372620 bend    2    3    1
        0.0783500708666 bend    2    5    1
  20 k -0.1705421963505 bend    5    3    1      val=  41.89187
       -0.2702368572266 bend    2    3    1
        0.9475692060532 bend    2    5    1
  21 k  0.2829249425481 bend    5    3    1      val= 102.94765
        0.9077332266416 bend    2    3    1
        0.3097964914827 bend    2    5    1
        21 non zero eigenvalues  of BmBt
           1           3.580699465    1    0
         1
           2           3.465042562    2    0
         2
           3           3.270635124    3    0
         3
           4           2.372235238    4    0
         4
           5           2.311748106    5    0
         5
           6           2.095015983    6    0
         6
           7           2.003578596    7    0
         7
           8           1.735032514    8    0
         8
           9           1.701176334    9    0
         9
          10           1.486689671   10    0
        10
          11           1.255538435   11    0
        11
          12           1.061070460   12    0
        12
          13           0.923714300   13    0
        13
          14           0.638770085   14    0
        14
          15           0.507144110   15    0
        15
          16           0.296328357   16    0
        16
          17           0.117845036   17    0
        17
          18           0.089541697   18    0
        18
          19           0.087559036   19    0
        19
          20           0.076810724   20    0
        20
          21           0.064681675   21    0
        21
$user-defined bonds
$end
