$hessapprox internal
  0.857884686043D+00 -0.551822739567D-03  0.442188079287D+00 -0.173240965487D-03
  0.684620762314D-04  0.160434238812D+00  0.329862519174D-01 -0.106737333794D-02
 -0.212859385885D-03  0.416267445036D+00  0.330858904402D-01 -0.107831061451D-02
 -0.211464014565D-03 -0.328656594159D-02  0.416180951551D+00  0.193130810231D-01
 -0.140299532523D-01  0.820138982189D-03 -0.151598308435D-01 -0.151745065207D-01
  0.311314093258D+00  0.342618012335D-03 -0.700613301949D-04 -0.183632893214D-04
 -0.186987420614D-03 -0.184149742807D-03 -0.109580256975D-03  0.342940625444D+00
  0.927363502808D-02  0.108826427483D-01 -0.465623168289D-03  0.320616060819D-02
  0.320268954830D-02  0.230907122624D-01  0.400421732762D-04  0.299437048848D+00
 -0.147497873105D-03 -0.298819911276D-04  0.396643900029D-04  0.921302873615D-05
  0.781097760108D-05 -0.371242723702D-04 -0.410093487639D-05  0.645823339048D-04
  0.346005154000D+00 -0.891672065365D-01 -0.105084062030D-02  0.113262840875D-05
  0.240010847234D-01  0.240883604076D-01  0.156501304918D-01  0.300611734061D-03
  0.678370014667D-02 -0.117325534496D-03  0.999789608100D+00  0.229472567940D-01
 -0.623975644191D-02  0.405282470600D-03 -0.125692196329D-01 -0.125914868184D-01
 -0.164106661496D-01 -0.932608020924D-04  0.908171317002D-02  0.110132740850D-04
  0.178055028847D-01  0.441469776906D+00  0.102722570367D-02 -0.197220361294D-03
 -0.136471303869D-03 -0.502212321569D-03 -0.492685608079D-03 -0.365905952327D-03
  0.256899995919D-04  0.132315736267D-03 -0.162349514204D-04  0.890801787927D-03
 -0.308815267726D-03  0.179948241303D+00 -0.205568441302D-01  0.118337186159D-02
  0.113145752937D-04  0.525464420328D-02  0.527889580153D-02  0.814110066797D-02
  0.954369656270D-04 -0.176359905678D-02 -0.162259739407D-04 -0.152856345760D-01
  0.633856087413D-02  0.274751640824D-03  0.496189180104D+00  0.127161587768D-01
  0.759281399789D-03 -0.816529789833D-04  0.235860900726D-02  0.235205805327D-02
 -0.383852179085D-02 -0.511561219880D-04 -0.993371728824D-03 -0.729045204435D-05
  0.964342139233D-02 -0.531607546547D-02 -0.112517324611D-03  0.140471996827D-02
  0.204680235979D+00  0.451034554441D-02 -0.770537872339D-03 -0.308244244940D-02
 -0.135676289710D-02 -0.131771119748D-02 -0.288313002168D-02  0.147156205863D-03
  0.123234923021D-02 -0.147541644012D-03  0.358973661862D-02 -0.200947383580D-02
  0.675695915093D-03  0.102061842563D-02 -0.124798391780D-03  0.208913308722D+00
  0.211176910587D-01 -0.744247157440D-03 -0.112267719022D-03 -0.172800282515D-02
 -0.175158826366D-02 -0.102047019410D-01 -0.115117581681D-03  0.235081384536D-02
 -0.989231998926D-07  0.153148502574D-01 -0.838015635240D-02 -0.302740186185D-03
  0.333480669938D-02  0.187113035708D-02 -0.812406170684D-03  0.429116333654D+00
  0.266146126744D-02  0.436028101598D-02 -0.255616480774D-03  0.245707891367D-02
  0.245205428552D-02  0.869794698721D-02  0.365440090714D-05 -0.785660099124D-02
  0.244354530820D-04  0.181371892996D-02  0.325762718155D-02  0.216772818635D-04
 -0.100697485267D-02  0.553868929818D-03  0.520786108619D-03  0.172877199526D-02
  0.366052335177D+00  0.138962082830D-01 -0.375379549800D-02  0.420936312935D-02
 -0.998876877626D-02 -0.986251960417D-02 -0.299744852842D-02  0.244128376344D-03
  0.133972873979D-02 -0.237260067403D-04  0.130034405624D-01 -0.293256129977D-02
  0.567169539421D-03  0.452888014650D-02 -0.299470628464D-02 -0.569326225048D-02
 -0.618002871369D-02 -0.366168372403D-03  0.736229112016D-01  0.228283446979D-01
 -0.100948224276D-02 -0.630879810002D-04 -0.387567383456D-02 -0.390255215235D-02
 -0.960226006994D-02 -0.114232253220D-03  0.194355598450D-02  0.115003698244D-04
  0.168773306700D-01 -0.790433362742D-02 -0.316068585178D-03  0.392608052021D-02
  0.307325202932D-03 -0.102462045719D-02 -0.233287957400D-02  0.138056537275D-02
 -0.574787170621D-02  0.426029507871D+00  0.615546984458D-02  0.845955653991D-02
 -0.478806921052D-03  0.469326573036D-02  0.468617865099D-02  0.164373653880D-01
  0.100140228738D-04 -0.151637493708D-01  0.434030487524D-04  0.422407532353D-02
  0.595633339584D-02  0.552538444579D-04 -0.180708850284D-02  0.113763099814D-02
  0.105083259198D-02  0.333454299572D-02 -0.547955573405D-02 -0.567486971993D-03
  0.257311782074D-02  0.353237158469D+00  0.110135421903D-01 -0.321709937369D-02
  0.517883875521D-02 -0.877173862608D-02 -0.867127042024D-02 -0.166017404106D-02
  0.164614862455D-03  0.806258158445D-03  0.394844939152D-04  0.105792874782D-01
 -0.190942981076D-02  0.243010785625D-03  0.379948237937D-02 -0.276072432997D-02
 -0.898325349965D-02 -0.544581767237D-02 -0.530943808983D-03  0.271894921482D-01
 -0.494254902401D-02 -0.918715180155D-03  0.756286562643D-01 -0.980964719644D-02
 -0.122224342851D-01  0.464421213316D-03 -0.493701735559D-02 -0.493829697594D-02
 -0.270515932019D-01 -0.631290221974D-04  0.240806933320D-01 -0.698645585324D-04
 -0.782060120928D-02 -0.994706791166D-02 -0.201578366725D-03  0.210784011832D-02
 -0.100271470255D-02 -0.149285908691D-02 -0.355697567581D-02  0.894071641486D-02
 -0.258918186208D-02 -0.288572276895D-02  0.172638021986D-01 -0.187002818977D-02
  0.733839445317D+00  0.408788298610D-01  0.306374138064D-02  0.677806456478D-06
 -0.125569198852D-01 -0.125956711906D-01  0.695506004273D-03 -0.106502707436D-03
 -0.871548811445D-02  0.808310064164D-04  0.309233283945D-01 -0.365579468234D-02
 -0.336574686015D-03  0.654029114322D-02 -0.749639584713D-02 -0.150520682017D-02
 -0.811788387194D-02 -0.342443642131D-02 -0.394436572813D-02 -0.818149495183D-02
 -0.701278527155D-02 -0.299815128545D-02  0.110910952773D-01  0.589241075368D+00
  0.499546244406D-01 -0.112834393433D-02  0.546196200008D-04 -0.117539037494D-01
 -0.118011792557D-01 -0.133797388983D-01 -0.180505716791D-03 -0.622329766702D-03
  0.477351749744D-04  0.380826104733D-01 -0.131740036008D-01 -0.523268637610D-03
  0.886625251576D-02 -0.217242961104D-02 -0.211552807225D-02 -0.739451767414D-02
  0.624009622771D-03 -0.798455148701D-02 -0.882778519431D-02  0.837469064241D-03
 -0.655615026952D-02 -0.781894405851D-03 -0.181948022845D-01  0.338168537613D+00
 -0.266359269202D-02 -0.851296889309D-02  0.412887567646D-03 -0.567488394447D-02
 -0.567522356558D-02 -0.176518203111D-01 -0.331792837303D-04  0.153339509451D-01
 -0.377655631030D-04 -0.173782975879D-02 -0.683283663162D-02 -0.121952112491D-03
  0.240794370605D-02 -0.168847635991D-02 -0.119202494475D-02 -0.397397021796D-02
  0.557846438963D-02 -0.732938581336D-03 -0.327305661888D-02  0.106727717645D-01
 -0.230709007383D-03 -0.172724296066D-01  0.605610274179D-02 -0.247059751572D-02
  0.358906459355D+00 -0.851435874355D-02  0.161520663019D-01 -0.893684221192D-03
  0.137048998610D-01  0.137134392783D-01  0.353689830050D-01  0.931549063473D-04
 -0.276135650870D-01  0.562541081735D-04 -0.747860578353D-02  0.160570030543D-01
  0.324044879916D-03 -0.694345886904D-02  0.317575364272D-02  0.283840737115D-02
  0.936763465465D-02 -0.102851541959D-01  0.222895503845D-02  0.842771595732D-02
 -0.195557492253D-01  0.975803407016D-03  0.320985224152D-01 -0.573166776533D-02
  0.964150179542D-02  0.205155691095D-01  0.360221224318D+00  0.263724723643D-01
 -0.395808190623D-02  0.127572853341D-04 -0.774189190421D-03 -0.803629810669D-03
 -0.191885882805D-01 -0.159154817045D-03  0.765404856591D-02 -0.182577143332D-04
  0.200588518084D-01 -0.149378911932D-01 -0.422216455911D-03  0.491992044482D-02
  0.662520900423D-02 -0.138960081028D-02 -0.105693757820D-03  0.450121741904D-02
 -0.821730836806D-02 -0.251604111504D-02  0.866924867259D-02 -0.713215419125D-02
 -0.123515338305D-01 -0.113084406981D-01 -0.773320089360D-02 -0.989720000207D-02
  0.193246163517D-01  0.430614644823D+00  0.955571682658D-02  0.444575890061D-02
 -0.292931196805D-03  0.335753196603D-02  0.334895232006D-02  0.586298112986D-02
 -0.255713429657D-04 -0.774948691526D-02  0.187232956524D-04  0.700080709440D-02
  0.146612247455D-03 -0.440301639871D-04 -0.128960787889D-03  0.280943604127D-02
  0.424185952172D-03  0.248238680177D-02 -0.233955201856D-02 -0.206500316634D-02
  0.133703263044D-02 -0.445671936944D-02 -0.208743762648D-02  0.779466091307D-02
 -0.715208129240D-02 -0.813464744754D-03  0.426239194515D-02 -0.771127413109D-02
  0.733509252451D-02  0.394748656596D+00  0.270037924782D-03 -0.585611792062D-04
 -0.327372107643D-04 -0.142156944494D-03 -0.139809041688D-03 -0.105637425846D-03
  0.633630318169D-05  0.441921522991D-04 -0.399127337457D-05  0.234856437910D-03
 -0.832341178263D-04  0.231789741671D-04  0.750775565717D-04 -0.360879901175D-04
  0.164319816871D-03 -0.871429496638D-04  0.877658560492D-05  0.143624462153D-03
 -0.882842352934D-04  0.196643416738D-04  0.643929050516D-04 -0.632252140782D-04
 -0.827422300677D-04 -0.142039294015D-03 -0.372406056108D-04  0.955293163459D-04
 -0.124648375168D-03 -0.122290597579D-04  0.106971169337D-01  0.600480116317D-03
 -0.392105215443D-03  0.601624114562D-04 -0.725559408450D-03 -0.723383652892D-03
 -0.507504835245D-03  0.556393988840D-05  0.404386268141D-03 -0.127562822446D-05
  0.587303351737D-03 -0.240277315009D-03  0.130080811920D-04  0.287098125812D-03
 -0.303266856573D-03 -0.663270898833D-04 -0.488284172790D-03  0.107130693376D-03
  0.483056656708D-03 -0.403845067220D-03  0.189310912562D-03  0.475999604820D-03
 -0.499326607383D-03 -0.337034643139D-05 -0.479396995677D-03 -0.242931301546D-03
  0.515391708708D-03 -0.760157910670D-03 -0.681949571571D-04  0.341037352952D-05
  0.174857485780D-01 -0.443264912043D-03  0.911006514411D-04 -0.256081190807D-04
  0.257643924282D-03  0.253280105720D-03  0.100126525109D-03 -0.104410301419D-04
 -0.277357062980D-04  0.453988595154D-05 -0.401372996112D-03  0.104227379494D-03
 -0.334275209695D-04 -0.127905911026D-03  0.657814997813D-04 -0.955473461640D-04
  0.156291255167D-03  0.949334003446D-05 -0.547871090914D-03  0.154166282618D-03
  0.123755071109D-04 -0.467203116546D-03  0.614664468625D-04  0.145906892036D-03
  0.234233600921D-03  0.228408432218D-04 -0.756260830383D-04  0.203314472760D-03
  0.468139022589D-04 -0.829368452813D-05 -0.111747997114D-04  0.164639813787D-01
  0.163748868175D-01  0.172587648638D-01 -0.779521013794D-03  0.630816137222D-02
  0.629820180927D-02  0.347799495630D-01  0.394719748885D-04 -0.321324993452D-01
  0.990733124509D-04  0.118023694878D-01  0.128844807328D-01  0.150036991564D-03
 -0.272412356833D-02 -0.161384862108D-03  0.184955663363D-02  0.460738885034D-02
 -0.119489370758D-01  0.700366620607D-03  0.351600653406D-02 -0.230194923629D-01
 -0.135064996201D-04  0.370814783322D-01 -0.149228677333D-01 -0.943974604338D-03
  0.232335061442D-01 -0.418267605723D-01  0.139244918790D-01 -0.110965692421D-01
  0.522584728780D-04  0.516846048365D-03 -0.100262364451D-04  0.379310421211D+00
 -0.101605323515D-02  0.672559325865D-03 -0.413079109563D-03  0.132236650502D-02
  0.131849036566D-02  0.705669042110D-03 -0.464824065031D-05 -0.604706219059D-03
 -0.755144924411D-05 -0.103073749923D-02  0.329579780286D-03  0.121845957367D-04
 -0.506491937890D-03  0.552134668643D-03  0.863477966205D-03  0.883297454520D-03
 -0.130493672242D-03 -0.182224267815D-02  0.723397523285D-03 -0.224012738062D-03
 -0.204819564237D-02  0.771342286392D-03  0.434017798095D-05  0.829576844008D-03
  0.333068825119D-03 -0.702437573723D-03  0.133256957160D-02  0.186556859286D-03
  0.244137994499D-05 -0.423309575906D-04  0.246551558505D-04 -0.731493590208D-03
  0.124230076121D+00 -0.819669886799D-02 -0.243532061195D-02  0.591730922197D-04
  0.549545006495D-02  0.550213974656D-02 -0.821014240436D-02 -0.226720720395D-04
  0.711551119082D-02 -0.450399637453D-04 -0.681052832148D-02 -0.392887429630D-02
 -0.346020228105D-04 -0.127731196155D-02  0.507866603258D-02 -0.304819858209D-04
  0.374030490783D-02  0.329318407608D-02 -0.171778451605D-02  0.277262766220D-02
  0.659647965008D-02 -0.164092982413D-02 -0.906221176806D-02  0.274011001249D-02
  0.470916369054D-02 -0.647815521351D-02  0.105352353463D-01  0.528455896586D-02
  0.569251622407D-02 -0.178013413769D-04 -0.353374565109D-03  0.243974051468D-04
  0.124248242867D-01  0.606855639328D-03  0.658450879262D+00  0.517484213874D-01
  0.412222117491D-02  0.110745714491D-03 -0.163856512928D-01 -0.164203756309D-01
  0.279515095745D-02 -0.915474810889D-04 -0.122987428437D-01  0.949193269719D-04
  0.395511285069D-01 -0.379192702088D-02 -0.298255565406D-03  0.834265239654D-02
 -0.968113660398D-02 -0.160826728568D-02 -0.105793280555D-01 -0.492888020684D-02
 -0.253211146582D-02 -0.105312222418D-01 -0.100224011971D-01 -0.162921480098D-02
  0.152502277004D-01 -0.183489678932D-01 -0.230064862634D-01  0.872711459304D-02
 -0.941142543398D-02 -0.141401870869D-01 -0.972342978362D-02 -0.710844549224D-04
  0.108195335908D-03  0.117030695448D-03 -0.210284689182D-01 -0.215205671604D-03
  0.346866248278D-02  0.472540707183D+00  0.326193860202D-01 -0.658620882243D-04
  0.195490430727D-03 -0.120445469021D-01 -0.120669198456D-01 -0.341009464956D-02
 -0.661944619742D-04 -0.341441387306D-02  0.499318049994D-04  0.252879923994D-01
 -0.474068014213D-02 -0.221757508377D-03  0.616975412158D-02 -0.608869657240D-02
 -0.136833657750D-02 -0.786583327443D-02 -0.146307268065D-02 -0.170320258107D-02
 -0.767004737788D-02 -0.319782472767D-02 -0.989852856632D-03  0.424029568624D-02
 -0.104833547486D-01 -0.152323674039D-01  0.221730512626D-02  0.255325850366D-04
 -0.110176669979D-01 -0.464381422104D-02 -0.550930009847D-04  0.101650800693D-04
  0.776384120853D-04 -0.662376172593D-02 -0.619899934321D-04  0.533271835284D-03
 -0.130256561504D-01  0.461171822260D+00  0.102042209741D-01 -0.307785340451D-02
 -0.136999994776D-03  0.173886092094D-02  0.171395730462D-02 -0.143175408552D-01
 -0.124644936409D-03  0.761884629369D-02 -0.208122077175D-04  0.710707150594D-02
 -0.949098682323D-02 -0.328727697277D-03  0.195796015321D-02  0.488792930436D-02
 -0.807862398893D-03  0.136301112708D-02  0.395295782578D-02 -0.710307640856D-02
 -0.242563828650D-03  0.770500845095D-02 -0.632378042149D-02 -0.103954759119D-01
 -0.404981493024D-02 -0.242566068140D-02 -0.816795288556D-02  0.154273984347D-01
  0.317997903999D-02  0.609655960961D-02 -0.964555031737D-04 -0.606360210297D-03
  0.171415933305D-03  0.134119537334D-01  0.109540518381D-02  0.266301191617D-02
 -0.525723760074D-02 -0.538744812414D-02  0.692607326197D+00  0.119505385611D-01
 -0.931814684910D-03 -0.775600564165D-04 -0.189899161318D-02 -0.192259645035D-02
 -0.525427097032D-02 -0.783351542124D-04  0.120469566080D-02  0.161624593236D-04
  0.918477286693D-02 -0.456398432797D-02 -0.229663074769D-03  0.219299530616D-02
  0.925701634530D-03 -0.740712178763D-03 -0.117898665423D-02  0.910746850445D-03
 -0.392420419714D-02 -0.174995312330D-02  0.164659867586D-02 -0.334417584239D-02
 -0.241850214868D-02 -0.474638313843D-02 -0.420347740203D-02 -0.210216809982D-02
  0.470113657340D-02 -0.122952547145D-03  0.122031107545D-02 -0.618388748426D-04
 -0.208706453341D-03  0.109622018110D-03  0.223672518270D-02  0.382997823610D-03
  0.153253322508D-02 -0.603171617069D-02 -0.418795246281D-02  0.320919877701D-03
  0.554301074262D+00 -0.538412236245D-01  0.283243090431D-02 -0.141982685385D-03
  0.176056124757D-01  0.176712214648D-01  0.132633455763D-01  0.198828293494D-03
  0.336538128923D-03 -0.848439573340D-04 -0.420580018455D-01  0.127349751704D-01
  0.629134231919D-03 -0.106538760565D-01  0.569513326840D-02  0.290278781067D-02
  0.115038097768D-01 -0.311244900812D-03  0.791253569396D-02  0.118587955185D-01
  0.677750842817D-04  0.612079075870D-02  0.117093067127D-02  0.181721552280D-01
  0.235414463759D-01  0.180453087687D-02 -0.894283594694D-02  0.136604925302D-01
  0.300742596129D-02  0.162775986717D-03  0.273090503866D-03 -0.260215701069D-03
  0.165148015156D-02 -0.445421332252D-03 -0.170046916568D-02  0.225113714376D-01
  0.145894961926D-01  0.682449118189D-02  0.534747296719D-02  0.387993769709D+00
 -0.126043833961D-01  0.272707765186D-03  0.363282835053D-04  0.175981278160D-02
  0.177216765270D-02  0.592410817784D-02  0.655376129290D-04 -0.139539074703D-02
 -0.737261651024D-07 -0.886474456927D-02  0.446425688460D-02  0.172606102040D-03
 -0.198429752109D-02  0.956357032469D-04  0.518654847983D-03  0.996811171304D-03
 -0.872350551319D-03  0.342244302564D-02  0.173107688348D-02 -0.169431694960D-02
  0.298975439755D-02  0.139081102349D-02  0.413645224302D-02  0.506951242520D-02
  0.198170014276D-02 -0.534030444097D-02  0.197904144765D-02 -0.748781909729D-03
  0.495947457528D-04  0.280432559575D-03 -0.884367944343D-04 -0.249978054986D-02
 -0.500763084235D-03 -0.167483963888D-02  0.548651688851D-02  0.431173329450D-02
  0.154843262115D-03  0.127007019508D-02 -0.744619148199D-02  0.424848480474D+00
  0.324675777015D-01 -0.645638250542D-03  0.514494576198D-04 -0.633691408214D-02
 -0.635294358799D-02 -0.127527898264D-01 -0.115093613625D-03  0.218699338900D-02
 -0.392538642224D-05  0.233743383566D-01 -0.100250339085D-01 -0.294308919523D-03
  0.538695460720D-02 -0.161871799363D-02 -0.105324917181D-02 -0.378668587906D-02
  0.141902167314D-02 -0.563605796724D-02 -0.524524884624D-02  0.272606534871D-02
 -0.485381188078D-02 -0.191812770212D-02 -0.105184087051D-01 -0.136601608920D-01
 -0.354533202408D-02  0.108811050716D-01 -0.672772937882D-02  0.435842867961D-03
 -0.868430226837D-04 -0.540657825749D-03  0.144696636046D-03  0.373519397976D-02
  0.939844891480D-03  0.344914016151D-02 -0.136381001130D-01 -0.103138873065D-01
 -0.176270479625D-02 -0.371131338375D-02  0.185626510047D-01  0.186648329711D-02
  0.412773086518D+00 -0.159158852661D-01  0.397084541405D-02 -0.177170696842D-02
  0.101531864493D-01  0.100099089983D-01  0.466656652579D-02 -0.326470457630D-03
 -0.202571650547D-02  0.122763653093D-03 -0.144672124540D-01  0.404797938589D-02
 -0.987267630900D-03 -0.487524663474D-02  0.285938017866D-02 -0.857134363066D-03
  0.626399641633D-02  0.409764317803D-05 -0.208673885755D-01  0.600638345625D-02
 -0.150918919902D-03 -0.189523349361D-01  0.335169500726D-02  0.468425613786D-02
  0.881513097638D-02  0.144785856702D-02 -0.391531499877D-02  0.852493359196D-02
  0.164193801094D-02 -0.245416911574D-03 -0.402954904487D-03  0.571487087617D-03
 -0.182379305734D-02  0.109440248595D-02  0.160147232451D-02  0.345501236719D-02
  0.250463862211D-02  0.710160965178D-02  0.412496631862D-02 -0.926991076189D-02
 -0.351756428094D-02  0.593000687339D-02  0.398455546685D-01  0.594968374356D-02
 -0.142105327026D-02 -0.697741019350D-03 -0.332566513616D-02 -0.327407674044D-02
 -0.243548477695D-02  0.139714163998D-03  0.110522058053D-02 -0.870745006461D-04
  0.522414714797D-02 -0.186281347657D-02  0.508382944825D-03  0.171596262059D-02
 -0.876419970364D-03  0.356066349698D-02 -0.205633629594D-02  0.228882244385D-03
  0.326992363768D-02 -0.204329593308D-02  0.492964095162D-03  0.154222296658D-02
 -0.156718219776D-02 -0.176117618489D-02 -0.319706432161D-02 -0.891916544681D-03
  0.222791252843D-02 -0.293944017657D-02 -0.282608253348D-03  0.125056813432D-03
  0.820372604543D-04 -0.183850834343D-03  0.132030411035D-02  0.361369881386D-04
 -0.531855755585D-03 -0.145588802128D-02 -0.115290939188D-02 -0.230276727698D-02
 -0.139409041985D-02  0.354044434543D-02  0.117966581035D-02 -0.208141414040D-02
 -0.546459749113D-02  0.160072978746D-01  0.742652408626D-02 -0.239160608237D-02
  0.525193407592D-02 -0.669776959355D-02 -0.662975744560D-02 -0.462435593166D-03
  0.828047427090D-04  0.310255522786D-03  0.822995161670D-04  0.738254473560D-02
 -0.906839030463D-03 -0.350420485923D-04  0.275479472869D-02 -0.221346926300D-02
 -0.103331924156D-01 -0.417179198390D-02 -0.580077023068D-03  0.239689289748D-01
 -0.368695567393D-02 -0.105064663897D-02  0.264860062198D-01 -0.109413330148D-02
 -0.190148271717D-02 -0.462966567861D-02  0.164281056079D-03 -0.671485697462D-04
 -0.537657455068D-02 -0.182080375887D-02 -0.427112046345D-05  0.407171672854D-03
 -0.345647973427D-03 -0.527379693603D-03 -0.195311114560D-02 -0.135440573446D-02
 -0.746717535367D-03 -0.336300466715D-03 -0.490251370272D-02 -0.247471296123D-02
  0.400109107545D-02  0.226534843690D-02 -0.361420024966D-02 -0.150512407868D-01
  0.261613209231D-04  0.416111376085D-01 -0.212771231080D-01  0.395035575321D-02
  0.585955874801D-02  0.940119733232D-02  0.920700104756D-02  0.897450677770D-02
 -0.575721808487D-03 -0.342597992453D-02  0.429109121688D-03 -0.180965546098D-01
  0.712814697324D-02 -0.227828141194D-02 -0.546948460438D-02  0.188390372799D-02
 -0.212726966306D-01  0.566446371205D-02 -0.922294067386D-03 -0.184198442277D-02
  0.611453778930D-02 -0.203793966467D-02  0.716345471641D-02  0.482605869222D-02
  0.704628018341D-02  0.106024675774D-01  0.324082019422D-02 -0.825520361763D-02
  0.813424681978D-02  0.206033326787D-03 -0.557767528290D-03 -0.127090149573D-03
  0.632140328306D-03 -0.437896189943D-02 -0.122691050152D-02  0.569502322663D-03
  0.658255285541D-02  0.505994322359D-02  0.602641202823D-02  0.441187498380D-02
 -0.131243270077D-01 -0.331460737946D-02  0.586674455899D-02  0.162939555486D-01
 -0.121840690287D-01  0.130994842692D-01  0.747815749567D-01  0.353154805712D-01
 -0.227559248452D-02  0.144884451113D-03 -0.140145096271D-01 -0.140482978597D-01
 -0.112877622481D-01 -0.121788588667D-03  0.210894484253D-02  0.395480064603D-04
  0.264604206741D-01 -0.800061651835D-02 -0.377052128648D-03  0.718798536191D-02
 -0.751029848337D-02 -0.182166562219D-02 -0.918685955514D-02  0.620386076342D-03
 -0.484311461646D-02 -0.904441238956D-02  0.840304680844D-03 -0.374445807598D-02
 -0.904696479944D-03 -0.896685492700D-02 -0.178860932718D-01 -0.176303463264D-02
  0.864709131054D-02 -0.161013039495D-01 -0.338721765924D-02 -0.991378632910D-04
 -0.236661862317D-03  0.156877564927D-03  0.186198326965D-02  0.382770857636D-03
 -0.109108326854D-02 -0.111996843320D-01 -0.841173975757D-02 -0.824715874191D-02
 -0.566370516357D-02  0.183558602774D-01  0.445388645685D-02 -0.106707881103D-01
  0.570500247276D-02 -0.221187840746D-02 -0.243826082290D-02  0.801837823657D-02
  0.560477764664D+00  0.175440023372D-01  0.150372823868D-01 -0.679873012063D-03
  0.324441056588D-02  0.323555380964D-02  0.314214688469D-01  0.446709023741D-04
 -0.291671581767D-01  0.948762257800D-04  0.131616960719D-01  0.115884612511D-01
  0.152105111109D-03 -0.158744558156D-02 -0.150842075518D-02  0.164370225193D-02
  0.248970239019D-02 -0.110110338701D-01  0.129737464125D-02  0.184103838868D-02
 -0.213070370581D-01  0.627940655170D-03  0.336244874099D-01 -0.140179868455D-01
 -0.264313770309D-02  0.213564495327D-01 -0.381292676627D-01  0.102183317652D-01
 -0.109627759279D-01  0.530991195288D-04  0.549126820781D-03 -0.234388346249D-04
 -0.453753579196D-01 -0.809711507454D-03  0.103314086153D-01 -0.194448508372D-01
 -0.612794886835D-02  0.104358030627D-01  0.140668737657D-02  0.227537822262D-02
 -0.130687954783D-02  0.142449517266D-02 -0.224816748671D-02  0.136097095605D-02
  0.539104501637D-04 -0.419928290591D-02  0.113436928815D-02  0.387479951132D+00
 -0.852594909530D-02  0.180659372215D-02  0.222288501381D-03  0.465459072633D-02
  0.457595811913D-02  0.273683030516D-02 -0.197708217919D-03 -0.102794447327D-02
  0.105203035384D-03 -0.754481638146D-02  0.237664758335D-02 -0.676552456407D-03
 -0.240601055792D-02  0.114902936217D-02 -0.337721384796D-02  0.283071347668D-02
 -0.802574735936D-04 -0.758934107132D-02  0.284741687241D-02 -0.258863265805D-03
 -0.561406482825D-02  0.166002446914D-02  0.270866745614D-02  0.447551894698D-02
  0.874152398559D-03 -0.235854929169D-02  0.386971759017D-02  0.584440010180D-03
 -0.166838658187D-03 -0.155001746819D-03  0.291869691442D-03 -0.104083578696D-02
  0.199137494841D-03  0.477457935455D-03  0.225517979754D-02  0.164485215051D-02
  0.312704659881D-02  0.202348992620D-02 -0.511669016725D-02 -0.160427740712D-02
  0.270973053760D-02  0.932615903279D-02 -0.367780524313D-02 -0.338719246781D-02
  0.145513665919D-01  0.310195042978D-02 -0.114743849958D-02  0.844734306529D-01
  0.107661732115D-01  0.841061817356D-03 -0.182135514939D-04 -0.119370721274D-02
 -0.120520157653D-02 -0.366588364305D-03 -0.369032472173D-04 -0.230465929347D-02
  0.175343054013D-04  0.836581576263D-02 -0.211641909520D-02 -0.106722822776D-03
  0.151765121196D-02  0.582489152134D-03 -0.388003860104D-03 -0.675240059208D-03
 -0.560150372540D-03 -0.162142136355D-02 -0.116415269894D-02 -0.115548376460D-02
 -0.134178779826D-02  0.179113670501D-02 -0.511309414330D-02 -0.340548817867D-02
  0.779903041564D-03 -0.764400657621D-03  0.105569787885D-02 -0.298704654569D-03
 -0.282142205476D-04 -0.694780108660D-04  0.496017458053D-04 -0.334081579112D-02
  0.125542672877D-03  0.224859897008D-02 -0.656593916293D-02 -0.372377361478D-02
  0.127424011970D-02 -0.195544139283D-03  0.421909367925D-02  0.866302092934D-03
 -0.264926858265D-02  0.176692261396D-02 -0.619768329046D-03 -0.956217796829D-03
  0.210967907012D-02 -0.416433994333D-02 -0.346432272448D-02  0.907914066188D-03
  0.520262008512D+00  0.868219639572D-02 -0.200524954611D-02  0.646854792961D-04
 -0.501759528383D-02 -0.504034446235D-02 -0.463443423298D-02 -0.597493442405D-04
  0.231374036031D-02  0.254976666216D-04  0.690958370390D-02 -0.270535481361D-02
 -0.204776718688D-03  0.235856697893D-02 -0.230696367480D-02 -0.101991096653D-02
 -0.341850220469D-02  0.798974947706D-03 -0.230424781752D-02 -0.305456027216D-02
  0.133226038490D-02 -0.170561723850D-02 -0.263783361072D-02 -0.161886068978D-02
 -0.489320873829D-02 -0.164941267047D-02  0.423187904072D-02 -0.543753561764D-02
 -0.518897848941D-03 -0.514391416480D-04 -0.454893534842D-04  0.813836600213D-04
  0.301664114553D-02  0.630784833979D-04 -0.159251467740D-02 -0.182180974059D-02
 -0.165997249951D-02 -0.346206524150D-02 -0.145249824590D-02  0.387183979950D-02
  0.196160315004D-02 -0.451071508626D-02  0.281126571669D-02 -0.111080957915D-02
 -0.104487643529D-02  0.435443710534D-02 -0.286980280558D-02  0.290054761239D-02
  0.162559500258D-02 -0.819152527045D-03  0.684267918272D+00  0.691432054796D-02
 -0.750584831608D-02  0.167775940443D-03 -0.626663094652D-02 -0.629236691037D-02
 -0.183286840733D-01 -0.103238587103D-03  0.133802282550D-01 -0.119222825469D-04
  0.538871349341D-02 -0.881039453325D-02 -0.324130225075D-03  0.358410871468D-02
 -0.118247466153D-02 -0.154676629727D-02 -0.429854028479D-02  0.519679221770D-02
 -0.470187431909D-02 -0.408508845824D-02  0.984806161518D-02 -0.376169662534D-02
 -0.155674512507D-01  0.162650918269D-02 -0.543676374504D-02 -0.103031162445D-01
  0.201872568963D-01 -0.886846483246D-02  0.411621763547D-02 -0.896345371213D-04
 -0.371123169230D-03  0.131971593568D-03  0.205069727938D-01  0.612588900576D-03
 -0.434761499853D-02  0.278141360699D-02 -0.126295863344D-02 -0.668569861603D-02
 -0.214810752886D-02  0.561155690177D-02  0.253930424987D-02 -0.566095522447D-02
  0.535944688537D-02 -0.205895503647D-02 -0.257807403365D-02  0.678745640989D-02
 -0.531699098989D-02  0.183702557061D-01  0.273520553974D-02  0.320068385629D-03
 -0.230630672528D-02  0.718579976828D+00 -0.173425118081D-02  0.622518879359D-02
 -0.429602365210D-03  0.727579803394D-02  0.727848196779D-02  0.101843835340D-01
  0.933107324501D-05 -0.898495365401D-02  0.514321574392D-05 -0.239970684302D-02
  0.397337700992D-02  0.743568875353D-04 -0.277800508312D-02  0.291456126709D-02
  0.117613835122D-02  0.505703590589D-02 -0.300654331131D-02 -0.107996392144D-02
  0.400462359064D-02 -0.556574711241D-02 -0.148772425238D-02  0.105073886272D-01
 -0.296153844882D-02  0.378357805839D-02  0.595731290565D-02 -0.114352393658D-01
  0.916260663557D-02 -0.118150397823D-02  0.188949890505D-04 -0.213198721168D-04
  0.881438278992D-05 -0.128929971812D-01  0.135477685099D-03  0.550189910146D-02
 -0.484127623577D-02 -0.144489492570D-02  0.751582703886D-02  0.195246939628D-02
 -0.131259021078D-02 -0.288378556481D-02  0.559910454030D-02  0.229763595207D-03
  0.377247106968D-03 -0.157870129293D-02 -0.247482970845D-02  0.196532461053D-02
 -0.125310614750D-01 -0.293945655208D-03 -0.281277694950D-05  0.468334166174D-03
  0.627011120935D-02  0.415852256106D+00 -0.112008764719D-01  0.570373637604D-02
 -0.178951782131D-03  0.601316056031D-02  0.603544734357D-02  0.150017682873D-01
  0.919176215548D-04 -0.968798085105D-02  0.411878963965D-05 -0.872801671390D-02
  0.812289502889D-02  0.285651573957D-03 -0.374655355793D-02  0.949868500009D-03
  0.142017315046D-02  0.403569553346D-02 -0.387780364630D-02  0.397310215770D-02
  0.406682543693D-02 -0.730742462460D-02  0.313057827552D-02  0.116105302640D-01
  0.117748755153D-02  0.636607247326D-02  0.787416952605D-02 -0.159122908690D-01
  0.716634067487D-02 -0.299484166923D-02  0.790267689625D-04  0.319131345786D-03
 -0.114480230986D-03 -0.148656893049D-01 -0.519016493678D-03  0.254406387562D-02
  0.900994413589D-03  0.282129842958D-02  0.510983884679D-02  0.202451381549D-02
 -0.689269884859D-02 -0.254069426356D-02  0.593527489438D-02 -0.460988405571D-02
  0.180696829276D-02  0.209921094325D-02 -0.605633586568D-02  0.627287453107D-02
 -0.131137708879D-01 -0.238363644329D-02  0.112210219978D-03  0.230866229955D-02
  0.791616270170D-02 -0.500380839807D-02  0.462036203083D+00 -0.172996628729D-01
 -0.439602565935D-02  0.216922086345D-04  0.383099739667D-03  0.358902511924D-03
 -0.441602734806D-03 -0.110339644461D-04  0.513519616428D-02  0.268683666648D-04
 -0.110700765183D-01  0.157515523441D-02 -0.105856561067D-03 -0.115214670665D-02
  0.179699251306D-02 -0.692072949205D-03 -0.224337904442D-03  0.181145860377D-02
  0.198109885845D-04  0.105895609543D-02  0.321229708409D-02  0.353243933507D-03
 -0.820419244039D-02  0.638964162980D-02  0.683915301818D-02 -0.318429655702D-02
  0.255043195068D-02  0.224853781839D-02  0.244987859836D-02 -0.194140929895D-04
  0.249615772297D-03  0.238958514104D-04  0.765292338257D-02 -0.448029613713D-03
 -0.461396067507D-02  0.896217438576D-02  0.588358721536D-02 -0.167627207321D-02
  0.247770520206D-02 -0.117325884161D-01  0.136174850352D-02 -0.228094875431D-02
  0.419514151406D-03 -0.280791463770D-03  0.521472690660D-03  0.231770059772D-02
  0.206434408937D-02  0.855450010756D-02  0.626901535833D-03  0.276830294359D-02
  0.243404239792D-02 -0.885786743842D-03 -0.172819133039D-02 -0.428850167382D-03
  0.433101596952D+00  0.268099061468D-01  0.263449926302D-03  0.293053806789D-04
 -0.306056398551D-02 -0.307450669957D-02 -0.723597359421D-02 -0.833723062135D-04
 -0.101214977739D-02  0.581455094072D-05  0.202540321630D-01 -0.803833379066D-02
 -0.212956900255D-03  0.416213055782D-02  0.170942483832D-02 -0.748218533061D-03
 -0.165358476191D-02  0.448063232175D-03 -0.396127057987D-02 -0.317878025472D-02
  0.810799649900D-03 -0.340081707329D-02 -0.391661179972D-03 -0.113379931188D-01
 -0.918343252506D-02 -0.173637438494D-02  0.537219181524D-02  0.602003839412D-03
  0.114570484665D-02 -0.626506173627D-04 -0.362526098964D-03  0.102397433538D-03
 -0.764221570254D-03  0.631413724735D-03  0.492629506671D-02 -0.144643631310D-01
 -0.945050031867D-02  0.188248999642D-02 -0.130341101663D-02  0.129304173023D-01
  0.178401776085D-02 -0.562721700034D-02  0.417579968496D-02 -0.146624340559D-02
 -0.252619656098D-02  0.419257605517D-02 -0.109532282578D-01 -0.225484525546D-02
  0.192840301671D-02 -0.114917548503D-02 -0.339117177562D-02 -0.278994573506D-02
  0.328855000770D-02  0.304788620564D-02  0.262375221442D-02  0.435747153571D+00
  0.105651003683D-01 -0.171557897809D-02 -0.239278309934D-02 -0.445458981688D-02
 -0.435400544479D-02 -0.384591744399D-02  0.286217771539D-03  0.121621741766D-02
 -0.201236834414D-03  0.900331500661D-02 -0.331878817669D-02  0.110435927446D-02
  0.263911758224D-02 -0.787084262040D-03  0.945233167649D-02 -0.263373939260D-02
  0.257628780906D-03  0.292425301356D-02 -0.291106969909D-02  0.654502373671D-03
 -0.123635722211D-02 -0.187254497069D-02 -0.368492606647D-02 -0.513714825684D-02
 -0.127761795994D-02  0.342306945656D-02 -0.364232623449D-02 -0.212597803458D-03
  0.270543565806D-03  0.861340559298D-04 -0.335790229112D-03  0.145505662959D-02
  0.445851451464D-03  0.206043991417D-04 -0.347172462148D-02 -0.255135356072D-02
 -0.274312863977D-02 -0.218611694567D-02  0.657947410358D-02  0.152804588451D-02
 -0.260509670516D-02 -0.918225585174D-02  0.591320260236D-02 -0.424315602163D-02
 -0.285351464153D-01 -0.392878220799D-02  0.138702411445D-02 -0.735815477959D-02
 -0.105878128752D-02 -0.220949162224D-02 -0.316700859715D-02  0.108104592511D-02
  0.281889504647D-02 -0.141064167414D-02 -0.188688485432D-02  0.354364985290D-01
 -0.566213229923D-02  0.188090576101D-02 -0.386206040037D-02  0.515148354754D-02
  0.510067090836D-02  0.506323179282D-03 -0.632492639543D-04 -0.356087419759D-03
 -0.593865407068D-04 -0.562196830668D-02  0.748047730044D-03  0.185299178157D-04
 -0.211713131699D-02  0.172097247825D-02  0.756917704245D-02  0.321985354273D-02
  0.391673113021D-03 -0.177304799653D-01  0.283824741639D-02  0.710590999315D-03
 -0.195618018997D-01  0.962405510378D-03  0.140545560067D-02  0.355889277945D-02
 -0.422059222984D-04 -0.118961061538D-03  0.419077813015D-02  0.135803576520D-02
  0.130326883002D-05 -0.304029346463D-03  0.257821572494D-03  0.223323021863D-03
  0.144402037916D-02  0.110444685056D-02  0.523258385860D-03  0.249892022633D-03
  0.379253687446D-02  0.188561599737D-02 -0.303563626230D-02 -0.175371009212D-02
  0.282802757113D-02  0.111856804329D-01 -0.615499590768D-04 -0.184362882675D-01
 -0.948312281793D-02  0.187230308718D-02 -0.213560823663D-03  0.255217147721D-02
  0.725890047496D-03  0.785493744148D-03  0.201381145342D-02  0.116303606469D-02
 -0.164585652423D-02 -0.459789623202D-03  0.197186706240D-02  0.304590409338D-02
  0.244428635292D-01
$end
