$coord
   -1.52549597166316      0.97095697180355      1.86538513748578      cl
    4.29798442389490     -0.35406740305244      2.92425840508741      o
    1.33125933725883     -2.58982506758304     -1.58239619244219      o
   -2.61692997642486      0.05926502406172     -4.93866281006984      o
    3.73265905624139     -2.06305011304039      3.20539220598635      h
   -0.91185238549051     -0.62114825556418     -4.68648603859555      h
    2.43615499510075     -1.54271024289807     -0.59721638587209      h
   -2.95670953813177      0.46135641527441     -3.24801384507791      h
   -0.19712489182583     -1.69742268831525     -1.03605652530055      h
    2.53793054235741      0.33839004608141      2.62929294273142      h
$redundant
     number_of_atoms            10
     degrees_of_freedom         24
     internal_coordinates       24
     frozen_coordinates          0
# definitions of redundant internals
   1 k  1.0000000000000 stre    2   10           val=   1.91423
   2 k  1.0000000000000 stre   10    1           val=   4.18272
   3 k  1.0000000000000 linc    1    2   10    5 val=  12.11308
   4 k  1.0000000000000 linp    1    2   10    5 val=   3.30912
   5 k  1.0000000000000 tors    5    2    1    9 val= -63.81051
   6 k  1.0000000000000 stre    2    5           val=   1.82188
   7 k  1.0000000000000 bend   10    5    2      val=  94.46198
   8 k  1.0000000000000 tors    7    3    9    1 val=  73.37651
        1.0000000000000 tors    7    3    9    6
        1.0000000000000 tors    7    3    9    8
   9 k  1.0000000000000 stre    3    7           val=   1.81324
  10 k  1.0000000000000 bend    9    7    3      val=  93.68767
  11 k  1.0000000000000 tors   10    1    9    6 val= 224.53060
        1.0000000000000 tors   10    1    9    8
  12 k  1.0000000000000 bend    9   10    1      val=  73.74822
  13 k  1.0000000000000 stre    9    3           val=   1.85225
  14 k -0.5245272161539 bend    1    3    9      val=  33.97087
        0.6018626340423 bend    8    3    9
        0.6021898116520 bend    6    3    9
  15 k  0.8513913403893 bend    1    3    9      val= 126.77582
        0.3724533297938 bend    8    3    9
        0.3693390077362 bend    6    3    9
  16 k  1.0000000000000 stre    9    1           val=   4.15971
  17 k  0.6994064066023 bend    8    1    9      val=  97.59004
        0.7147241974382 bend    6    1    9
  18 k  1.0000000000000 outp    1    6    8    9 val=  27.30314
  19 k  1.0000000000000 stre    4    8           val=   1.77071
  20 k  1.0000000000000 stre    8    9           val=   4.14348
  21 k  1.0000000000000 stre    9    6           val=   3.87232
  22 k  1.0000000000000 stre    6    4           val=   1.85306
  23 k -1.0000000000000 bend    4    9    8      val= -20.46129
        1.0000000000000 bend    8    6    9
       -1.0000000000000 bend    9    4    6
        1.0000000000000 bend    6    8    4
  24 k -1.0000000000000 tors    8    9    6    4 val=  16.01914
        1.0000000000000 tors    9    6    4    8
       -1.0000000000000 tors    6    4    8    9
        1.0000000000000 tors    4    8    9    6
        24 non zero eigenvalues  of BmBt
           1           5.263490772    1    0
         1
           2           4.018561035    2    0
         2
           3           3.485425181    3    0
         3
           4           3.129018309    4    0
         4
           5           2.632068941    5    0
         5
           6           2.534260667    6    0
         6
           7           2.340941973    7    0
         7
           8           2.254133399    8    0
         8
           9           1.848977254    9    0
         9
          10           1.430718010   10    0
        10
          11           1.372455512   11    0
        11
          12           1.291436110   12    0
        12
          13           1.125841938   13    0
        13
          14           1.031216121   14    0
        14
          15           0.908291121   15    0
        15
          16           0.755886855   16    0
        16
          17           0.492050515   17    0
        17
          18           0.347182720   18    0
        18
          19           0.298304672   19    0
        19
          20           0.272593105   20    0
        20
          21           0.143870604   21    0
        21
          22           0.096017038   22    0
        22
          23           0.045287965   23    0
        23
          24           0.019595985   24    0
        24
$user-defined bonds
$end
