$coord
   -0.07045534945549      0.41800532947067     -0.43009370773290      ti
    0.85115999080972     -3.62475787781719      3.41329351248750      o
   -2.44507549717364     -0.66636404145168     -2.53482825185205      o
   -4.02164400227281     -1.47446944641595     -2.35714343041932      h
   -0.69919954921506      2.57232992117820      2.52503258255783      o
   -0.15925652551225      2.69849825446270      4.39073186398236      h
    2.58013051506887      0.60496962700103     -2.30377751087934      o
    2.15853226787028      0.80861711199310     -4.17720231232334      h
    0.81472938407710     -4.21720058315161      5.12646295099890      h
$redundant
     number_of_atoms             9
     degrees_of_freedom         21
     internal_coordinates       21
     frozen_coordinates          0
# definitions of redundant internals
   1 k  1.0000000000000 stre    4    3           val=   1.79467
   2 k  1.0000000000000 linc    4    1    3    2 val= -23.70879
   3 k  1.0000000000000 linp    4    1    3    2 val=  -0.13064
   4 k  1.0000000000000 stre    1    3           val=   3.56338
   5 k  0.4972096726357 bend    5    3    1      val=   7.04712
        0.4750233478052 bend    2    3    1
       -0.7260408807205 bend    7    3    1
   6 k  0.7250242570589 bend    5    3    1      val=   8.75220
       -0.6871209053560 bend    2    3    1
        0.0469541063062 bend    7    3    1
   7 k  1.0000000000000 tors    6    5    1    2 val= 135.37497
        1.0000000000000 tors    6    5    1    7
   8 k  1.0000000000000 stre    5    6           val=   1.87908
   9 k  1.0000000000000 bend    1    6    5      val= 140.06959
  10 k  1.0000000000000 tors    8    7    1    2 val=  92.25686
        1.0000000000000 tors    8    7    1    5
  11 k  1.0000000000000 stre    7    8           val=   1.94349
  12 k  1.0000000000000 bend    1    8    7      val=  95.84206
  13 k  1.0000000000000 tors    9    2    1    5 val= 106.40546
        1.0000000000000 tors    9    2    1    7
  14 k  1.0000000000000 stre    2    9           val=   1.76990
  15 k  1.0000000000000 bend    1    9    2      val= 121.86790
  16 k  1.0000000000000 stre    1    5           val=   3.14666
  17 k  1.0000000000000 stre    1    2           val=   3.39205
  18 k  1.0000000000000 stre    1    7           val=   3.54060
  19 k  0.3027459442679 bend    2    5    1      val= 103.14018
        0.6569293891778 bend    7    5    1
        0.6904988565260 bend    7    2    1
  20 k  0.8575621174282 bend    2    5    1      val=  25.17080
       -0.5038823517897 bend    7    5    1
        0.1033914421360 bend    7    2    1
  21 k  0.4158510646630 bend    2    5    1      val=   9.28100
        0.5608443217055 bend    7    5    1
       -0.7159060963767 bend    7    2    1
        21 non zero eigenvalues  of BmBt
           1           5.154150539    1    0
         1
           2           3.751674274    2    0
         2
           3           3.254640871    3    0
         3
           4           3.107974918    4    0
         4
           5           2.932028537    5    0
         5
           6           2.431228506    6    0
         6
           7           2.146585760    7    0
         7
           8           2.091563586    8    0
         8
           9           1.957736973    9    0
         9
          10           1.665598634   10    0
        10
          11           1.289979373   11    0
        11
          12           1.086078453   12    0
        12
          13           0.808053909   13    0
        13
          14           0.722622513   14    0
        14
          15           0.598962124   15    0
        15
          16           0.274301216   16    0
        16
          17           0.139663924   17    0
        17
          18           0.107462803   18    0
        18
          19           0.083136025   19    0
        19
          20           0.077721362   20    0
        20
          21           0.063748346   21    0
        21
$user-defined bonds
$end
