$grad          cartesian gradients
  cycle =      1   ex. state energy =    -1151.8855102956 |dE/dxyz| =  0.245415
    0.00875325210505     -0.03112608508071     -0.24131458144823      ti
    0.54826874023561     -2.43057579566674      2.09483289416579      o
   -3.12999965153122     -0.73585579366674     -1.77404291296717      o
   -4.50124634965236     -0.48086181847355     -2.90342318539505      h
   -0.31680593147929      2.10125278854209      2.04962724356012      o
   -0.87331837233947      3.87920615601026      2.29478217066983      h
    3.07615009696356      0.93704845396477     -1.72103817363847      o
    2.74184677261713      2.84967712271792     -1.63594720738167      h
   -0.60248376783737     -2.73507152485610      3.40463590296660      h
  -.21773357410575D-01  0.23028550652709D-01  0.93748158028699D-01
  -.21367447708557D-01  0.59040078872159D-01  -.72516705485987D-02
  0.27210603570133D-02  0.84212710133558D-02  0.14051026554098D-01
  0.11618205263448D-01  0.13680491163645D-02  0.36524396280058D-02
  0.14028253264315D-01  -.11230576524405D+00  -.80620136599167D-01
  -.37921069481864D-02  0.27745028931126D-01  0.16810493007348D-02
  0.18109254590250D-01  -.50755259845263D-01  0.21072103131410D-02
  -.18773349052570D-01  0.42354868196676D-01  0.68755729921656D-02
  0.19229487668454D-01  0.11031787446932D-02  -.34243649587681D-01
  cycle =      2   ex. state energy =    -1151.8865698117 |dE/dxyz| =  0.264946
    0.00417426095558     -0.02679381863100     -0.24466946352546      ti
    0.54903236738262     -2.43228059922042      2.09537803917059      o
   -3.12158905634965     -0.74144096869509     -1.77392082155945      o
   -4.46502865571237     -0.44657306324228     -2.89292232957048      h
   -0.32114545065503      2.09875177414298      2.05398798735754      o
   -0.84460545689407      3.89426571331264      2.32479620455512      h
    3.07656512278675      0.93140536073800     -1.72545002518580      o
    2.78268375107330      2.85944510037085     -1.61822127517442      h
   -0.57398033348572     -2.75507895717738      3.49604354529921      h
  -.16293542473690D-01  0.16328243315708D-01  0.10268491000386D+00
  -.32710822372589D-02  0.68253016104727D-01  -.35634458540876D-01
  -.11737401116682D-01  0.10299927158504D-01  0.23155939418905D-02
  0.21150030866836D-01  -.11608196950638D-02  0.12386173783227D-01
  0.14013458677885D-01  -.11413428326213D+00  -.81598637153289D-01
  -.46450371543809D-02  0.32175578971577D-01  0.27900691434928D-02
  0.18801064566604D-01  -.53706132171380D-01  0.17974684006162D-03
  -.17613207961897D-01  0.46665180982428D-01  0.72357447910596D-02
  -.40428326927750D-03  -.47207112798239D-02  -.10359142741524D-01
  cycle =      3   ex. state energy =    -1151.8909453480 |dE/dxyz| =  0.284104
   -0.00010616447505     -0.02276075376442     -0.24990596183264      ti
    0.54997544628194     -2.43772976700606      2.09787809253556      o
   -3.11253454669573     -0.74759119829624     -1.77392576376108      o
   -4.44722815040011     -0.41127348039406     -2.89320720263028      h
   -0.32625374894855      2.10251217283061      2.06282523690146      o
   -0.81184769981309      3.88130716932223      2.35238068030283      h
    3.07594872117555      0.92870858889014     -1.72987173765738      o
    2.83885809595134      2.82857760822385     -1.60679614117688      h
   -0.54512485420043     -2.77097565175683      3.59647180263839      h
  -.10983144476257D-01  0.90444289409213D-02  0.10749894161776D+00
  0.11181204898920D-01  0.75384517307369D-01  -.62250777820413D-01
  -.15277599343335D-01  0.10056679506773D-01  -.56297898523646D-03
  0.19760726760567D-01  -.17267934210588D-02  0.12231651314178D-01
  0.10262548119883D-01  -.99852159935800D-01  -.77459607427869D-01
  -.20119812535873D-02  0.23162151456705D-01  0.17670418908800D-02
  0.18054412151358D-01  -.41839643837847D-01  -.85461489171863D-03
  -.14783036024288D-01  0.35829401772504D-01  0.66697551762642D-02
  -.16203130619424D-01  -.10058582316905D-01  0.12960589950088D-01
  cycle =      4   ex. state energy =    -1151.8964918129 |dE/dxyz| =  0.297879
   -0.00418941435041     -0.01888957495600     -0.25711728267175      ti
    0.55030602291379     -2.44731972951256      2.10379561088657      o
   -3.10263327337844     -0.75429900230318     -1.77389982561536      o
   -4.44661807139655     -0.37443656780074     -2.90414351993505      h
   -0.33192992210196      2.11175405217638      2.07592035134542      o
   -0.77730669860496      3.84816695033720      2.37845274009387      h
    3.07434126576129      0.92830457076961     -1.73425078213117      o
    2.90795889187053      2.76648087750394     -1.60116805437546      h
   -0.50213237212849     -2.77812861360875      3.68570989759881      h
  -.63364202223205D-02  0.24806793320476D-02  0.10673351739839D+00
  0.17566137980576D-01  0.77724282965064D-01  -.77927364199846D-01
  -.80959147328730D-02  0.68504751438269D-02  0.55986443757586D-02
  0.83998592651757D-02  0.55617475361982D-03  0.35150327072378D-02
  0.32721789020010D-02  -.70063525371975D-01  -.68106286895363D-01
  0.36013555602680D-02  0.77017719909955D-03  -.16770061810851D-02
  0.16393630585007D-01  -.13564192796109D-01  -.27822590040885D-03
  -.11355577094332D-01  0.81007385795982D-02  0.47039570434762D-02
  -.23445250262244D-01  -.12854810504067D-01  0.27437732682968D-01
  cycle =      5   ex. state energy =    -1151.9000880270 |dE/dxyz| =  0.304101
   -0.00817164541627     -0.01504954545899     -0.26631105870628      ti
    0.54967414198939     -2.46120909302389      2.11401009868846      o
   -3.09225126463496     -0.76140741443544     -1.77418093355312      o
   -4.45332023255066     -0.33794782365011     -2.91818110321239      h
   -0.33780658515269      2.12487377650815      2.09280017733995      o
   -0.74577405732457      3.81423359094271      2.40608147342330      h
    3.07182851403285      0.92864319184720     -1.73863074717125      o
    2.98720336816471      2.69710062564690     -1.59961531566658      h
   -0.43856516092934     -2.77411419932791      3.75138535582695      h
  -.26462298883282D-02  -.36304053252477D-02  0.10131484010108D+00
  0.17136558883852D-01  0.75730605967484D-01  -.81784738395464D-01
  0.23171906624407D-02  0.21042948897225D-02  0.14490519782492D-01
  -.52216223338339D-02  0.42833084121907D-02  -.73730292525998D-02
  -.49118468032850D-02  -.31518537112308D-01  -.55098283816553D-01
  0.10257303313306D-01  -.28760274722809D-01  -.66416543063794D-02
  0.15859747526076D-01  0.27039996508128D-01  0.19437846021761D-02
  -.94109442581310D-02  -.32153343690106D-01  0.12912830766653D-02
  -.23380157936269D-01  -.13095645107531D-01  0.31857279249653D-01
  cycle =      6   ex. state energy =    -1151.9040713150 |dE/dxyz| =  0.302638
   -0.01212386996129     -0.01112516834879     -0.27740401832575      ti
    0.54809921563235     -2.47931750900782      2.12875871212870      o
   -3.08194818917529     -0.76866426187571     -1.77525829695694      o
   -4.45550657669798     -0.30501957027628     -2.92586349784183      h
   -0.34344106044847      2.13978350450400      2.11278104565125      o
   -0.72302699230393      3.80518682648356      2.43962191652289      h
    3.06843403278253      0.92749996892533     -1.74313767787538      o
    3.07501059169538      2.65539708561356     -1.59917980348220      h
   -0.35434374754899     -2.75867762435611      3.78962471580331      h
  -.78359823939137D-04  -.96274533370476D-02  0.93004815249590D-01
  0.11099955493684D-01  0.70349968399966D-01  -.73628506282828D-01
  0.90619784748796D-02  -.21263615295936D-02  0.20177744517292D-01
  -.14288455497245D-01  0.73653231960074D-02  -.14604446125771D-01
  -.95382853877586D-02  -.38128941302728D-02  -.43117716221631D-01
  0.13438664930576D-01  -.46488506125784D-01  -.94764133191297D-02
  0.18476608206714D-01  0.55030657514735D-01  0.39747999864225D-02
  -.10815972794080D-01  -.59554620197082D-01  -.17559230073674D-02
  -.17356134494131D-01  -.11136113656886D-01  0.25425645971470D-01
  cycle =      7   ex. state energy =    -1151.9133387545 |dE/dxyz| =  0.294982
   -0.01606246153923     -0.00703648724883     -0.29016698008707      ti
    0.54592020553467     -2.50122944318402      2.14750107331967      o
   -3.07217405101964     -0.77578206141409     -1.77743928766027      o
   -4.44524396092197     -0.27860657135522     -2.92080481022572      h
   -0.34853487614351      2.15485639468295      2.13506569065223      o
   -0.71205235306545      3.83664960502498      2.48131079438373      h
    3.06403639960352      0.92334128922792     -1.74784875734769      o
    3.17196524756406      2.66568168429650     -1.59721659902623      h
   -0.25526874260521     -2.73359149690387      3.80560572199421      h
  0.12332156303936D-02  -.15201623262475D-01  0.82782481733505D-01
  0.31742178317843D-03  0.62399000637811D-01  -.51977771343902D-01
  0.90533874023144D-02  -.44266390996099D-02  0.20006041398522D-01
  -.15792068288460D-01  0.83432225911258D-02  -.15591491053422D-01
  -.72623457637274D-02  -.43537995023492D-02  -.36846409003840D-01
  0.10063792175207D-01  -.35699925289845D-01  -.63161858199372D-02
  0.20742910627348D-01  0.41005132110561D-01  0.31402964318632D-02
  -.11983258708333D-01  -.44489190533461D-01  -.16925492285996D-02
  -.63730559156428D-02  -.75761766975956D-02  0.64955867326050D-02
  cycle =      8   ex. state energy =    -1151.9222530329 |dE/dxyz| =  0.283817
   -0.01999789764330     -0.00269598346609     -0.30436340976913      ti
    0.54373802947904     -2.52642131517172      2.16897238788954      o
   -3.06296049201192     -0.78261047437683     -1.78070355012863      o
   -4.42129690871528     -0.25963145455439     -2.90220231965110      h
   -0.35319697239307      2.17006957795872      2.15922601984926      o
   -0.70991290066317      3.89899371801388      2.52822714010897      h
    3.05852956385202      0.91696025793218     -1.75270130948117      o
    3.27872082473231      2.71463967932068     -1.59379238011178      h
   -0.15129197669470     -2.70207215707777      3.81582595611912      h
  0.13550313339655D-02  -.19769647844488D-01  0.70652957091386D-01
  -.11833690396260D-01  0.53616316913100D-01  -.20037677776560D-01
  0.19480320196797D-02  -.41060486321362D-02  0.13778279837513D-01
  -.94358705482897D-02  0.65235618150299D-02  -.10130339628854D-01
  -.10638877675688D-02  -.23237543987353D-01  -.34839806560828D-01
  0.32073970926683D-02  -.67156080888165D-02  0.11969225797805D-02
  0.17406328506730D-01  -.31600421043398D-03  0.30471172222693D-03
  -.76591417593622D-02  -.18720367842339D-02  0.69817018420530D-03
  0.60758003961929D-02  -.41229890348241D-02  -.21623217892199D-01
  cycle =      9   ex. state energy =    -1151.9254677481 |dE/dxyz| =  0.271630
   -0.02398215754040      0.00203324641698     -0.31994105079850      ti
    0.54219174582203     -2.55470817360619      2.19167387903705      o
   -3.05379762799422     -0.78925526143895     -1.78474359167528      o
   -4.38898721286487     -0.24622128632839     -2.87466503548525      h
   -0.35782912803703      2.18665032744994      2.18544496588438      o
   -0.71055336645743      3.96756580637679      2.57438726456048      h
    3.05203424132884      0.91055765813213     -1.75760016364032      o
    3.39279676715014      2.76552631313531     -1.59095524214139      h
   -0.05197200759179     -2.66677039847296      3.84493773611053      h
  0.39016415452203D-03  -.22940154488292D-01  0.56311122715145D-01
  -.18001336892373D-01  0.46514044692058D-01  0.58988477512437D-02
  -.10430685649744D-01  -.12658244517535D-02  0.32504617936598D-02
  0.29417986607196D-02  0.20820233490471D-02  0.11685234149544D-03
  0.43766583849063D-02  -.39792424690256D-01  -.32349909521117D-01
  -.25699951695506D-02  0.19615467986074D-01  0.84351299422795D-02
  0.10185267849230D-01  -.36174977763385D-01  -.19221726483599D-02
  0.53137908289147D-03  0.35214561214777D-01  0.28161399692301D-02
  0.12576748346241D-01  -.32527166640055D-02  -.42556473350597D-01
  cycle =     10   ex. state energy =    -1151.9274832414 |dE/dxyz| =  0.260893
   -0.02798481284888      0.00719618442672     -0.33659451614015      ti
    0.54162865196031     -2.58562663761850      2.21411583632096      o
   -3.04403667287550     -0.79584936088298     -1.78897335716348      o
   -4.35914800198393     -0.23458626706048     -2.84715177815652      h
   -0.36271446212824      2.20546089239476      2.21351263535717      o
   -0.70895771961784      4.01925053637089      2.61333247245854      h
    3.04496182074904      0.90612154762806     -1.76240739481236      o
    3.50673198200179      2.78589216968918     -1.59056235636232      h
    0.03667662324557     -2.62853657113626      3.91118934439489      h
  -.16654902931444D-02  -.24608415054979D-01  0.40156048958422D-01
  -.13558239540769D-01  0.41314174456627D-01  0.48452682107251D-02
  -.22530670907229D-01  0.23615615699168D-02  -.68088278028052D-02
  0.15831300484799D-01  -.30655544353609D-02  0.10507482795006D-01
  0.70478374871573D-02  -.44433438779271D-01  -.26956460668692D-01
  -.54600702284798D-02  0.33341771771927D-01  0.12700998186256D-01
  0.35183424273108D-02  -.54300721719426D-01  -.26310468717473D-02
  0.83036023453962D-02  0.54330512564053D-01  0.36831877383796D-02
  0.85133867481563D-02  -.49398912936079D-02  -.35496650519180D-01
  cycle =     11   ex. state energy =    -1151.9320510824 |dE/dxyz| =  0.254547
   -0.03194137025560      0.01278995610485     -0.35391898918895      ti
    0.54181155554723     -2.61869125843204      2.23620463315530      o
   -3.03307767558111     -0.80254735011916     -1.79281312684719      o
   -4.34321063467177     -0.22032708633607     -2.82889539586147      h
   -0.36796742623726      2.22663586361206      2.24294989255385      o
   -0.70261372088303      4.04170049090442      2.64106622337619      h
    3.03772391104043      0.90468164398305     -1.76705157586233      o
    3.61299306177470      2.75886841114991     -1.59337827468468      h
    0.11756686195193     -2.58614996079159      4.00809313748266      h
  -.47205303119914D-02  -.25044773598689D-01  0.23076035375551D-01
  -.47683637656823D-02  0.34864247772026D-01  -.18780810503416D-01
  -.26024040123657D-01  0.32791275123073D-02  -.97533357394311D-02
  0.20887106786469D-01  -.52572181808555D-02  0.14388174574055D-01
  0.67643872648031D-02  -.35964969661679D-01  -.18434023234230D-01
  -.54439524833993D-02  0.33006727914226D-01  0.13376600529635D-01
  0.29744250032373D-03  -.55429378769355D-01  -.20217080068868D-02
  0.12821780743457D-01  0.56244520366269D-01  0.33820758224071D-02
  0.18616947572745D-03  -.56982827447574D-02  -.52330078383713D-02
  cycle =     12   ex. state energy =    -1151.9375835640 |dE/dxyz| =  0.253500
   -0.03580299482940      0.01883073001878     -0.37162938614086      ti
    0.54225566199304     -2.65359805983282      2.25927666621182      o
   -3.02071435602046     -0.80941095637015     -1.79610964391019      o
   -4.34549547383266     -0.20152037624648     -2.82320697196770      h
   -0.37358028883203      2.24973874269864      2.27333569867518      o
   -0.69154271640437      4.03536073993591      2.65709268214226      h
    3.03048511050707      0.90628566813295     -1.77157494728677      o
    3.70786260645143      2.68292520951390     -1.59913326148280      h
    0.19812257700895     -2.53889169827362      4.10934722905071      h
  -.85072723551853D-02  -.24784883238788D-01  0.59451409873812D-02
  0.64669989396953D-03  0.25821463483168D-01  -.42905102531132D-01
  -.17218063466053D-01  -.60733741335919D-03  -.31034949911217D-02
  0.14299421052550D-01  -.23436516899497D-02  0.91247452447849D-02
  0.37502935333244D-02  -.14340496484199D-01  -.70303043830726D-02
  -.27957170138648D-02  0.18585351539344D-01  0.10558275741373D-01
  0.29389549721885D-02  -.40682746313175D-01  -.20261685159366D-03
  0.11589249669293D-01  0.42190588368859D-01  0.19190725770751D-02
  -.47035658748065D-02  -.38382880797645D-02  0.25694285192342D-01
  cycle =     13   ex. state energy =    -1151.9403721424 |dE/dxyz| =  0.255820
   -0.03951361507529      0.02533330720032     -0.38947112407912      ti
    0.54266485217988     -2.68996558038604      2.28473165846462      o
   -3.00739081467074     -0.81624992556254     -1.79924007269817      o
   -4.36023496424610     -0.18064905501438     -2.82545706975613      h
   -0.37940599222655      2.27365756414096      2.30414562150264      o
   -0.67802323240875      4.01282907288932      2.66394539454492      h
    3.02307592267092      0.91012357886114     -1.77609292457960      o
    3.79276037078306      2.57014690112099     -1.60656663250651      h
    0.28287599155096     -2.48823132624454      4.18835512312992      h
  -.12676383709609D-01  -.24367919161530D-01  -.10447781768806D-01
  0.13189740709958D-02  0.15676434939568D-01  -.55441206962538D-01
  -.13869650221009D-02  -.73851140066858D-02  0.85190451950278D-02
  0.11700591976518D-02  0.37389843909729D-02  -.86300357099893D-03
  -.13475061690043D-02  0.18805341057092D-01  0.63634959351318D-02
  0.18834052424101D-02  -.81792760052307D-02  0.50507087138667D-02
  0.14557012759807D-01  -.10162269368601D-01  0.30773594470876D-02
  0.13147639355659D-02  0.12377451355171D-01  -.97619074096197D-03
  -.48333596481601D-02  -.50363341700884D-03  0.44717573636573D-01
  cycle =     14   ex. state energy =    -1151.9386679492 |dE/dxyz| =  0.259350
   -0.04299883448920      0.03229446908591     -0.40715451260286      ti
    0.54300244245040     -2.72726057510809      2.31327537903012      o
   -2.99396646832227     -0.82269643371792     -1.80284366392385      o
   -4.37602067062517     -0.16299487810060     -2.82695984864936      h
   -0.38516857841078      2.29658909447365      2.33466359695983      o
   -0.66611871519480      3.99737802182973      2.66641272368776      h
    3.01485439178943      0.91452611181802     -1.78078810711554      o
    3.87667074551036      2.44638124825529     -1.61316373793733      h
    0.37199545965755     -2.43703841815686      4.22857006480147      h
  -.16877105929239D-01  -.24112973269046D-01  -.25467847960507D-01
  -.98199620452236D-03  0.64108665844969D-02  -.54653727016242D-01
  0.13217929546505D-01  -.13388475405015D-01  0.18658106662554D-01
  -.10406029633087D-01  0.92924423430584D-02  -.92547498257341D-02
  -.63283390967560D-02  0.52284067720921D-01  0.18667287917471D-01
  0.64589630254793D-02  -.36067849743397D-01  -.27119333010683D-03
  0.34761973832253D-01  0.27449603484098D-01  0.74778125998685D-02
  -.17851513249978D-01  -.24435750263033D-01  -.48730975902367D-02
  -.19938816003520D-02  0.25680688070203D-02  0.49717408540425D-01
  cycle =     15   ex. state energy =    -1151.9375841596 |dE/dxyz| =  0.263513
   -0.04617824055094      0.03970436350527     -0.42438870663124      ti
    0.54339423884732     -2.76494414226786      2.34484562602398      o
   -2.98125398624840     -0.82841482275542     -1.80747440262097      o
   -4.38276054010654     -0.15341499259565     -2.82040519012806      h
   -0.39058968878136      2.31667498936892      2.36418765577244      o
   -0.65982681463647      4.01331913813743      2.66911864401960      h
    3.00471768883261      0.91742711060432     -1.78589816479151      o
    3.97620895855359      2.34377158661690     -1.61552393176058      h
    0.46293928407101     -2.38803114082749      4.22553145295580      h
  -.20725693941903D-01  -.24068833191208D-01  -.38797276765198D-01
  -.42880684476456D-02  -.12421080111253D-03  -.40889635705073D-01
  0.21568880163754D-01  -.16224022678183D-01  0.23805548856988D-01
  -.15511617017024D-01  0.11899037212856D-01  -.12584978019742D-01
  -.76983264677955D-02  0.64539759094009D-01  0.25418120674051D-01
  0.74711002368318D-02  -.43534118808735D-01  -.11550370107114D-02
  0.48729894220564D-01  0.45180182169491D-01  0.10475161595898D-01
  -.31387673659743D-01  -.41305519191729D-01  -.70811016254612D-02
  0.18415059553701D-02  0.36377264251554D-02  0.40809198307276D-01
  cycle =     16   ex. state energy =    -1151.9406249301 |dE/dxyz| =  0.268891
   -0.04896866762208      0.04753386322850     -0.44086211551010      ti
    0.54402014548237     -2.80251187983067      2.37856775062315      o
   -2.96976155027611     -0.83322661819382     -1.81339771870992      o
   -4.37597358501714     -0.15422435720496     -2.80291064849165      h
   -0.39557278572019      2.33316212271594      2.39223186446208      o
   -0.66005885887663      4.06712311722839      2.67282252847541      h
    2.99193698581038      0.91784112975439     -1.79156810743916      o
    4.10279121889269      2.27742710783906     -1.61171116090659      h
    0.55201645475947     -2.34233332517597      4.18696547997636      h
  -.23831038761694D-01  -.24092823187427D-01  -.50442508211638D-01
  -.66819257049325D-02  -.18846662829698D-02  -.14431073226027D-01
  0.21905216185195D-01  -.15098618042242D-01  0.23158064705889D-01
  -.12563462786315D-01  0.10724212218229D-01  -.10093766752655D-01
  -.46975163177823D-02  0.47892658868906D-01  0.26268056827139D-01
  0.41400312595744D-02  -.22851340270492D-01  0.27723230848571D-02
  0.36895758020015D-01  0.26639537251708D-01  0.95823455872242D-02
  -.19925146331112D-01  -.22011004112032D-01  -.50228651014722D-02
  0.47580857664114D-02  0.68204349272149D-03  0.18209424178415D-01
  cycle =     17   ex. state energy =    -1151.9403189173 |dE/dxyz| =  0.275615
   -0.05131509679977      0.05578432274734     -0.45636802985867      ti
    0.54501098241461     -2.83987775855812      2.41299317820506      o
   -2.95950095762544     -0.83719749078195     -1.82057596235680      o
   -4.35826430870941     -0.16437011350226     -2.77667243162368      h
   -0.40028511583847      2.34697864898381      2.41876150156295      o
   -0.66389538359336      4.14068474288855      2.67410259987492      h
    2.97716567799370      0.91679261726440     -1.79774887704274      o
    4.24639227823986      2.23042343313704     -1.60353453382098      h
    0.63671686907155     -2.29734919973621      4.13264404510190      h
  -.25940534358989D-01  -.24106263002172D-01  -.60562297459532D-01
  -.64105329466412D-02  0.20700932911540D-02  0.19544466261522D-01
  0.14531874589196D-01  -.10358318804757D-01  0.17478511383083D-01
  -.21686523312798D-02  0.60454234976944D-02  -.26535101378012D-02
  -.50542545586483D-03  0.20499583532646D-01  0.25734257758870D-01
  -.41569231184952D-03  0.79715445824169D-02  0.72974510598773D-02
  0.71802338239818D-02  -.45001034096074D-02  0.65819477834529D-02
  0.87335923996823D-02  0.96278474583771D-02  -.60118324920495D-03
  0.49951373851030D-02  -.72498071985241D-02  -.12819642525619D-01
  cycle =     18   ex. state energy =    -1151.9337917760 |dE/dxyz| =  0.281991
   -0.05319651774889      0.06451283404841     -0.47083245818354      ti
    0.54635786391027     -2.87752171397068      2.44649796058269      o
   -2.94999240997106     -0.84061758804129     -1.82874468185582      o
   -4.33858862756369     -0.17982481961965     -2.74800805118058      h
   -0.40499046532640      2.35973139716181      2.44399615824541      o
   -0.66738681963827      4.20762871560773      2.66903377577441      h
    2.96193542831631      0.91598636439631     -1.80431794481829      o
    4.38302046625899      2.17482900272833     -1.59479840435367      h
    0.71744049038069     -2.24585397850489      4.08924663669739      h
  -.26991335779375D-01  -.24117125301516D-01  -.69270764340925D-01
  -.37300225938972D-02  0.74164187755099D-02  0.43895283930747D-01
  0.27412529098804D-02  -.37773637495210D-02  0.94745223003515D-02
  0.12113971004561D-01  -.39291110196825D-03  0.69149603167631D-02
  0.21784617064128D-02  0.40082770696715D-03  0.26999815850821D-01
  -.35556434895604D-02  0.31005385807998D-01  0.95147654001503D-02
  -.20219102831943D-01  -.24804798584468D-01  0.42471095357693D-02
  0.34641844651430D-01  0.30125943802848D-01  0.31908885797033D-02
  0.28205755611481D-02  -.15856377038187D-01  -.34966580923243D-01
  cycle =     19   ex. state energy =    -1151.9279692172 |dE/dxyz| =  0.286241
   -0.05458647372851      0.07369778811506     -0.48405161264726      ti
    0.54791161464353     -2.91563514001895      2.47765036690444      o
   -2.94061843397398     -0.84383614686473     -1.83744675953383      o
   -4.32942892190994     -0.19496308620050     -2.72531746214639      h
   -0.40982315078977      2.37248336495028      2.46779157119062      o
   -0.66778785134026      4.24768491117830      2.65567118020473      h
    2.94778907038481      0.91653956327399     -1.81113093424946      o
    4.48971018467902      2.09290880945681     -1.58882633267876      h
    0.79584224002603     -2.18046557628054      4.07622552597170      h
  -.27012839645145D-01  -.24067673734041D-01  -.76507111778695D-01
  -.26388850103212D-02  0.44364567274566D-02  0.40321965112045D-01
  -.57657076280995D-02  0.93584316518218D-03  0.43665690102376D-02
  0.22433003118193D-01  -.48611709518717D-02  0.13307332398806D-01
  0.26841664616138D-02  -.64258470103381D-02  0.30291894122232D-01
  -.46269727670232D-02  0.40250401514161D-01  0.92428351980534D-02
  -.36455220960266D-01  -.31041095481010D-01  0.33542678375296D-02
  0.49122337497192D-01  0.36234325153562D-01  0.53853573921308D-02
  0.22601202398174D-02  -.15461239863882D-01  -.29763108795582D-01
  cycle =     20   ex. state energy =    -1151.9268205224 |dE/dxyz| =  0.289671
   -0.05547618740205      0.08328904146596     -0.49581886636508      ti
    0.54960426126472     -2.95384787391302      2.50647294562756      o
   -2.93096358644975     -0.84709387929670     -1.84635549181699      o
   -4.33983822698821     -0.20581107878084     -2.71430051067173      h
   -0.41478482125103      2.38553965005904      2.48983521769743      o
   -0.66415825567362      4.25254012810828      2.63431054990257      h
    2.93569612396005      0.91879358716259     -1.81810218452791      o
    4.55322146281496      1.97974588308945     -1.58756634010047      h
    0.87197953017864     -2.10186089648912      4.08917098937796      h
  -.26047040859777D-01  -.23929113574023D-01  -.82219584089351D-01
  -.58406434203326D-02  -.93035427368794D-02  0.16028193123012D-01
  -.33643760902401D-02  0.38903872589875D-03  0.65932605062218D-02
  0.21092633589264D-01  -.39664607411786D-02  0.12032205522411D-01
  0.11665932133831D-02  0.56476044544876D-03  0.34807283119232D-01
  -.37586686640333D-02  0.35155864907397D-01  0.73022421274112D-02
  -.39879696586289D-01  -.26787276118360D-01  0.38637821119832D-02
  0.50620303430594D-01  0.31568468575712D-01  0.59233095278292D-02
  0.60108961380691D-02  -.36917402343458D-02  -.43306914357255D-02
  cycle =     21   ex. state energy =    -1151.9272713904 |dE/dxyz| =  0.294967
   -0.05588657986859      0.09329688502724     -0.50605265651648      ti
    0.55161346261510     -2.99146299830764      2.53435043223168      o
   -2.92114620526587     -0.85036551897620     -1.85560559747948      o
   -4.36859098168132     -0.21318036635467     -2.71378620189835      h
   -0.41979916657876      2.39853515275471      2.50991902238062      o
   -0.65726394140801      4.22677096561338      2.60663996975874      h
    2.92581858080264      0.92251201792268     -1.82526949094784      o
    4.57250824086739      1.83935180246487     -1.59146716893426      h
    0.94270882985288     -2.02022090146092      4.10585801932453      h
  -.24130385952372D-01  -.23751775808749D-01  -.86480407431434D-01
  -.10908650610015D-01  -.25819393779749D-01  -.76591550493215D-02
  0.89883790513415D-02  -.46754798765820D-02  0.14792515298364D-01
  0.89773160973850D-02  0.14811135610615D-02  0.44110668401370D-02
  -.21390186655974D-02  0.21317867221264D-01  0.39659931620229D-01
  -.11391510098547D-02  0.15865952329386D-01  0.46825785486231D-02
  -.28295365800324D-01  -.14513801238043D-01  0.60190867483603D-02
  0.37036406824957D-01  0.18711105404871D-01  0.45501258045191D-02
  0.11610470599828D-01  0.11384412566384D-01  0.20024258917452D-01
  cycle =     22   ex. state energy =    -1151.9248278189 |dE/dxyz| =  0.302666
   -0.05585573481500      0.10376268531877     -0.51472500267642      ti
    0.55422567548024     -3.02774708286736      2.56271140255198      o
   -2.91179963450380     -0.85338809055835     -1.86568822577429      o
   -4.40522636315431     -0.22185612314364     -2.71711182841889      h
   -0.42470755141399      2.41039066525811      2.52787268577799      o
   -0.64936201327396      4.18712741092440      2.57482902517126      h
    2.91747089380945      0.92703512014712     -1.83278327976731      o
    4.55958796302638      1.68234552364633     -1.59933904945767      h
    1.00348848014766     -1.94830893206768      4.10514606072756      h
  -.21211059402378D-01  -.23652630389431D-01  -.89372412402436D-01
  -.14747286711217D-01  -.38082086715989D-01  -.20520927776838D-01
  0.23012699881967D-01  -.10410518502946D-01  0.23524541953501D-01
  -.56896771637914D-02  0.75359011329956D-02  -.41466504853230D-02
  -.65537443128135D-02  0.52166383137979D-01  0.43681936535753D-01
  0.26097758644815D-02  -.13852651902364D-01  0.26344709440503D-02
  0.10821588859833D-02  0.32435632337348D-02  0.10330145351884D-01
  0.56165007241822D-02  0.35360336643970D-03  0.83001208536342D-03
  0.15880633110753D-01  0.22698436801377D-01  0.33038885292614D-01
  cycle =     23   ex. state energy =    -1151.9192158157 |dE/dxyz| =  0.310453
   -0.05543612792069      0.11469131215390     -0.52178404467885      ti
    0.55765426630458     -3.06204394972908      2.59227785378269      o
   -2.90368927543437     -0.85584803472961     -1.87708974653526      o
   -4.43701019814261     -0.23711843174820     -2.71683594820134      h
   -0.42927019130759      2.41941764416957      2.54348041017380      o
   -0.64371043962971      4.15943516769836      2.54063461845050      h
    2.90904038035871      0.93139299140266     -1.84088489662664      o
    4.54174059560563      1.52459010299776     -1.60795581640172      h
    1.05061027561473     -1.89596039301026      4.07566224345598      h
  -.17195495171344D-01  -.23710404109489D-01  -.90939217440705D-01
  -.15985080626927D-01  -.43407268342258D-01  -.22212904942543D-01
  0.31448111287563D-01  -.13760524915946D-01  0.28586569425420D-01
  -.15536487584513D-01  0.11096588083811D-01  -.94317480780904D-02
  -.10046459781626D-01  0.77851406977745D-01  0.45764011096772D-01
  0.55194190015598D-02  -.38719878520475D-01  0.21825527784726D-02
  0.39260971841006D-01  0.18377218880778D-01  0.15893013141207D-01
  -.34825068220552D-01  -.15297515288367D-01  -.41565585349675D-02
  0.17360089501265D-01  0.27570377523701D-01  0.34314283968802D-01
  cycle =     24   ex. state energy =    -1151.9169973235 |dE/dxyz| =  0.315255
   -0.05470122542030      0.12605968272556     -0.52718010468041      ti
    0.56196145291743     -3.09397603054543      2.62307716413739      o
   -2.89730025040116     -0.85755426201160     -1.89006502627857      o
   -4.45528037667997     -0.26205087375712     -2.70834688388209      h
   -0.43328388212034      2.42417804370138      2.55658504495263      o
   -0.64286238327985      4.16544636778099      2.50452318173404      h
    2.89845194234805      0.93474478892651     -1.84986231193661      o
    4.55420986576489      1.38007949693007     -1.61295725821617      h
    1.08263784081749     -1.86759455783471      4.01628374861551      h
  -.12033793454733D-01  -.23850068363230D-01  -.91297881082192D-01
  -.13942390154545D-01  -.40461419971721D-01  -.14279370548790D-01
  0.31234702851498D-01  -.13688546427551D-01  0.28558461863248D-01
  -.17234909238896D-01  0.11144453519597D-01  -.99755126071005D-02
  -.10147600079159D-01  0.77522815454807D-01  0.46591487065044D-01
  0.51606192572235D-02  -.37915577115259D-01  0.24775879878099D-02
  0.52948396412074D-01  0.19485216658722D-01  0.18382591121239D-01
  -.51310743158224D-01  -.16863462052445D-01  -.58675482731154D-02
  0.15325717323804D-01  0.24626588670524D-01  0.25410185854694D-01
  cycle =     25   ex. state energy =    -1151.9196136057 |dE/dxyz| =  0.315999
   -0.05374966250266      0.13780554637191     -0.53087494548906      ti
    0.56701096172803     -3.12352115724329      2.65449853584501      o
   -2.89265822423656     -0.85850059882923     -1.90453906917920      o
   -4.45844692000877     -0.29655719074375     -2.69121572489861      h
   -0.43671985406550      2.42466060557617      2.56706503506856      o
   -0.64651257270437      4.20444250689472      2.46644341863906      h
    2.88501420737661      0.93701007196612     -1.85980117965386      o
    4.61129459902654      1.25101023536252     -1.61282311651586      h
    1.10115222004751     -1.86082181619969      3.93508935812257      h
  -.59013972475821D-02  -.23935548539849D-01  -.90630292871635D-01
  -.80017774708022D-02  -.27886919525096D-01  0.19322167200425D-02
  0.22026226227709D-01  -.10459340946616D-01  0.23695085610314D-01
  -.10238952347536D-01  0.79693659900615D-02  -.60046897204355D-02
  -.71964405400385D-02  0.52015017134859D-01  0.48179255275708D-01
  0.18703289411524D-02  -.12266630676878D-01  0.14674708197472D-02
  0.22623915616090D-01  0.99699271710568D-02  0.15110135384171D-01
  -.24364722974202D-01  -.78027414892056D-02  -.15637035738749D-02
  0.91828193113653D-02  0.12396870479526D-01  0.78145233999129D-02
  cycle =     26   ex. state energy =    -1151.9184874735 |dE/dxyz| =  0.313824
   -0.05269194806022      0.14996548572936     -0.53290134674876      ti
    0.57248890593644     -3.15147472054583      2.68574830330203      o
   -2.88923424986382     -0.85887115982578     -1.92028280632714      o
   -4.45269089742689     -0.33793109072221     -2.66889152251633      h
   -0.43975385513262      2.42228861323037      2.57488002805877      o
   -0.65178380072824      4.25403886059227      2.42716530425779      h
    2.87036337896058      0.93872367470528     -1.87054823947947      o
    4.68947665187746      1.12900498152787     -1.61132760090340      h
    1.11163165732116     -1.86485825839997      3.84725969680655      h
  0.83274370401664D-03  -.23859050868396D-01  -.89104568216190D-01
  0.12428325044247D-02  -.68974069363270D-02  0.22542292759146D-01
  0.58271246151610D-02  -.53634168744906D-02  0.15513622992603D-01
  0.34410873152219D-02  0.28346722149665D-02  0.92823300369543D-03
  -.38489931810218D-02  0.22492583775285D-01  0.50845007294718D-01
  -.17327549422946D-02  0.17115152119312D-01  -.10293136161021D-02
  -.22989517078897D-01  0.34384802756099D-02  0.99369300279693D-02
  0.17632863063105D-01  -.17230233566827D-02  0.47149188628906D-02
  -.40538539262379D-03  -.80379898846717D-02  -.14347122229243D-01
  cycle =     27   ex. state energy =    -1151.9124103784 |dE/dxyz| =  0.311214
   -0.05164187258445      0.16265022959842     -0.53330957967728      ti
    0.57793813449968     -3.17925128504495      2.71598654036335      o
   -2.88610528361005     -0.85895015320809     -1.93699104849829      o
   -4.44988986201441     -0.38207146967979     -2.64721477789388      h
   -0.44259855888442      2.41866558731397      2.57996196477776      o
   -0.65558414382076      4.28908886905490      2.38850052180645      h
    2.85686820384567      0.94026098799178     -1.88191786775072      o
    4.75286749070172      1.00762112039372     -1.61392700451576      h
    1.12253959904724     -1.86192439797337      3.77129055968490      h
  0.77384324285109D-02  -.23596654391832D-01  -.86808124462823D-01
  0.94399926391559D-02  0.12492038464849D-01  0.37179049664142D-01
  -.11248777399183D-01  -.81156174981791D-03  0.73092578101738D-02
  0.17669734740823D-01  -.18471001985463D-02  0.75112087616972D-02
  -.17797430208967D-02  0.33514367002233D-02  0.53415073954286D-01
  -.40059299308021D-02  0.35847084559233D-01  -.37318138435158D-02
  -.56038254746568D-01  0.33206360163613D-02  0.64842926152512D-02
  0.47220463410942D-01  -.20083688651098D-02  0.91192854905956D-02
  -.89959162062989D-02  -.26747510663249D-01  -.30478229099479D-01
  cycle =     28   ex. state energy =    -1151.9091487668 |dE/dxyz| =  0.310356
   -0.05073274203891      0.17577769647575     -0.53212745793929      ti
    0.58287392383042     -3.20773579199354      2.74420976667541      o
   -2.88235665975736     -0.85898468862063     -1.95411388854159      o
   -4.46247313395165     -0.42463937587022     -2.63206104289766      h
   -0.44534794330969      2.41485574984639      2.58211768765409      o
   -0.65589926804291      4.29295222793282      2.35305385851851      h
    2.84643629646894      0.94161738339558     -1.89365248708688      o
    4.77519096873415      0.88788723540386     -1.62446948822827      h
    1.14128996106156     -1.83569674174938      3.72179960306074      h
  0.14322722244119D-01  -.23030380498455D-01  -.83861479081408D-01
  0.97781215139823D-02  0.13660650633346D-01  0.35049513604416D-01
  -.19362153895176D-01  0.42447036539477D-03  0.34239394830479D-02
  0.22725558470977D-01  -.32994479627265D-02  0.94693180860153D-02
  -.13464685521706D-02  -.17048463515375D-02  0.54744140702761D-01
  -.45971420794780D-02  0.40181758342904D-01  -.54821534930149D-02
  -.70268252731315D-01  0.63755079780782D-02  0.53540912794403D-02
  0.58435539792935D-01  -.53937099264491D-02  0.10902514091672D-01
  -.96879233660626D-02  -.27214002063205D-01  -.29599884014372D-01
  cycle =     29   ex. state energy =    -1151.9117832149 |dE/dxyz| =  0.311410
   -0.05009243801451      0.18923513156811     -0.52941693236850      ti
    0.58723867711034     -3.23677000112185      2.77031228486598      o
   -2.87757211091262     -0.85904226835295     -1.97130450764487      o
   -4.49475731589302     -0.46403569407818     -2.62525932634825      h
   -0.44800418282217      2.41116615339464      2.58125502888055      o
   -0.65220904755134      4.26179871397112      2.32262952525243      h
    2.83993245364300      0.94261450758222     -1.90559855375401      o
    4.74647296901496      0.77368965285596     -1.64443182844246      h
    1.16834497847145     -1.78595536257139      3.69843087463281      h
  0.20168485223800D-01  -.21911803995949D-01  -.80401744964107D-01
  0.19786319286413D-02  -.50797376497718D-02  0.20228188087896D-01
  -.13785633419805D-01  -.21071205901890D-02  0.51658453033920D-02
  0.13975551619227D-01  -.11461710356218D-02  0.55778017662403D-02
  -.24897851553183D-02  0.75177649812552D-02  0.54059513476640D-01
  -.35592855903408D-02  0.29894094510612D-01  -.54758336343349D-02
  -.66324878501690D-01  0.92438980824811D-02  0.62349473579523D-02
  0.52192326885149D-01  -.84990479879318D-02  0.10283425593129D-01
  -.21554124997075D-02  -.79118754680385D-02  -.15672142474204D-01
  cycle =     30   ex. state energy =    -1151.9151154157 |dE/dxyz| =  0.313155
   -0.04982382194634      0.20304958654706     -0.52524207329323      ti
    0.59148045085664     -3.26542953647887      2.79521877783563      o
   -2.87204710114554     -0.85898406095055     -1.98872168601825      o
   -4.53910449269842     -0.50230368004728     -2.62333718075249      h
   -0.45051504995825      2.40707633126174      2.57742951451963      o
   -0.64543164602051      4.20471679391311      2.29707407645806      h
    2.83708870170326      0.94310121410422     -1.91784717134124      o
    4.67240148190070      0.66727052188355     -1.67328284635379      h
    1.19718744770800     -1.72948888438114      3.68878652317161      h
  0.25094739595973D-01  -.20112880546862D-01  -.76475012619789D-01
  -.74262917568038D-02  -.28462843424425D-01  0.55179643798182D-02
  -.63259489457100D-03  -.60378269542809D-02  0.93069748525135D-02
  -.24944533999390D-02  0.21469111180938D-02  -.88695256759891D-03
  -.50568027078870D-02  0.30344608960765D-01  0.50865573770550D-01
  -.10422330494942D-02  0.56713844772597D-02  -.31466704774212D-02
  -.42937867474474D-01  0.89103088014252D-02  0.90173041029140D-02
  0.27434113934877D-01  -.82436794888099D-02  0.72884604937992D-02
  0.70613896758852D-02  0.15784017499781D-01  -.14876415941234D-02
  cycle =     31   ex. state energy =    -1151.9138443965 |dE/dxyz| =  0.314313
   -0.05001370179884      0.21730173729623     -0.51964497680564      ti
    0.59615086222081     -3.29267104480768      2.81994721645432      o
   -2.86645973352648     -0.85859432668962     -2.00673662166526      o
   -4.58150149554691     -0.54263270815978     -2.62063306700208      h
   -0.45276106796010      2.40130133191132      2.57079436458356      o
   -0.63771275856279      4.14241059621772      2.27413080027730      h
    2.83658629005575      0.94310153664666     -1.93065178526805      o
    4.57406996223580      0.56749723944947     -1.70862497120323      h
    1.22002530679006     -1.68648431101496      3.68038932013232      h
  0.29152252486229D-01  -.17786056417714D-01  -.71977711821695D-01
  -.13744056577738D-01  -.44856414090852D-01  -.28152537656677D-02
  0.10620597955238D-01  -.90008137732578D-02  0.11997671729355D-01
  -.17187272572871D-01  0.42256726077211D-02  -.60324182494002D-02
  -.82386396702361D-02  0.60173997705354D-01  0.45619159992335D-01
  0.21650561015967D-02  -.25859427725706D-01  0.10229936475864D-02
  -.94968644772364D-03  0.20962922993481D-02  0.13324763790621D-01
  -.15043047708859D-01  -.13021961422244D-02  0.23139123087649D-02
  0.13224796198840D-01  0.32308946091061D-01  0.65468828421040D-02
  cycle =     32   ex. state energy =    -1151.9100984384 |dE/dxyz| =  0.313752
   -0.05073856089488      0.23193896988902     -0.51270571210695      ti
    0.60159466225029     -3.31756481944094      2.84493275882686      o
   -2.86143181684055     -0.85770918932671     -2.02548453828763      o
   -4.60910804018576     -0.58680882417747     -2.61266477111595      h
   -0.45456443795763      2.39220120912181      2.56162899953639      o
   -0.63184713097486      4.10236381160127      2.25020146594081      h
    2.83613389253178      0.94298685781728     -1.94424055414333      o
    4.48842952681339      0.46844369008886     -1.74612874357182      h
    1.23144198496667     -1.67143544221674      3.66625631091616      h
  0.32447995340115D-01  -.15202613730886D-01  -.66864539434058D-01
  -.15772972999807D-01  -.50790620476276D-01  -.46106311616258D-02
  0.14288571431376D-01  -.10152131301395D-01  0.11494453104560D-01
  -.24201102056627D-01  0.43775683362009D-02  -.80098264671058D-02
  -.99277498155365D-02  0.77711310451197D-01  0.41315747027450D-01
  0.39932130587422D-02  -.45372661555935D-01  0.38844914327815D-02
  0.39617124600201D-01  -.98418325931429D-02  0.16593064128275D-01
  -.55521987314825D-01  0.10897386540136D-01  -.18760856707074D-02
  0.15076907963647D-01  0.38373594409255D-01  0.80733270147858D-02
  cycle =     33   ex. state energy =    -1151.9121469522 |dE/dxyz| =  0.310466
   -0.05205697106910      0.24683394535990     -0.50455108622902      ti
    0.60789602054993     -3.33963678770750      2.87013567996150      o
   -2.85719492796197     -0.85626836525305     -2.04483635822850      o
   -4.61560126958836     -0.63473399949971     -2.59773295704578      h
   -0.45582060440193      2.37885079131445      2.55021009495612      o
   -0.62946709282629      4.10188398331423      2.22292362136790      h
    2.83350874123243      0.94341226568416     -1.95872027918461      o
    4.45125884791887      0.36004180776377     -1.78194546612475      h
    1.22971362697647     -1.68982324921386      3.64511326195567      h
  0.34981983782806D-01  -.12489545993970D-01  -.61182680458336D-01
  -.13463082367095D-01  -.45511814640232D-01  -.96272364422589D-03
  0.86452831549539D-02  -.97491160836751D-02  0.77766513863794D-02
  -.21535034107832D-01  0.30134122462586D-02  -.66708864438619D-02
  -.84175832727862D-02  0.65586694024696D-01  0.41408750823538D-01
  0.27638350594265D-02  -.35490204603197D-01  0.17948421760187D-02
  0.40815058021901D-01  -.13792956031344D-01  0.14972265124788D-01
  -.56338735522757D-01  0.15061080414929D-01  -.11922848116578D-02
  0.12548275501367D-01  0.33372450538272D-01  0.40560661799812D-02
  cycle =     34   ex. state energy =    -1151.9178819814 |dE/dxyz| =  0.304929
   -0.05400530971466      0.26183251831003     -0.49534391665821      ti
    0.61488297139240     -3.35902635539269      2.89517946568865      o
   -2.85346795100508     -0.85430482111411     -2.06445206156497      o
   -4.60328744774973     -0.68488017827054     -2.57711778946233      h
   -0.45660441770620      2.36201455763242      2.53661553424500      o
   -0.62951378404497      4.13231262708147      2.19431225022666      h
    2.82866655048154      0.94459077830399     -1.97389961252894      o
    4.46345984842652      0.23943655414555     -1.81642275163925      h
    1.21707291897287     -1.73711674162767      3.62061604802404      h
  0.36568435846362D-01  -.95598558135113D-02  -.54912824453830D-01
  -.67574037124635D-02  -.28260535859551D-01  0.75314463141325D-02
  -.56552740579996D-02  -.86015681282654D-02  0.16530465598355D-02
  -.97490248536765D-02  0.99447636046714D-03  -.27819410739710D-02
  -.49301249187447D-02  0.33608158455430D-01  0.44489559749842D-01
  -.30043237889263D-03  -.60595292772027D-02  -.39266148143183D-02
  0.36362627164562D-02  -.16788179950033D-02  0.99173682443646D-02
  -.18421119413718D-01  0.29980745496282D-02  0.29091215166469D-02
  0.56086800408919D-02  0.16559597628631D-01  -.48791616715123D-02
  cycle =     35   ex. state energy =    -1151.9181661190 |dE/dxyz| =  0.298748
   -0.05662773699428      0.27703707740970     -0.48511160176831      ti
    0.62225498618973     -3.37690537806331      2.91986152015621      o
   -2.84942306954779     -0.85186536101049     -2.08419874519235      o
   -4.58245899937189     -0.73599534389990     -2.55403779440840      h
   -0.45711937417375      2.34329999396523      2.52055234823240      o
   -0.62929895832874      4.16808034069157      2.16906135458076      h
    2.82361492745461      0.94586381184220     -1.98965419424391      o
    4.49172679777243      0.11597286961680     -1.85350408700479      h
    1.19952227465142     -1.79892727853458      3.60031722694595      h
  0.37006356934557D-01  -.61587511442298D-02  -.47845554735472D-01
  0.35281993723579D-02  -.74722082454315D-03  0.19679890539356D-01
  -.24756036959987D-01  -.77868393673150D-02  -.52592700404199D-02
  0.71988132828401D-02  -.64647202016516D-03  0.19824708262184D-02
  -.17049232361761D-02  0.31941801335868D-02  0.46455769610337D-01
  -.29720208297996D-02  0.21354267472873D-01  -.92411494631345D-02
  -.34127471373394D-01  0.15853010405818D-01  0.57547509714187D-02
  0.20696660627457D-01  -.14589476873212D-01  0.58704044070314D-02
  -.48695788286571D-02  -.10472698054144D-01  -.17397311466136D-01
  cycle =     36   ex. state energy =    -1151.9142249673 |dE/dxyz| =  0.293614
   -0.05994783499391      0.29246789604511     -0.47392623730654      ti
    0.62948842906244     -3.39487676155211      2.94364802957956      o
   -2.84398990117186     -0.84898051938633     -2.10380418860352      o
   -4.56774383756572     -0.78692881978055     -2.53251196511346      h
   -0.45754463933948      2.32427061200322      2.50182078642190      o
   -0.62649453085374      4.18551979783254      2.15166920142073      h
    2.82039786109595      0.94627664346636     -2.00584198984058      o
    4.50218218107005      0.00429265084221     -1.89597387558996      h
    1.18608109598080     -1.85207934108274      3.59501637044491      h
  0.36191559646921D-01  -.20254687977926D-02  -.39820227259697D-01
  0.12933449602447D-01  0.25086330283903D-01  0.30472328505739D-01
  -.39684022502087D-01  -.81259748238197D-02  -.10328278100471D-01
  0.20281876592958D-01  -.11088240720925D-02  0.49865327370575D-02
  0.28876729882117D-03  -.15254954935872D-01  0.45170406271759D-01
  -.42963257192942D-02  0.36151808875151D-01  -.12136033417227D-01
  -.53930638553526D-01  0.28695735154299D-01  0.34461323496973D-02
  0.42582111118862D-01  -.27465978348819D-01  0.65399187081588D-02
  -.14366779233231D-01  -.35952674033165D-01  -.28330780057953D-01
  cycle =     37   ex. state energy =    -1151.9142915688 |dE/dxyz| =  0.290209
   -0.06392622077964      0.30791309003710     -0.46202768340129      ti
    0.63600168258266     -3.41419789890734      2.96572777228962      o
   -2.83638767173432     -0.84565413759271     -2.12281413046663      o
   -4.57071157130876     -0.83682168687986     -2.51536006925689      h
   -0.45798511960075      2.30610616042836      2.48063877746778      o
   -0.61995304815810      4.17145300150845      2.14487058798961      h
    2.82014417340018      0.94511461710291     -2.02219498524252      o
    4.47554217433711     -0.08330595136061     -1.94407595976336      h
    1.18517014088863     -1.87384592633481      3.61439342290620      h
  0.34171920145926D-01  0.29608632090919D-02  -.30797074898152D-01
  0.14051294321721D-01  0.28284906443424D-01  0.31636884642528D-01
  -.40658474495796D-01  -.92694701995955D-02  -.11523126989530D-01
  0.19756628874331D-01  -.70532076793156D-03  0.42641676256151D-02
  0.98177312666918D-03  -.19902168642067D-01  0.40317471203695D-01
  -.42138502768651D-02  0.36342482119881D-01  -.12440521381700D-01
  -.55846654860103D-01  0.33886510470003D-01  0.20518682072527D-02
  0.47200365055874D-01  -.32547951267432D-01  0.58140251671902D-02
  -.15443003251026D-01  -.39049851555377D-01  -.29323693921151D-01
  cycle =     38   ex. state energy =    -1151.9199439170 |dE/dxyz| =  0.288345
   -0.06850259111241      0.32319459625477     -0.44964910223429      ti
    0.64169793356990     -3.43493385353663      2.98591547420771      o
   -2.82660877950713     -0.84184280025648     -2.14105722357623      o
   -4.59086210922689     -0.88574686796556     -2.50204288324381      h
   -0.45847633909682      2.28916224183300      2.45739502874158      o
   -0.60978854385425      4.12583928168279      2.14895319825930      h
    2.82295603370220      0.94210180810026     -2.03854468188505      o
    4.40798941602125     -0.14194154077784     -1.99690001282416      h
    1.19771321876928     -1.86145415689990      3.65916789955587      h
  0.31124710129437D-01  0.87557924225144D-02  -.20719350956261D-01
  0.60812906281943D-02  0.57313612731469D-02  0.21975163971941D-01
  -.27890580850799D-01  -.99253571021087D-02  -.97903484973165D-02
  0.58578581825792D-02  -.68727853407745D-03  0.79239879833917D-03
  0.54296655750511D-03  -.10793542791736D-01  0.32144967070775D-01
  -.28752324232905D-02  0.21884129122636D-01  -.10524474301911D-01
  -.42306288033604D-01  0.30118136166739D-01  0.62819459709962D-03
  0.36776754004924D-01  -.28462120778715D-01  0.47018856381497D-02
  -.73114794243032D-02  -.16621119756630D-01  -.19208437305592D-01
  cycle =     39   ex. state energy =    -1151.9240281369 |dE/dxyz| =  0.287314
   -0.07364289935397      0.33829429975831     -0.43690815848100      ti
    0.64705260256316     -3.45595524684920      3.00486939963576      o
   -2.81531347713106     -0.83749228465667     -2.15873771796219      o
   -4.61608543269002     -0.93400518910250     -2.48943432279673      h
   -0.45899665915586      2.27283414130316      2.43242029477674      o
   -0.59713452991206      4.06123288695733      2.16219468568913      h
    2.82808488896541      0.93744092769932     -2.05490598819544      o
    4.30850633265298     -0.17571070383661     -2.05374457456239      h
    1.21660551130652     -1.83460624019157      3.72060626440817      h
  0.27243460119338D-01  0.15279134199109D-01  -.94768827429668D-02
  -.39267704447167D-02  -.23067846461007D-01  0.91855705451273D-02
  -.11141192583568D-01  -.94772136145181D-02  -.78237860046810D-02
  -.11657687378945D-01  -.16629039586438D-02  -.27607800748101D-02
  -.64594062070815D-03  0.10512892267136D-01  0.21340155800671D-01
  -.60835020425894D-03  -.56946581396020D-02  -.71889788634447D-02
  -.13596561854181D-01  0.14610654052645D-01  -.16672906091651D-02
  0.11402952261356D-01  -.12460966425637D-01  0.41857096127551D-02
  0.29300894738156D-02  0.11960908299877D-01  -.57937182744778D-02
  cycle =     40   ex. state energy =    -1151.9216482635 |dE/dxyz| =  0.286028
   -0.07931122976620      0.35319865023452     -0.42392215356470      ti
    0.65265270400714     -3.47582894873326      3.02342562918524      o
   -2.80334366512756     -0.83259746664625     -2.17608808724355      o
   -4.63129874545095     -0.98108593181461     -2.47435104559624      h
   -0.45948445894878      2.25583779401937      2.40613487075545      o
   -0.58387985411996      4.00122325213366      2.18177045847875      h
    2.83398839643124      0.93195238465806     -2.07126752185131      o
    4.19853615654631     -0.19881826475564     -2.11455257972862      h
    1.23305219732341     -1.81802327041590      3.78743405241715      h
  0.22673936396709D-01  0.22472498755554D-01  0.30281362101613D-02
  -.10732107384012D-01  -.43056990849190D-01  -.52823592386346D-03
  0.65320011430001D-03  -.83923188175667D-02  -.73342757306944D-02
  -.23795898325595D-01  -.31399951834284D-02  -.46841520748026D-02
  -.15248290855986D-02  0.33857755302054D-01  0.98072732862911D-02
  0.15877568390188D-02  -.36200393029347D-01  -.45021304669751D-02
  0.25644271011150D-01  -.12894715440819D-01  -.58642998633615D-02
  -.24491233042523D-01  0.15560958859119D-01  0.55178903857456D-02
  0.99849022490506D-02  0.31793201496791D-01  0.45597941880981D-02
  cycle =     41   ex. state energy =    -1151.9178100596 |dE/dxyz| =  0.283511
   -0.08541245134812      0.36773698869757     -0.41095175087042      ti
    0.65885876989142     -3.49340158281326      3.04206783233338      o
   -2.79137292303325     -0.82722721136837     -2.19308938855731      o
   -4.62583760744918     -1.02557701124680     -2.45514253842120      h
   -0.45989010478694      2.23693180496775      2.37923068479421      o
   -0.57196706651156      3.97255216088951      2.20532675752943      h
    2.83850319009901      0.92715438862886     -2.08735759333239      o
    4.10955487914502     -0.23554709237951     -2.18035226526682      h
    1.24085466756201     -1.82907449852440      3.85049648558851      h
  0.17512243618128D-01  0.30356778823689D-01  0.16775013081472D-01
  -.13175641371302D-01  -.50618529410731D-01  -.52612104272261D-02
  0.34602241557272D-02  -.75425173332188D-02  -.85345061224676D-02
  -.26391488099590D-01  -.41893074361631D-02  -.46836011216076D-02
  -.46980740489137D-03  0.37029369360374D-01  -.11521739966637D-03
  0.21273415472861D-02  -.47343567929968D-01  -.49835759484264D-02
  0.53210057669143D-01  -.36530681262484D-01  -.11652237560661D-01
  -.48919964044609D-01  0.39483312192242D-01  0.86483987309682D-02
  0.12647034147225D-01  0.39355143377693D-01  0.98069354991026D-02
  cycle =     42   ex. state energy =    -1151.9201174227 |dE/dxyz| =  0.279449
   -0.09181437324355      0.38167093744604     -0.39833167284634      ti
    0.66576710802133     -3.50813911023599      3.06093695379817      o
   -2.77963163620906     -0.82146095052597     -2.20956620636736      o
   -4.59741316206961     -1.06627281246469     -2.43191919520039      h
   -0.46026863414042      2.21605696785831      2.35242188157243      o
   -0.56194617728567      3.98520218148370      2.23314471438142      h
    2.84008393157715      0.92437635077540     -2.10275515886104      o
    4.06346706709240     -0.30653592136422     -2.25346505170454      h
    1.23761842608857     -1.87435912164751      3.90481040118361      h
  0.11783949194364D-01  0.39058412637769D-01  0.31667136009380D-01
  -.11424247843528D-01  -.46095149048288D-01  -.44047895492176D-02
  -.33502532386198D-02  -.77450202512385D-02  -.10869180212442D-01
  -.18731912906077D-01  -.39566878633859D-02  -.32292314460963D-02
  0.28125056543624D-02  0.89939871407127D-02  -.93750702887791D-02
  0.71907012897166D-03  -.28036944360378D-01  -.77453790391665D-02
  0.44754158634074D-01  -.30256601669128D-01  -.14853758401465D-01
  -.37638552786634D-01  0.33050908921940D-01  0.95150939862595D-02
  0.11075283469282D-01  0.34987093482291D-01  0.92951777699409D-02
  cycle =     43   ex. state energy =    -1151.9229892231 |dE/dxyz| =  0.274994
   -0.09838932034834      0.39479578714039     -0.38637644921808      ti
    0.67325588106340     -3.52024908374863      3.07992126066619      o
   -2.76778524488093     -0.81530844315369     -2.22533631206408      o
   -4.55286769741567     -1.10325043332308     -2.40603952043433      h
   -0.46079892079032      2.19482862410251      2.32630706888849      o
   -0.55261860594466      4.02218164993970      2.26752081567463      h
    2.83919886324901      0.92327681028099     -2.11723465128965      o
    4.05046332955878     -0.40582930832537     -2.33437346100132      h
    1.22475965242627     -1.94980657923446      3.95066617545458      h
  0.55764302880280D-02  0.48583981549842D-01  0.47451998955386D-01
  -.55532084125513D-02  -.29790097317495D-01  0.30902885702996D-02
  -.17771189948640D-01  -.94850508650708D-02  -.13501480621433D-01
  -.29124263536205D-02  -.19919499825090D-02  -.11686701720267D-02
  0.67258392764581D-02  -.32679637641989D-01  -.21091017499819D-01
  -.10895402988991D-02  0.42340861831788D-02  -.93885167592892D-02
  0.14938416233830D-01  -.12783041643926D-03  -.12694685500075D-01
  -.52805353631706D-02  0.23448068282075D-02  0.52618749347023D-02
  0.53662145140260D-02  0.18911691486775D-01  0.20402082205948D-02
  cycle =     44   ex. state energy =    -1151.9190552655 |dE/dxyz| =  0.272015
   -0.10509764026063      0.40709263531539     -0.37523403277263      ti
    0.68108482763158     -3.53078221649075      3.09882608926356      o
   -2.75490772981550     -0.80860639995353     -2.24044053382716      o
   -4.50557481884488     -1.13866889778426     -2.37901941752686      h
   -0.46170070285522      2.17529238698871      2.30122543075780      o
   -0.54229802937237      4.05564954593920      2.31023539131532      h
    2.83749007411409      0.92217906672258     -2.13108639838499      o
    4.04199613241385     -0.50763553867667     -2.42024764886611      h
    1.20716704701936     -2.04208000405495      3.99496288559735      h
  -.10055914116558D-02  0.58698397596841D-01  0.63752938238738D-01
  0.37288818484928D-02  -.39781727796770D-02  0.17582993105212D-01
  -.33497611683206D-01  -.12229229884055D-01  -.15406283200439D-01
  0.14627911801157D-01  0.11354788593586D-02  0.42150266548922D-03
  0.10011287200454D-01  -.67780432735394D-01  -.35864925102636D-01
  -.21150746465730D-02  0.29383517962737D-01  -.88628574366689D-02
  -.89266158146101D-02  0.28108130681225D-01  -.81660479592052D-02
  0.20913397068804D-01  -.26650807578857D-01  -.12583574788844D-02
  -.37365846733966D-02  -.66868823268336D-02  -.12198962545356D-01
  cycle =     45   ex. state energy =    -1151.9118692010 |dE/dxyz| =  0.271836
   -0.11181978594385      0.41837300484641     -0.36520626555883      ti
    0.68874684771219     -3.54114774787193      3.11685720491725      o
   -2.74013062113631     -0.80120123830033     -2.25477218444812      o
   -4.47079237153996     -1.17524640901739     -2.35223644617553      h
   -0.46315604029633      2.15938066142809      2.27799075636756      o
   -0.53008605213548      4.06369154094555      2.36087299904763      h
    2.83626278405826      0.91953403180712     -2.14455675235704      o
    4.01527709568758     -0.58672403736791     -2.50543894215649      h
    1.19274363181496     -2.12897420752999      4.05009527404255      h
  -.77599832840467D-02  0.68667603379891D-01  0.79693227998246D-01
  0.12415108708438D-01  0.19737069081954D-01  0.33496568353442D-01
  -.39885598416028D-01  -.13780608790302D-01  -.15783243619046D-01
  0.23158539689543D-01  0.32535619325890D-02  0.75205919919905D-03
  0.12371885112676D-01  -.88518749471315D-01  -.51782272831193D-01
  -.22016987070032D-02  0.40092830223209D-01  -.72753545605612D-02
  -.19025805909966D-01  0.43671060215726D-01  -.46633420348356D-02
  0.33129645094892D-01  -.42869988088480D-01  -.66830905034062D-02
  -.12202092968624D-01  -.30252778961736D-01  -.27754552663885D-01
  cycle =     46   ex. state energy =    -1151.9093587150 |dE/dxyz| =  0.274548
   -0.11837941633562      0.42836099841240     -0.35666912335939      ti
    0.69570461314615     -3.55256472256185      3.13299619172527      o
   -2.72321005522622     -0.79306245633951     -2.26819464309801      o
   -4.45628123975906     -1.21454651412802     -2.32618931955393      h
   -0.46528570077942      2.14837317803017      2.25766709513725      o
   -0.51599377745774      4.03679687924714      2.41769282707403      h
    2.83608296067910      0.91450119564366     -2.15773055634832      o
    3.95978993604282     -0.62824280165091     -2.58455316179753      h
    1.18898924991203     -2.18926199281516      4.12922933140352      h
  -.14420516062599D-01  0.77436754279224D-01  0.94058223455363D-01
  0.13666581081872D-01  0.22368847509127D-01  0.37242249897641D-01
  -.30579869244442D-01  -.11779362683557D-01  -.14954432128536D-01
  0.16267423815179D-01  0.20555589678883D-02  0.18943222046421D-03
  0.13906911977197D-01  -.93367054379511D-01  -.66204268871253D-01
  -.16295564489802D-02  0.35621013000982D-01  -.61789916580984D-02
  -.17538376296788D-01  0.46413861463871D-01  -.38673506344872D-02
  0.33514075523194D-01  -.45953502484972D-01  -.92796061419362D-02
  -.13186674895220D-01  -.32796116115349D-01  -.31005256682027D-01
  cycle =     47   ex. state energy =    -1151.9120114932 |dE/dxyz| =  0.279700
   -0.12462410577029      0.43685283394097     -0.34992150082050      ti
    0.70185885524990     -3.56512061598429      3.14696733452423      o
   -2.70474264865203     -0.78434035945841     -2.28069296366998      o
   -4.45604773305260     -1.25533283924347     -2.30050845657609      h
   -0.46816183588189      2.14257288906842      2.24113247764535      o
   -0.50059141878223      3.97909173303987      2.47945410662684      h
    2.83686668337892      0.90696098936230     -2.17059038192162      o
    3.87554796791412     -0.62942493426053     -2.65497536984371      h
    1.19674667969299     -2.22052537916227      4.23475079050278      h
  -.20721228854483D-01  0.83997823576212D-01  0.10562658861409D+00
  0.65669873399787D-02  0.22943779875705D-02  0.23105457799248D-01
  -.11412365027772D-01  -.65554864454123D-02  -.14035870666776D-01
  -.29128514446003D-03  -.21261187292773D-02  -.15226079053719D-03
  0.14837081164960D-01  -.81801660031059D-01  -.76290878367010D-01
  -.78583580832981D-03  0.16327134788684D-01  -.72276528256226D-02
  -.64358179809156D-02  0.36262310097370D-01  -.71761499229889D-02
  0.24039551058387D-01  -.35750511590345D-01  -.75783265242086D-02
  -.57970881107111D-02  -.12647870316428D-01  -.16270907436105D-01
  cycle =     48   ex. state energy =    -1151.9127052535 |dE/dxyz| =  0.286984
   -0.13048099394670      0.44379446139598     -0.34511815268929      ti
    0.70764484757155     -3.57778608913168      3.15965278450656      o
   -2.68567311864989     -0.77526994424822     -2.29240506031850      o
   -4.45556088174638     -1.29421485007740     -2.27472832503805      h
   -0.47184820258915      2.14126776897496      2.22880463391858      o
   -0.48452474685043      3.90724398368877      2.54742900912891      h
    2.83800245860973      0.89744121338367     -2.18303983921382      o
    3.77048194751513     -0.59947442421220     -2.71870709813465      h
    1.20954207855027     -2.24073459344976      4.35430385392077      h
  -.26497811079692D-01  0.87712820730625D-01  0.11344037009017D+00
  -.24013259929553D-02  -.21967801890091D-01  0.19613699238175D-02
  0.68126698972200D-02  -.64823562685341D-03  -.13587662429966D-01
  -.15760187674658D-01  -.67969778542042D-02  0.25713692988792D-03
  0.15563873686462D-01  -.56774610442245D-01  -.79646942453950D-01
  -.18075468860034D-03  -.14111169105677D-01  -.11830827515202D-01
  0.13414569181211D-01  0.11141396761964D-01  -.16715091422972D-01
  0.55927808207763D-02  -.10269078413503D-01  0.62251283363268D-03
  0.34561842725777D-02  0.11713655086335D-01  0.54991339377661D-02
  cycle =     49   ex. state energy =    -1151.9083435682 |dE/dxyz| =  0.295715
   -0.13589016107039      0.44917365956510     -0.34236248103470      ti
    0.71359994832217     -3.58932821336945      3.17231256857746      o
   -2.66685416257112     -0.76610538125444     -2.30344738513978      o
   -4.44134710690011     -1.32742927334507     -2.24900559209567      h
   -0.47641221439944      2.14306887740979      2.22076660067827      o
   -0.46819690178762      3.84722000562079      2.62614509963859      h
    2.83840964577142      0.88724873181429     -2.19465271633814      o
    3.65986718358280     -0.56038827661908     -2.78339254433237      h
    1.21941051944706     -2.27127444627270      4.46984052832746      h
  -.31670677241113D-01  0.88363790854663D-01  0.11692348330918D+00
  -.84097224635920D-02  -.37434270477193D-01  -.14851120761359D-01
  0.17400670706846D-01  0.36353439051593D-02  -.13344712907268D-01
  -.23420644465645D-01  -.96843760452782D-02  0.11576004169042D-02
  0.16470071938742D-01  -.33000646036736D-01  -.77268643712474D-01
  -.24851500295899D-03  -.40525316726399D-01  -.18440206758053D-01
  0.36681163070042D-01  -.24961819881594D-01  -.32815903685157D-01
  -.16532029723389D-01  0.26289901401795D-01  0.15748613402040D-01
  0.97296815114797D-02  0.27317392631064D-01  0.22890890193308D-01
  cycle =     50   ex. state energy =    -1151.9058165410 |dE/dxyz| =  0.305772
   -0.14073403821465      0.45294862985934     -0.34174166905960      ti
    0.72003297481741     -3.59884880323306      3.18582230720683      o
   -2.64893745133382     -0.75711475635823     -2.31378833953258      o
   -4.40669937615701     -1.35230306728114     -2.22421931929695      h
   -0.48189247297237      2.14668541404564      2.21694516659308      o
   -0.45160722659370      3.82231798359406      2.72113769597781      h
    2.83680563514860      0.87839730018251     -2.20449761979343      o
    3.56334056383531     -0.54408631113817     -2.86197165455814      h
    1.22083392784509     -2.32568691709274      4.56576553392119      h
  -.36211685389629D-01  0.86100113989394D-01  0.11590968667427D+00
  -.10462601570062D-01  -.42034225487370D-01  -.23027410201111D-01
  0.18239695767470D-01  0.50076994159723D-02  -.12696134850379D-01
  -.21076834059690D-01  -.94980460094407D-02  0.19829403015710D-02
  0.17149546353970D-01  -.32710715543500D-01  -.76120189942861D-01
  -.58951200043385D-03  -.40559002932016D-01  -.19971151419871D-01
  0.47839424749590D-01  -.47115607579777D-01  -.45654342062744D-01
  -.26900593269495D-01  0.48721180012801D-01  0.28026715969526D-01
  0.12012558050833D-01  0.32088603387102D-01  0.31549885437655D-01
  cycle =     51   ex. state energy =    -1151.9106575663 |dE/dxyz| =  0.317370
   -0.14488329899262      0.45512167514026     -0.34324878812735      ti
    0.72699872078661     -3.60600233106482      3.20050868358181      o
   -2.63213628301122     -0.74845651719380     -2.32336645960579      o
   -4.35392041541735     -1.36874654596269     -2.20131873812451      h
   -0.48827840793638      2.15207326700982      2.21732419981701      o
   -0.43461061255207      3.83289395987883      2.83291167422301      h
    2.83258743866690      0.87218740370993     -2.21177478137354      o
    3.49085774388891     -0.57031471002886     -2.96445210492324      h
    1.21178781807545     -2.40769276730381      4.63360205143298      h
  -.40077399351591D-01  0.81233436644729D-01  0.11047367203484D+00
  -.88558107565783D-02  -.37209138205734D-01  -.21263669716042D-01
  0.99313601844671D-02  0.30248138996482D-02  -.11059564967081D-01
  -.93344106618024D-02  -.58140053889440D-02  0.21642456296788D-02
  0.16563638759035D-01  -.55748085532641D-01  -.80976853829129D-01
  -.17575826535111D-03  -.14478592474911D-01  -.11673582214167D-01
  0.37640747707019D-01  -.30480519419117D-01  -.39852265611050D-01
  -.16296041106937D-01  0.32038770559414D-01  0.22000097772832D-01
  0.10603673741437D-01  0.27433319223822D-01  0.30187921306881D-01
  cycle =     52   ex. state energy =    -1151.9156094018 |dE/dxyz| =  0.332462
   -0.14827060455651      0.45579174584103     -0.34677023194141      ti
    0.73440401281694     -3.61106703158431      3.21626400177020      o
   -2.61599158576584     -0.74002174954059     -2.33227420909796      o
   -4.29336385598940     -1.38001800032017     -2.18045491953697      h
   -0.49553059341078      2.16048366319587      2.22214310922039      o
   -0.41757388511246      3.85600744516372      2.95410817817328      h
    2.82633229668050      0.86769093214862     -2.21681729203758      o
    3.43304693285603     -0.62426780335886     -3.08540903590763      h
    1.19356826596347     -2.51304232542191      4.67470055293587      h
  -.43182972833404D-01  0.73879011788248D-01  0.10073485619398D+00
  -.38276834657826D-02  -.24321087955496D-01  -.80767321490843D-02
  -.37869681056923D-02  -.14581565222743D-02  -.82425111297348D-02
  0.79647684609682D-02  0.47609697796403D-03  0.14513654286114D-02
  0.14617390901388D-01  -.79475090376100D-01  -.86939993444104D-01
  0.10691434031129D-02  0.14926219872622D-01  0.15449626553407D-02
  0.20323063431815D-01  0.61513419119646D-02  -.19583372967319D-01
  0.10746982827732D-02  -.48577966549292D-02  0.17343119811330D-02
  0.57485598554557D-02  0.14679460449181D-01  0.17377113620351D-01
  cycle =     53   ex. state energy =    -1151.9153171549 |dE/dxyz| =  0.353237
   -0.15089546117115      0.45511375037058     -0.35216754445422      ti
    0.74208234888908     -3.61484060252077      3.23259656870920      o
   -2.59950166085127     -0.73143516409304     -2.34080562472660      o
   -4.23922727195886     -1.39180001215342     -2.16067727386550      h
   -0.50364644315003      2.17332568295687      2.23177258516510      o
   -0.40132308453412      3.86632017505144      3.07499135298921      h
    2.81890896688305      0.86281870953502     -2.22082839548034      o
    3.37380802039950     -0.67445020494654     -3.20890615007765      h
    1.17018779603425     -2.63207164494083      4.70101723567766      h
  -.45546144458026D-01  0.64044259209605D-01  0.86935233032610D-01
  0.39168603887677D-02  -.59848101688911D-02  0.16636006064383D-01
  -.14699161623570D-01  -.54428368217111D-02  -.47669722610255D-02
  0.22535428623366D-01  0.63853327807342D-02  0.35604021737068D-03
  0.12027681211356D-01  -.89601676994492D-01  -.87586425779072D-01
  0.24490401195977D-02  0.33105748002700D-01  0.12982938554153D-01
  0.91590804842160D-02  0.34853043911717D-01  0.28462214442184D-03
  0.11981573253738D-01  -.33800591563524D-01  -.17904512939322D-01
  -.18243579883861D-02  -.35584685347086D-02  -.69369289101687D-02
  cycle =     54   ex. state energy =    -1151.9137917590 |dE/dxyz| =  0.379948
   -0.15269573182308      0.45325961125945     -0.35917845530759      ti
    0.74957508610996     -3.61830023646137      3.24807876553629      o
   -2.58214245694903     -0.72251724050019     -2.34910805742802      o
   -4.20450782125245     -1.40918722295604     -2.14113424421484      h
   -0.51245308087219      2.19113222702470      2.24624377801592      o
   -0.38714290789448      3.84784415005771      3.18503011555608      h
    2.81095486152816      0.85601586742470     -2.22487040912313      o
    3.30390980043737     -0.69539082811969     -3.31728317302928      h
    1.14830679641263     -2.74845619619005      4.73347486662332      h
  -.47230177332746D-01  0.52133417613502D-01  0.69901875844256D-01
  0.10975585967725D-01  0.92103898779568D-02  0.42933577474408D-01
  -.13095514697467D-01  -.46067462372626D-02  -.19633362398612D-02
  0.24584162609253D-01  0.76000286761260D-02  0.21372515465331D-03
  0.95494377350687D-02  -.84112776563359D-01  -.80163571467460D-01
  0.33160610776267D-02  0.37390177143193D-01  0.18961913499298D-01
  0.55406947604193D-02  0.48313512865499D-01  0.12755798981780D-01
  0.15061044321523D-01  -.47268494846872D-01  -.29833850648862D-01
  -.87012946352165D-02  -.18659508785547D-01  -.32806132300026D-01
  cycle =     55   ex. state energy =    -1151.9170315485 |dE/dxyz| =  0.410691
   -0.15362504674808      0.45045583662600     -0.36744883469451      ti
    0.75644280394350     -3.62225458010554      3.26115830965842      o
   -2.56411788287999     -0.71337384412094     -2.35727740879373      o
   -4.19130206332829     -1.43313930985613     -2.12183704816847      h
   -0.52175668780368      2.21349878507337      2.26506852422487      o
   -0.37589365199410      3.79686567890747      3.27822079208338      h
    2.80272110145339      0.84658333311361     -2.22959985402868      o
    3.22111021902045     -0.67510662768338     -3.39935003816751      h
    1.13406964721204     -2.84823659872042      4.79440048504428      h
  -.48278441187779D-01  0.38897401849679D-01  0.50764518021191D-01
  0.11910765415920D-01  0.10073870715401D-01  0.48995593038768D-01
  0.20325603263323D-02  0.22521302238867D-02  -.68621370729167D-03
  0.13007012930001D-01  0.28756801384795D-02  0.18328133800330D-02
  0.78625847592683D-02  -.64741139000871D-01  -.63651381859040D-01
  0.31366772280769D-02  0.28690172616409D-01  0.17289733319114D-01
  0.70164979399330D-02  0.48657239049177D-01  0.16618419882680D-01
  0.12769419442180D-01  -.47296679022532D-01  -.32744134006901D-01
  -.94570764084314D-02  -.19408676577028D-01  -.38419347045892D-01
  cycle =     56   ex. state energy =    -1151.9237079506 |dE/dxyz| =  0.443051
   -0.15366534444150      0.44695243730527     -0.37661067812718      ti
    0.76262491535485     -3.62674304735362      3.27148866390601      o
   -2.54628927583708     -0.70439684441831     -2.36537083398389      o
   -4.18948453379717     -1.45948326774882     -2.10422626762571      h
   -0.53144804115784      2.23931223899676      2.28729697860053      o
   -0.36742848877771      3.72114303381136      3.35591910135382      h
    2.79414099816683      0.83452565952734     -2.23521882484873      o
    3.12757917043002     -0.61373210561812     -3.45251915728198      h
    1.12813431798077     -2.93064860554247      4.88849571275310      h
  -.48683950571397D-01  0.25204680473854D-01  0.30664483415590D-01
  0.64353243943903D-02  -.15508888754205D-02  0.27525269083191D-01
  0.21584597426162D-01  0.11621285712832D-01  -.32934580261401D-03
  -.32288874554410D-02  -.43903536877092D-02  0.44514629069306D-02
  0.76100557376311D-02  -.33610936182223D-01  -.37151758284620D-01
  0.13966138780460D-02  0.84333546201213D-02  0.60471839119319D-02
  0.11720486783548D-01  0.36961996885277D-01  0.10394140364856D-01
  0.69801851913840D-02  -.35009501732577D-01  -.25102578338979D-01
  -.38144249963123D-02  -.76596366517715D-02  -.16498855858124D-01
  cycle =     57   ex. state energy =    -1151.9263669104 |dE/dxyz| =  0.476473
   -0.15281361224830      0.44298167729823     -0.38634882107606      ti
    0.76846369992378     -3.63115348653150      3.28032521489518      o
   -2.52961678270924     -0.69604328141472     -2.37345891035299      o
   -4.18485247218426     -1.48204555973063     -2.09046409065734      h
   -0.54157211289967      2.26701015751217      2.31159851330680      o
   -0.36016617656577      3.63795772562980      3.42847370239269      h
    2.78490442439402      0.82042129968181     -2.24141684919783      o
    3.02782287440810     -0.52177528466281     -3.48391281486603      h
    1.12551121587893     -3.00652020771880      4.99710581671211      h
  -.48429511724206D-01  0.11885992571539D-01  0.10671417567569D-01
  -.82730976621216D-04  -.13358127792843D-01  -.30223061842621D-02
  0.36411928505271D-01  0.19258592316979D-01  0.25222885439978D-03
  -.15071804422044D-01  -.10075241749946D-01  0.67348671070810D-02
  0.88697656560427D-02  0.24171258183679D-02  -.32796514296261D-02
  -.18681605465534D-02  -.17046619507959D-01  -.13002597072846D-01
  0.17883964152658D-01  0.12843580618299D-01  -.88754706336574D-02
  -.56532801738133D-03  -.10179691500699D-01  -.39410177974527D-02
  0.28518766083602D-02  0.42543890148289D-02  0.14462529950655D-01
  cycle =     58   ex. state energy =    -1151.9229628196 |dE/dxyz| =  0.512168
   -0.15106980118598      0.43877144722866     -0.39633565151351      ti
    0.77433888627903     -3.63485516653870      3.28937579220982      o
   -2.51485086558766     -0.68870065915119     -2.38160496190921      o
   -4.16707078942250     -1.49595758017292     -2.08249145137701      h
   -0.55223802911818      2.29472662423810      2.33621258714993      o
   -0.35123746138769      3.56916245033755      3.51274674799796      h
    2.77463632992495      0.80553537059737     -2.24716178832628      o
    2.92801447341823     -0.42045228989794     -3.51204600237743      h
    1.12039041977276     -3.08651052310054      5.09371482850367      h
  -.47509296359093D-01  -.20404727313357D-03  -.81769616437615D-02
  -.40644354556207D-02  -.19039163265623D-01  -.25563827170410D-01
  0.42318962056448D-01  0.22814526044309D-01  0.18173420067588D-02
  -.18344724630148D-01  -.11908776751358D-01  0.77877509160061D-02
  0.98513734360939D-02  0.26712363772586D-01  0.24821259616881D-01
  -.47509790456535D-02  -.31630909325741D-01  -.27513838438716D-01
  0.21992632694332D-01  -.17386110043310D-01  -.38595664034916D-01
  -.64500292631417D-02  0.20626846966718D-01  0.28086028774247D-01
  0.69564968255042D-02  0.10015269674681D-01  0.37337909164636D-01
  cycle =     59   ex. state energy =    -1151.9204168013 |dE/dxyz| =  0.552204
   -0.14845340303463      0.43456008286072     -0.40618420552851      ti
    0.78044384825388     -3.63751664165520      3.29983927843881      o
   -2.50238947767190     -0.68260114403920     -2.38986014192073      o
   -4.13329416234189     -1.49951568624592     -2.08129106225705      h
   -0.56345673791264      2.32100973073256      2.35949345584590      o
   -0.33816131677485      3.52783135485703      3.62107605332387      h
    2.76314983319904      0.79158601416461     -2.25079601690058      o
    2.83370715198343     -0.33697362131287     -3.56466872466843      h
    1.10920606390162     -3.17531460096703      5.15792226881586      h
  -.45944836488771D-01  -.10363871158513D-01  -.25016095141184D-01
  -.50737393329798D-02  -.19158987129674D-01  -.34958922237189D-01
  0.38567631332756D-01  0.21537685352903D-01  0.47113994341936D-02
  -.12277142701196D-01  -.91701880650425D-02  0.72022378138946D-02
  0.76192534204433D-02  0.26255239472841D-01  0.30534479886087D-01
  -.42350885979725D-02  -.22699770425032D-01  -.21428430102136D-01
  0.20332064059908D-01  -.31655323216265D-01  -.56505827291645D-01
  -.70455568180124D-02  0.35072141071345D-01  0.48499988081699D-01
  0.80574155598874D-02  0.10183073818303D-01  0.46961168879359D-01
  cycle =     60   ex. state energy =    -1151.9224753628 |dE/dxyz| =  0.599812
   -0.14500819078776      0.43055969294766     -0.41552509818866      ti
    0.78679661908350     -3.63911374109469      3.31216827515237      o
   -2.49210624348187     -0.67771369705662     -2.39833249749738      o
   -4.08899569858935     -1.49507070703250     -2.08636829817928      h
   -0.57503732385710      2.34572100632967      2.38098275135590      o
   -0.32146271505395      3.50647367870746      3.74752311525151      h
    2.75060537329938      0.77944304461382     -2.25131215440245      o
    2.74600673668655     -0.28445290175074     -3.65926142770759      h
    1.09106135262907     -3.27254178087833      5.18091533374935      h
  -.43682086686238D-01  -.18351424220628D-01  -.39434692638158D-01
  -.36388641044653D-02  -.15878607485763D-01  -.30685801503299D-01
  0.26762866300349D-01  0.15936851584994D-01  0.88039516677710D-02
  0.14774621211659D-02  -.24035722990743D-02  0.50439228048422D-02
  0.23414219629144D-02  0.11443668833580D-01  0.17239299160121D-01
  -.47767762076128D-03  -.74917803318249D-03  0.17903671688107D-02
  0.15398159693237D-01  -.16143384738593D-01  -.38615934637681D-01
  -.48606389562140D-02  0.19249438005602D-01  0.33032580721655D-01
  0.66793576762758D-02  0.68962080454032D-02  0.42826306305231D-01
  cycle =     61   ex. state energy =    -1151.9225830862 |dE/dxyz| =  0.660045
   -0.14077399893678      0.42690888281189     -0.42411231536333      ti
    0.79332788923684     -3.63983442737680      3.32613969107318      o
   -2.48332542307970     -0.67371680200950     -2.40725965977022      o
   -4.04613112503424     -1.48854751015617     -2.09582083388564      h
   -0.58670784395629      2.36972229330033      2.40145482576267      o
   -0.30440369611162      3.48583941208086      3.87199059143538      h
    2.73725789168170      0.76822608888136     -2.24970810294949      o
    2.66283059313971     -0.24886903874451     -3.78230388864196      h
    1.06716068655038     -3.37545072236978      5.16653930042515      h
  -.40533704076667D-01  -.24387610069636D-01  -.51592206409178D-01
  -.18238000183692D-03  -.11186542569380D-01  -.11880300761349D-01
  0.12073377288327D-01  0.85168846279915D-02  0.13101341073947D-01
  0.17568239161562D-01  0.58200950114331D-02  0.22022890521900D-02
  -.31124721144045D-02  -.37783990733111D-03  0.21613765355973D-02
  0.36063943186134D-02  0.17039136517800D-01  0.25200829816001D-01
  0.12245404400115D-01  0.91008476287793D-02  0.90543251544291D-05
  -.49202824696547D-02  -.66382798262687D-02  -.33067143903483D-02
  0.32554240621230D-02  0.21133087281223D-02  0.24104330061139D-01
  cycle =     62   ex. state energy =    -1151.9175646731 |dE/dxyz| =  0.738139
   -0.13577394426153      0.42368502426843     -0.43180102899216      ti
    0.79990482158786     -3.63994535383832      3.34083913650564      o
   -2.47515901080906     -0.67016532307175     -2.41695429929043      o
   -4.01833074474270     -1.48705676821142     -2.10724270119020      h
   -0.59827132770719      2.39387534122840      2.42192009218120      o
   -0.29039194928878      3.45025502269951      3.97519301054593      h
    2.72316575725072      0.75644862228991     -2.24809579106086      o
    2.58348487959974     -0.20731037616002     -3.90313864113893      h
    1.04029475363715     -3.48076172843001      5.13109502628788      h
  -.36322722981588D-01  -.28854672880414D-01  -.61955768274175D-01
  0.45373728481706D-02  -.75110527877746D-02  0.20271262352622D-01
  0.34802779059432D-02  0.40204788636116D-02  0.15746042232821D-01
  0.26816081823955D-01  0.10695166529422D-01  0.46703288393558D-03
  -.68562472448290D-02  -.31069844353101D-02  -.45248077955543D-02
  0.60755926115815D-02  0.24783412682042D-01  0.38958492965656D-01
  0.10994206911537D-01  0.24892920002376D-01  0.33146324455702D-01
  -.72766701248746D-02  -.23179456755800D-01  -.34099482122683D-01
  -.14478919199885D-02  -.17398111977361D-02  -.80090970946768D-02
  cycle =     63   ex. state energy =    -1151.9119808254 |dE/dxyz| =  0.834363
   -0.13009702971518      0.42098263345737     -0.43837179361961      ti
    0.80624766548322     -3.63964447368477      3.35445964905180      o
   -2.46716511016782     -0.66682639865538     -2.42753463057213      o
   -4.01381878661601     -1.49487588481301     -2.11909701322157      h
   -0.60948475492262      2.41825330761163      2.44267974236546      o
   -0.28163915552113      3.39300929149257      4.04470358819558      h
    2.70843869992950      0.74327896859795     -2.24829825233259      o
    2.51029666385377     -0.14547360401009     -3.99455248331616      h
    1.01462904021224     -3.58479522186848      5.10254504340642      h
  -.31068289298493D-01  -.32048127979894D-01  -.70815135770597D-01
  0.83124458893694D-02  -.76634881513952D-02  0.51938937787989D-01
  0.76878455239112D-02  0.62401929438279D-02  0.15320596007017D-01
  0.22384537176727D-01  0.84024222597670D-02  0.12264582940294D-02
  -.81952996931414D-02  0.25686359949470D-02  0.13886611011691D-03
  0.62083552947923D-02  0.23289772126935D-01  0.40240489049487D-01
  0.99133070721873D-02  0.29238257953529D-01  0.52035484716069D-01
  -.10045153851176D-01  -.28216528129163D-01  -.50382759146498D-01
  -.51977483550514D-02  -.18111376205045D-02  -.39702937783110D-01
  cycle =     64   ex. state energy =    -1151.9111729628 |dE/dxyz| =  0.943264
   -0.12386865931095      0.41887599288066     -0.44362427468201      ti
    0.81211454994082     -3.63892411993272      3.36518797365820      o
   -2.45961809331273     -0.66384030719634     -2.43892219221395      o
   -4.02881319310541     -1.50998714938386     -2.13198204712520      h
   -0.62021333907882      2.44241372839124      2.46336651813796      o
   -0.27832003540837      3.31566305823591      4.07895473867872      h
    2.69321409130214      0.72854670015788     -2.25135474674997      o
    2.44608570642462     -0.05926060239584     -4.04180628229986      h
    0.99357014059533     -3.68692457824326      5.10865763842834      h
  -.24828787632420D-01  -.34197963545526D-01  -.78230544782696D-01
  0.83543332316597D-02  -.10870085810027D-01  0.56924615198060D-01
  0.21154054639330D-01  0.13493980340203D-01  0.12481392544189D-01
  0.77762098374844D-02  0.61692723593717D-03  0.37851037110000D-02
  -.66984114493903D-02  0.14856802048680D-01  0.17345739895082D-01
  0.35606523749476D-02  0.14447728186039D-01  0.27888315948315D-01
  0.79163316395142D-02  0.25576263422630D-01  0.56886696412099D-01
  -.12003245510625D-01  -.25114218845300D-01  -.52262105770394D-01
  -.52311374950105D-02  0.11905665250125D-02  -.44819213541363D-01
  cycle =     65   ex. state energy =    -1151.9136446928 |dE/dxyz| =  1.060681
   -0.11721614855826      0.41740642836901     -0.44741724894707      ti
    0.81749407766083     -3.63761099799292      3.37274031196762      o
   -2.45326894226104     -0.66160927560424     -2.45093812214650      o
   -4.05050481486251     -1.52556083497218     -2.14809932994818      h
   -0.63052134796313      2.46563952461452      2.48299931854043      o
   -0.27811791555786      3.22611873710516      4.08875156153159      h
    2.67763054495166      0.71248423237547     -2.25751692066705      o
    2.39264483430290      0.04839485174334     -4.04331699978822      h
    0.97717068054431     -3.78958518641744      5.15376800366279      h
  -.17724860583935D-01  -.35459515173639D-01  -.84089236552154D-01
  0.53740805446654D-02  -.11892644883516D-01  0.29875697426207D-01
  0.34333585813715D-01  0.20661343078546D-01  0.90500425944717D-02
  -.74076589425982D-02  -.75219228803915D-02  0.62741381168447D-02
  -.22051413980821D-02  0.31000990706491D-01  0.46510782509096D-01
  -.20309031370747D-02  0.11079717556630D-02  0.25069734536883D-02
  0.40041470978463D-02  0.16294120951172D-01  0.46847967878903D-01
  -.12061969131835D-01  -.16273635228090D-01  -.38897674662027D-01
  -.22812811038020D-02  0.20832912303898D-02  -.18078691447474D-01
  cycle =     66   ex. state energy =    -1151.9130500948 |dE/dxyz| =  1.193629
   -0.11023285830689      0.41658530786564     -0.44967277034172      ti
    0.82258362362711     -3.63564426332510      3.37866046360418      o
   -2.44879762053870     -0.66050971891050     -2.46346135008706      o
   -4.06576545619239     -1.53459853546425     -2.16969455826978      h
   -0.64071765801179      2.48718550378687      2.50009820081092      o
   -0.27614712818301      3.13552903400560      4.09637415787803      h
    2.66181330849739      0.69551341490073     -2.26625472153603      o
    2.34965929050161      0.17031805916842     -4.01095745651288      h
    0.96274297567510     -3.89415227514231      5.21466166382602      h
  -.99145041026664D-02  -.35840254505308D-01  -.88204010342119D-01
  0.24844658252045D-02  -.88639453473341D-02  -.53092700149862D-02
  0.40585782640733D-01  0.24044093862673D-01  0.62462282807137D-02
  -.16362669182517D-01  -.12281693716188D-01  0.74915687731296D-02
  0.34884631784039D-02  0.44575801643007D-01  0.77964081045405D-01
  -.87571411822059D-02  -.10231635220334D-01  -.26220215211273D-01
  -.32676221322569D-02  0.33675136501510D-02  0.19127438001343D-01
  -.87693913853160D-02  -.37708567961855D-02  -.76038375244331D-02
  0.51261527269815D-03  -.99902410890409D-03  0.16508017700560D-01
  cycle =     67    SCF energy =    -1151.9225201180   |dE/dxyz| =  0.188557
   -0.10303166777382      0.41641667096038     -0.45032372635185      ti
    0.82756327321288     -3.63318104987802      3.38490259232349      o
   -2.44652964252665     -0.66072351868629     -2.47639220955049      o
   -4.06685684816903     -1.53298836927239     -2.19792537646559      h
   -0.65115823776548      2.50639781981329      2.51300866816729      o
   -0.26654050591662      3.05337898815786      4.12686853899200      h
    2.64609328351677      0.67826982088480     -2.27608718125139      o
    2.31408704208138      0.29615734808789     -3.97180872220411      h
    0.94779404929199     -3.99839185803569      5.26149622402217      h
  -.58482245120681D-02  -.14877107390343D-01  -.11960112610460D+00
  -.21902156835054D-03  0.34314707443624D-02  0.23015536567041D-02
  0.28433894445179D-01  0.15142556201803D-01  -.89585632546644D-03
  -.15018778482113D-01  -.10548726576643D-01  0.49629743581668D-02
  0.66887304013356D-02  0.45742043285801D-01  0.10579183694868D+00
  -.12785245398509D-01  -.10172180219860D-01  -.38137953833144D-01
  -.60128347878054D-02  -.10335961898545D-01  -.28606108555402D-01
  -.18275172578017D-02  0.80813142836079D-02  0.37785418634406D-01
  0.65889971722631D-02  -.26463408436724D-01  0.36399261213454D-01
  cycle =     68    SCF energy =    -1151.9184651810   |dE/dxyz| =  0.184296
   -0.09572514530906      0.41652068766986     -0.44878292483175      ti
    0.83255367153002     -3.63090671373498      3.39101686970851      o
   -2.44582212650248     -0.66176798554154     -2.48927063272071      o
   -4.05486979358672     -1.52219291040433     -2.23047071032209      h
   -0.66196310559356      2.52309583726931      2.52011210513091      o
   -0.24580309195985      2.98010765130062      4.19056522696218      h
    2.63070712210105      0.66159764501555     -2.28434780692412      o
    2.28011522282154      0.41492751416226     -3.96557302835569      h
    0.92711130757689     -4.07956090983925      5.27662283746164      h
  0.31762561059875D-02  -.12682595580198D-01  -.11978142851003D+00
  -.13353079930351D-02  0.68950410171472D-02  -.57919150434078D-02
  0.17432553475425D-01  0.90408518581391D-02  -.21338267041593D-02
  -.74406112662502D-02  -.65183218625525D-02  0.33543247557146D-02
  0.11473124648169D-02  0.38041346680866D-01  0.85411353051985D-01
  -.81057492910973D-02  -.16255464075275D-02  -.17087124837128D-01
  -.14952179033462D-01  -.12817374274855D-01  -.50224190707466D-01
  0.29178994899493D-02  0.95923895017090D-02  0.62015415560472D-01
  0.71598260489565D-02  -.29925790922080D-01  0.44237392428511D-01
  cycle =     69    SCF energy =    -1151.9181865990   |dE/dxyz| =  0.153914
   -0.08708718716297      0.41687688556370     -0.44475418024578      ti
    0.83856645590750     -3.62857808067345      3.39861177503534      o
   -2.44593639783486     -0.66350708267456     -2.50448135975356      o
   -4.03412371052139     -1.50366817269321     -2.27212679278356      h
   -0.67488590830671      2.54088272415998      2.52388088337270      o
   -0.21406321208835      2.89431624009823      4.28125573874480      h
    2.61321492201294      0.64245772604458     -2.29142423092249      o
    2.23714138344380      0.54793381226444     -4.01215362562326      h
    0.89626019654838     -4.15010860631223      5.25610502196847      h
  0.13596512621185D-01  -.88827309237926D-02  -.11840805077766D+00
  -.19711862138348D-02  0.72590945766744D-02  -.15561789287535D-02
  -.95148096654053D-03  -.10350510918959D-02  -.30483549279765D-02
  0.69751557005184D-02  0.10138173581294D-02  0.81207453540195D-03
  -.90876663828092D-02  0.29475048619443D-01  0.48594512065165D-01
  0.11975086197585D-02  0.73439481802221D-02  0.19749067468794D-01
  -.16508869056797D-01  -.86270548705359D-02  -.28252902966693D-01
  -.39430204374774D-03  0.41007242603290D-02  0.42304859377201D-01
  0.71443277216417D-02  -.30647796141358D-01  0.39804974149786D-01
  cycle =     70    SCF energy =    -1151.9171087260   |dE/dxyz| =  0.144530
   -0.07857539739501      0.41740092327315     -0.43849834960123      ti
    0.84477298220763     -3.62661452976463      3.40640017923432      o
   -2.44600009771945     -0.66521415594739     -2.51974140525902      o
   -4.01915615096223     -1.48576252260594     -2.31508306727644      h
   -0.68749413991679      2.55730583580594      2.52503741916790      o
   -0.18291423520445      2.80090841718673      4.35604014232184      h
    2.59637936722341      0.62351859744199     -2.29705144441959      o
    2.19389908944309      0.67926282784177     -4.09623593442218      h
    0.85874867246328     -4.19497294640128      5.20063341391139      h
  0.23597489482576D-01  -.42493070720169D-02  -.11563553498077D+00
  -.27494022647785D-02  0.21195617909023D-02  0.16993746208943D-01
  -.18020483927332D-01  -.10305181599649D-01  -.44859508184493D-02
  0.20127652688712D-01  0.76920154347559D-02  -.12645135118882D-02
  -.17554750935175D-01  0.26931855720728D-01  0.21270438576875D-01
  0.87737480879256D-02  0.98257120822250D-02  0.46452125241945D-01
  -.12160574380507D-01  -.87611020712280D-02  0.19540091935464D-01
  -.92813087997014D-02  0.29882355298303D-02  -.40395726936489D-02
  0.72676300451615D-02  -.26241789826690D-01  0.21169170037269D-01
$end
