$grad          cartesian gradients
  cycle =     67   ex. state energy =    -1151.9087195191 |dE/dxyz| =  1.360778
   -0.10303166777382      0.41641667096038     -0.45032372635185      ti
    0.82756327321288     -3.63318104987802      3.38490259232349      o
   -2.44652964252665     -0.66072351868629     -2.47639220955049      o
   -4.06685684816903     -1.53298836927239     -2.19792537646559      h
   -0.65115823776548      2.50639781981329      2.51300866816729      o
   -0.26654050591662      3.05337898815786      4.12686853899200      h
    2.64609328351677      0.67826982088480     -2.27608718125139      o
    2.31408704208138      0.29615734808789     -3.97180872220411      h
    0.94779404929199     -3.99839185803569      5.26149622402217      h
  -.17538162514970D-02  -.35283372943679D-01  -.90319174312367D-01
  0.12252640447696D-02  -.46408248350798D-02  -.30147361339381D-01
  0.37719365704229D-01  0.22372291022223D-01  0.45449100167509D-02
  -.16571379160661D-01  -.12282477121754D-01  0.71485439225133D-02
  0.53608387371563D-02  0.47407769750506D-01  0.89589826045195D-01
  -.11562519850422D-01  -.11382508879276D-01  -.36206087434601D-01
  -.14097054537980D-01  -.81723720995377D-02  -.21013327461119D-01
  -.19645153637730D-02  0.72110178568073D-02  0.36110353261591D-01
  0.16438161296164D-02  -.52295228869042D-02  0.40292318143134D-01
$end
$grad          cartesian gradients
  cycle =     68   ex. state energy =    -1151.9064811906 |dE/dxyz| =  1.529483
   -0.09572514530906      0.41652068766986     -0.44878292483175      ti
    0.83255367153002     -3.63090671373498      3.39101686970851      o
   -2.44582212650248     -0.66176798554154     -2.48927063272071      o
   -4.05486979358672     -1.52219291040433     -2.23047071032209      h
   -0.66196310559356      2.52309583726931      2.52011210513091      o
   -0.24580309195985      2.98010765130062      4.19056522696218      h
    2.63070712210105      0.66159764501555     -2.28434780692412      o
    2.28011522282154      0.41492751416226     -3.96557302835569      h
    0.92711130757689     -4.07956090983925      5.27662283746164      h
  0.61509373851365D-02  -.33652228785748D-01  -.90328696506467D-01
  0.15878276806934D-02  -.24199942817209D-02  -.40617543933024D-01
  0.27346925943097D-01  0.16539491571378D-01  0.38561516965902D-02
  -.91748337980887D-02  -.82213994433768D-02  0.56296019613484D-02
  -.72464656617184D-04  0.39840623580543D-01  0.69157718998663D-01
  -.68933989227598D-02  -.28357010684229D-02  -.15303327373641D-01
  -.22833282099629D-01  -.10600846979253D-01  -.42044179194832D-01
  0.26997320205661D-02  0.88347087460730D-02  0.60217686024393D-01
  0.11885563312244D-02  -.74846536112032D-02  0.49432588466419D-01
$end
$grad          cartesian gradients
  cycle =     69   ex. state energy =    -1151.9078512013 |dE/dxyz| =  1.735543
   -0.08708718716297      0.41687688556370     -0.44475418024578      ti
    0.83856645590750     -3.62857808067345      3.39861177503534      o
   -2.44593639783486     -0.66350708267456     -2.50448135975356      o
   -4.03412371052139     -1.50366817269321     -2.27212679278356      h
   -0.67488590830671      2.54088272415998      2.52388088337270      o
   -0.21406321208835      2.89431624009823      4.28125573874480      h
    2.61321492201294      0.64245772604458     -2.29142423092249      o
    2.23714138344380      0.54793381226444     -4.01215362562326      h
    0.89626019654838     -4.15010860631223      5.25610502196847      h
  0.14762155653375D-01  -.30786343956660D-01  -.88273255513422D-01
  0.34065874004306D-02  -.37962819755590D-02  -.39416773972600D-01
  0.10043137673704D-01  0.68837587208074D-02  0.37036050146593D-02
  0.49823923268604D-02  -.62918341539744D-03  0.32411516934851D-02
  -.10091677906971D-01  0.31291243053258D-01  0.31968283139092D-01
  0.24061075397903D-02  0.61585599482896D-02  0.21333699797953D-01
  -.24244014096157D-01  -.64401371030527D-02  -.19346955044703D-01
  -.65163082982161D-03  0.35477383351631D-02  0.40377654760285D-01
  -.61305756610860D-03  -.62293538150795D-02  0.46412590224035D-01
$end
$grad          cartesian gradients
  cycle =     70   ex. state energy =    -1151.9079345751 |dE/dxyz| =  1.936781
   -0.07857539739501      0.41740092327315     -0.43849834960123      ti
    0.84477298220763     -3.62661452976463      3.40640017923432      o
   -2.44600009771945     -0.66521415594739     -2.51974140525902      o
   -4.01915615096223     -1.48576252260594     -2.31508306727644      h
   -0.68749413991679      2.55730583580594      2.52503741916790      o
   -0.18291423520445      2.80090841718673      4.35604014232184      h
    2.59637936722341      0.62351859744199     -2.29705144441959      o
    2.19389908944309      0.67926282784177     -4.09623593442218      h
    0.85874867246328     -4.19497294640128      5.20063341391139      h
  0.22115093099664D-01  -.27232907325745D-01  -.84567270859437D-01
  0.62765392422150D-02  -.10816214942960D-01  -.23817937512760D-01
  -.55826231143700D-02  -.18828829495626D-02  0.31551861942194D-02
  0.17846062828644D-01  0.61567086648173D-02  0.13478114162633D-02
  -.18269687703040D-01  0.28607765689452D-01  0.40316357616308D-02
  0.10030060287409D-01  0.86458810114360D-02  0.47843808603833D-01
  -.19718625355775D-01  -.67789331036642D-02  0.29077418650116D-01
  -.94997744997608D-02  0.27282844918435D-02  -.60601331118016D-02
  -.31970440809390D-02  0.57229863823523D-03  0.28989481403033D-01
$end
