$energy      SCF               SCFKIN            SCFPOT
     1 -851.8294198911      790.0886116253     -1641.918031516
     2 -851.8297949523      790.2892103037     -1642.119005256
     3 -851.8298193066      790.3427602824     -1642.172579589
     4 -851.8298232092      790.3514446890     -1642.181267898
     5 -851.8298270300      790.3526911549     -1642.182518185
     6 -851.8298271310      790.3553830431     -1642.185210174
     7 -851.8298264631      790.3573244604     -1642.187150923
     8 -851.8298245516      790.3597570213     -1642.189581573
     9 -851.8298246403      790.3601254006     -1642.189950041
    10 -851.8298245663      790.3602405606     -1642.190065127
$end
