$grad          cartesian gradients
  cycle =      1    SCF energy =     -851.8294198911   |dE/dxyz| =  0.013847
   -1.02558139540074      0.15456618061450     -3.11064455021789      y
   -2.07601117766802     -1.09784414477706      0.63024974353800      h
   -3.25267523252990      3.29227293186361     -6.26421063906463      c
   -5.19425752920067      2.53199170003959     -4.54931327525335      c
   -4.61935446258785      3.57686285288699     -2.13479810101812      c
   -2.32555461577613      4.96665532327627     -2.34520342118803      c
   -1.46818549134068      4.79283377823073     -4.90166594081281      c
   -0.77133669661924     -4.82798608580944     -3.95739360275913      c
    1.74428732949298     -3.91310654802666     -4.22843626610847      c
    1.82326956705261     -2.30043750985349     -6.39506283541016      c
   -0.65817158098706     -2.23393615751111     -7.45837431380748      c
   -2.26340379093688     -3.78780787884045     -5.94336140889389      c
    1.04599648475953     -0.18619509381845      3.11037186273692      y
    2.10046196615620      1.05888876335591     -0.63242122783729      h
    3.21644370235669     -3.35020645489210      6.27736407781258      c
    5.17882243511987     -2.60403146173223      4.58003795450272      c
    4.61464866657174     -3.63845696440749      2.15868367241995      c
    2.30675996657628     -5.00808737976717      2.34715342958456      c
    1.43019897250787     -4.83203690274789      4.89696241246806      c
    0.81364898754284      4.80422844886680      3.92546819152493      c
   -1.70056435801118      3.89644332093210      4.23053178341722      c
   -1.75903437428879      2.29913737827406      6.40917190866351      c
    0.73397775583516      2.23525367457096      7.44587925564423      c
    2.32555461577613      3.77517411477905      5.90244449174681      c
   -1.45319221522975     -6.09547793752234     -2.47635400528995      h
    3.34253359987474     -4.37230489605732     -3.01085491615428      h
    3.49985141071134     -1.35576606164054     -7.14837211163951      h
   -1.22039080579595     -1.21055119079462     -9.16084653932242      h
    5.75109859343536     -3.39651287097017      0.45172013480498      h
    6.83662210177123     -1.46766997405163      5.06232799998678      h
   -3.42881736126662      1.36297725656363      7.18793220542318      h
    1.48232895760965      6.05905554500971      2.42774590278202      h
   -3.31103262112999      4.34914970380584      3.02639054366535      h
    1.31321415344329      1.22562364643052      9.15093454781021      h
   -6.84615104579631      1.38043133404481     -5.01576779368906      h
   -1.38574562187571      5.99873227431358     -0.82860881550122      h
   -3.17550864383874      2.84645271101811     -8.27834594704573      h
   -5.73865229020634      3.32681863735367     -0.41776969304679      h
    1.37054315308187     -6.02871731475453      0.82073999588388      h
    3.12623252314284     -2.90756286367598      8.29175393190378      h
   -0.26134950212331     -5.73586343237942      5.66659060769056      h
    4.33961017731442      4.12858653875383      6.20424055818273      h
    0.20727234321420      5.71185502877895     -5.68827993938075      h
   -4.27379441761305     -4.14075316251519     -6.26845515293170      h
  -.25890579645527D-04  0.40940016791779D-04  -.41229690666489D-03
  -.80933866228872D-05  0.27328151643857D-04  -.52261408994503D-04
  0.17235501914170D-03  -.58196222764462D-03  -.24596386845674D-02
  -.20800428841694D-02  -.14421096073427D-02  -.34285288263947D-03
  -.15793452882074D-02  -.21351999144592D-03  0.19318999753479D-02
  0.10668576078907D-02  0.12799757891209D-02  0.17107543633212D-02
  0.22316660560109D-02  0.10475864926356D-02  -.92340398180557D-03
  -.82666914082541D-03  -.16071924578513D-02  0.15965322002565D-02
  0.20485181243330D-02  -.57274471893187D-03  0.14072322507035D-02
  0.21556092755244D-02  0.12821726273593D-02  -.73587255001861D-03
  -.80189110227247D-03  0.12399290358776D-02  -.20021434057327D-02
  -.25112501918549D-02  -.42514206872912D-03  -.28620628389842D-03
  -.26624472671877D-04  -.10404097193106D-04  0.34197413919257D-03
  0.65560343854631D-04  -.92774100268089D-04  0.33666249606545D-04
  -.19679640269921D-03  0.59080455863292D-03  0.24730526239924D-02
  0.20455280600427D-02  0.14000864697481D-02  0.34266018510110D-03
  0.15223212349191D-02  0.24902466905008D-03  -.19453007932615D-02
  -.10976912679315D-02  -.12642022844505D-02  -.17177598148956D-02
  -.21933343375951D-02  -.10792349116233D-02  0.92465005560793D-03
  0.85425189363075D-03  0.16131510306545D-02  -.15874207935092D-02
  -.20493011235696D-02  0.58200457511681D-03  -.14079191399743D-02
  -.21647132197078D-02  -.12551953426337D-02  0.75537606204179D-03
  0.80411326468033D-03  -.12318139674843D-02  0.20068465921312D-02
  0.25308207640542D-02  0.42974686591357D-03  0.30004511541737D-03
  -.51787788028124D-03  -.12111347364236D-02  0.12614348943685D-02
  0.13710730140888D-02  -.42520923535316D-03  0.90020519878431D-03
  0.14893214182785D-02  0.75619120440318D-03  -.72437228396527D-03
  -.46077787338206D-03  0.84102528464647D-03  -.15746505981804D-02
  0.89445676488520D-03  0.19637137924960D-03  -.14774534557702D-02
  0.14479675619610D-02  0.94481906836519D-03  0.45254690462104D-03
  -.14672451214901D-02  -.77505676192047D-03  0.76291659077121D-03
  0.53689708873383D-03  0.12100650220654D-02  -.12818332821496D-02
  -.13954254544899D-02  0.40283904643790D-03  -.91396884881245D-03
  0.51221607123519D-03  -.78156108339567D-03  0.16281401399851D-02
  -.14681717153344D-02  -.96123586481367D-03  -.44969732860034D-03
  0.79754587258618D-03  0.97010572336576D-03  0.12164690449512D-02
  -.16276316772590D-04  -.27468322841528D-03  -.17912124602999D-02
  -.88268790796064D-03  -.23036645781593D-03  0.14694847624002D-02
  -.77351378099211D-03  -.97131582438648D-03  -.12202508829890D-02
  0.10862130129907D-04  0.26447372373306D-03  0.18163261109780D-02
  -.14565558953450D-02  -.82957100076442D-03  0.65348802247378D-03
  0.17469540123649D-02  0.34226507972268D-03  0.29700842418268D-03
  0.14056677829544D-02  0.84439969431616D-03  -.69625432826337D-03
  -.17042231678275D-02  -.30509004392765D-03  -.29604570347352D-03
  cycle =      2    SCF energy =     -851.8297949523   |dE/dxyz| =  0.003746
   -1.02873156186773      0.15303895743602     -3.10841554526868      y
   -2.07657671325133     -1.09851103305008      0.63359717453519      h
   -3.25372959615773      3.29499637937752     -6.25828831974527      c
   -5.19224816283273      2.53735927515958     -4.54913583134787      c
   -4.62001687024056      3.57872645465061     -2.13887298422967      c
   -2.33034384955743      4.96437260066619     -2.34651267325484      c
   -1.47412838649425      4.79143466724739     -4.89726541421475      c
   -0.77156902445301     -4.82727822185429     -3.96176608549701      c
    1.73869981259733     -3.91414212633375     -4.23002382604350      c
    1.81853609957944     -2.30446808522463     -6.39163804414939      c
   -0.65626480094314     -2.23742876907101     -7.45404540731978      c
   -2.25836205736639     -3.78901015083435     -5.94473799754017      c
    1.04932831309230     -0.18506947134490      3.10808664882121      y
    2.10063287041437      1.06025496680945     -0.63558228542433      h
    3.21763073568211     -3.35250545408172      6.27216486381790      c
    5.17705492302559     -2.60909625015301      4.58072462099776      c
    4.61593129928684     -3.64066043253206      2.16383416751999      c
    2.31216175060836     -5.00623404155432      2.34948207388823      c
    1.43648976025918     -4.83057779780711      4.89348910236973      c
    0.81359796771293      4.80327772566359      3.92873210250509      c
   -1.69517645755660      3.89716477060560      4.23104771365568      c
   -1.75463807708180      2.30322957498726      6.40488901265774      c
    0.73162989509142      2.23904189887327      7.44093382275625      c
    2.32012193946388      3.77658233089635      5.90306697683481      c
   -1.45357975410870     -6.09258575781329     -2.48485886705855      h
    3.33293285039553     -4.37284782000243     -3.01360682803315      h
    3.49215581246553     -1.36147636975836     -7.14198590512873      h
   -1.21626019535999     -1.21556319479671     -9.15295866693852      h
    5.75359172642013     -3.40151506612830      0.46218634288803      h
    6.83211645379318     -1.47664531416587      5.06372060193997      h
   -3.42165441860758      1.36909927796200      7.18069785284439      h
    1.48232122740836      6.05570168683522      2.43493982110558      h
   -3.30161872890364      4.34944959126190      3.02814770788385      h
    1.30855512270932      1.23023339319954      9.14197450098909      h
   -6.84144592287666      1.38980882762246     -5.01625323876871      h
   -1.39324159462584      5.99363272294069     -0.83182520831806      h
   -3.17496049396431      2.84983735875457     -8.26819418715239      h
   -5.74051272418243      3.33160720210461     -0.42705565036268      h
    1.37863157319242     -6.02407641522083      0.82499499076358      h
    3.12542654205808     -2.90988825685550      8.28210137210409      h
   -0.25154288116282     -5.73325233252620      5.66087572478331      h
    4.32941341892233      4.13064608550011      6.20687302370994      h
    0.19823049384297      5.70893879559106     -5.68129241732204      h
   -4.26397608330302     -4.14292332581837     -6.27209012043300      h
  -.33241196790712D-04  0.15717095180889D-04  -.35647466660427D-03
  -.45449784307094D-04  0.16335273150037D-04  -.37995658061063D-04
  -.29038523717828D-04  -.18544724713299D-03  -.76973831567573D-03
  -.61419938143192D-03  -.36106708784533D-03  -.14586022877827D-03
  -.58287303480409D-03  0.81004576086841D-05  0.50314487575864D-03
  0.29824802096634D-03  0.48146986016251D-03  0.57874059437424D-03
  0.63673162115574D-03  0.33474314040394D-03  -.40144407541054D-03
  -.25636539753560D-03  -.61407680490433D-03  0.40791118948214D-03
  0.70244264385622D-03  -.29543753452277D-03  0.40048496349865D-03
  0.64917663570974D-03  0.42085125595914D-03  -.33424800805726D-03
  -.32683969013969D-03  0.36324175260116D-03  -.62200133142198D-03
  -.65551176864176D-03  -.12965076047955D-03  -.14201221869303D-03
  -.16848193520325D-05  -.17767028762883D-04  0.29029496180266D-03
  0.94073520598092D-04  -.61808756858461D-04  0.24053458243634D-04
  0.83877227412543D-05  0.18751580117726D-03  0.77725483447288D-03
  0.56773584572323D-03  0.34396992238972D-03  0.12585775096641D-03
  0.54200078525590D-03  0.21454033642954D-04  -.50794592811659D-03
  -.34630873119568D-03  -.49644866096532D-03  -.58149130476526D-03
  -.61598104242400D-03  -.36973438128740D-03  0.42909490873555D-03
  0.28164809557651D-03  0.63037965677992D-03  -.41434594369960D-03
  -.67339601901750D-03  0.29592690950064D-03  -.41697976007171D-03
  -.65067791636020D-03  -.39698548233424D-03  0.32794592199359D-03
  0.31758557659778D-03  -.35503125229930D-03  0.66255688440542D-03
  0.69581345211045D-03  0.16325769710468D-03  0.18838943815602D-03
  -.33286288073864D-04  -.21594943374748D-03  0.13858457257276D-03
  0.20424346504910D-03  -.10602088976475D-03  0.45141872591303D-04
  0.21574602092489D-03  0.33867716584091D-04  -.15613043447882D-03
  -.28986605679515D-04  0.50718863966237D-04  -.24287759632591D-03
  0.10903283975949D-03  0.42759503989243D-05  -.20381230023814D-03
  0.21239657815775D-03  0.91705311391133D-04  0.97896402457942D-04
  -.20041771789020D-03  -.48143254548216D-04  0.17056607443799D-03
  0.48509198045152D-04  0.21567662190319D-03  -.14208545501848D-03
  -.21014201828429D-03  0.91934333394716D-04  -.61387222554110D-04
  0.54868389985918D-04  -.16281112053207D-04  0.26016822334984D-03
  -.21459519636569D-03  -.87394360829940D-04  -.99122430893051D-04
  0.94931666128950D-04  0.17920313297370D-03  0.12382093688323D-03
  -.66142059967716D-04  0.44925826121478D-04  -.24769188900109D-03
  -.11182816076882D-03  -.22066246782249D-04  0.20126645253615D-03
  -.81880000651680D-04  -.18277755846841D-03  -.11769441650245D-03
  0.65338755311839D-04  -.46127048080824D-04  0.25090489108237D-03
  -.15550696189592D-03  -.17839848772017D-03  0.89355633217325D-04
  0.21353581300154D-03  0.92009096190004D-04  0.83331973778189D-04
  0.13919731369727D-03  0.18121134349980D-03  -.11504628598225D-03
  -.21141124099389D-03  -.68008119607388D-04  -.75555742070743D-04
  cycle =      3    SCF energy =     -851.8298193066   |dE/dxyz| =  0.001015
   -1.03170625217291      0.15175805535809     -3.10578456684200      y
   -2.07757245519705     -1.09930039758189      0.63698349920823      h
   -3.25344320822930      3.29576561220386     -6.25489996636232      c
   -5.19227346625624      2.53915056656172     -4.54829998891691      c
   -4.62148062887135      3.57879684871157     -2.13877485108647      c
   -2.33276195655685      4.96274303245736     -2.34453751028859      c
   -1.47553625545584      4.79033633008530     -4.89306793767436      c
   -0.77286807910266     -4.82726864336707     -3.96121105616114      c
    1.73576529013508     -3.91444865166669     -4.22727084093780      c
    1.81713798085508     -2.30546191610426     -6.38709189089917      c
   -0.65513062034874     -2.23821396218126     -7.45078420047070      c
   -2.25715250394389     -3.78970165321974     -5.94412992830339      c
    1.05239584074059     -0.18399068631500      3.10542996452502      y
    2.10115297883466      1.06187855640486     -0.63876074579762      h
    3.21745943874252     -3.35307119007169      6.26909204571277      c
    5.17727441423082     -2.61073683166648      4.58032608782150      c
    4.61781628904545     -3.64085587448436      2.16423670192356      c
    2.31500990663195     -5.00475158829483      2.34794544399412      c
    1.43812400510656     -4.82937802222106      4.88965532910365      c
    0.81467028602302      4.80311426469545      3.92769005367116      c
   -1.69245021086117      3.89729774408417      4.22788632334532      c
   -1.75345938596097      2.30416593551154      6.39999138340675      c
    0.73028666212529      2.23987837769576      7.43734433460608      c
    2.31871658899804      3.77724961005630      5.90202083165432      c
   -1.45614800015663     -6.09118458946822     -2.48482142823610      h
    3.32795831380834     -4.37154982756870     -3.00872639128244      h
    3.49025150958099     -1.36072261275871     -7.13415858782010      h
   -1.21417182445207     -1.21486668577486     -9.14818524181998      h
    5.75669112963267     -3.40198747916990      0.46427260019456      h
    6.83132059449700     -1.47858789278683      5.06411317806516      h
   -3.42012654025050      1.36849926771980      7.17254824049522      h
    1.48450822635711      6.05411536630462      2.43433975596529      h
   -3.29694615351490      4.34820852819152      3.02309195576959      h
    1.30620572519959      1.22901410791368      9.13654981293137      h
   -6.84048405210478      1.39190278362652     -5.01613805988876      h
   -1.39614720392359      5.98973905349867     -0.82901583991311      h
   -3.17195734840785      2.84901035962494     -8.26357186355279      h
   -5.74319323004864      3.33217332044335     -0.42859592732864      h
    1.38193953090593     -6.02023867710220      0.82256629403304      h
    3.12237907662175     -2.90863814516186      8.27771173356957      h
   -0.25093378505443     -5.72999325742213      5.65507618902932      h
    4.32721828295192      4.13053639441509      6.20658538495427      h
    0.19813518185564      5.70554755099239     -5.67490798280058      h
   -4.26186185888573     -4.14325422495090     -6.27256762177662      h
  -.64482409554367D-04  -.58232131947555D-05  -.32627153436371D-03
  -.73250791004842D-04  0.89386597654784D-05  -.29270069532683D-04
  -.68395832804935D-04  0.57421244061828D-05  -.19084650234102D-03
  -.13112232744916D-03  0.37058984857730D-04  -.80657053485034D-05
  -.14896662545016D-03  0.10932239513739D-03  0.19361955277297D-04
  -.67091564339705D-04  0.14406363030339D-03  0.61297832223417D-04
  0.60991965007418D-04  0.11353740669851D-03  -.14214603529972D-03
  0.43695059932958D-04  -.22300343892123D-03  -.33443494723784D-04
  0.10695271714312D-03  -.19823160192534D-03  -.56442440135918D-04
  0.13108178312748D-03  0.44828796847973D-04  -.13377620246313D-03
  -.96915965280608D-04  0.68141969814306D-04  -.15780791009234D-03
  -.21545841381254D-04  -.91848142416140D-04  -.30004201356348D-04
  0.47357191445219D-04  -.16492928652134D-04  0.26362149797965D-03
  0.11145117686695D-03  -.39928163318659D-04  0.17556866489743D-04
  0.43994003419812D-04  -.86993140584468D-05  0.18988839122702D-03
  0.89188971033494D-04  -.40677016560853D-04  -.14263513691937D-04
  0.11343964973598D-03  -.91591551247383D-04  -.23535402760011D-04
  0.24236108873588D-04  -.16776760563086D-03  -.52444267479856D-04
  -.48689450639294D-04  -.14069496002111D-03  0.17541975941660D-03
  -.11717011525469D-04  0.23963789048942D-03  0.28859388669034D-04
  -.72555572191213D-04  0.18859765781176D-03  0.31192959986104D-04
  -.12768686841902D-03  -.27606632715838D-04  0.11858829544331D-03
  0.90285553408842D-04  -.40229466833352D-04  0.20447773193766D-03
  0.54976689526143D-04  0.13654561305287D-03  0.84480003247123D-04
  0.50674148579066D-04  0.10013960126010D-04  -.61779796549644D-04
  -.20280364530390D-04  -.26678494263410D-04  -.59130367144444D-04
  -.33916075936613D-04  -.74255186755412D-04  -.21911805581087D-04
  0.35878403255807D-04  -.52744468711730D-04  0.20952682474817D-04
  -.46454981062816D-04  -.18446248413517D-04  0.41419718193936D-04
  -.37185194448952D-04  -.53620137734356D-04  0.12939686839242D-04
  0.43259578109023D-04  0.65437375260213D-04  0.28754307468404D-04
  -.41762542291046D-04  -.10320829785471D-04  0.62837459626763D-04
  0.21143985208028D-04  0.17077531817566D-04  0.50084887190494D-04
  -.21968268045569D-04  0.72588310795041D-04  -.17953004633142D-04
  0.35508920148253D-04  0.57757569711381D-04  -.15009183679471D-04
  -.30274048869572D-04  -.21665084961597D-05  -.48237657087391D-04
  -.39880532784829D-04  0.57633834622428D-04  0.38266611602999D-04
  0.41491042559016D-04  0.11451078535618D-04  -.43082559113117D-04
  0.35949623776288D-04  -.25824184080037D-06  0.51284551139119D-04
  0.39958947150448D-04  -.55270156507525D-04  -.40740317951427D-04
  0.77349910124980D-04  -.29640343794046D-04  -.19569057139401D-04
  -.73257648046443D-04  0.24481754427486D-04  0.20163979283838D-04
  -.82593992535074D-04  0.27726761290481D-04  0.50636854604935D-05
  0.66685837110114D-04  -.10961295637157D-04  -.15609203516398D-04
  cycle =      4    SCF energy =     -851.8298232092   |dE/dxyz| =  0.000933
   -1.03564919808872      0.15032973789998     -3.10165342327460      y
   -2.07936321975301     -1.10052920113481      0.64173296258096      h
   -3.25237691859594      3.29579857132942     -6.25124406126846      c
   -5.19317457767250      2.53972685435529     -4.54685152446874      c
   -4.62398757487651      3.57814616286938     -2.13668286976373      c
   -2.33476421109750      4.96098991646619     -2.34008018340039      c
   -1.47522686026390      4.78893867702993     -4.88733364883808      c
   -0.77528608832864     -4.82731610510417     -3.95758332357232      c
    1.73315667269818     -3.91413673720029     -4.22071596970744      c
    1.81685534369932     -2.30512533261575     -6.37981579447775      c
   -0.65387844195173     -2.23802533903713     -7.44634940730732      c
   -2.25736763214578     -3.79007840170727     -5.94195088476633      c
    1.05639753164861     -0.18268690213945      3.10129264305620      y
    2.10218576669694      1.06442664403448     -0.64318007858830      h
    3.21656805288767     -3.35297751576302      6.26558201897081      c
    5.17843644781318     -2.61117875572693      4.57918961781004      c
    4.62079495205548     -3.64019719656898      2.16244480396627      c
    2.31749387285270     -5.00296380032282      2.34364032463779      c
    1.43806306403720     -4.82780672465512      4.88398802656272      c
    0.81676774944103      4.80301711364739      3.92382858829631      c
   -1.69017782253864      3.89686997658762      4.22127374868151      c
   -1.75341708377053      2.30364476800347      6.39261073223228      c
    0.72890396727868      2.23949387941096      7.43264764874970      c
    2.31877389247102      3.77740075598116      5.89945596806515      c
   -1.46068069225700     -6.09005242662313     -2.48100025385231      h
    3.32339996691294     -4.36906729993273     -2.99873575387195      h
    3.49012602228211     -1.35708927772920     -7.12256063548227      h
   -1.21174568243679     -1.21258931181571     -9.14294548899206      h
    5.76154144647143     -3.40097396057603      0.46364448201490      h
    6.83173484800525     -1.47832814621453      5.06426084933497      h
   -3.42040228914701      1.36484405239403      7.16086998238871      h
    1.48849492239597      6.05290093903062      2.43023983619159      h
   -3.29290884050069      4.34599978859574      3.01341570187079      h
    1.30362453982288      1.22586304770430      9.13069085853342      h
   -6.84065447993394      1.39174411677788     -5.01584840265279      h
   -1.39839890728754      5.98581108736551     -0.82287450624424      h
   -3.16731067797163      2.84687382384447     -8.25934610653235      h
   -5.74752885150456      3.33143215297782     -0.42759673501087      h
    1.38467115295466     -6.01612004328837      0.81647026231631      h
    3.11781863114036     -2.90639480994547      8.27361555813891      h
   -0.25388884433072     -5.72530658449180      5.64687299504364      h
    4.32750566789454      4.12921536186826      6.20486537807293      h
    0.20160547618571      5.70083938785543     -5.66646281746588      h
   -4.26211886006871     -4.14268408621867     -6.27166640215744      h
  -.12230872634333D-03  -.36640490197470D-04  -.27129236259027D-03
  -.10533887848019D-03  -.19102611861221D-05  -.12606173179108D-04
  -.67922269349818D-04  0.10060984454641D-03  -.55878322381631D-04
  -.46644020524234D-04  0.12861008562948D-03  0.41008946901400D-04
  0.95650286859872D-05  0.13137052278234D-03  -.76704267515382D-04
  -.17238662332408D-03  0.46286489753466D-04  -.15563147666997D-03
  -.90249495771744D-04  0.98416179223015D-04  -.12494920477168D-04
  0.18001075506957D-03  -.96373978472286D-04  -.15699162839145D-03
  -.77562300894840D-04  -.15491884082230D-03  -.24365580707997D-03
  0.20399641803337D-04  -.11807078325399D-03  -.39303427022297D-04
  0.16014183385593D-04  0.24017262205689D-05  -.68292211519605D-04
  0.87568157001172D-04  -.12247583356872D-03  0.17691022709876D-04
  0.12420759036491D-03  -.55309077615640D-05  0.21403104632789D-03
  0.13203498362402D-03  -.12873375275613D-04  0.75261614904676D-05
  0.38214140946291D-04  -.10615596263364D-03  0.50785086948224D-04
  0.12654134314616D-04  -.12093699661486D-03  -.58253198699454D-04
  -.46324291321120D-04  -.13538632583021D-03  0.69264986599649D-04
  0.14380673421233D-03  -.71393052284208D-04  0.17150323121928D-03
  0.90254768615239D-04  -.11115861812172D-03  0.38220113632192D-04
  -.14146683440153D-03  0.10947209958800D-03  0.15436929539092D-03
  0.10781503291213D-03  0.13632685501719D-03  0.21198860434879D-03
  -.17663598359974D-04  0.12445797788807D-03  0.28674249723082D-04
  -.12751505029662D-04  0.53896768092643D-04  0.10910749482917D-03
  -.67555764710292D-04  0.17219851417849D-03  0.30824489459569D-04
  0.21518931122788D-04  0.25113787965658D-04  -.16004241827794D-04
  -.15960607034238D-04  -.13616107801262D-05  0.20738283317279D-04
  -.22419180039535D-04  -.14347944655491D-04  0.11909146856226D-04
  0.14823552139220D-04  -.20623565523126D-05  0.34429095193467D-04
  -.27746274460227D-04  0.20831051870118D-05  0.17530160669743D-04
  -.30115884803283D-04  -.79988645529383D-05  -.29705981738903D-05
  0.24764346094219D-04  0.11612936968053D-04  -.11463980362558D-04
  -.19840660383075D-04  -.25071207956806D-04  0.16655005011135D-04
  0.17780583174698D-04  -.32079172249677D-05  -.20962702272920D-04
  -.99485309256186D-05  0.33728218475915D-05  -.34447976366536D-04
  0.30566744275262D-04  0.10810071017886D-04  0.28859325160724D-05
  -.10748774183611D-04  -.34113669908464D-04  0.11722229905864D-04
  0.44004366317185D-05  -.15162100999166D-05  0.31541047286865D-04
  0.25680354652557D-04  -.21418687157215D-06  -.20049076415951D-04
  0.11670361468097D-04  0.34566993696084D-04  -.14853983480556D-04
  -.41556216452965D-05  0.46036252749904D-05  -.32124164873970D-04
  0.30049255815179D-04  0.40756627011085D-05  -.16547317672311D-04
  -.33863396067257D-04  -.22123629141446D-05  -.64710007852131D-05
  -.29756341419773D-04  -.77020299527053D-05  0.13550261763307D-04
  0.34058807423687D-04  0.63005640861813D-05  0.64165463887766D-05
  cycle =      5    SCF energy =     -851.8298270300   |dE/dxyz| =  0.000785
   -1.03984228635709      0.14958047305762     -3.09540678780759      y
   -2.08266386990177     -1.10234463333314      0.64751485643885      h
   -3.25054551777080      3.29540326826480     -6.24614748467990      c
   -5.19385223058442      2.53985564977281     -4.54427721899043      c
   -4.62677158487373      3.57757173311896     -2.13311912871650      c
   -2.33636093596284      4.95953080177259     -2.33362660962720      c
   -1.47406879460099      4.78737041667450     -4.87989170130953      c
   -0.77814319890887     -4.82614007096366     -3.95012753333142      c
    1.73077687553658     -3.91226240879749     -4.20961248735055      c
    1.81722296447295     -2.30371721518431     -6.36889135326053      c
   -0.65196870588955     -2.23744109077487     -7.43918538819788      c
   -2.25763640373050     -3.78962163816027     -5.93700662128255      c
    1.06052425635270     -0.18192048716629      3.09508764096707      y
    2.10417074202055      1.06836890790601     -0.64842524509742      h
    3.21510569994177     -3.35259742974758      6.26026836441207      c
    5.17952792097604     -2.61118713651596      4.57660566994988      c
    4.62411856358522     -3.63931069338455      2.15876316590012      c
    2.31962471146636     -5.00111882293307      2.33679946782740      c
    1.43726312593046     -4.82599166976568      4.87609161194159      c
    0.81905329505194      4.80171217046680      3.91663393924626      c
   -1.68839827630386      3.89500084324797      4.21086691603887      c
   -1.75399774629384      2.30181833263796      6.38210838613747      c
    0.72706589352776      2.23817139904270      7.42531501936067      c
    2.31890938176930      3.77632418368695      5.89420354969552      c
   -1.46605423117402     -6.08797747102465     -2.47379341408574      h
    3.31917342450395     -4.36535670807065     -2.98477696456703      h
    3.49081996355814     -1.35277962374974     -7.10745441338947      h
   -1.20798771148475     -1.21128899055686     -9.13606264508805      h
    5.76743140780881     -3.39997325985636      0.46157605279878      h
    6.83221613539092     -1.47804102785415      5.06344771842897      h
   -3.42139539152095      1.36023798627147      7.14631282198332      h
    1.49292565298780      6.05091048479249      2.42329130605997      h
   -3.28959759029950      4.34287646474908      3.00073258565888      h
    1.30004921115356      1.22311652000558      9.12319058878803      h
   -6.84073585514176      1.39148385265360     -5.01486128154251      h
   -1.40114436029261      5.98382423740652     -0.81546594986550      h
   -3.16211359948923      2.84507349051980     -8.25387581474933      h
   -5.75279487217676      3.33105295682359     -0.42552104958367      h
    1.38795508732440     -6.01355075348344      0.80854765152672      h
    3.11299504567731     -2.90495986633107      8.26798039627091      h
   -0.25761571869535     -5.72036547816079      5.63637308566320      h
    4.32770615841711      4.12696448623172      6.20114118496826      h
    0.20590610696445      5.69598973746243     -5.65632658910586      h
   -4.26224050984100     -4.14161306353343     -6.26884158261388      h
  -.17372054670850D-03  -.55927516255494D-04  -.16486122309090D-03
  -.13953206613704D-03  -.15226904607424D-04  0.13752508789988D-04
  -.74595267489652D-04  0.11536313064919D-03  -.19392535429485D-04
  -.81426775087046D-04  0.50446592184339D-04  -.15313583409560D-04
  -.42838655645028D-06  0.76614602350311D-04  -.10460126679490D-04
  -.43275686825162D-04  0.85593781414595D-04  -.10750848316721D-03
  -.63115480887888D-04  0.12175452598484D-03  0.27335217597013D-04
  0.16018641789195D-03  -.93411040566593D-04  -.10603136312781D-03
  0.40268137793120D-04  -.10809305381221D-03  -.19006116792175D-03
  0.59348057675379D-04  -.14215210746649D-03  -.14530183138017D-04
  0.55142634449279D-04  -.10195436186855D-04  -.60057769957211D-04
  -.23453939832052D-04  -.10578673815154D-03  -.53057306619309D-05
  0.19859629655983D-03  -.36443012554344D-05  0.12139093216668D-03
  0.14894897413975D-03  0.21576649616772D-04  -.99450625756781D-05
  0.47004296330755D-04  -.11711516230872D-03  0.17045808775151D-04
  0.58404715954197D-04  -.38615644772921D-04  0.33550777486235D-05
  -.37520321517270D-04  -.10380797463938D-03  0.21681378674643D-05
  0.33775827700033D-04  -.10184661538037D-03  0.12600752152192D-03
  0.45340954629935D-04  -.12297652997617D-03  -.22159112230469D-04
  -.11576539884395D-03  0.10030133935324D-03  0.10740782473295D-03
  -.19463637439543D-04  0.90473978485051D-04  0.15956203057854D-03
  -.51872339936310D-04  0.13514746684962D-03  0.22437630182282D-04
  -.32249645947502D-04  0.82956136027601D-04  0.83372252933422D-04
  0.28441583927119D-04  0.14567096046614D-03  0.41738238683031D-04
  -.69817783678872D-05  0.22800057504213D-04  0.15827544310731D-04
  -.28976891994326D-04  0.26455604283715D-04  0.54515693428847D-04
  -.28407346484016D-05  0.43700731482854D-04  0.35334445083191D-04
  -.64878268550839D-05  0.27960043242459D-04  0.21547217969875D-04
  -.47264812801373D-05  0.17572291357792D-04  0.50256273276261D-06
  -.13492465288145D-04  0.31595578754207D-04  -.10553021453141D-04
  -.17040159265846D-05  -.39613308982389D-04  -.41434848125022D-04
  0.24149412838348D-05  -.20326720564512D-04  -.18103544961345D-04
  0.26496193309966D-04  -.24024373630471D-04  -.49234077522275D-04
  -.13808451624353D-05  -.37856201434844D-04  -.27959709666375D-04
  0.12260008114495D-04  -.31772370800986D-04  0.10678315052859D-04
  -.75577588987130D-05  -.39661911966693D-04  0.28859113916813D-04
  0.29317263164463D-04  -.37332586582228D-04  0.96440721000235D-05
  0.45407710849710D-05  -.10255623624333D-04  -.10473530545063D-05
  0.55848782827272D-05  0.43497818955546D-04  -.34492839985578D-04
  -.27795960063415D-04  0.37508470545733D-04  -.10966004330926D-04
  -.19800276922499D-04  0.37558612258681D-04  -.88830841923349D-05
  0.46907424895437D-05  -.25399065071263D-04  -.21817189723494D-04
  0.27129731972497D-04  -.37937866815829D-04  0.15531709107952D-04
  -.49873528837896D-05  0.19766691862100D-04  0.17670318095464D-04
  cycle =      6    SCF energy =     -851.8298271310   |dE/dxyz| =  0.000477
   -1.03993618646934      0.15123236257425     -3.09152056971943      y
   -2.08516713530103     -1.10344060828739      0.64897425838069      h
   -3.24913468095298      3.29487895544021     -6.24309895251094      c
   -5.19289844580115      2.53984977822298     -4.54176705120564      c
   -4.62668218906874      3.57809230561257     -2.13059358607413      c
   -2.33592020335317      4.96008896934060     -2.33055797328415      c
   -1.47313236733675      4.78722373952041     -4.87682489826824      c
   -0.77862768761226     -4.82312023227782     -3.94305309352493      c
    1.73066263092868     -3.90904859211485     -4.20172349896324      c
    1.81787715901417     -2.30192061707632     -6.36227740200450      c
   -0.65068233873326     -2.23675087761239     -7.43381229357557      c
   -2.25690965405099     -3.78799780176228     -5.93162978081792      c
    1.06050386274291     -0.18336578632161      3.09124457308874      y
    2.10579075923342      1.07077776162542     -0.64958038841857      h
    3.21400508332506     -3.35219211010530      6.25684859240779      c
    5.17897452669651     -2.61109705588527      4.57395607688309      c
    4.62451804454291     -3.63922693348651      2.15588285631114      c
    2.31961949053383     -5.00106593077431      2.33301161518264      c
    1.43664507298088     -4.82566687376612      4.87228544323846      c
    0.81888535850295      4.79867650656398      3.91016902020765      c
   -1.68892299825939      3.89190685086239      4.20394545698502      c
   -1.75484803785429      2.29956528851561      6.37606821559743      c
    0.72586047490404      2.23650721687937      7.41988905584907      c
    2.31800138600474      3.77402922498805      5.88876001985363      c
   -1.46718573709942     -6.08507036032460     -2.46710760567940      h
    3.31963772743968     -4.36303216691015     -2.97814199703748      h
    3.49195248213674     -1.35240713112101     -7.10160039540052      h
   -1.20573032065606     -1.21268124871026     -9.13228913561173      h
    5.76914508605450     -3.40049929013752      0.45945854212234      h
    6.83201248351730     -1.47881147399148      5.06158014161789      h
   -3.42258028302570      1.35927883256761      7.14114792464025      h
    1.49318503817076      6.04818653441356      2.41728654003190      h
   -3.29079986770248      4.34083444522695      2.99525716170706      h
    1.29811583950817      1.22347592057221      9.11925545839303      h
   -6.84015412022955      1.39225693762249     -5.01288200000568      h
   -1.40179518499863      5.98681541851687     -0.81347036559731      h
   -3.16090807671470      2.84529110299530     -8.25102397377105      h
   -5.75379976379218      3.33227303255691     -0.42358386401220      h
    1.38921971390818     -6.01597662938225      0.80575735868394      h
    3.11200092408742     -2.90569055479484      8.26484311120213      h
   -0.25777199208821     -5.72094899499480      5.63259074376858      h
    4.32639970625986      4.12578544541387      6.19703849634942      h
    0.20624277021862      5.69672862827655     -5.65354988574606      h
   -4.26105611648714     -4.14106513125311     -6.26500723545296      h
  -.14245826154990D-03  -.25780997031433D-04  -.70796568319764D-04
  -.13059519197067D-03  -.17376283501847D-04  0.29845337613965D-04
  -.48974946691427D-04  0.41466803912815D-04  0.55999986074085D-04
  -.16741382449226D-04  -.81241445331059D-05  -.57710397765476D-04
  -.47697477116415D-04  0.13898031334669D-05  0.13936435095729D-04
  0.70852011637257D-04  0.83826351989558D-04  0.49905464630129D-04
  -.33690948038512D-04  0.37779106559555D-04  -.24957078566423D-04
  0.38582124939790D-04  -.67578594337148D-04  -.14741086981074D-04
  0.12294945298708D-03  -.38095705414909D-04  -.15085113368674D-04
  0.24606711207298D-04  -.42048569493414D-04  -.39234006976807D-04
  0.37778769887642D-04  -.30420729264069D-04  0.17819616741743D-04
  -.16518318766146D-04  -.98599547783129D-05  -.45406756611799D-04
  0.17329883363626D-03  -.24081412409060D-04  0.45304795649903D-04
  0.13190341179969D-03  0.31700767840093D-04  -.23725407696018D-04
  0.30827086302643D-04  -.39112020125298D-04  -.54809818484713D-04
  -.35752765095154D-05  0.40142908570573D-05  0.44231248108595D-04
  0.18584420645951D-04  -.19595429132879D-04  -.20944629855357D-04
  -.85925801734277D-04  -.92401414551802D-04  -.38692030098986D-04
  0.19395366560815D-04  -.34758639582577D-04  0.21004172062078D-04
  -.47121945377926D-05  0.76026463377232D-04  0.15260666422101D-04
  -.11615411315713D-03  0.42240978859631D-04  -.80915979144836D-05
  -.15261568746983D-04  0.40738088716630D-04  0.54495879538763D-04
  -.11034088680306D-04  0.72632412800200D-04  -.10920483866972D-04
  0.16005781914075D-04  0.27917756175277D-04  0.60423499088191D-04
  -.59999169574887D-05  -.72041782255283D-05  0.96226636174812D-05
  0.35225644197112D-05  0.86703916157838D-06  0.55943801995362D-05
  0.16799366022724D-05  0.22354419381809D-04  0.83065656233394D-05
  -.25734380786346D-05  0.33655841180646D-05  -.19808438054270D-05
  0.11254400600347D-04  0.81287029427835D-05  -.53655613037051D-05
  -.14593628852033D-05  0.63648422710116D-05  -.19193022335884D-05
  -.57105691553261D-05  -.18657378251019D-04  -.14829832960084D-04
  0.15155598072081D-05  0.40783405728106D-05  -.10346424133889D-04
  -.41373353254492D-05  0.23115662761697D-06  -.37868483888648D-05
  -.49332852867234D-05  -.96078175488845D-05  0.39043566286701D-05
  0.21068569990845D-05  -.51245837555669D-05  0.16770532005328D-05
  -.85383281005491D-05  0.10645255965613D-06  0.29114413235831D-06
  0.88057432290345D-05  -.91906150054832D-05  -.55754656225204D-05
  -.88731761165306D-05  -.49535963017600D-05  0.58217805829486D-05
  0.10531704032424D-04  0.20395154827213D-05  -.11301204390080D-05
  -.82172986886897D-05  0.78047538312198D-05  0.63568801440539D-05
  -.99751780844315D-05  0.15485352387934D-04  0.79438532485376D-05
  -.27991035302932D-05  -.31395239004084D-05  0.21624867168057D-05
  0.11104697661857D-04  -.13684590837393D-04  -.17921919468478D-05
  0.60647167892114D-05  0.20752212392949D-06  -.24790614046033D-05
  cycle =      7    SCF energy =     -851.8298264631   |dE/dxyz| =  0.000362
   -1.03921839944003      0.15233003442617     -3.09092177917422      y
   -2.08532712955175     -1.10357721790026      0.64836387313728      h
   -3.24877861899639      3.29474795805356     -6.24281024273432      c
   -5.19234086543395      2.53990683518002     -4.54117937125892      c
   -4.62613494527175      3.57851092611350     -2.13023360934649      c
   -2.33557101668529      4.96067412236513     -2.33058922137566      c
   -1.47288213871611      4.78750684210590     -4.87690758060513      c
   -0.77848853488463     -4.82160757671735     -3.94108045361656      c
    1.73079044418480     -3.90763856125176     -4.20006433809017      c
    1.81802896919683     -2.30115052749872     -6.36116155941451      c
   -0.65051706336408     -2.23631253412013     -7.43267635811508      c
   -2.25663688251617     -3.78710607116357     -5.92998791591960      c
    1.05968995321288     -0.18444402171274      3.09067134116349      y
    2.10577261238660      1.07090766299299     -0.64894851883624      h
    3.21384125222439     -3.35201010844031      6.25652826129486      c
    5.17861323055071     -2.61100547677334      4.57338784875718      c
    4.62420943514755     -3.63938407045100      2.15549205470961      c
    2.31951829921122     -5.00146900974832      2.33293321510866      c
    1.43663832666495     -4.82591316158183      4.87227285705464      c
    0.81834021300673      4.79712370905478      3.90825899483483      c
   -1.68940416567187      3.89043906741652      4.20254324847025      c
   -1.75512253661040      2.29861439924170      6.37510702105171      c
    0.72568747114630      2.23579773903036      7.41864736597541      c
    2.31756570889459      3.77297043279817      5.88693599503929      c
   -1.46694126709786     -6.08344639601449     -2.46505343162232      h
    3.32013557038500     -4.36189388824782     -2.97710139839366      h
    3.49232423904576     -1.35277491314103     -7.10141501996308      h
   -1.20550703123764     -1.21301071842781     -9.13162798730398      h
    5.76883843073946     -3.40088357947636      0.45906730901431      h
    6.83170992111892     -1.47874126618526      5.06088455209955      h
   -3.42293442889499      1.35936151600943      7.14125639898024      h
    1.49241331319112      6.04661377725116      2.41530626242701      h
   -3.29169522056980      4.33954604888812      2.99450080651166      h
    1.29809284138662      1.22366837649285      9.11848494781375      h
   -6.83969960134735      1.39238054832911     -5.01211892729442      h
   -1.40157850763203      5.98825326800001     -0.81400053334694      h
   -3.16103285410566      2.84536519285385     -8.25079183688967      h
   -5.75321348457639      3.33292712322981     -0.42319320178468      h
    1.38932998479779     -6.01733323645064      0.80618679953253      h
    3.11225200902168     -2.90573697724662      8.26458189076957      h
   -0.25710536428290     -5.72215584417223      5.63292506694733      h
    4.32589085689453      4.12520660715403      6.19517069606947      h
    0.20579147480368      5.69789767109071     -5.65409099078197      h
   -4.26073226720117     -4.14047584413831     -6.26339781507478      h
  -.11338451380283D-03  -.54889200669095D-05  -.43704217808305D-04
  -.10486463187243D-03  -.10065741509191D-04  0.30595400636102D-04
  -.26416203720014D-04  0.13442874200464D-04  0.56040303070048D-04
  0.14613491234883D-04  0.23851791146612D-05  -.25267541015506D-04
  -.39419711560296D-04  -.12174019661693D-04  0.14321472187717D-04
  0.46514562189515D-04  0.44451297551262D-04  0.60403139055865D-04
  -.16495841463460D-04  0.58770475399594D-05  -.29191875408507D-04
  0.94199359130798D-05  -.47429879462157D-04  0.49866433373680D-05
  0.90888804585632D-04  -.22956952570929D-04  0.22286677609618D-04
  0.13385323902604D-04  -.15685918941521D-05  -.37776348662533D-04
  0.26743171337884D-04  -.24992737514939D-04  0.27477427419598D-04
  0.25105038336637D-04  0.13451173010992D-05  -.28566716872458D-04
  0.14171528665496D-03  -.33664090104857D-04  0.22593468379739D-04
  0.10556949867718D-03  0.21846985151064D-04  -.22399860972744D-04
  0.11645130300275D-04  -.11817891922838D-04  -.56431029921811D-04
  -.33164259171770D-04  -.11531092807715D-04  0.14276265677182D-04
  0.18236210785005D-04  0.16262639448428D-05  -.20080816177881D-04
  -.68400825642634D-04  -.52277168332893D-04  -.53005168390463D-04
  0.64622381890089D-05  -.11909587804837D-05  0.31170666335179D-04
  0.12636438887270D-04  0.51094201584334D-04  -.36962102463178D-05
  -.84492881747167D-04  0.31205582653016D-04  -.37444385977636D-04
  -.66276187808967D-05  0.10975229447929D-04  0.44969343939272D-04
  -.65890812379621D-05  0.50285138277317D-04  -.21212031903417D-04
  -.18110192259613D-04  0.82071120228733D-05  0.36179911218071D-04
  0.23601278629215D-05  -.93021429594664D-05  -.33337873155403D-05
  0.12909997423094D-04  -.55839821748727D-05  -.11702138701608D-04
  0.24107263083550D-05  0.46418258805581D-05  -.45588440067412D-05
  0.14090431377234D-05  -.14451358456569D-05  -.47726643908064D-05
  0.79292259567154D-05  0.30869331495431D-05  -.47287430549048D-06
  0.46209508561823D-05  -.12389977320781D-05  0.11818182668044D-05
  -.45533915038476D-05  -.31051120370496D-05  0.22317560621765D-06
  -.40744134948145D-05  0.83787420632753D-05  0.81076716362816D-06
  -.12034431729369D-04  0.43873917945358D-05  0.10537130509913D-04
  -.56448473311210D-05  0.78111605916753D-06  0.75266696759613D-05
  -.35775407329908D-05  0.27683790428945D-05  -.18699267851918D-05
  -.48087773860672D-05  0.92606310770904D-05  -.82978572661929D-05
  0.13844528827522D-05  0.20145990896614D-05  -.61888795928056D-05
  -.56816487954414D-05  -.22219330539641D-05  0.92535466666988D-06
  0.69783138374468D-05  -.97262105196450D-05  0.81777150041651D-05
  -.16831928337513D-05  -.23380409922280D-05  0.65626032634825D-05
  0.12837813361255D-05  0.13116917160771D-05  0.10293905733760D-04
  -.42184440931514D-05  0.73557580261285D-05  0.81478833292570D-05
  -.18960040506499D-05  0.62147780499622D-06  -.71441286584317D-05
  0.68398947021819D-05  -.74612491216541D-05  -.69920563957604D-05
  cycle =      8    SCF energy =     -851.8298245516   |dE/dxyz| =  0.000218
   -1.03815017491615      0.15420649196761     -3.09090458942136      y
   -2.08419925184288     -1.10340068216417      0.64669313438228      h
   -3.24862811493679      3.29458538470554     -6.24357582732672      c
   -5.19181810341930      2.53993531394888     -4.54131426974605      c
   -4.62551806135694      3.57931756091278     -2.13082439371346      c
   -2.33540096830698      4.96179317498387     -2.33199100942087      c
   -1.47279455614431      4.78809927531814     -4.87827715691219      c
   -0.77860635061629     -4.81912875278945     -3.93917571868908      c
    1.73057436605724     -3.90544631101246     -4.19883739860860      c
    1.81787508864088     -2.29987835770167     -6.36063258974919      c
   -0.65081583709329     -2.23540505138292     -7.43202345488610      c
   -2.25680733515415     -3.78548191617581     -5.92834954094764      c
    1.05848974694345     -0.18628430084286      3.09067063905243      y
    2.10462662272408      1.07022487577420     -0.64740546212518      h
    3.21398513076792     -3.35173007762235      6.25730255536990      c
    5.17842528549143     -2.61066881523363      4.57368055570398      c
    4.62410584085839     -3.63967699054149      2.15613956308145      c
    2.31992566754758     -5.00226882408395      2.33419236249704      c
    1.43702490177180     -4.82647686880084      4.87349927167345      c
    0.81771334590724      4.79459142526509      3.90642076064002      c
   -1.68982225692053      3.88805642698993      4.20164646836880      c
   -1.75525484363662      2.29694418408997      6.37472901613723      c
    0.72584843614407      2.23449608593374      7.41779896956476      c
    2.31733613360500      3.77117384512293      5.88503652879145      c
   -1.46691991023671     -6.08016988141236     -2.46246831586254      h
    3.32002683277924     -4.35923330788708     -2.97585808924546      h
    3.49241756993634     -1.35268531361634     -7.10180798817404      h
   -1.20589756170265     -1.21277104575479     -9.13132594862162      h
    5.76846188963302     -3.40129774889156      0.45955652019595      h
    6.83109890022177     -1.47758245829283      5.06073020956034      h
   -3.42307295065566      1.35867119626878      7.14203495892275      h
    1.49143555638012      6.04349827800075      2.41288049089216      h
   -3.29234757995678      4.33664047509471      2.99372714290476      h
    1.29875022589524      1.22308560187847      9.11785321179541      h
   -6.83887196833680      1.39169985140674     -5.01166020038710      h
   -1.40131323900023      5.98992554559952     -0.81580016175008      h
   -3.16128578476869      2.84477015219865     -8.25145177150577      h
   -5.75229355785189      3.33400729130846     -0.42358498673052      h
    1.38977100757558     -6.01871074671979      0.80776671751985      h
    3.11263885612770     -2.90506674767250      8.26524759251270      h
   -0.25602843380632     -5.72380313748461      5.63435690100173      h
    4.32578251828082      4.12342063643873      6.19246570290482      h
    0.20522336819353      5.69929113899799     -5.65590870046860      h
   -4.26107821769855     -4.13858801890403     -6.26109698336086      h
  -.63871293126905D-04  0.27467977765649D-04  -.30857852502120D-05
  -.42579544086152D-04  0.95970253130018D-05  0.22826212665583D-04
  -.66739826363182D-05  -.17554863594782D-04  0.10942874977715D-04
  0.20288058959039D-04  0.19107028915499D-04  0.40197094346439D-04
  -.58202712107658D-05  -.74931910996057D-05  0.10976641060978D-04
  -.18969505513944D-04  -.17400161389958D-04  0.19876810722685D-04
  0.26341224430126D-04  -.10565768474358D-04  -.51104823155512D-05
  0.86410296447070D-05  -.13496448600492D-04  0.64734336246985D-05
  0.15082771396280D-04  -.92355122545129D-05  0.28748827026526D-04
  0.32914568670606D-04  0.35874685338833D-04  -.13951480635654D-04
  0.23204112014064D-05  -.53197726641585D-05  -.10984816604775D-04
  0.58160234319260D-04  -.25854710391071D-04  0.13478142321777D-04
  0.84376969297750D-04  -.43395138790814D-04  -.60572210995868D-05
  0.44580731900501D-04  -.61452371385995D-05  -.15320763950499D-04
  -.49128464594261D-05  0.18259526236353D-04  -.12541996468940D-04
  -.29532538864174D-04  -.31817580182114D-04  -.46063307831190D-04
  -.42715952854877D-05  0.37892627640090D-05  -.14583272502477D-04
  -.64664982253326D-05  0.12504505409794D-04  -.17741516057157D-04
  -.38205017284909D-04  0.13805402968359D-04  0.20025210410779D-04
  0.11965226907051D-05  0.13917031470356D-04  -.82022931873205D-05
  -.19032145139875D-05  0.19539267672286D-04  -.26111258938144D-04
  -.35505145383308D-04  -.17020032496262D-04  0.62174126504999D-05
  0.34523375465056D-05  0.92233508990347D-05  0.14975380691951D-04
  -.35896772040189D-04  0.25197648844788D-04  -.14833249734281D-04
  0.98235156373860D-05  -.30394865708772D-05  -.11072316167038D-04
  0.12007551373650D-04  0.36868536534840D-06  -.14426257146205D-04
  0.58370677153974D-05  -.10589352467782D-04  -.97724435015323D-05
  0.58298381651056D-05  -.11297165602997D-06  -.20431029028600D-05
  0.68866865099437D-07  -.72889927588138D-06  0.70776379557103D-05
  0.39197875336683D-05  0.30339160854709D-05  0.11373522852409D-05
  -.46842840895067D-05  0.93669656218154D-05  0.11568157467057D-04
  -.75078679115936D-05  0.47589046321406D-05  0.88171383563207D-05
  -.11587661522761D-04  -.25892270067440D-05  0.11122452016288D-04
  -.36985954511848D-05  0.59558261562564D-05  -.60942832963429D-06
  -.44791769022723D-05  -.36916079980132D-05  -.28617488073701D-05
  0.29918697972420D-05  0.64979007774468D-05  -.96996235328106D-05
  -.26825837526889D-05  0.52382553278191D-05  -.14075471536090D-05
  0.52725596821901D-06  -.48514753081541D-06  -.67734432671607D-05
  -.21629564018744D-05  -.82157655481030D-05  0.84509345555928D-05
  0.11655966381252D-05  -.31684294905521D-05  -.13226721868875D-05
  0.11147508353293D-04  -.11442951413754D-04  0.20268806633084D-05
  -.43108962191063D-05  0.90800890115705D-05  0.18911632272411D-05
  -.10082353164131D-04  0.12432678141661D-04  -.51126746067887D-05
  0.25627582078691D-06  -.58904399236059D-05  -.15881201367307D-05
  cycle =      9    SCF energy =     -851.8298246403   |dE/dxyz| =  0.000179
   -1.03795740944926      0.15503948891258     -3.09167337605355      y
   -2.08242844581281     -1.10301203304771      0.64549340718913      h
   -3.24894724104606      3.29452166298730     -6.24501793433982      c
   -5.19198845071642      2.53987316445034     -4.54257539221001      c
   -4.62567554585815      3.57974946679867     -2.13226756471022      c
   -2.33572374222675      4.96240484602767     -2.33372567673964      c
   -1.47314976221650      4.78840064597757     -4.87996822347717      c
   -0.77930835401580     -4.81802206767496     -3.93962399245341      c
    1.72989747569743     -3.90461868160403     -4.19961023402909      c
    1.81721270207678     -2.29927715573904     -6.36152604771262      c
   -0.65158993748560     -2.23472739821226     -7.43276183783364      c
   -2.25765808664914     -3.78443770527924     -5.92874242949803      c
    1.05828636420527     -0.18714586643243      3.09140318717917      y
    2.10306790281255      1.06920862913894     -0.64641872891481      h
    3.21446145696583     -3.35152699494230      6.25891770131490      c
    5.17880720378562     -2.61023384526874      4.57527694538227      c
    4.62475879851374     -3.63976924367267      2.15786190171458      c
    2.32086303256848     -5.00275618399843      2.33602564541425      c
    1.43776786828175     -4.82677563260546      4.87522014038641      c
    0.81787075013161      4.79343509009497      3.90672919610634      c
   -1.68959875913752      3.88695675606018      4.20228757943810      c
   -1.75487765974881      2.29603656830117      6.37546538806870      c
    0.72634830705591      2.23372203290919      7.41835158116850      c
    2.31775765417688      3.77018063325632      5.88525181909260      c
   -1.46767616261573     -6.07837158810078     -2.46232329907009      h
    3.31906484431049     -4.35784971548823     -2.97601395940296      h
    3.49172997061489     -1.35193718329819     -7.10255841088058      h
   -1.20673163197387     -1.21206886979146     -9.13201317222419      h
    5.76897034854105     -3.40124302745068      0.46118281788123      h
    6.83097554455210     -1.47637444209585      5.06219944405578      h
   -3.42255342844330      1.35745794623851      7.14267856974230      h
    1.49152819330424      6.04176360411450      2.41266368903890      h
   -3.29192181317654      4.33497342664359      2.99385354846216      h
    1.29948879752199      1.22224191937092      9.11828109216743      h
   -6.83868973937658      1.39104189018671     -5.01264179421876      h
   -1.40156215149322      5.99035355450743     -0.81741708646004      h
   -3.16146053977166      2.84406372786827     -8.25273841399637      h
   -5.75227457266382      3.33447744195638     -0.42489056304727      h
    1.39078713117427     -6.01900370032448      0.80938677488523      h
    3.11283884304765     -2.90430931008031      8.26672556143883      h
   -0.25540532054661     -5.72404700875827      5.63587343035829      h
    4.32635609413794      4.12200997860999      6.19212015268740      h
    0.20503481224325      5.69929336662899     -5.65757218675311      h
   -4.26208310817165     -4.13701932995666     -6.26101453332689      h
  -.32271185017585D-04  0.44437712807266D-04  -.24139318988148D-06
  0.11413787206871D-04  0.29358388625111D-04  0.48178153990719D-05
  -.21593011585885D-04  -.22009381684729D-04  -.52034020292524D-05
  0.18383714106562D-06  0.31687692434446D-05  0.35359035067906D-04
  0.92888595482066D-05  0.90207094913808D-05  0.57681774681129D-05
  -.23399360095766D-04  -.76129837296435D-05  -.16309189924790D-04
  0.25166248682318D-04  0.74822991802392D-06  0.98923376690152D-06
  0.29029291723326D-04  -.54706441492414D-05  -.82567086834295D-05
  0.39853634579146D-05  -.75240339310056D-05  -.13786908305224D-04
  0.40929993278205D-04  0.22804479285821D-04  -.11563727708719D-04
  -.82699378753937D-05  -.68985772578856D-05  -.29501047539071D-04
  0.30169959710946D-04  -.30985247729376D-04  0.15504917893816D-04
  0.48318287838356D-04  -.46825200338496D-04  -.27637121799984D-05
  -.79076541874556D-05  -.33442989261667D-04  -.15204379367750D-05
  0.73194775085383D-05  0.18877785643134D-04  -.16103719557847D-05
  -.10876138808236D-04  -.12706290353659D-04  -.38661274423979D-04
  -.16647878714693D-04  -.14778368779389D-04  -.53956737509075D-05
  0.75989667651655D-05  0.11201539358296D-05  0.19494446681811D-04
  -.35480150561096D-04  0.42451532964449D-05  0.16193587693891D-04
  -.23585768331169D-04  0.87062187823506D-05  0.30826722339228D-05
  0.10039345801793D-04  0.12301084115762D-04  0.14422855346030D-04
  -.42974000884044D-04  -.68890523305942D-05  -.12476804203132D-05
  0.89639716700507D-05  0.14602552989684D-04  0.26094912186636D-04
  -.13680023728924D-04  0.30287836885634D-04  -.14502760436130D-04
  0.48777488629304D-05  0.61973816687377D-05  0.20782089236171D-05
  0.33609510592392D-05  0.10258372128646D-04  0.26045425021159D-05
  0.50336722767774D-05  -.36508878880070D-05  0.18144953111143D-05
  0.52929789915446D-05  0.20460851304360D-05  0.39986101088019D-05
  -.17702898658101D-05  0.42356613631500D-05  0.38879222232779D-05
  -.82823293175993D-05  0.14861823677492D-04  -.26139284459159D-07
  -.87809390914018D-06  0.11608771632865D-05  0.11709358009870D-05
  -.43754309284605D-05  -.52562014176694D-05  -.78791697921687D-06
  -.49661856711403D-05  -.11133618046499D-04  -.50260990700490D-05
  0.16398574773646D-05  0.33010329603123D-06  -.47561339622249D-05
  0.75108301205162D-05  -.12793271670919D-04  -.25852535756599D-06
  0.40396495140094D-05  -.29237395087200D-05  -.19563822064583D-05
  -.49887107222979D-07  -.74541957335583D-05  0.20011564210165D-05
  0.18053632833137D-05  -.35344292738104D-05  -.38758668612360D-05
  -.14181263887636D-05  0.36594798702438D-05  0.23667745345790D-05
  -.13630412074028D-05  0.88818438841454D-05  -.24142856318576D-05
  0.43973232628503D-05  -.66450548148467D-05  -.88678950675991D-05
  -.31675322311742D-05  -.24168000489766D-05  -.91703112037322D-05
  -.47901190081134D-05  0.36587607414873D-05  0.36005990584620D-05
  0.25953293238956D-05  0.60944506681260D-05  0.80610472132925D-05
$end
