$energy      SCF               SCFKIN            SCFPOT
     1 -1152.066175599      1148.21650     -2300.28267     0.1791541821764
     2 -1152.068317337      1148.21055     -2300.27887     0.1776736905646
     3 -1152.078953291      1148.24041     -2300.31936     0.1769512314716
     4 -1152.090723524      1148.33730     -2300.42802     0.1754917925625
     5 -1152.086128863      1148.52473     -2300.61086     0.1727247770623
     6 -1152.062935638      1148.69103     -2300.75396     0.1690433464081
     7 -1152.080674446      1148.53933     -2300.62000     0.1649775898866
     8 -1152.089582137      1148.29897     -2300.38856     0.1601886471353
     9 -1152.071865772      1148.11067     -2300.18253     0.1529347556850
    10 -1152.053868667      1147.96687     -2300.02074     0.1447734127736
    11 -1152.045478506      1147.84856     -2299.89404     0.1376469292296
    12 -1152.046345718      1147.77364     -2299.81999     0.1323358564205
    13 -1152.053594183      1147.76845     -2299.82204     0.1276887825438
    14 -1152.063463359      1147.84414     -2299.90761     0.1223944707998
    15 -1152.056046172      1148.02100     -2300.07704     0.1162971383760
    16 -1152.024033639      1148.18838     -2300.21242     0.1100709051300
    17 -1152.041138946      1147.99716     -2300.03830     0.1044909231569
    18 -1152.043788067      1147.73488     -2299.77867     0.9951746872303E-01
    19 -1152.022442754      1147.54170     -2299.56415     0.9411167631076E-01
    20 -1152.002690387      1147.42365     -2299.42634     0.8915685072107E-01
    21 -1151.992379335      1147.37633     -2299.36871     0.8525365391240E-01
    22 -1151.992209426      1147.40132     -2299.39353     0.8238229919794E-01
    23 -1152.003153460      1147.48718     -2299.49033     0.7976002618335E-01
    24 -1152.013382381      1147.65273     -2299.66611     0.7688457862611E-01
    25 -1151.987313331      1147.93371     -2299.92103     0.7363629572245E-01
    26 -1151.967011109      1148.02272     -2299.98973     0.7021822340193E-01
    27 -1151.996000433      1147.72725     -2299.72325     0.6721872109387E-01
    28 -1151.990231814      1147.50403     -2299.49427     0.6430362569274E-01
    29 -1151.968616488      1147.37600     -2299.34462     0.6054035672567E-01
    30 -1151.952261210      1147.35012     -2299.30238     0.5681898849305E-01
    31 -1151.948265597      1147.39465     -2299.34291     0.5392997149672E-01
    32 -1151.960005748      1147.47898     -2299.43899     0.5183563369202E-01
    33 -1151.980008589      1147.61758     -2299.59759     0.4978862101118E-01
    34 -1151.980235694      1147.87518     -2299.85542     0.4737762959535E-01
    35 -1151.940029602      1148.17979     -2300.11982     0.4503212333499E-01
    36 -1151.959760066      1148.05479     -2300.01455     0.4375192843384E-01
    37 -1151.981215685      1147.77155     -2299.75276     0.4328475382428E-01
    38 -1151.964408314      1147.62063     -2299.58504     0.4246963515748E-01
    39 -1151.943022714      1147.61260     -2299.55562     0.4116289319416E-01
    40 -1151.934139156      1147.67427     -2299.60841     0.4015876225700E-01
    41 -1151.942487125      1147.76034     -2299.70283     0.4033933970567E-01
    42 -1151.961796032      1147.88279     -2299.84459     0.4115543229595E-01
    43 -1151.978222774      1148.08454     -2300.06276     0.4158049432694E-01
    44 -1151.963903582      1148.39208     -2300.35598     0.4142098362924E-01
    45 -1151.929132490      1148.59550     -2300.52464     0.4147237889230E-01
    46 -1151.974253992      1148.29903     -2300.27328     0.4254356029882E-01
    47 -1151.978919761      1148.10355     -2300.08247     0.4334356829526E-01
    48 -1151.952244240      1148.03265     -2299.98490     0.4338982200846E-01
    49 -1151.931690527      1148.04997     -2299.98166     0.4239659115357E-01
    50 -1151.929934170      1148.07422     -2300.00415     0.4209225315998E-01
    51 -1151.939507490      1148.11443     -2300.05394     0.4362659402649E-01
    52 -1151.955593837      1148.18988     -2300.14547     0.4565618542581E-01
    53 -1151.975584282      1148.30297     -2300.27855     0.4663343565960E-01
    54 -1151.967459281      1148.51479     -2300.48225     0.4653597697780E-01
    55 -1151.926934453      1148.68438     -2300.61132     0.4639395393665E-01
    56 -1151.975988851      1148.33944     -2300.31543     0.4726436872586E-01
    57 -1151.981895432      1148.14560     -2300.12749     0.4781702602829E-01
    58 -1151.956100970      1147.99791     -2299.95401     0.4764694500918E-01
    59 -1151.935179237      1147.94841     -2299.88359     0.4596215156073E-01
    60 -1151.925777397      1147.92526     -2299.85104     0.4476151941688E-01
    61 -1151.928124784      1147.89623     -2299.82435     0.4590414894277E-01
    62 -1151.943991621      1147.85606     -2299.80005     0.4820265426075E-01
    63 -1151.970588861      1147.84563     -2299.81622     0.4959164117873E-01
    64 -1151.988003511      1147.96291     -2299.95092     0.4956753915704E-01
    65 -1151.940568382      1148.30065     -2300.24122     0.4881550595821E-01
    66 -1151.939714201      1148.28413     -2300.22384     0.4895888664343E-01
    67 -1151.988196251      1147.88888     -2299.87707     0.5009049869786E-01
    68 -1151.971851996      1147.71566     -2299.68751     0.5063522174608E-01
    69 -1151.943524549      1147.64691     -2299.59043     0.5003273693938E-01
    70 -1151.927395977      1147.60297     -2299.53037     0.4882308383593E-01
    71 -1151.927283230      1147.55115     -2299.47843     0.4894238410722E-01
    72 -1151.939630412      1147.51934     -2299.45897     0.5058817329640E-01
    73 -1151.961726836      1147.53631     -2299.49804     0.5215474846206E-01
    74 -1151.986709041      1147.65231     -2299.63902     0.5270359007122E-01
    75 -1151.970893018      1147.96562     -2299.93651     0.5243733806501E-01
    76 -1151.919832597      1148.24533     -2300.16516     0.5251106469848E-01
    77 -1151.988960157      1147.87783     -2299.86679     0.5401350068338E-01
    78 -1151.983028849      1147.65829     -2299.64132     0.5527168556947E-01
    79 -1151.954340904      1147.57720     -2299.53154     0.5528938584283E-01
    80 -1151.937776692      1147.53687     -2299.47465     0.5423829911165E-01
    81 -1151.933981545      1147.52278     -2299.45676     0.5403471135246E-01
    82 -1151.941072582      1147.53914     -2299.48021     0.5575142104784E-01
    83 -1151.960743631      1147.58687     -2299.54761     0.5815383503620E-01
    84 -1151.990727216      1147.69570     -2299.68643     0.5976962362692E-01
    85 -1152.000773903      1147.96318     -2299.96396     0.6029204849028E-01
    86 -1151.935797681      1148.40722     -2300.34302     0.6046834264026E-01
    87 -1151.979903921      1148.23413     -2300.21403     0.6193418175590E-01
    88 -1152.006560949      1147.96643     -2299.97299     0.6262891475713E-01
    89 -1151.965931348      1147.69385     -2299.65978     0.6221885955594E-01
    90 -1151.933518981      1147.65094     -2299.58446     0.5791623806553E-01
    91 -1151.922924656      1147.64304     -2299.56597     0.5404405884144E-01
    92 -1151.930713154      1147.65995     -2299.59067     0.5622156912192E-01
    93 -1151.946802021      1147.70523     -2299.65203     0.6041242648709E-01
    94 -1151.972577965      1147.78383     -2299.75641     0.6383047638576E-01
    95 -1152.000637686      1147.88988     -2299.89052     0.6485756541678E-01
    96 -1151.998175112      1148.17386     -2300.17204     0.6447469224545E-01
    97 -1151.925319362      1148.52849     -2300.45381     0.6396196143082E-01
    98 -1151.998941430      1148.13065     -2300.12959     0.6503331798001E-01
    99 -1152.001630469      1147.83382     -2299.83545     0.6592177084274E-01
   100 -1151.969958156      1147.72477     -2299.69473     0.6466974749250E-01
   101 -1151.946753188      1147.70743     -2299.65418     0.6019008492044E-01
   102 -1151.934056789      1147.72825     -2299.66231     0.5550305662304E-01
   103 -1151.930357223      1147.75247     -2299.68283     0.5376342457590E-01
   104 -1151.935507694      1147.76099     -2299.69650     0.5554183830724E-01
   105 -1151.947784678      1147.76291     -2299.71069     0.6014490468603E-01
   106 -1151.968765098      1147.78226     -2299.75103     0.6595560191111E-01
   107 -1151.997832887      1147.85108     -2299.84891     0.6942107242465E-01
   108 -1152.016026828      1148.05749     -2300.07351     0.7095010264812E-01
   109 -1151.837166736      1148.88773     -2300.72489     0.7207254553594E-01
   110 -1152.016679213      1148.17786     -2300.19454     0.7676272281458E-01
   111 -1151.999798593      1147.91223     -2299.91203     0.7945614593384E-01
   112 -1151.950707254      1147.88022     -2299.83092     0.6102976768359E-01
   113 -1151.921619365      1147.89853     -2299.82015     0.3523932852870E-01
   114 -1151.908644806      1147.91967     -2299.82831     0.2615169748688E-01
   115 -1151.906365348      1147.92718     -2299.83354     0.2479259552327E-01
   116 -1151.914837930      1147.91418     -2299.82902     0.2823103360476E-01
   117 -1151.936183494      1147.89355     -2299.82973     0.4245349480576E-01
   118 -1151.972282415      1147.89674     -2299.86902     0.7679872764964E-01
   119 -1152.024646579      1147.95954     -2299.98419     0.1228234382912
   120 -1152.074833614      1148.17779     -2300.25262     0.1367501120300
   121 -1151.976252181      1148.86938     -2300.84563     0.1436146896769
   122 -1152.022435262      1148.75303     -2300.77547     0.1536134175610
   123 -1152.091396599      1148.24104     -2300.33243     0.1657949823820
   124 -1152.043547434      1148.14289     -2300.18643     0.1667405954476
   125 -1152.002277874      1148.18806     -2300.19034     0.1261897384543
   126 -1151.977643404      1148.28904     -2300.26668     0.1015245757629
   127 -1151.963504584      1148.43452     -2300.39802     0.9114768483882E-01
   128 -1151.956755215      1148.61537     -2300.57212     0.9222239780910E-01
   129 -1151.958329991      1148.81402     -2300.77235     0.1052790161298
   130 -1151.971670398      1149.01761     -2300.98929     0.1343168050938
   131 -1152.000130747      1149.23720     -2301.23733     0.1840541568471
   132 -1152.034266972      1149.54434     -2301.57861     0.2089021698777
   133 -1151.963257846      1150.22435     -2302.18760     0.2098918013723
   134 -1151.891382522      1150.52173     -2302.41311     0.2109163948862
   135 -1152.024809765      1149.73849     -2301.76329     0.2123352956921
   136 -1152.005631142      1149.53781     -2301.54344     0.2072274255319
   137 -1151.976714235      1149.35464     -2301.33136     0.1611929979548
   138 -1151.962808389      1149.19004     -2301.15285     0.1259504310020
   139 -1151.963040332      1149.01186     -2300.97490     0.1094537747355
   140 -1151.972528276      1148.82396     -2300.79649     0.1073043391201
   141 -1151.988519068      1148.65002     -2300.63854     0.1185657660119
   142 -1152.014236174      1148.51043     -2300.52467     0.1455567759932
   143 -1152.054316059      1148.43358     -2300.48790     0.1861844614914
   144 -1152.096983781      1148.50817     -2300.60515     0.1880949943991
   145 -1152.034051176      1149.00927     -2301.04332     0.1754761135343
   146 -1151.972910675      1149.20110     -2301.17401     0.1642198060558
   147 -1152.078431319      1148.49546     -2300.57389     0.1558608356484
   148 -1152.031975705      1148.28909     -2300.32107     0.1429968451300
   149 -1151.980230405      1148.19928     -2300.17951     0.9661603596840E-01
   150 -1151.944647643      1148.15258     -2300.09723     0.6562196530891E-01
   151 -1151.924997406      1148.11667     -2300.04167     0.5053946190546E-01
   152 -1151.919272867      1148.07720     -2299.99648     0.4521641044534E-01
   153 -1151.925409556      1148.03850     -2299.96391     0.4854675268675E-01
   154 -1151.943995515      1148.01209     -2299.95608     0.6402098543664E-01
   155 -1151.978380431      1148.01173     -2299.99011     0.9260684865541E-01
   156 -1152.022777190      1148.08454     -2300.10732     0.9888766272381E-01
   157 -1151.993760816      1148.46518     -2300.45894     0.9373935314948E-01
   158 -1151.876669156      1148.82481     -2300.70148     0.9043391119131E-01
   159 -1152.024269238      1147.95047     -2299.97474     0.9148146588232E-01
   160 -1152.023264675      1147.88997     -2299.91324     0.9221414584077E-01
   161 -1151.980121537      1147.76385     -2299.74397     0.8932398497122E-01
   162 -1151.930220605      1147.73908     -2299.66930     0.7557459251662E-01
   163 -1151.915175537      1147.59868     -2299.51386     0.6482821278957E-01
   164 -1151.920481989      1147.40969     -2299.33017     0.6365049774875E-01
   165 -1151.927634538      1147.30815     -2299.23579     0.7132208679082E-01
   166 -1151.936034008      1147.33918     -2299.27521     0.8715153403301E-01
   167 -1151.959987309      1147.43434     -2299.39433     0.1028615482437
   168 -1152.016488727      1147.52420     -2299.54069     0.1108178373044
   169 -1152.025967416      1147.87732     -2299.90328     0.1145859592749
   170 -1151.904457207      1148.49081     -2300.39527     0.1180922576188
   171 -1152.018179102      1147.96049     -2299.97867     0.1253810216160
   172 -1152.023519754      1147.65511     -2299.67863     0.1298863977461
   173 -1151.995040017      1147.40482     -2299.39986     0.1336307394509
   174 -1151.959220701      1147.38275     -2299.34197     0.1321546135114
   175 -1151.929492871      1147.49034     -2299.41983     0.1295222524071
   176 -1151.931965813      1147.56028     -2299.49225     0.1266523081943
   177 -1151.960451570      1147.60079     -2299.56124     0.1323377879757
   178 -1151.982501444      1147.76281     -2299.74531     0.1508977499868
   179 -1152.000715266      1148.03001     -2300.03073     0.1718041648290
   180 -1152.041497526      1148.25918     -2300.30068     0.1763690081808
   181 -1152.066830311      1148.56360     -2300.63043     0.1812116065704
   182 -1151.956720459      1149.16372     -2301.12044     0.1867363352168
   183 -1152.059320603      1148.80762     -2300.86695     0.1907203883434
   184 -1152.051098385      1148.69990     -2300.75099     0.1940077883817
   185 -1152.014351668      1148.76474     -2300.77909     0.1876819155441
   186 -1151.986792587      1148.92805     -2300.91484     0.1498906007920
   187 -1151.952931475      1149.21128     -2301.16421     0.1270016323292
   188 -1151.925353759      1149.49578     -2301.42113     0.1177765326771
   189 -1151.919244997      1149.65530     -2301.57455     0.1201598644915
   190 -1151.933059376      1149.69974     -2301.63280     0.1349489204887
   191 -1151.958155097      1149.73100     -2301.68915     0.1656995280593
   192 -1151.987475846      1149.83443     -2301.82190     0.2078646058236
   193 -1152.021027135      1150.01335     -2302.03438     0.2235511247809
   194 -1151.963227360      1150.43485     -2302.39807     0.2252398799850
   195 -1152.001241622      1150.23453     -2302.23577     0.2229725200271
   196 -1152.064596659      1149.65018     -2301.71478     0.2197520973704
   197 -1152.027465968      1149.33785     -2301.36532     0.2036248114439
   198 -1151.998134659      1149.04723     -2301.04537     0.1581754138919
   199 -1151.984448885      1148.76516     -2300.74961     0.1254055317985
   200 -1151.969843650      1148.57826     -2300.54811     0.1077833538379
   201 -1151.956040185      1148.47512     -2300.43116     0.1031915714575
   202 -1151.970665254      1148.33114     -2300.30181     0.1119267293774
   203 -1152.010947338      1148.17838     -2300.18932     0.1338744261872
   204 -1152.050450213      1148.16952     -2300.21997     0.1507092419481
   205 -1152.061583830      1148.39609     -2300.45767     0.1467511936406
   206 -1151.936312536      1148.92692     -2300.86323     0.1379173692244
   207 -1152.030777671      1148.33267     -2300.36345     0.1324140543108
   208 -1152.057429243      1147.75280     -2299.81023     0.1280774167169
   209 -1151.996279230      1147.49252     -2299.48880     0.1171851865629
   210 -1151.937409123      1147.42845     -2299.36586     0.9659845702953E-01
   211 -1151.919364228      1147.32773     -2299.24709     0.8088629015791E-01
   212 -1151.924008427      1147.23826     -2299.16226     0.7645580953573E-01
   213 -1151.926673996      1147.26495     -2299.19163     0.8211307916447E-01
   214 -1151.928676482      1147.37860     -2299.30727     0.9690222683700E-01
   215 -1151.954121399      1147.43209     -2299.38621     0.1116739974060
   216 -1152.010669746      1147.39736     -2299.40803     0.1143985826974
   217 -1152.032286090      1147.57163     -2299.60392     0.1133585570349
   218 -1151.880608678      1148.19698     -2300.07759     0.1123420816196
   219 -1152.001230336      1147.61444     -2299.61567     0.1150666313755
   220 -1152.026823180      1147.35075     -2299.37757     0.1174460652142
   221 -1151.984570460      1147.20117     -2299.18574     0.1231889274927
   222 -1151.925220504      1147.37429     -2299.29951     0.1185031594417
   223 -1151.897123316      1147.46953     -2299.36666     0.1054700857080
   224 -1151.914596105      1147.36416     -2299.27875     0.1022818605297
   225 -1151.943354639      1147.26396     -2299.20731     0.1099686958081
   226 -1151.970881575      1147.32137     -2299.29225     0.1293559710818
   227 -1151.985054961      1147.59744     -2299.58249     0.1439612552354
   228 -1152.023592110      1147.88568     -2299.90927     0.1492109138868
   229 -1152.047619172      1148.24361     -2300.29123     0.1553810733201
   230 -1151.947461165      1148.77929     -2300.72675     0.1628411127113
   231 -1152.063232414      1148.32677     -2300.39000     0.1727114715928
   232 -1152.035141530      1148.23293     -2300.26807     0.1792218283380
   233 -1152.006759544      1148.15469     -2300.16145     0.1694647473011
   234 -1151.991222453      1148.15617     -2300.14739     0.1381044644880
   235 -1151.980591274      1148.32051     -2300.30110     0.1206579668457
   236 -1151.958456119      1148.68105     -2300.63950     0.1170433726223
   237 -1151.945560358      1149.03948     -2300.98504     0.1265203157055
   238 -1151.999067504      1149.13893     -2301.13799     0.1513969637525
   239 -1152.031700781      1149.34187     -2301.37357     0.1925474516305
   240 -1152.043146625      1149.73415     -2301.77730     0.2168791951105
   241 -1152.001672709      1150.28841     -2302.29009     0.2121143087701
   242 -1151.894590546      1150.67729     -2302.57188     0.2107315382557
   243 -1152.036484229      1149.87989     -2301.91637     0.2186186584993
   244 -1152.034927364      1149.72272     -2301.75765     0.2203609024663
   245 -1151.990180768      1149.79173     -2301.78191     0.1859532028503
   246 -1151.920682072      1149.96221     -2301.88290     0.1486287079223
   247 -1151.962176685      1149.61410     -2301.57628     0.1283302595764
   248 -1151.967923133      1149.31182     -2301.27975     0.1243499566871
   249 -1151.956999668      1149.04066     -2300.99766     0.1319668572759
   250 -1151.961581801      1148.77050     -2300.73208     0.1529298195140
   251 -1151.992088014      1148.50336     -2300.49545     0.1839050073742
   252 -1152.042130706      1148.34584     -2300.38798     0.1914270733428
   253 -1152.063355496      1148.51732     -2300.58067     0.1936486121000
   254 -1151.956616577      1149.09223     -2301.04885     0.1868910766207
   255 -1152.037424979      1148.77968     -2300.81711     0.1794195104441
   256 -1152.045207086      1148.38584     -2300.43105     0.1729334449550
   257 -1152.027249000      1147.90591     -2299.93316     0.1630522213140
   258 -1151.971226075      1147.61542     -2299.58665     0.1412249597823
   259 -1151.927163757      1147.37130     -2299.29846     0.1190337303594
   260 -1151.907642322      1147.14786     -2299.05550     0.1086603427447
   261 -1151.909052000      1147.00165     -2298.91070     0.1087804514580
   262 -1151.933093364      1146.97321     -2298.90630     0.1186018508446
   263 -1151.972591899      1147.11465     -2299.08724     0.1311715292163
   264 -1151.990172812      1147.50683     -2299.49700     0.1333591724221
   265 -1151.997494578      1147.92546     -2299.92296     0.1324727174968
   266 -1152.008831931      1148.14328     -2300.15211     0.1326050093091
   267 -1151.927472335      1148.23743     -2300.16490     0.1339739081048
   268 -1152.024959464      1147.37778     -2299.40274     0.1363002463296
   269 -1151.994494396      1147.05315     -2299.04764     0.1364617007455
   270 -1151.951240324      1146.90188     -2298.85312     0.1336955248611
   271 -1151.933247181      1146.91461     -2298.84786     0.1213647654556
   272 -1151.940313122      1147.07131     -2299.01162     0.1075934892780
   273 -1151.948240000      1147.39827     -2299.34651     0.1029105252108
   274 -1151.919968633      1147.86368     -2299.78365     0.1085484110670
   275 -1151.951985767      1147.95002     -2299.90200     0.1256278947759
   276 -1152.011535027      1147.75994     -2299.77147     0.1508012126169
   277 -1152.041847228      1147.70667     -2299.74851     0.1681065207957
   278 -1152.046993899      1147.91780     -2299.96479     0.1732511441880
   279 -1151.914241707      1148.56353     -2300.47777     0.1753888705624
   280 -1152.027067444      1148.19424     -2300.22131     0.1810128009937
   281 -1152.052582743      1148.05940     -2300.11198     0.1881780092622
   282 -1152.028552171      1148.29538     -2300.32393     0.1803424800674
   283 -1151.988943312      1148.74139     -2300.73033     0.1404752618601
   284 -1151.921510807      1149.19798     -2301.11949     0.1171905008308
   285 -1151.946959776      1149.10731     -2301.05427     0.1083703860286
   286 -1151.962117368      1148.90325     -2300.86537     0.1132969814917
   287 -1151.957493521      1148.81139     -2300.76888     0.1336866077998
   288 -1151.968822378      1148.85175     -2300.82057     0.1734244548421
   289 -1152.006614921      1149.03885     -2301.04547     0.2024393296480
   290 -1152.024231735      1149.52352     -2301.54775     0.2115023205824
   291 -1151.889971204      1150.37296     -2302.26293     0.2263035742981
   292 -1152.070369940      1149.88085     -2301.95122     0.2334764554657
   293 -1152.070790966      1149.78792     -2301.85871     0.2330252803143
   294 -1151.957064639      1149.97182     -2301.92888     0.1902590683964
   295 -1151.945334711      1149.66978     -2301.61511     0.1427758645125
   296 -1151.962657067      1149.17937     -2301.14203     0.1214440214734
   297 -1151.945512148      1148.87468     -2300.82020     0.1153663170230
   298 -1151.935882497      1148.72607     -2300.66196     0.1234946289920
   299 -1151.944301583      1148.68101     -2300.62531     0.1469311499427
   300 -1151.984182740      1148.64571     -2300.62990     0.1793035073471
   301 -1152.056795006      1148.62409     -2300.68088     0.1956741710069
   302 -1152.059931787      1148.95636     -2301.01629     0.1989112045739
   303 -1151.961810178      1149.41363     -2301.37544     0.1944542165675
   304 -1152.034829681      1148.88268     -2300.91751     0.1882286394221
   305 -1152.045529377      1148.30527     -2300.35080     0.1796427768319
   306 -1152.022713851      1147.78112     -2299.80383     0.1581801140398
   307 -1151.963254185      1147.57834     -2299.54160     0.1298131530264
   308 -1151.913100661      1147.52457     -2299.43767     0.1133797612502
   309 -1151.901238304      1147.42650     -2299.32773     0.1084056275639
   310 -1151.918181547      1147.29935     -2299.21753     0.1134674791076
   311 -1151.944063161      1147.25046     -2299.19452     0.1285396298549
   312 -1151.988465061      1147.29110     -2299.27957     0.1463190620588
   313 -1152.035023708      1147.49769     -2299.53271     0.1508728965150
   314 -1152.011817555      1148.01011     -2300.02193     0.1497060685450
   315 -1151.949465787      1148.41688     -2300.36634     0.1475008197636
   316 -1152.020635319      1147.93164     -2299.95228     0.1486307140665
   317 -1152.029450045      1147.42354     -2299.45299     0.1516435831494
   318 -1151.973131688      1147.17983     -2299.15296     0.1530899804628
   319 -1151.932859702      1147.06468     -2298.99754     0.1472734056957
   320 -1151.907878353      1147.05188     -2298.95976     0.1281302578824
   321 -1151.910412778      1147.07307     -2298.98348     0.1168867151601
   322 -1151.941873589      1147.13616     -2299.07803     0.1160453708590
   323 -1151.976806016      1147.36998     -2299.34679     0.1254693404411
   324 -1151.951359511      1147.91908     -2299.87044     0.1469522559895
   325 -1151.973501760      1148.19818     -2300.17168     0.1751383185423
   326 -1152.063348590      1148.08368     -2300.14703     0.1825539445699
   327 -1152.067521400      1148.29003     -2300.35756     0.1853134542827
   328 -1151.919313760      1148.94033     -2300.85964     0.1852497507308
   329 -1152.005538607      1148.56569     -2300.57122     0.1790564985855
   330 -1152.020822739      1148.30929     -2300.33012     0.1791148297767
   331 -1151.995593876      1148.27384     -2300.26943     0.1835015184770
   332 -1151.985617343      1148.44559     -2300.43120     0.1522329319655
   333 -1151.981940777      1148.81755     -2300.79949     0.1279322011267
   334 -1151.926208487      1149.42891     -2301.35512     0.1172695578594
   335 -1151.902836210      1149.70056     -2301.60339     0.1167415400044
   336 -1151.975320841      1149.35845     -2301.33377     0.1261428653838
   337 -1151.975693301      1149.21582     -2301.19151     0.1478560330319
   338 -1151.977700051      1149.16572     -2301.14342     0.1887668507216
   339 -1152.006838755      1149.20654     -2301.21338     0.1897560419541
   340 -1152.002989317      1149.54370     -2301.54669     0.1883484984810
   341 -1151.870747726      1150.15410     -2302.02485     0.2047369718788
   342 -1152.063025172      1149.45150     -2301.51453     0.2315880291620
   343 -1152.049287027      1149.37247     -2301.42176     0.2165068689319
   344 -1151.976987058      1149.59563     -2301.57261     0.1633418251995
   345 -1151.926185068      1149.58161     -2301.50779     0.1276026526634
   346 -1151.959740072      1149.05912     -2301.01886     0.1083342782140
   347 -1151.941394078      1148.70242     -2300.64382     0.1025070316491
   348 -1151.920929033      1148.42976     -2300.35068     0.1065005594530
   349 -1151.922604071      1148.25193     -2300.17454     0.1219119297999
   350 -1151.951608626      1148.17416     -2300.12577     0.1522618928163
   351 -1152.007321755      1148.216139829     -2300.223461583
$end
