$coord
    0.02182736253499      0.19743016926426     -0.00153407331184      ti
    0.72252868529169     -2.73963256791612      1.41976409609373      o
   -3.03299163115658     -0.93488036826995     -1.78870446550501      o
   -4.01273550485680     -1.90412446242294     -2.95828836664275      h
   -0.85122270380460      2.61333899802551      2.08593398877751      o
    0.04058739551236      3.34782713174731      3.48934429803845      h
    2.96857554997940      0.50473816390263     -1.65488642551928      o
    3.16613005752330     -0.54145281847874     -3.13538891280148      h
    2.83397851676716     -1.45213204659562      1.69141201991939      h
$redundant
     number_of_atoms             9
     degrees_of_freedom         21
     internal_coordinates       21
     frozen_coordinates          0
# definitions of redundant internals
   1 k  1.0000000000000 tors    4    3    1    2 val=  76.66455
        1.0000000000000 tors    4    3    1    5
        1.0000000000000 tors    4    3    1    7
   2 k  1.0000000000000 stre    3    4           val=   1.88628
   3 k  1.0000000000000 bend    1    4    3      val= 142.81199
   4 k  1.0000000000000 tors    6    5    1    2 val= 122.01759
        1.0000000000000 tors    6    5    1    3
        1.0000000000000 tors    6    5    1    7
   5 k  1.0000000000000 stre    5    6           val=   1.88277
   6 k  1.0000000000000 bend    1    6    5      val= 142.13202
   7 k  1.0000000000000 tors    8    7    1    2 val=  80.48606
        1.0000000000000 tors    8    7    1    3
        1.0000000000000 tors    8    7    1    5
   8 k  1.0000000000000 stre    7    8           val=   1.81264
   9 k  1.0000000000000 bend    1    8    7      val= 132.17151
  10 k  1.0000000000000 tors    9    2    1    3 val= 151.53638
        1.0000000000000 tors    9    2    1    5
        1.0000000000000 tors    9    2    1    7
  11 k  1.0000000000000 stre    2    9           val=   1.98563
  12 k  1.0000000000000 bend    1    9    2      val= 122.22146
  13 k  1.0000000000000 stre    1    2           val=   3.32259
  14 k  1.0000000000000 stre    1    5           val=   3.41168
  15 k  1.0000000000000 stre    1    3           val=   3.45773
  16 k  1.0000000000000 stre    1    7           val=   3.53056
  17 k  0.5313450153111 bend    5    2    1      val=   3.77944
        0.4080958881053 bend    3    2    1
        0.4188389819413 bend    3    5    1
       -0.4451799193454 bend    7    2    1
       -0.2797410674014 bend    7    5    1
       -0.3150617441754 bend    7    3    1
  18 k -0.0734632200399 bend    5    2    1      val=   1.82233
       -0.3275639988906 bend    3    2    1
        0.2957683888431 bend    3    5    1
       -0.6066460327218 bend    7    2    1
        0.6440653995849 bend    7    5    1
        0.1303318615452 bend    7    3    1
  19 k -0.4212183637696 bend    5    2    1      val=  14.60447
        0.3862520228338 bend    3    2    1
        0.2688361520012 bend    3    5    1
       -0.1954078315878 bend    7    2    1
       -0.2984126135218 bend    7    5    1
        0.6883874488270 bend    7    3    1
  20 k -0.5679033531688 bend    5    2    1      val=  10.78185
        0.3952537899540 bend    3    2    1
        0.3505965837621 bend    3    5    1
        0.2103515757425 bend    7    2    1
        0.2796622395376 bend    7    5    1
       -0.5252461373494 bend    7    3    1
  21 k -0.0168214074623 bend    5    2    1      val=   3.06374
       -0.5768945352055 bend    3    2    1
        0.6859205936697 bend    3    5    1
        0.3043036403091 bend    7    2    1
       -0.3221214445356 bend    7    5    1
       -0.0077294337230 bend    7    3    1
        21 non zero eigenvalues  of BmBt
           1           8.093782764    1    0
         1
           2           7.362356577    2    0
         2
           3           5.087396881    3    0
         3
           4           3.806508026    4    0
         4
           5           3.297006551    5    0
         5
           6           2.776459223    6    0
         6
           7           2.671093861    7    0
         7
           8           2.364004074    8    0
         8
           9           2.060276313    9    0
         9
          10           1.688846457   10    0
        10
          11           1.458537490   11    0
        11
          12           1.312198598   12    0
        12
          13           0.988016619   13    0
        13
          14           0.755158837   14    0
        14
          15           0.440945605   15    0
        15
          16           0.322849304   16    0
        16
          17           0.152600545   17    0
        17
          18           0.118954478   18    0
        18
          19           0.077914517   19    0
        19
          20           0.070814823   20    0
        20
          21           0.067535302   21    0
        21
$user-defined bonds
$end
