$energy      SCF               SCFKIN            SCFPOT
     1 -1152.077420757      1148.13938     -2300.21680     0.1708248033942
     2 -1152.077820559      1148.18874     -2300.26656     0.1713982231260
     3 -1152.081914152      1148.27098     -2300.35290     0.1715813821130
     4 -1152.086114411      1148.35306     -2300.43917     0.1710401021870
     5 -1152.084576116      1148.40554     -2300.49011     0.1695559485142
     6 -1152.078826726      1148.37641     -2300.45524     0.1673186180989
     7 -1152.080386330      1148.21815     -2300.29854     0.1647138200244
     8 -1152.083019216      1148.01305     -2300.09607     0.1619090090660
     9 -1152.078856955      1147.86239     -2299.94125     0.1587008078309
    10 -1152.073085421      1147.79823     -2299.87132     0.1551546238489
    11 -1152.070970149      1147.80296     -2299.87393     0.1514230003854
    12 -1152.072320867      1147.84567     -2299.91799     0.1474565536618
    13 -1152.072000424      1147.90075     -2299.97275     0.1430694157360
    14 -1152.064741652      1147.93637     -2300.00111     0.1382239422443
    15 -1152.055501242      1147.89036     -2299.94586     0.1332601598428
    16 -1152.055122981      1147.72703     -2299.78215     0.1285873309265
    17 -1152.053978127      1147.54680     -2299.60077     0.1241660979647
    18 -1152.045919973      1147.44403     -2299.48995     0.1196305655317
    19 -1152.037707679      1147.43331     -2299.47102     0.1150623110614
    20 -1152.034562716      1147.48729     -2299.52185     0.1106899151841
    21 -1152.034958076      1147.57793     -2299.61289     0.1065992983218
    22 -1152.033152040      1147.68240     -2299.71555     0.1027081749649
    23 -1152.025921855      1147.76141     -2299.78733     0.9899661126756E-01
    24 -1152.019736632      1147.75100     -2299.77074     0.9567800792647E-01
    25 -1152.022514522      1147.63381     -2299.65633     0.9290932540990E-01
    26 -1152.022516655      1147.51906     -2299.54158     0.9040017785784E-01
    27 -1152.015989553      1147.48625     -2299.50224     0.8779908527597E-01
    28 -1152.010639644      1147.53412     -2299.54475     0.8516611993798E-01
    29 -1152.010832318      1147.63219     -2299.64303     0.8265892892357E-01
    30 -1152.013427743      1147.75982     -2299.77324     0.8024722290495E-01
    31 -1152.012932038      1147.89688     -2299.90981     0.7774266421004E-01
    32 -1152.006852439      1148.00433     -2300.01118     0.7514719820408E-01
    33 -1152.002201269      1148.02137     -2300.02357     0.7272643542268E-01
    34 -1152.005757669      1147.94033     -2299.94609     0.7060547506409E-01
    35 -1152.004618564      1147.87296     -2299.87758     0.6858273674348E-01
    36 -1151.997188180      1147.88351     -2299.88070     0.6640955927363E-01
    37 -1151.992057361      1147.95883     -2299.95089     0.6412492439070E-01
    38 -1151.992194280      1148.07198     -2300.06417     0.6180470808551E-01
    39 -1151.993276945      1148.20917     -2300.20245     0.5941406433641E-01
    40 -1151.990602752      1148.34825     -2300.33885     0.5691270457059E-01
    41 -1151.982614147      1148.44617     -2300.42878     0.5442164479168E-01
    42 -1151.978540998      1148.43904     -2300.41758     0.5218572225681E-01
    43 -1151.981404274      1148.34053     -2300.32193     0.5024281957812E-01
    44 -1151.977459766      1148.26568     -2300.24314     0.4832941460108E-01
    45 -1151.969165137      1148.25463     -2300.22380     0.4625244252917E-01
    46 -1151.965408874      1148.28605     -2300.25146     0.4408405767299E-01
    47 -1151.966922973      1148.34104     -2300.30797     0.4190483996964E-01
    48 -1151.969004102      1148.41029     -2300.37929     0.3967836026295E-01
    49 -1151.967259748      1148.47145     -2300.43871     0.3741512263667E-01
    50 -1151.960879357      1148.48047     -2300.44135     0.3529403287294E-01
    51 -1151.961365396      1148.37464     -2300.33601     0.3352555038823E-01
    52 -1151.965613061      1148.20238     -2300.16800     0.3210433257309E-01
    53 -1151.961430817      1148.07307     -2300.03450     0.3079645259922E-01
    54 -1151.955159623      1148.00703     -2299.96219     0.2951338931829E-01
    55 -1151.954248230      1147.98430     -2299.93855     0.2828057968343E-01
    56 -1151.957391292      1147.99473     -2299.95212     0.2716215974528E-01
    57 -1151.960012041      1148.02951     -2299.98952     0.2620201365136E-01
    58 -1151.957196954      1148.06720     -2300.02440     0.2554118185285E-01
    59 -1151.950832491      1148.05340     -2300.00423     0.2535640555808E-01
    60 -1151.953940043      1147.92710     -2299.88104     0.2571630247127E-01
    61 -1151.956797238      1147.77004     -2299.72684     0.2636885544606E-01
    62 -1151.951251939      1147.67318     -2299.62443     0.2706447549654E-01
    63 -1151.946131550      1147.63908     -2299.58521     0.2772450891056E-01
    64 -1151.946900464      1147.64800     -2299.59490     0.2838042620491E-01
    65 -1151.951247837      1147.69192     -2299.64317     0.2910865800874E-01
    66 -1151.954466786      1147.76194     -2299.71641     0.2997094708072E-01
    67 -1151.951030292      1147.83523     -2299.78626     0.3098948496910E-01
    68 -1151.947117983      1147.84097     -2299.78808     0.3227470667290E-01
    69 -1151.954362381      1147.73109     -2299.68546     0.3388369116728E-01
    70 -1151.957426994      1147.61644     -2299.57386     0.3557832978187E-01
    71 -1151.952915564      1147.56556     -2299.51848     0.3723938763120E-01
    72 -1151.950661882      1147.57119     -2299.52186     0.3877088818287E-01
    73 -1151.954287329      1147.61603     -2299.57032     0.4017349461691E-01
    74 -1151.960995938      1147.69467     -2299.65567     0.4149963710467E-01
    75 -1151.964964885      1147.80316     -2299.76813     0.4279292257759E-01
    76 -1151.960582956      1147.91477     -2299.87535     0.4412823276153E-01
    77 -1151.959665382      1147.93761     -2299.89728     0.4566287548980E-01
    78 -1151.969231360      1147.84839     -2299.81762     0.4742346558485E-01
    79 -1151.970796571      1147.77465     -2299.74544     0.4916361431272E-01
    80 -1151.965791171      1147.76454     -2299.73033     0.5078280080344E-01
    81 -1151.964058632      1147.80230     -2299.76636     0.5220947994293E-01
    82 -1151.968057564      1147.87259     -2299.84065     0.5354548319218E-01
    83 -1151.974852559      1147.97372     -2299.94857     0.5482563568797E-01
    84 -1151.976883084      1148.10947     -2300.08636     0.5597390888262E-01
    85 -1151.969398206      1148.24664     -2300.21604     0.5700142307038E-01
    86 -1151.969232385      1148.27397     -2300.24321     0.5812339403600E-01
    87 -1151.978193193      1148.19038     -2300.16857     0.5933706523678E-01
    88 -1151.977154793      1148.12666     -2300.10382     0.6038998873520E-01
    89 -1151.970558538      1148.11432     -2300.08487     0.6119011148191E-01
    90 -1151.968035108      1148.13450     -2300.10253     0.6184875046626E-01
    91 -1151.972132109      1148.17450     -2300.14664     0.6252080430524E-01
    92 -1151.979283054      1148.24211     -2300.22140     0.6311678081472E-01
    93 -1151.979985608      1148.35323     -2300.33322     0.6344741825565E-01
    94 -1151.970814339      1148.46520     -2300.43602     0.6355274295292E-01
    95 -1151.972778807      1148.44539     -2300.41817     0.6376116772237E-01
    96 -1151.982945448      1148.31192     -2300.29486     0.6413853653530E-01
    97 -1151.981470831      1148.19816     -2300.17963     0.6445096117100E-01
    98 -1151.974854814      1148.12903     -2300.10388     0.6459316012318E-01
    99 -1151.973282136      1148.08763     -2300.06091     0.6466392942074E-01
   100 -1151.979265867      1148.06923     -2300.04850     0.6468023431384E-01
   101 -1151.987295235      1148.09521     -2300.08251     0.6447802919300E-01
   102 -1151.986153581      1148.18480     -2300.17096     0.6394770129285E-01
   103 -1151.975408460      1148.27157     -2300.24698     0.6331869490409E-01
   104 -1151.980643062      1148.20095     -2300.18159     0.6303263873286E-01
   105 -1151.990444615      1148.03277     -2300.02321     0.6311294585730E-01
   106 -1151.986618711      1147.89729     -2299.88391     0.6327640767152E-01
   107 -1151.978933750      1147.81210     -2299.79103     0.6339749828249E-01
   108 -1151.977729272      1147.75827     -2299.73600     0.6343335730368E-01
   109 -1151.984599983      1147.73745     -2299.72205     0.6333893978846E-01
   110 -1151.992132446      1147.77856     -2299.77069     0.6306751386962E-01
   111 -1151.987787023      1147.89586     -2299.88364     0.6263835295752E-01
   112 -1151.976498056      1147.98917     -2299.96566     0.6230023475758E-01
   113 -1151.985748207      1147.89952     -2299.88527     0.6235335059367E-01
   114 -1151.993346642      1147.74140     -2299.73475     0.6262155647913E-01
   115 -1151.986799245      1147.62792     -2299.61472     0.6284793733810E-01
   116 -1151.978549854      1147.56685     -2299.54540     0.6298476437777E-01
   117 -1151.978509515      1147.53674     -2299.51525     0.6314620713474E-01
   118 -1151.987252790      1147.54447     -2299.53173     0.6338903616503E-01
   119 -1151.996080522      1147.62409     -2299.62017     0.6364737157638E-01
   120 -1151.991815731      1147.78715     -2299.77897     0.6385836112829E-01
   121 -1151.982191751      1147.91571     -2299.89791     0.6416629582138E-01
   122 -1151.994368811      1147.85116     -2299.84553     0.6480838602465E-01
   123 -1152.001929233      1147.72750     -2299.72943     0.6562580880653E-01
   124 -1151.995326685      1147.65326     -2299.64859     0.6659405157462E-01
   125 -1151.988127566      1147.62927     -2299.61740     0.6776885348493E-01
   126 -1151.990237747      1147.63385     -2299.62409     0.6925815583256E-01
   127 -1152.001546941      1147.67788     -2299.67942     0.7103268482721E-01
   128 -1152.012599763      1147.79916     -2299.81176     0.7290124157894E-01
   129 -1152.009165656      1148.00874     -2300.01791     0.7475379471186E-01
   130 -1151.999143402      1148.17896     -2300.17810     0.7676398963354E-01
   131 -1152.013649578      1148.13274     -2300.14639     0.7917372261811E-01
   132 -1152.022932536      1148.01654     -2300.03948     0.8175779956263E-01
   133 -1152.016798273      1147.94942     -2299.96622     0.8460443933129E-01
   134 -1152.010419654      1147.92842     -2299.93884     0.8750810883647E-01
   135 -1152.014047549      1147.93214     -2299.94619     0.9033837105880E-01
   136 -1152.026434468      1147.97638     -2300.00282     0.9309710258471E-01
   137 -1152.036851434      1148.09953     -2300.13639     0.9589208644752E-01
   138 -1152.030754647      1148.30268     -2300.33344     0.9886090738870E-01
   139 -1152.022161748      1148.42891     -2300.45107     0.1022113675832
   140 -1152.041016130      1148.31506     -2300.35607     0.1060009351217
   141 -1152.050066505      1148.15417     -2300.20424     0.1097002732682
   142 -1152.043575478      1148.04825     -2300.09182     0.1132126750833
   143 -1152.037378632      1147.99240     -2300.02978     0.1162624669742
   144 -1152.041088941      1147.96193     -2300.00302     0.1196217062910
   145 -1152.053558340      1147.96861     -2300.02216     0.1235198717793
   146 -1152.065659899      1148.04640     -2300.11206     0.1273944695327
   147 -1152.063944089      1148.20353     -2300.26747     0.1307161454817
   148 -1152.051684061      1148.32776     -2300.37945     0.1334766042963
   149 -1152.065344457      1148.21897     -2300.28431     0.1361146868234
   150 -1152.077052568      1148.01909     -2300.09614     0.1383487941647
   151 -1152.068993848      1147.87619     -2299.94519     0.1402005304212
   152 -1152.058779028      1147.79059     -2299.84937     0.1419201952327
   153 -1152.058731271      1147.73541     -2299.79414     0.1440132890705
   154 -1152.067349316      1147.72712     -2299.79446     0.1464341619519
   155 -1152.077121739      1147.79523     -2299.87235     0.1485859776752
   156 -1152.076610710      1147.94679     -2300.02340     0.1499247275953
   157 -1152.060482267      1148.10307     -2300.16356     0.1505781815420
   158 -1152.066676222      1148.04173     -2300.10840     0.1512101910913
   159 -1152.080273401      1147.83738     -2299.91765     0.1518238384249
   160 -1152.071829661      1147.68442     -2299.75625     0.1521682534135
   161 -1152.059795328      1147.59074     -2299.65054     0.1522726869869
   162 -1152.057681055      1147.53819     -2299.59587     0.1523758034484
   163 -1152.064305367      1147.54385     -2299.60816     0.1524887295321
   164 -1152.073900470      1147.62561     -2299.69951     0.1522566650862
   165 -1152.075546770      1147.78929     -2299.86484     0.1513875393530
   166 -1152.058356916      1147.97617     -2300.03453     0.1499876088360
   167 -1152.061335495      1147.95110     -2300.01244     0.1485965172195
   168 -1152.077258690      1147.74914     -2299.82639     0.1474587972628
   169 -1152.069500476      1147.60056     -2299.67006     0.1460850025086
   170 -1152.056614562      1147.51810     -2299.57472     0.1443584734280
   171 -1152.052463232      1147.48916     -2299.54162     0.1425176235861
   172 -1152.057057410      1147.52308     -2299.58013     0.1406334176763
   173 -1152.066462312      1147.62875     -2299.69521     0.1383728546937
   174 -1152.070505648      1147.81125     -2299.88176     0.1354366311940
   175 -1152.052304725      1148.04059     -2300.09289     0.1319946398799
   176 -1152.047262193      1148.08364     -2300.13091     0.1287165930386
   177 -1152.064417247      1147.89901     -2299.96343     0.1260687695685
   178 -1152.057177699      1147.76078     -2299.81796     0.1235665903648
   179 -1152.041760511      1147.69349     -2299.73525     0.1208194188157
   180 -1152.033216043      1147.68915     -2299.72237     0.1181010905260
   181 -1152.033563347      1147.74596     -2299.77953     0.1155343772738
   182 -1152.041193235      1147.85928     -2299.90047     0.1128683818253
   183 -1152.048147355      1148.02971     -2300.07786     0.1098330311557
   184 -1152.033108792      1148.25934     -2300.29245     0.1065891094942
   185 -1152.016830369      1148.35890     -2300.37573     0.1037867747572
   186 -1152.036751377      1148.16174     -2300.19849     0.1019111957086
   187 -1152.035732463      1147.97842     -2300.01415     0.1005262154421
   188 -1152.020641837      1147.86407     -2299.88471     0.9885587859753E-01
   189 -1152.009443705      1147.82763     -2299.83707     0.9701294082843E-01
   190 -1152.007516100      1147.85070     -2299.85821     0.9512109660696E-01
   191 -1152.015520794      1147.91400     -2299.92952     0.9310613781825E-01
   192 -1152.027763272      1148.01639     -2300.04415     0.9080258471730E-01
   193 -1152.022015376      1148.18946     -2300.21148     0.8831311008972E-01
   194 -1151.995636426      1148.32945     -2300.32509     0.8615835857270E-01
   195 -1152.013686868      1148.13729     -2300.15098     0.8490023906396E-01
   196 -1152.022587932      1147.89392     -2299.91651     0.8418117397600E-01
   197 -1152.008170603      1147.72907     -2299.73724     0.8307842876408E-01
   198 -1151.992705169      1147.66912     -2299.66183     0.8161006937396E-01
   199 -1151.986819504      1147.67078     -2299.65760     0.7991309942610E-01
   200 -1151.993395746      1147.70158     -2299.69498     0.7797229711962E-01
   201 -1152.008063372      1147.76201     -2299.77007     0.7583429200320E-01
   202 -1152.011521135      1147.90132     -2299.91284     0.7347818694547E-01
   203 -1151.980774195      1148.10380     -2300.08457     0.7126822783850E-01
   204 -1151.984752403      1148.01535     -2300.00010     0.6987282838139E-01
   205 -1152.007190796      1147.72817     -2299.73536     0.6925085356822E-01
   206 -1151.996397562      1147.55578     -2299.55218     0.6847112271117E-01
   207 -1151.977641258      1147.50124     -2299.47888     0.6731321390860E-01
   208 -1151.968191906      1147.50715     -2299.47534     0.6589495848059E-01
   209 -1151.973055564      1147.53238     -2299.50543     0.6434956162308E-01
   210 -1151.988392895      1147.58014     -2299.56853     0.6276649978022E-01
   211 -1152.000321147      1147.70338     -2299.70370     0.6100096523156E-01
   212 -1151.978779616      1147.94247     -2299.92125     0.5926446951662E-01
   213 -1151.959824611      1148.03240     -2299.99222     0.5809528406869E-01
   214 -1151.995198933      1147.76152     -2299.75672     0.5775186487715E-01
   215 -1151.995716961      1147.62132     -2299.61703     0.5757081135108E-01
   216 -1151.975171376      1147.57194     -2299.54711     0.5699874089717E-01
   217 -1151.959573239      1147.59255     -2299.55212     0.5611200975314E-01
   218 -1151.959406881      1147.61862     -2299.57803     0.5524984842736E-01
   219 -1151.972185445      1147.65262     -2299.62481     0.5461977451861E-01
   220 -1151.989935280      1147.74164     -2299.73157     0.5394254133103E-01
   221 -1151.991260112      1147.95413     -2299.94539     0.5307725857036E-01
   222 -1151.953326136      1148.24822     -2300.20154     0.5229031011916E-01
   223 -1151.974719845      1148.16793     -2300.14265     0.5220889142299E-01
   224 -1151.995976467      1147.96431     -2299.96029     0.5251712651960E-01
   225 -1151.975520827      1147.88426     -2299.85978     0.5248718320375E-01
   226 -1151.953816737      1147.89373     -2299.84755     0.5177616634155E-01
   227 -1151.947899682      1147.90238     -2299.85028     0.5116892812809E-01
   228 -1151.956480825      1147.90889     -2299.86537     0.5158753129224E-01
   229 -1151.973340008      1147.94136     -2299.91470     0.5221567849847E-01
   230 -1151.993743749      1148.06635     -2300.06009     0.5244909016696E-01
   231 -1151.976828325      1148.34059     -2300.31742     0.5222071577283E-01
   232 -1151.942693924      1148.54605     -2300.48874     0.5220411885791E-01
   233 -1151.992779520      1148.25761     -2300.25039     0.5296802848743E-01
   234 -1151.990117870      1148.05848     -2300.04860     0.5359374920190E-01
   235 -1151.966369314      1147.97550     -2299.94187     0.5347739449774E-01
   236 -1151.952666380      1147.92526     -2299.87792     0.5286423090813E-01
   237 -1151.952737013      1147.88826     -2299.84100     0.5319726784662E-01
   238 -1151.965084011      1147.87838     -2299.84347     0.5456466428628E-01
   239 -1151.987477179      1147.91589     -2299.90337     0.5570598775448E-01
   240 -1152.003771346      1148.06629     -2300.07006     0.5616910439366E-01
   241 -1151.967827786      1148.38658     -2300.35441     0.5620524099634E-01
   242 -1151.964258385      1148.40793     -2300.37218     0.5670083844776E-01
   243 -1152.006105384      1148.05900     -2300.06511     0.5770098040542E-01
   244 -1151.994737975      1147.87410     -2299.86883     0.5824281282694E-01
   245 -1151.971843711      1147.76312     -2299.73496     0.5812899495077E-01
   246 -1151.958633913      1147.69942     -2299.65805     0.5771637265525E-01
   247 -1151.958950302      1147.66544     -2299.62439     0.5834552541980E-01
   248 -1151.972804705      1147.66389     -2299.63670     0.5995322009703E-01
   249 -1151.996854366      1147.71621     -2299.71307     0.6131362007423E-01
   250 -1152.012321816      1147.88896     -2299.90128     0.6193048110560E-01
   251 -1151.971835769      1148.22812     -2300.19996     0.6203870375390E-01
   252 -1151.973475512      1148.21362     -2300.18710     0.6266459817872E-01
   253 -1152.014745560      1147.84441     -2299.85916     0.6381936616424E-01
   254 -1152.000189845      1147.65040     -2299.65059     0.6450329027527E-01
   255 -1151.975826728      1147.55757     -2299.53339     0.6434505115186E-01
   256 -1151.962841351      1147.52020     -2299.48304     0.6379155615814E-01
   257 -1151.963907051      1147.51636     -2299.48027     0.6454711221263E-01
   258 -1151.977289770      1147.54524     -2299.52252     0.6659562885214E-01
   259 -1152.000563659      1147.62058     -2299.62115     0.6838420261372E-01
   260 -1152.019670598      1147.79381     -2299.81348     0.6913677151714E-01
   261 -1151.986914428      1148.13327     -2300.12018     0.6907748506450E-01
   262 -1151.970321117      1148.21565     -2300.18597     0.6939323815831E-01
   263 -1152.021059751      1147.83765     -2299.85871     0.7056717906925E-01
   264 -1152.015311896      1147.68228     -2299.69759     0.7111500982032E-01
   265 -1151.990108196      1147.58605     -2299.57616     0.7089791460003E-01
   266 -1151.971878986      1147.56426     -2299.53614     0.6947664537450E-01
   267 -1151.966040779      1147.57736     -2299.54340     0.6875973460884E-01
   268 -1151.971858820      1147.60757     -2299.57943     0.7032137959110E-01
   269 -1151.988448707      1147.65008     -2299.63853     0.7274248900912E-01
   270 -1152.014312595      1147.73771     -2299.75202     0.7432611139811E-01
   271 -1152.025159658      1147.94562     -2299.97078     0.7452964590182E-01
   272 -1151.973266497      1148.31207     -2300.28534     0.7408273553337E-01
   273 -1151.995357032      1148.20894     -2300.20430     0.7461493917045E-01
   274 -1152.027945335      1147.89678     -2299.92473     0.7558563069689E-01
   275 -1152.004186893      1147.72749     -2299.73167     0.7570192735620E-01
   276 -1151.978409967      1147.68691     -2299.66532     0.7382308424338E-01
   277 -1151.966120032      1147.67951     -2299.64563     0.7154673957435E-01
   278 -1151.966734769      1147.68062     -2299.64735     0.7175749036318E-01
   279 -1151.977859217      1147.69170     -2299.66956     0.7408451057533E-01
   280 -1151.999919043      1147.73141     -2299.73133     0.7639967848100E-01
   281 -1152.024430071      1147.83425     -2299.85868     0.7719406443579E-01
   282 -1152.019794102      1148.11521     -2300.13500     0.7677644855897E-01
   283 -1151.960869414      1148.44711     -2300.40798     0.7621104741466E-01
   284 -1152.019018135      1148.14213     -2300.16115     0.7698977763718E-01
   285 -1152.026391061      1147.86282     -2299.88921     0.7756887616210E-01
   286 -1151.998152028      1147.74173     -2299.73988     0.7644076037907E-01
   287 -1151.976484565      1147.69206     -2299.66855     0.7345912156065E-01
   288 -1151.967381580      1147.66945     -2299.63683     0.7104938563424E-01
   289 -1151.969692956      1147.66511     -2299.63480     0.7153997552148E-01
   290 -1151.981876525      1147.68210     -2299.66398     0.7409665524539E-01
   291 -1152.005394061      1147.73594     -2299.74134     0.7668283750143E-01
   292 -1152.030226092      1147.87016     -2299.90038     0.7760981295135E-01
   293 -1152.013049031      1148.19010     -2300.20315     0.7712709288388E-01
   294 -1151.961294517      1148.45125     -2300.41255     0.7666734576376E-01
   295 -1152.028112667      1148.05599     -2300.08411     0.7748600748545E-01
   296 -1152.023135613      1147.79545     -2299.81859     0.7750258805375E-01
   297 -1151.993275014      1147.69120     -2299.68447     0.7513847917494E-01
   298 -1151.972590132      1147.65419     -2299.62678     0.7065496645949E-01
   299 -1151.963701346      1147.64647     -2299.61018     0.6721189503374E-01
   300 -1151.964426883      1147.65617     -2299.62060     0.6727325062129E-01
   301 -1151.973409549      1147.67744     -2299.65085     0.7046492238134E-01
   302 -1151.992129995      1147.71764     -2299.70977     0.7486192604267E-01
   303 -1152.019206608      1147.80166     -2299.82087     0.7772316163122E-01
   304 -1152.033400034      1148.00831     -2300.04171     0.7833290207590E-01
   305 -1151.978463420      1148.39908     -2300.37754     0.7772182733262E-01
   306 -1151.996453789      1148.31400     -2300.31045     0.7803388958748E-01
   307 -1152.034533302      1147.95929     -2299.99382     0.7872278894309E-01
   308 -1152.009539131      1147.78310     -2299.79264     0.7736705453148E-01
   309 -1151.981117155      1147.73085     -2299.71197     0.7229101456661E-01
   310 -1151.964194028      1147.71635     -2299.68054     0.6556877731518E-01
   311 -1151.956626453      1147.71518     -2299.67180     0.6119647372642E-01
   312 -1151.956122433      1147.72143     -2299.67756     0.6057651308207E-01
   313 -1151.961336431      1147.73280     -2299.69414     0.6342794320866E-01
   314 -1151.972013226      1147.75400     -2299.72602     0.6865599634338E-01
   315 -1151.991695813      1147.79716     -2299.78886     0.7518005615799E-01
   316 -1152.018623552      1147.88293     -2299.90155     0.7932531189770E-01
   317 -1152.035202905      1148.08820     -2300.12341     0.8051498160212E-01
   318 -1151.984149956      1148.48429     -2300.46844     0.8001783261443E-01
   319 -1151.992339877      1148.45293     -2300.44527     0.8024017934789E-01
   320 -1152.035849451      1148.07517     -2300.11102     0.8092549030307E-01
   321 -1152.014476892      1147.89576     -2299.91024     0.7946296686474E-01
   322 -1151.985960216      1147.82303     -2299.80899     0.7390235216044E-01
   323 -1151.967176131      1147.79149     -2299.75866     0.6582858001383E-01
   324 -1151.956441857      1147.77936     -2299.73580     0.5921656611191E-01
   325 -1151.951152382      1147.78007     -2299.73122     0.5536799720661E-01
   326 -1151.950028931      1147.79054     -2299.74057     0.5417284560303E-01
   327 -1151.952511093      1147.80820     -2299.76071     0.5544049026529E-01
   328 -1151.958509743      1147.83311     -2299.79162     0.5914993598213E-01
   329 -1151.968575508      1147.86612     -2299.83470     0.6542289003387E-01
   330 -1151.984033737      1147.91057     -2299.89460     0.7360962897361E-01
   331 -1152.006818233      1147.97871     -2299.98553     0.8106310871415E-01
   332 -1152.032128895      1148.11042     -2300.14255     0.8490550736452E-01
   333 -1152.023883029      1148.40195     -2300.42584     0.8557284913563E-01
   334 -1151.968070483      1148.71021     -2300.67828     0.8533614693087E-01
   335 -1152.027482560      1148.38751     -2300.41500     0.8632131583690E-01
   336 -1152.031003393      1148.11477     -2300.14578     0.8608443998774E-01
   337 -1152.002249451      1147.98894     -2299.99119     0.8145777392954E-01
   338 -1151.978989610      1147.92556     -2299.90455     0.7178968985454E-01
   339 -1151.963453493      1147.88570     -2299.84916     0.6132056785609E-01
   340 -1151.952162950      1147.86105     -2299.81322     0.5226513691009E-01
   341 -1151.943013901      1147.84993     -2299.79294     0.4439191317986E-01
   342 -1151.935431700      1147.85204     -2299.78747     0.3760740004906E-01
   343 -1151.929683389      1147.86549     -2299.79518     0.3219636089547E-01
   344 -1151.926405824      1147.88647     -2299.81288     0.2844569823314E-01
   345 -1151.926008567      1147.91087     -2299.83688     0.2643916886275E-01
   346 -1151.928018385      1147.93743     -2299.86545     0.2620911686749E-01
   347 -1151.931186710      1147.96831     -2299.89950     0.2744266273887E-01
   348 -1151.934218130      1148.00696     -2299.94118     0.2931553496934E-01
   349 -1151.936412721      1148.05604     -2299.99245     0.3103145625951E-01
   350 -1151.937570083      1148.11631     -2300.05388     0.3224094858798E-01
   351 -1151.937781965      1148.18577     -2300.12355     0.3295617395683E-01
   352 -1151.937322423      1148.25933     -2300.19665     0.3337691801670E-01
   353 -1151.936607192      1148.33001     -2300.26662     0.3376668910891E-01
   354 -1151.936112335      1148.39043     -2300.32654     0.3445159864841E-01
   355 -1151.936274944      1148.43635     -2300.37263     0.3559037112662E-01
   356 -1151.937362161      1148.46624     -2300.40360     0.3730154501752E-01
   357 -1151.939441439      1148.48187     -2300.42131     0.3956077108755E-01
   358 -1151.942381684      1148.48629     -2300.42867     0.4221581277836E-01
   359 -1151.945864637      1148.48193     -2300.42779     0.4500565065003E-01
   360 -1151.949433680      1148.46976     -2300.41919     0.4762052829283E-01
   361 -1151.952597313      1148.44920     -2300.40180     0.4970997555115E-01
   362 -1151.954926527      1148.41941     -2300.37434     0.5101116469826E-01
   363 -1151.956111043      1148.38059     -2300.33670     0.5132184603417E-01
   364 -1151.955951326      1148.33523     -2300.29119     0.5053820090357E-01
   365 -1151.954378162      1148.28840     -2300.24278     0.4865522094465E-01
   366 -1151.951462401      1148.24558     -2300.19704     0.4574544789998E-01
   367 -1151.947386765      1148.21133     -2300.15872     0.4194525457126E-01
   368 -1151.942382888      1148.18766     -2300.13004     0.3743050652490E-01
   369 -1151.936695457      1148.17366     -2300.11035     0.3240042674310E-01
   370 -1151.930591085      1148.16626     -2300.09685     0.2707047317496E-01
   371 -1151.924367634      1148.16201     -2300.08638     0.2168240298574E-01
   372 -1151.918342726      1148.15900     -2300.07734     0.1655094493215E-01
   373 -1151.912920399      1148.15744     -2300.07036     0.1219593296246E-01
   374 -1151.917211338      1148.14347     -2300.06068     0.1680419644672E-01
   375 -1151.936005339      1148.10845     -2300.04446     0.3693741746546E-01
   376 -1151.966252702      1148.08143     -2300.04768     0.7058140451508E-01
   377 -1152.014194742      1148.08442     -2300.09861     0.1203150137131
   378 -1152.071079792      1148.19435     -2300.26543     0.1439222014878
   379 -1152.030735804      1148.71900     -2300.74974     0.1459061654429
   380 -1151.914500375      1149.13343     -2301.04793     0.1485085167460
   381 -1152.085302323      1148.21760     -2300.30290     0.1549120041092
   382 -1152.062439627      1148.09461     -2300.15705     0.1553083435109
   383 -1152.016688367      1148.03005     -2300.04674     0.1414158669521
   384 -1151.982040542      1148.03839     -2300.02043     0.1163865853250
   385 -1151.961447633      1148.08056     -2300.04201     0.9939063920710E-01
   386 -1151.951421929      1148.13867     -2300.09009     0.8884445081912E-01
   387 -1151.949594424      1148.20570     -2300.15530     0.8649383655344E-01
   388 -1151.955361334      1148.28024     -2300.23560     0.9271456470693E-01
   389 -1151.969930819      1148.36626     -2300.33619     0.1094041466412
   390 -1151.996371109      1148.47424     -2300.47061     0.1403923976945
   391 -1152.037694724      1148.63179     -2300.66948     0.1793012367698
   392 -1152.078369624      1148.93162     -2301.00999     0.1912358531280
   393 -1151.989816036      1149.66407     -2301.65389     0.1932629401884
   394 -1151.991352282      1149.72892     -2301.72027     0.1943501184811
   395 -1152.067728543      1149.16134     -2301.22907     0.1939897317313
   396 -1152.021663507      1148.97425     -2300.99592     0.1838997728946
   397 -1151.980925000      1148.88950     -2300.87042     0.1421223337393
   398 -1151.958117098      1148.82172     -2300.77983     0.1111203667578
   399 -1151.948215613      1148.75105     -2300.69926     0.9439093569329E-01
   400 -1151.947112540      1148.67563     -2300.62275     0.8747991727528E-01
   401 -1151.952508508      1148.59966     -2300.55217     0.8841410506970E-01
   402 -1151.963560910      1148.53008     -2300.49364     0.9709462643350E-01
   403 -1151.980632171      1148.47620     -2300.45683     0.1150552574027
   404 -1152.004981169      1148.45250     -2300.45748     0.1453575995398
   405 -1152.037443051      1148.48448     -2300.52192     0.1876623919608
   406 -1152.069651793      1148.62490     -2300.69455     0.1977029409362
   407 -1152.032407483      1149.05142     -2301.08383     0.1864783917108
   408 -1151.901491524      1149.50179     -2301.40328     0.1763989667427
   409 -1152.053808171      1148.72135     -2300.77516     0.1723411326236
   410 -1152.052933505      1148.57028     -2300.62321     0.1719811563541
   411 -1152.016009618      1148.332395685     -2300.348405302
$end
