$coord
   -0.88974101496397     -2.32177925791698      0.33204629844418      c
   -2.47692199397462     -0.40678748663465      0.24530786894473      c
    1.61104696025158     -1.93846720912245      0.08747794232612      c
    2.46862357661641      0.37463316657489     -0.24093756230808      c
    0.86589015153211      2.34527737247069     -0.33264597153702      c
   -1.57888634110470      1.94714987079435     -0.09094999914094      c
    3.36112233191697     -3.69659281411394      0.14345163038219      c
    2.34991098094853     -6.22156928383042      0.50799869867716      c
   -0.30863133184030     -6.58020150932946      0.76248811699287      n
   -1.94074999829098     -4.51552453106126      0.66265388539252      c
   -4.87625057311553     -4.00698033144041      0.84223455980065      c
   -4.86561141498739     -1.02523815814414      0.50714832191736      c
   -6.56120598224169      1.12995670188928      0.40221182975822      c
   -5.56407309096325      3.60759553197697      0.04408983031506      n
   -2.96717364462914      3.96853322335813     -0.20567527266843      c
   -1.08039548451080      6.24501070660015     -0.61296794608927      c
    1.50448530361816      4.72183475171034     -0.65057349613370      c
    5.95666117543540     -2.23802659570749     -0.22927795206817      c
    4.90791986346786      0.54699508715539     -0.45691436203558      c
    5.87270064335129      2.97260975680474     -0.80662708018740      n
    4.21129122184089      5.09161636139340     -0.91024076405352      c
    4.96587776396346      6.97083561698020     -1.18175661482652      h
    7.20909606726669     -2.45608209418116      1.43912345613390      h
    6.93298818199077     -2.83994216355422     -1.98547603640412      h
    3.61088743490047     -7.82730737346601      0.58630894962394      h
   -8.57676897831619      0.85645663867674      0.59530404601648      h
   -5.91894476145785     -4.95297723356296     -0.71263210233766      h
   -5.64295025974990     -4.56911716418990      2.71198628746169      h
   -1.42812399022309      7.21706693209520     -2.43887802746737      h
   -1.15207279673115      7.60102148777490      0.98572146507065      h
$redundant
     number_of_atoms            30
     degrees_of_freedom         84
     internal_coordinates      126
     frozen_coordinates          0
# definitions of redundant internals
   1 k  1.0000000000000 stre   21   22           val=   2.04318
   2 k -0.7071067811863 bend   17   22   21      val=  -0.00386
        0.7071067811868 bend   20   22   21
   3 k  1.0000000000000 outp   22   20   17   21 val=   0.00040
   4 k  1.0000000000000 stre   18   23           val=   2.09755
   5 k  1.0000000000000 stre   18   24           val=   2.09756
   6 k -0.0043841791531 bend   24   23   18      val=   0.02006
        0.5011372939992 bend   19   23   18
        0.5011246671356 bend   19   24   18
       -0.4988648293622 bend    7   23   18
       -0.4988488163262 bend    7   24   18
   7 k  0.0000364407992 bend   24   23   18      val=  -0.00007
       -0.5019355771981 bend   19   23   18
        0.5019193136659 bend   19   24   18
       -0.4980717823373 bend    7   23   18
        0.4980584074417 bend    7   24   18
   8 k -0.8670809986338 bend   24   23   18      val=   7.99532
        0.2465847554404 bend   19   23   18
        0.2466236337434 bend   19   24   18
        0.2515190148605 bend    7   23   18
        0.2515580820317 bend    7   24   18
   9 k -0.0000001872794 bend   24   23   18      val=   0.00006
       -0.4980577788927 bend   19   23   18
        0.4980724115881 bend   19   24   18
        0.5019204370648 bend    7   23   18
       -0.5019344544420 bend    7   24   18
  10 k  1.0000000000000 stre    8   25           val=   2.04318
  11 k -0.7071067811840 bend    7   25    8      val=  -0.00351
        0.7071067811891 bend    9   25    8
  12 k  1.0000000000000 outp   25    9    7    8 val=   0.00131
  13 k  1.0000000000000 stre   13   26           val=   2.04318
  14 k -0.7071067811858 bend   12   26   13      val=  -0.00339
        0.7071067811873 bend   14   26   13
  15 k  1.0000000000000 outp   26   14   12   13 val=   0.00072
  16 k  1.0000000000000 stre   11   27           val=   2.09755
  17 k  1.0000000000000 stre   11   28           val=   2.09757
  18 k -0.0043797415633 bend   28   27   11      val=   0.02011
        0.5011337547630 bend   10   27   11
        0.5011270158740 bend   10   28   11
       -0.4988589482676 bend   12   27   11
       -0.4988559325052 bend   12   28   11
  19 k -0.0000262160111 bend   28   27   11      val=   0.00026
        0.5019337199997 bend   10   27   11
       -0.5019199066732 bend   10   28   11
        0.4980746700931 bend   12   27   11
       -0.4980567942884 bend   12   28   11
  20 k -0.8670812905467 bend   28   27   11      val=   7.99541
        0.2465906388244 bend   10   27   11
        0.2466217388674 bend   10   28   11
        0.2515210080646 bend   12   27   11
        0.2515511734184 bend   12   28   11
  21 k -0.0000002010306 bend   28   27   11      val=   0.00005
        0.4980634478458 bend   10   27   11
       -0.4980680169732 bend   10   28   11
       -0.5019242264114 bend   12   27   11
        0.5019294007425 bend   12   28   11
  22 k  1.0000000000000 stre   16   30           val=   2.09755
  23 k  1.0000000000000 stre   16   29           val=   2.09756
  24 k -0.0043462068909 bend   29   30   16      val=   0.02033
        0.5011347848539 bend   15   30   16
        0.5011139920140 bend   15   29   16
       -0.4988675571050 bend   17   30   16
       -0.4988596650070 bend   17   29   16
  25 k  0.0000367418903 bend   29   30   16      val=  -0.00007
       -0.5019223058241 bend   15   30   16
        0.5019139240269 bend   15   29   16
       -0.4980853877509 bend   17   30   16
        0.4980636073266 bend   17   29   16
  26 k -0.8670809733139 bend   29   30   16      val=   7.99528
        0.2466038456662 bend   15   30   16
        0.2466445694120 bend   15   29   16
        0.2514999332706 bend   17   30   16
        0.2515380069971 bend   17   29   16
  27 k -0.0000006346341 bend   29   30   16      val=   0.00019
        0.4980678915588 bend   15   30   16
       -0.4980811040872 bend   15   29   16
       -0.5019103986018 bend   17   30   16
        0.5019258320952 bend   17   29   16
  28 k  1.0000000000000 stre    1   10           val=   2.45488
  29 k  1.0000000000000 stre    1    2           val=   2.48875
  30 k  1.0000000000000 stre    1    3           val=   2.54179
  31 k  1.0000000000000 stre    2   12           val=   2.48131
  32 k  1.0000000000000 stre    2    6           val=   2.54176
  33 k  1.0000000000000 stre    3    7           val=   2.48131
  34 k  1.0000000000000 stre    3    4           val=   2.48872
  35 k  1.0000000000000 stre    4   19           val=   2.45490
  36 k  1.0000000000000 stre    4    5           val=   2.54177
  37 k  1.0000000000000 stre    5   17           val=   2.48131
  38 k  1.0000000000000 stre    5    6           val=   2.48875
  39 k  1.0000000000000 stre    6   15           val=   2.45489
  40 k  1.0000000000000 stre    7    8           val=   2.74426
  41 k  1.0000000000000 stre    7   18           val=   3.00053
  42 k  1.0000000000000 stre    8    9           val=   2.69467
  43 k  1.0000000000000 stre    9   10           val=   2.63376
  44 k  1.0000000000000 stre   10   11           val=   2.98463
  45 k  1.0000000000000 stre   11   12           val=   3.00053
  46 k  1.0000000000000 stre   12   13           val=   2.74425
  47 k  1.0000000000000 stre   13   14           val=   2.69467
  48 k  1.0000000000000 stre   14   15           val=   2.63373
  49 k  1.0000000000000 stre   15   16           val=   2.98466
  50 k  1.0000000000000 stre   16   17           val=   3.00051
  51 k  1.0000000000000 stre   17   21           val=   2.74426
  52 k  1.0000000000000 stre   18   19           val=   2.98463
  53 k  1.0000000000000 stre   19   20           val=   2.63376
  54 k  1.0000000000000 stre   20   21           val=   2.69466
  55 k -0.3976593798183 bend    2   10    1      val=   3.47042
        0.8164058092993 bend    3   10    1
       -0.4187464294593 bend    3    2    1
  56 k -0.7131154775330 bend    2   10    1      val=   2.90873
        0.0121746137910 bend    3   10    1
        0.7009408637552 bend    3    2    1
  57 k  1.0000000000000 outp    3    2   10    1 val=  -0.00118
  58 k -0.3655979951878 bend    1   12    2      val=   4.22594
        0.8150596870550 bend    6   12    2
       -0.4494616918632 bend    6    1    2
  59 k -0.7300717585138 bend    1   12    2      val=   2.57311
        0.0484187278514 bend    6   12    2
        0.6816530306643 bend    6    1    2
  60 k  1.0000000000000 outp    6    1   12    2 val=   0.00046
  61 k -0.3656628057846 bend    4    7    3      val=   4.22577
        0.8150639822097 bend    1    7    3
       -0.4494011764227 bend    1    4    3
  62 k -0.7300392997170 bend    4    7    3      val=   2.57243
        0.0483463708299 bend    1    7    3
        0.6816929288883 bend    1    4    3
  63 k  1.0000000000000 outp    1    4    7    3 val=   0.00036
  64 k -0.3975130885928 bend    3   19    4      val=   3.46968
        0.8164032947136 bend    5   19    4
       -0.4188902061139 bend    5    3    4
  65 k -0.7131970352295 bend    3   19    4      val=   2.90962
        0.0123420845567 bend    5   19    4
        0.7008549506771 bend    5    3    4
  66 k  1.0000000000000 outp    5    3   19    4 val=  -0.00067
  67 k -0.3656039429294 bend    6   17    5      val=   4.22611
        0.8150600814925 bend    4   17    5
       -0.4494561385406 bend    4    6    5
  68 k -0.7300687800271 bend    6   17    5      val=   2.57310
        0.0484120877119 bend    4   17    5
        0.6816566923262 bend    4    6    5
  69 k  1.0000000000000 outp    4    6   17    5 val=   0.00109
  70 k -0.3975437515422 bend    5   15    6      val=   3.46983
        0.8164038245986 bend    2   15    6
       -0.4188600730441 bend    2    5    6
  71 k -0.7131799438218 bend    5   15    6      val=   2.90917
        0.0123069839597 bend    2   15    6
        0.7008729598695 bend    2    5    6
  72 k  1.0000000000000 outp    2    5   15    6 val=  -0.00088
  73 k -0.7633407651837 bend    8    3    7      val=  11.00788
        0.1307059286256 bend   18    3    7
        0.6326348365613 bend   18    8    7
  74 k  0.2897887901129 bend    8    3    7      val=  13.05125
       -0.8059668894475 bend   18    3    7
        0.5161780993410 bend   18    8    7
  75 k  1.0000000000000 outp    8    3   18    7 val=  -0.00027
  76 k  1.0000000000000 bend    9    7    8      val= 119.90369
  77 k  1.0000000000000 bend    8   10    9      val= 120.22999
  78 k -0.7812713247684 bend    9    1   10      val=   7.07702
        0.1851816826232 bend   11    1   10
        0.5960896421811 bend   11    9   10
  79 k  0.2372378211115 bend    9    1   10      val=  12.62790
       -0.7952197249910 bend   11    1   10
        0.5579819040252 bend   11    9   10
  80 k  1.0000000000000 outp    9    1   11   10 val=  -0.00131
  81 k  1.0000000000000 bend   12   10   11      val=  99.15547
  82 k -0.7633418076545 bend   13    2   12      val=  11.00801
        0.1307088279818 bend   11    2   12
        0.6326329796765 bend   11   13   12
  83 k  0.2897860440962 bend   13    2   12      val=  13.05113
       -0.8059664192450 bend   11    2   12
        0.5161803751563 bend   11   13   12
  84 k  1.0000000000000 outp   13    2   11   12 val=   0.00029
  85 k  1.0000000000000 bend   14   12   13      val= 119.90362
  86 k  1.0000000000000 bend   13   15   14      val= 120.23016
  87 k -0.7812651040778 bend   14    6   15      val=   7.07754
        0.1851608316920 bend   16    6   15
        0.5961042723865 bend   16   14   15
  88 k  0.2372583061077 bend   14    6   15      val=  12.62797
       -0.7952245802742 bend   16    6   15
        0.5579662741695 bend   16   14   15
  89 k  1.0000000000000 outp   14    6   16   15 val=  -0.00019
  90 k  1.0000000000000 bend   17   15   16      val=  99.15542
  91 k -0.7633404335878 bend   21    5   17      val=  11.00785
        0.1307050063815 bend   16    5   17
        0.6326354272065 bend   16   21   17
  92 k  0.2897896635780 bend   21    5   17      val=  13.05067
       -0.8059670390117 bend   16    5   17
        0.5161773754342 bend   16   21   17
  93 k  1.0000000000000 outp   21    5   16   17 val=   0.00008
  94 k  1.0000000000000 bend    7   19   18      val=  99.15545
  95 k -0.7812637902088 bend   20    4   19      val=   7.07784
        0.1851564280170 bend   18    4   19
        0.5961073622029 bend   18   20   19
  96 k  0.2372626324909 bend   20    4   19      val=  12.62773
       -0.7952256056040 bend   18    4   19
        0.5579629731579 bend   18   20   19
  97 k  1.0000000000000 outp   20    4   18   19 val=  -0.00073
  98 k  1.0000000000000 bend   21   19   20      val= 120.23035
  99 k  1.0000000000000 bend   20   17   21      val= 119.90352
 100 k  1.0000000000000 tors    9   10    1    2 val=  89.99998
        1.0000000000000 tors    9   10    1    3
        1.0000000000000 tors   11   10    1    2
        1.0000000000000 tors   11   10    1    3
 101 k  1.0000000000000 tors    6    2    1    3 val=  89.99963
        1.0000000000000 tors    6    2    1   10
        1.0000000000000 tors   12    2    1    3
        1.0000000000000 tors   12    2    1   10
 102 k  1.0000000000000 tors    4    3    1    2 val=  90.00035
        1.0000000000000 tors    4    3    1   10
        1.0000000000000 tors    7    3    1    2
        1.0000000000000 tors    7    3    1   10
 103 k  1.0000000000000 tors   11   12    2    1 val=  89.99980
        1.0000000000000 tors   11   12    2    6
        1.0000000000000 tors   13   12    2    1
        1.0000000000000 tors   13   12    2    6
 104 k  1.0000000000000 tors    5    6    2    1 val=  90.00004
        1.0000000000000 tors    5    6    2   12
        1.0000000000000 tors   15    6    2    1
        1.0000000000000 tors   15    6    2   12
 105 k  1.0000000000000 tors    8    7    3    1 val=  90.00001
        1.0000000000000 tors    8    7    3    4
        1.0000000000000 tors   18    7    3    1
        1.0000000000000 tors   18    7    3    4
 106 k  1.0000000000000 tors    5    4    3    1 val=  89.99970
        1.0000000000000 tors    5    4    3    7
        1.0000000000000 tors   19    4    3    1
        1.0000000000000 tors   19    4    3    7
 107 k  1.0000000000000 tors   18   19    4    3 val=  89.99979
        1.0000000000000 tors   18   19    4    5
        1.0000000000000 tors   20   19    4    3
        1.0000000000000 tors   20   19    4    5
 108 k  1.0000000000000 tors    6    5    4    3 val=  90.00029
        1.0000000000000 tors    6    5    4   19
        1.0000000000000 tors   17    5    4    3
        1.0000000000000 tors   17    5    4   19
 109 k  1.0000000000000 tors   16   17    5    4 val=  89.99993
        1.0000000000000 tors   16   17    5    6
        1.0000000000000 tors   21   17    5    4
        1.0000000000000 tors   21   17    5    6
 110 k  1.0000000000000 tors    2    6    5    4 val=  89.99996
        1.0000000000000 tors    2    6    5   17
        1.0000000000000 tors   15    6    5    4
        1.0000000000000 tors   15    6    5   17
 111 k  1.0000000000000 tors   14   15    6    2 val=  90.00009
        1.0000000000000 tors   14   15    6    5
        1.0000000000000 tors   16   15    6    2
        1.0000000000000 tors   16   15    6    5
 112 k  1.0000000000000 tors    9    8    7    3 val=  90.00084
        1.0000000000000 tors    9    8    7   18
 113 k  1.0000000000000 tors   19   18    7    3 val=  89.99977
        1.0000000000000 tors   19   18    7    8
 114 k  1.0000000000000 tors   10    9    8    7 val=  -0.00132
 115 k  1.0000000000000 tors    1   10    9    8 val=  89.99973
        1.0000000000000 tors   11   10    9    8
 116 k  1.0000000000000 tors   12   11   10    1 val=  90.00094
        1.0000000000000 tors   12   11   10    9
 117 k  1.0000000000000 tors    2   12   11   10 val=  89.99983
        1.0000000000000 tors   13   12   11   10
 118 k  1.0000000000000 tors   14   13   12    2 val=  90.00080
        1.0000000000000 tors   14   13   12   11
 119 k  1.0000000000000 tors   15   14   13   12 val=  -0.00029
 120 k  1.0000000000000 tors    6   15   14   13 val=  89.99961
        1.0000000000000 tors   16   15   14   13
 121 k  1.0000000000000 tors   17   16   15    6 val=  90.00074
        1.0000000000000 tors   17   16   15   14
 122 k  1.0000000000000 tors    5   17   16   15 val=  89.99927
        1.0000000000000 tors   21   17   16   15
 123 k  1.0000000000000 tors   20   21   17    5 val=  90.00064
        1.0000000000000 tors   20   21   17   16
 124 k  1.0000000000000 tors    4   19   18    7 val=  90.00093
        1.0000000000000 tors   20   19   18    7
 125 k  1.0000000000000 tors   21   20   19    4 val=  89.99954
        1.0000000000000 tors   21   20   19   18
 126 k  1.0000000000000 tors   17   21   20   19 val=  -0.00032
        84 non zero eigenvalues  of BmBt
           1           2.967441238    1    0
         1
           2           2.967440419    2    0
         2
           3           2.967432742    3    0
         3
           4           2.103524434    4    0
         4
           5           2.103522417    5    0
         5
           6           2.103519468    6    0
         6
           7           2.017429034    7    0
         7
           8           2.017426804    8    0
         8
           9           2.017422006    9    0
         9
          10           2.000035592   10    0
        10
          11           2.000035540   11    0
        11
          12           2.000035537   12    0
        12
          13           1.526405619   13    0
        13
          14           1.526403742   14    0
        14
          15           1.526402074   15    0
        15
          16           1.311023389   16    0
        16
          17           1.311018968   17    0
        17
          18           1.311017103   18    0
        18
          19           0.776733367   19    0
        19
          20           0.776733284   20    0
        20
          21           0.776727591   21    0
        21
          22           0.528797512   22    0
        22
          23           0.528795481   23    0
        23
          24           0.528795165   24    0
        24
          25           0.471278519   25    0
        25
          26           0.471278423   26    0
        26
          27           0.471275774   27    0
        27
          28           3.067502526   28    0
        28
          29           2.963530864   29    0
        29
          30           2.963526460   30    0
        30
          31           2.826324800   31    0
        31
          32           2.751171772   32    0
        32
          33           2.751166863   33    0
        33
          34           2.537721330   34    0
        34
          35           2.537717137   35    0
        35
          36           2.494656090   36    0
        36
          37           2.236404339   37    0
        37
          38           1.999223141   38    0
        38
          39           1.999219542   39    0
        39
          40           1.917033328   40    0
        40
          41           1.853286202   41    0
        41
          42           1.853282447   42    0
        42
          43           1.388605787   43    0
        43
          44           1.388605059   44    0
        44
          45           1.373029533   45    0
        45
          46           0.972108567   46    0
        46
          47           0.972104600   47    0
        47
          48           0.698714646   48    0
        48
          49           0.514000854   49    0
        49
          50           0.490970321   50    0
        50
          51           0.490969414   51    0
        51
          52           0.366720817   52    0
        52
          53           0.366719622   53    0
        53
          54           0.194916066   54    0
        54
          55           3.856572408    0    0
         0.000000000         0.000000000         0.000000000         0.000000000
         0.000000000         0.000000000         0.000000000         0.000000000
         0.000000000         0.000000000         0.000000000         0.000000000
         0.000000000         0.000000000         0.000000000         0.000000000
         0.000000000         0.000000000         0.000000000         0.000000000
         0.000000000         0.000000000         0.000000000         0.000000000
         0.000000000         0.000000000         0.000000000         0.000000000
         0.000000000         0.000000000         0.000000000         0.000000000
         0.000000000         0.000000000         0.000000000         0.000000000
         0.000000000         0.000000000         0.000000000         0.000000000
         0.000000000         0.000000000         0.000000000         0.000000000
         0.000000000         0.000000000         0.000000000         0.000000000
         0.000000000         0.000000000         0.000000000         0.000000000
         0.000000000         0.000000000        -0.000000318        -0.000003184
        -0.400854503        -0.000000120         0.000001172        -0.394869819
         0.000001844         0.000001517        -0.394876271        -0.000000811
        -0.000003606        -0.400857839         0.000001099         0.000001922
        -0.394869442         0.000000333        -0.000002341        -0.400854431
         0.000000555        -0.000001162         0.081806221         0.000000350
        -0.000000638        -0.000001697         0.000000012         0.100161443
        -0.000000466        -0.000000242        -0.000000154         0.081805085
         0.000000060        -0.000000339        -0.000000443        -0.000000246
         0.100160280        -0.000000176         0.000000615        -0.000000391
         0.081805867        -0.000000222        -0.000001917         0.000001139
         0.100160569        -0.000000635         0.000000528         0.000000000
         0.000000000         0.000000000         0.000000000         0.000000000
         0.000000000         0.000000000         0.000000000         0.000000000
         0.000000000         0.000000000         0.000000000         0.000000000
         0.000000000         0.000000000         0.000000000         0.000000000
         0.000000000         0.000000000         0.000000000         0.000000000
         0.000000000         0.000000000         0.000000000         0.000000000
         0.000000000         0.000000000
          56           2.612204286    0    0
         0.000000000         0.000000000         0.000000000         0.000000000
         0.000000000         0.000000000         0.000000000         0.000000000
         0.000000000         0.000000000         0.000000000         0.000000000
         0.000000000         0.000000000         0.000000000         0.000000000
         0.000000000         0.000000000         0.000000000         0.000000000
         0.000000000         0.000000000         0.000000000         0.000000000
         0.000000000         0.000000000         0.000000000         0.000000000
         0.000000000         0.000000000         0.000000000         0.000000000
         0.000000000         0.000000000         0.000000000         0.000000000
         0.000000000         0.000000000         0.000000000         0.000000000
         0.000000000         0.000000000         0.000000000         0.000000000
         0.000000000         0.000000000         0.000000000         0.000000000
         0.000000000         0.000000000         0.000000000         0.000000000
         0.000000000         0.000000000         0.000000663         0.000000082
         0.078602418         0.000001710         0.000001801        -0.445797874
         0.000000489         0.000000947         0.482618111         0.000000244
         0.000000334         0.440913259        -0.000003814        -0.000000696
        -0.036822635        -0.000001206        -0.000001235        -0.519524182
        -0.000000315        -0.000000482        -0.139738081        -0.000000627
         0.000000374         0.000000539         0.000000203        -0.021221937
         0.000000067         0.000000892        -0.000000288         0.121453746
         0.000000709        -0.000000889        -0.000000916        -0.000000176
         0.185558893        -0.000000320        -0.000000920         0.000000869
         0.018285484         0.000000250         0.000001663         0.000000075
        -0.164332937         0.000000977        -0.000000510         0.000000000
         0.000000000         0.000000000         0.000000000         0.000000000
         0.000000000         0.000000000         0.000000000         0.000000000
         0.000000000         0.000000000         0.000000000         0.000000000
         0.000000000         0.000000000         0.000000000         0.000000000
         0.000000000         0.000000000         0.000000000         0.000000000
         0.000000000         0.000000000         0.000000000         0.000000000
         0.000000000         0.000000000
          57           2.612183064    0    0
         0.000000000         0.000000000         0.000000000         0.000000000
         0.000000000         0.000000000         0.000000000         0.000000000
         0.000000000         0.000000000         0.000000000         0.000000000
         0.000000000         0.000000000         0.000000000         0.000000000
         0.000000000         0.000000000         0.000000000         0.000000000
         0.000000000         0.000000000         0.000000000         0.000000000
         0.000000000         0.000000000         0.000000000         0.000000000
         0.000000000         0.000000000         0.000000000         0.000000000
         0.000000000         0.000000000         0.000000000         0.000000000
         0.000000000         0.000000000         0.000000000         0.000000000
         0.000000000         0.000000000         0.000000000         0.000000000
         0.000000000         0.000000000         0.000000000         0.000000000
         0.000000000         0.000000000         0.000000000         0.000000000
         0.000000000         0.000000000         0.000000253         0.000001126
         0.554509856         0.000001211         0.000002080         0.299897170
        -0.000002868        -0.000000727         0.236119635        -0.000000335
        -0.000001575        -0.345329432         0.000000698         0.000001502
        -0.536018890         0.000001645         0.000000005        -0.209180592
        -0.000000623         0.000001316        -0.059563967        -0.000000744
         0.000001330         0.000002505         0.000000909        -0.202015081
         0.000000838         0.000000900        -0.000001065        -0.091235221
         0.000000034        -0.000000061         0.000000664        -0.000000516
         0.082626890         0.000000516         0.000001497         0.000000553
         0.150801414         0.000000479        -0.000001330         0.000001510
         0.119384852        -0.000000969         0.000001622         0.000000000
         0.000000000         0.000000000         0.000000000         0.000000000
         0.000000000         0.000000000         0.000000000         0.000000000
         0.000000000         0.000000000         0.000000000         0.000000000
         0.000000000         0.000000000         0.000000000         0.000000000
         0.000000000         0.000000000         0.000000000         0.000000000
         0.000000000         0.000000000         0.000000000         0.000000000
         0.000000000         0.000000000
          58           1.787928902    0    0
         0.000000000         0.000000000         0.000000000         0.000000000
         0.000000000         0.000000000         0.000000000         0.000000000
         0.000000000         0.000000000         0.000000000         0.000000000
         0.000000000         0.000000000         0.000000000         0.000000000
         0.000000000         0.000000000         0.000000000         0.000000000
         0.000000000         0.000000000         0.000000000         0.000000000
         0.000000000         0.000000000         0.000000000         0.000000000
         0.000000000         0.000000000         0.000000000         0.000000000
         0.000000000         0.000000000         0.000000000         0.000000000
         0.000000000         0.000000000         0.000000000         0.000000000
         0.000000000         0.000000000         0.000000000         0.000000000
         0.000000000         0.000000000         0.000000000         0.000000000
         0.000000000         0.000000000         0.000000000         0.000000000
         0.000000000         0.000000000         0.331185983         0.123356964
         0.000000318        -0.317160194        -0.132518627        -0.000002850
        -0.317167851        -0.132493319        -0.000004767         0.331158723
         0.123423889        -0.000001364        -0.317158915        -0.132515587
        -0.000000303         0.331167624         0.123406735        -0.000002304
        -0.155590485         0.112951416         0.000001747        -0.060481992
         0.068286685         0.177706919        -0.115640537        -0.000003175
        -0.006530253        -0.155592513         0.112950610        -0.000000069
        -0.060482218         0.068287308         0.177704255        -0.115642509
         0.000000431        -0.006529309        -0.155590641         0.112951348
        -0.000000388        -0.006529511         0.177700212        -0.115643330
        -0.000000799         0.068285967        -0.060481599         0.000000000
         0.000000000         0.000000000         0.000000000         0.000000000
         0.000000000         0.000000000         0.000000000         0.000000000
         0.000000000         0.000000000         0.000000000         0.000000000
         0.000000000         0.000000000         0.000000000         0.000000000
         0.000000000         0.000000000         0.000000000         0.000000000
         0.000000000         0.000000000         0.000000000         0.000000000
         0.000000000         0.000000000
          59           1.115812420    0    0
         0.000000000         0.000000000         0.000000000         0.000000000
         0.000000000         0.000000000         0.000000000         0.000000000
         0.000000000         0.000000000         0.000000000         0.000000000
         0.000000000         0.000000000         0.000000000         0.000000000
         0.000000000         0.000000000         0.000000000         0.000000000
         0.000000000         0.000000000         0.000000000         0.000000000
         0.000000000         0.000000000         0.000000000         0.000000000
         0.000000000         0.000000000         0.000000000         0.000000000
         0.000000000         0.000000000         0.000000000         0.000000000
         0.000000000         0.000000000         0.000000000         0.000000000
         0.000000000         0.000000000         0.000000000         0.000000000
         0.000000000         0.000000000         0.000000000         0.000000000
         0.000000000         0.000000000         0.000000000         0.000000000
         0.000000000         0.000000000         0.000003908        -0.000013367
         0.319472280         0.000005114         0.000010952        -0.051851998
        -0.000005225         0.000006438        -0.365585966         0.000004844
        -0.000004919        -0.033433657        -0.000004607         0.000006380
         0.417432509        -0.000007867        -0.000006336        -0.286031177
        -0.000004934        -0.000003727         0.289546295        -0.000003892
         0.000004397         0.000004125         0.000002308        -0.458540157
         0.000001011         0.000003029        -0.000005148        -0.014512140
         0.000004735        -0.000006897        -0.000005905         0.000005560
         0.350382862        -0.000000648        -0.000004632        -0.000001939
        -0.275034863        -0.000000965         0.000006140         0.000002110
         0.108144022         0.000003312        -0.000004447         0.000000000
         0.000000000         0.000000000         0.000000000         0.000000000
         0.000000000         0.000000000         0.000000000         0.000000000
         0.000000000         0.000000000         0.000000000         0.000000000
         0.000000000         0.000000000         0.000000000         0.000000000
         0.000000000         0.000000000         0.000000000         0.000000000
         0.000000000         0.000000000         0.000000000         0.000000000
         0.000000000         0.000000000
          60           1.115803306    0    0
         0.000000000         0.000000000         0.000000000         0.000000000
         0.000000000         0.000000000         0.000000000         0.000000000
         0.000000000         0.000000000         0.000000000         0.000000000
         0.000000000         0.000000000         0.000000000         0.000000000
         0.000000000         0.000000000         0.000000000         0.000000000
         0.000000000         0.000000000         0.000000000         0.000000000
         0.000000000         0.000000000         0.000000000         0.000000000
         0.000000000         0.000000000         0.000000000         0.000000000
         0.000000000         0.000000000         0.000000000         0.000000000
         0.000000000         0.000000000         0.000000000         0.000000000
         0.000000000         0.000000000         0.000000000         0.000000000
         0.000000000         0.000000000         0.000000000         0.000000000
         0.000000000         0.000000000         0.000000000         0.000000000
         0.000000000         0.000000000         0.000003386         0.000011880
         0.145838937         0.000005678        -0.000011918        -0.452076612
        -0.000000577        -0.000014695         0.270934846        -0.000007772
         0.000017067        -0.349586141         0.000009767        -0.000011977
         0.181129778        -0.000006505         0.000010986         0.203753081
         0.000000864         0.000007408        -0.150407759        -0.000004509
         0.000005087         0.000003032        -0.000007291        -0.139861850
        -0.000000193         0.000004837         0.000005417         0.325964261
         0.000003518        -0.000002007        -0.000007187        -0.000005705
        -0.327185907         0.000000470         0.000009412         0.000005725
        -0.175549153        -0.000000824        -0.000010082        -0.000004710
         0.467026349        -0.000008510         0.000006306         0.000000000
         0.000000000         0.000000000         0.000000000         0.000000000
         0.000000000         0.000000000         0.000000000         0.000000000
         0.000000000         0.000000000         0.000000000         0.000000000
         0.000000000         0.000000000         0.000000000         0.000000000
         0.000000000         0.000000000         0.000000000         0.000000000
         0.000000000         0.000000000         0.000000000         0.000000000
         0.000000000         0.000000000
          61           1.080691924    0    0
         0.000000000         0.000000000         0.000000000         0.000000000
         0.000000000         0.000000000         0.000000000         0.000000000
         0.000000000         0.000000000         0.000000000         0.000000000
         0.000000000         0.000000000         0.000000000         0.000000000
         0.000000000         0.000000000         0.000000000         0.000000000
         0.000000000         0.000000000         0.000000000         0.000000000
         0.000000000         0.000000000         0.000000000         0.000000000
         0.000000000         0.000000000         0.000000000         0.000000000
         0.000000000         0.000000000         0.000000000         0.000000000
         0.000000000         0.000000000         0.000000000         0.000000000
         0.000000000         0.000000000         0.000000000         0.000000000
         0.000000000         0.000000000         0.000000000         0.000000000
         0.000000000         0.000000000         0.000000000         0.000000000
         0.000000000         0.000000000        -0.098368939         0.333939055
        -0.000002433         0.119198557        -0.325223394         0.000020298
         0.119167166        -0.325238279        -0.000012875        -0.098442721
         0.333924193         0.000007775         0.119197922        -0.325226366
         0.000005920        -0.098428303         0.333923840        -0.000019677
         0.142840433         0.150282013         0.000009767         0.049956345
        -0.046656288        -0.124646113        -0.170116165         0.000007987
        -0.004585522         0.142842396         0.150280054        -0.000015706
         0.049962204        -0.046664737        -0.124659352        -0.170111419
         0.000033661        -0.004583025         0.142844064         0.150281976
        -0.000000345        -0.004584262        -0.124656765        -0.170111785
        -0.000003538        -0.046660545         0.049959445         0.000000000
         0.000000000         0.000000000         0.000000000         0.000000000
         0.000000000         0.000000000         0.000000000         0.000000000
         0.000000000         0.000000000         0.000000000         0.000000000
         0.000000000         0.000000000         0.000000000         0.000000000
         0.000000000         0.000000000         0.000000000         0.000000000
         0.000000000         0.000000000         0.000000000         0.000000000
         0.000000000         0.000000000
          62           0.877766385    0    0
         0.000000000         0.000000000         0.000000000         0.000000000
         0.000000000         0.000000000         0.000000000         0.000000000
         0.000000000         0.000000000         0.000000000         0.000000000
         0.000000000         0.000000000         0.000000000         0.000000000
         0.000000000         0.000000000         0.000000000         0.000000000
         0.000000000         0.000000000         0.000000000         0.000000000
         0.000000000         0.000000000         0.000000000         0.000000000
         0.000000000         0.000000000         0.000000000         0.000000000
         0.000000000         0.000000000         0.000000000         0.000000000
         0.000000000         0.000000000         0.000000000         0.000000000
         0.000000000         0.000000000         0.000000000         0.000000000
         0.000000000         0.000000000         0.000000000         0.000000000
         0.000000000         0.000000000         0.000000000         0.000000000
         0.000000000         0.000000000        -0.000004432        -0.000004196
        -0.149266092        -0.000006295         0.000007949         0.220340985
         0.000000635         0.000003446         0.220347811         0.000003415
        -0.000002274        -0.149278710        -0.000007872         0.000009740
         0.220349837         0.000005371        -0.000009658        -0.149268699
        -0.000000287        -0.000004973        -0.228997894         0.000006343
        -0.000008219        -0.000004687         0.000007283         0.458314203
        -0.000000965        -0.000007778        -0.000004442        -0.228994270
        -0.000007195         0.000005988         0.000010741         0.000006432
         0.458320064        -0.000002676        -0.000012637        -0.000005338
        -0.229006073        -0.000004442         0.000004515         0.000002418
         0.458329154         0.000003459        -0.000007704         0.000000000
         0.000000000         0.000000000         0.000000000         0.000000000
         0.000000000         0.000000000         0.000000000         0.000000000
         0.000000000         0.000000000         0.000000000         0.000000000
         0.000000000         0.000000000         0.000000000         0.000000000
         0.000000000         0.000000000         0.000000000         0.000000000
         0.000000000         0.000000000         0.000000000         0.000000000
         0.000000000         0.000000000
          63           0.837377981    0    0
         0.000000000         0.000000000         0.000000000         0.000000000
         0.000000000         0.000000000         0.000000000         0.000000000
         0.000000000         0.000000000         0.000000000         0.000000000
         0.000000000         0.000000000         0.000000000         0.000000000
         0.000000000         0.000000000         0.000000000         0.000000000
         0.000000000         0.000000000         0.000000000         0.000000000
         0.000000000         0.000000000         0.000000000         0.000000000
         0.000000000         0.000000000         0.000000000         0.000000000
         0.000000000         0.000000000         0.000000000         0.000000000
         0.000000000         0.000000000         0.000000000         0.000000000
         0.000000000         0.000000000         0.000000000         0.000000000
         0.000000000         0.000000000         0.000000000         0.000000000
         0.000000000         0.000000000         0.000000000         0.000000000
         0.000000000         0.000000000        -0.062917604        -0.075863211
         0.000008292        -0.148580999         0.041118017        -0.000007525
         0.098401179        -0.036758819        -0.000004694        -0.123481800
         0.062646638         0.000003962         0.050186395        -0.004376885
         0.000003632         0.186376455         0.013231351        -0.000003646
         0.255288135         0.030479774         0.000012059         0.276715390
        -0.260110984        -0.145203923         0.125843672        -0.000017062
         0.119253722        -0.269814809         0.074996780         0.000001176
        -0.378357037         0.416125412         0.359806372        -0.074045649
        -0.000005177        -0.113733401         0.014529015        -0.105477594
        -0.000002197        -0.005521947        -0.214603632        -0.051803210
         0.000000919        -0.156006738         0.101637284         0.000000000
         0.000000000         0.000000000         0.000000000         0.000000000
         0.000000000         0.000000000         0.000000000         0.000000000
         0.000000000         0.000000000         0.000000000         0.000000000
         0.000000000         0.000000000         0.000000000         0.000000000
         0.000000000         0.000000000         0.000000000         0.000000000
         0.000000000         0.000000000         0.000000000         0.000000000
         0.000000000         0.000000000
          64           0.837373302    0    0
         0.000000000         0.000000000         0.000000000         0.000000000
         0.000000000         0.000000000         0.000000000         0.000000000
         0.000000000         0.000000000         0.000000000         0.000000000
         0.000000000         0.000000000         0.000000000         0.000000000
         0.000000000         0.000000000         0.000000000         0.000000000
         0.000000000         0.000000000         0.000000000         0.000000000
         0.000000000         0.000000000         0.000000000         0.000000000
         0.000000000         0.000000000         0.000000000         0.000000000
         0.000000000         0.000000000         0.000000000         0.000000000
         0.000000000         0.000000000         0.000000000         0.000000000
         0.000000000         0.000000000         0.000000000         0.000000000
         0.000000000         0.000000000         0.000000000         0.000000000
         0.000000000         0.000000000         0.000000000         0.000000000
         0.000000000         0.000000000        -0.178889947         0.028557006
         0.000008522         0.027838333        -0.018690254        -0.000008716
         0.114754723        -0.026275480         0.000001855         0.143918861
         0.051454596        -0.000005922        -0.142595451         0.044950433
        -0.000004759         0.034972668        -0.079971079         0.000004344
         0.164165904        -0.104199780         0.000004054         0.277126033
        -0.330320283        -0.331633708         0.012838609        -0.000005518
         0.062479175         0.139003075         0.078497702         0.000011236
         0.101082736        -0.060106434         0.040067833         0.102563556
        -0.000017985         0.072039986        -0.303166668         0.025707841
        -0.000002625        -0.134518257         0.291562303        -0.115414908
        -0.000001007         0.390427035        -0.378208737         0.000000000
         0.000000000         0.000000000         0.000000000         0.000000000
         0.000000000         0.000000000         0.000000000         0.000000000
         0.000000000         0.000000000         0.000000000         0.000000000
         0.000000000         0.000000000         0.000000000         0.000000000
         0.000000000         0.000000000         0.000000000         0.000000000
         0.000000000         0.000000000         0.000000000         0.000000000
         0.000000000         0.000000000
          65           0.675927367    0    0
         0.000000000         0.000000000         0.000000000         0.000000000
         0.000000000         0.000000000         0.000000000         0.000000000
         0.000000000         0.000000000         0.000000000         0.000000000
         0.000000000         0.000000000         0.000000000         0.000000000
         0.000000000         0.000000000         0.000000000         0.000000000
         0.000000000         0.000000000         0.000000000         0.000000000
         0.000000000         0.000000000         0.000000000         0.000000000
         0.000000000         0.000000000         0.000000000         0.000000000
         0.000000000         0.000000000         0.000000000         0.000000000
         0.000000000         0.000000000         0.000000000         0.000000000
         0.000000000         0.000000000         0.000000000         0.000000000
         0.000000000         0.000000000         0.000000000         0.000000000
         0.000000000         0.000000000         0.000000000         0.000000000
         0.000000000         0.000000000        -0.111020220         0.095262983
        -0.000001084         0.197167252        -0.036154828        -0.000000843
         0.197155751        -0.036173013        -0.000002010        -0.111037505
         0.095235922        -0.000003316         0.197159725        -0.036153261
        -0.000001080        -0.111039398         0.095240869        -0.000001744
        -0.085385784        -0.113639664        -0.000005396        -0.282449044
         0.349498012         0.203951067        -0.039718591        -0.000004267
        -0.080315217        -0.085378390        -0.113646828        -0.000002130
        -0.282443212         0.349496318         0.203953485        -0.039714697
        -0.000002125        -0.080309889        -0.085382978        -0.113642906
        -0.000003468        -0.080308833         0.203954392        -0.039716914
        -0.000005760         0.349497367        -0.282446378         0.000000000
         0.000000000         0.000000000         0.000000000         0.000000000
         0.000000000         0.000000000         0.000000000         0.000000000
         0.000000000         0.000000000         0.000000000         0.000000000
         0.000000000         0.000000000         0.000000000         0.000000000
         0.000000000         0.000000000         0.000000000         0.000000000
         0.000000000         0.000000000         0.000000000         0.000000000
         0.000000000         0.000000000
          66           0.624017895    0    0
         0.000000000         0.000000000         0.000000000         0.000000000
         0.000000000         0.000000000         0.000000000         0.000000000
         0.000000000         0.000000000         0.000000000         0.000000000
         0.000000000         0.000000000         0.000000000         0.000000000
         0.000000000         0.000000000         0.000000000         0.000000000
         0.000000000         0.000000000         0.000000000         0.000000000
         0.000000000         0.000000000         0.000000000         0.000000000
         0.000000000         0.000000000         0.000000000         0.000000000
         0.000000000         0.000000000         0.000000000         0.000000000
         0.000000000         0.000000000         0.000000000         0.000000000
         0.000000000         0.000000000         0.000000000         0.000000000
         0.000000000         0.000000000         0.000000000         0.000000000
         0.000000000         0.000000000         0.000000000         0.000000000
         0.000000000         0.000000000        -0.002816033        -0.031729238
        -0.000000898        -0.168710930         0.303792714         0.000000833
         0.180980930        -0.270626183        -0.000001305        -0.122809205
         0.334921222         0.000002508        -0.012292009        -0.033174744
        -0.000001130         0.125604076        -0.303203850        -0.000001182
         0.169088724         0.059076784         0.000003663        -0.026443080
         0.142379462         0.146713508        -0.088951778        -0.000001044
        -0.158137240        -0.125277301        -0.264242892        -0.000003342
         0.101204984        -0.124353339         0.063522474         0.327528454
        -0.000002422         0.224756134        -0.043809942         0.205160738
         0.000003990        -0.066620891        -0.210234944        -0.238570132
        -0.000001635        -0.018025749        -0.074761786         0.000000000
         0.000000000         0.000000000         0.000000000         0.000000000
         0.000000000         0.000000000         0.000000000         0.000000000
         0.000000000         0.000000000         0.000000000         0.000000000
         0.000000000         0.000000000         0.000000000         0.000000000
         0.000000000         0.000000000         0.000000000         0.000000000
         0.000000000         0.000000000         0.000000000         0.000000000
         0.000000000         0.000000000
          67           0.624014883    0    0
         0.000000000         0.000000000         0.000000000         0.000000000
         0.000000000         0.000000000         0.000000000         0.000000000
         0.000000000         0.000000000         0.000000000         0.000000000
         0.000000000         0.000000000         0.000000000         0.000000000
         0.000000000         0.000000000         0.000000000         0.000000000
         0.000000000         0.000000000         0.000000000         0.000000000
         0.000000000         0.000000000         0.000000000         0.000000000
         0.000000000         0.000000000         0.000000000         0.000000000
         0.000000000         0.000000000         0.000000000         0.000000000
         0.000000000         0.000000000         0.000000000         0.000000000
         0.000000000         0.000000000         0.000000000         0.000000000
         0.000000000         0.000000000         0.000000000         0.000000000
         0.000000000         0.000000000         0.000000000         0.000000000
         0.000000000         0.000000000         0.143354159        -0.368444724
        -0.000002750        -0.111604626         0.137079645         0.000001030
        -0.090289241         0.194557299         0.000002082        -0.074150427
         0.156730512        -0.000001025         0.201909178        -0.331630830
        -0.000000736        -0.069271609         0.211687664         0.000002895
        -0.047038851        -0.271009400        -0.000005767         0.101586068
        -0.061377747         0.158054885         0.326845499         0.000002122
         0.168227620        -0.122924681         0.084342373        -0.000001673
        -0.027902179        -0.092607834        -0.206083718        -0.086383553
         0.000005318         0.052834972         0.169954818         0.186665490
         0.000007239        -0.221062602         0.048024782        -0.240456527
         0.000001179         0.153996466        -0.073696337         0.000000000
         0.000000000         0.000000000         0.000000000         0.000000000
         0.000000000         0.000000000         0.000000000         0.000000000
         0.000000000         0.000000000         0.000000000         0.000000000
         0.000000000         0.000000000         0.000000000         0.000000000
         0.000000000         0.000000000         0.000000000         0.000000000
         0.000000000         0.000000000         0.000000000         0.000000000
         0.000000000         0.000000000
          68           0.443806502    0    0
         0.000000000         0.000000000         0.000000000         0.000000000
         0.000000000         0.000000000         0.000000000         0.000000000
         0.000000000         0.000000000         0.000000000         0.000000000
         0.000000000         0.000000000         0.000000000         0.000000000
         0.000000000         0.000000000         0.000000000         0.000000000
         0.000000000         0.000000000         0.000000000         0.000000000
         0.000000000         0.000000000         0.000000000         0.000000000
         0.000000000         0.000000000         0.000000000         0.000000000
         0.000000000         0.000000000         0.000000000         0.000000000
         0.000000000         0.000000000         0.000000000         0.000000000
         0.000000000         0.000000000         0.000000000         0.000000000
         0.000000000         0.000000000         0.000000000         0.000000000
         0.000000000         0.000000000         0.000000000         0.000000000
         0.000000000         0.000000000        -0.000002138        -0.000002540
         0.076860036         0.000008100         0.000004072         0.100749417
        -0.000003017         0.000002405        -0.013301949         0.000003147
         0.000000847         0.269915398        -0.000004831        -0.000007287
        -0.087442397        -0.000003730         0.000005062        -0.346825836
        -0.000007691        -0.000002542         0.437720866        -0.000001841
         0.000002268         0.000001472         0.000002942         0.233699918
        -0.000003542         0.000001733        -0.000006591        -0.207860581
        -0.000003610         0.000003352        -0.000003489        -0.000002138
        -0.571497381         0.000003729         0.000006140         0.000008581
        -0.229983495        -0.000001367         0.000005510         0.000001754
         0.337718224        -0.000002061         0.000003722         0.000000000
         0.000000000         0.000000000         0.000000000         0.000000000
         0.000000000         0.000000000         0.000000000         0.000000000
         0.000000000         0.000000000         0.000000000         0.000000000
         0.000000000         0.000000000         0.000000000         0.000000000
         0.000000000         0.000000000         0.000000000         0.000000000
         0.000000000         0.000000000         0.000000000         0.000000000
         0.000000000         0.000000000
          69           0.443805789    0    0
         0.000000000         0.000000000         0.000000000         0.000000000
         0.000000000         0.000000000         0.000000000         0.000000000
         0.000000000         0.000000000         0.000000000         0.000000000
         0.000000000         0.000000000         0.000000000         0.000000000
         0.000000000         0.000000000         0.000000000         0.000000000
         0.000000000         0.000000000         0.000000000         0.000000000
         0.000000000         0.000000000         0.000000000         0.000000000
         0.000000000         0.000000000         0.000000000         0.000000000
         0.000000000         0.000000000         0.000000000         0.000000000
         0.000000000         0.000000000         0.000000000         0.000000000
         0.000000000         0.000000000         0.000000000         0.000000000
         0.000000000         0.000000000         0.000000000         0.000000000
         0.000000000         0.000000000         0.000000000         0.000000000
         0.000000000         0.000000000        -0.000003235         0.000000513
        -0.356058767        -0.000003254        -0.000004071        -0.042808984
         0.000010506         0.000007673         0.108649692        -0.000000627
        -0.000003842         0.244628257        -0.000004876        -0.000002392
        -0.065844077         0.000005814         0.000000876         0.111478817
         0.000001189        -0.000010166         0.012821871        -0.000007318
         0.000005017        -0.000005164        -0.000008597        -0.524908193
         0.000002479         0.000008835         0.000007800        -0.385456356
         0.000004439        -0.000002497         0.000003775        -0.000000467
         0.060084215         0.000001952        -0.000007599         0.000000248
         0.372770402        -0.000006197         0.000001095         0.000002374
         0.464910030        -0.000001154        -0.000000679         0.000000000
         0.000000000         0.000000000         0.000000000         0.000000000
         0.000000000         0.000000000         0.000000000         0.000000000
         0.000000000         0.000000000         0.000000000         0.000000000
         0.000000000         0.000000000         0.000000000         0.000000000
         0.000000000         0.000000000         0.000000000         0.000000000
         0.000000000         0.000000000         0.000000000         0.000000000
         0.000000000         0.000000000
          70           0.431341843    0    0
         0.000000000         0.000000000         0.000000000         0.000000000
         0.000000000         0.000000000         0.000000000         0.000000000
         0.000000000         0.000000000         0.000000000         0.000000000
         0.000000000         0.000000000         0.000000000         0.000000000
         0.000000000         0.000000000         0.000000000         0.000000000
         0.000000000         0.000000000         0.000000000         0.000000000
         0.000000000         0.000000000         0.000000000         0.000000000
         0.000000000         0.000000000         0.000000000         0.000000000
         0.000000000         0.000000000         0.000000000         0.000000000
         0.000000000         0.000000000         0.000000000         0.000000000
         0.000000000         0.000000000         0.000000000         0.000000000
         0.000000000         0.000000000         0.000000000         0.000000000
         0.000000000         0.000000000         0.000000000         0.000000000
         0.000000000         0.000000000        -0.000000996        -0.000002231
        -0.177273435        -0.000006819        -0.000003005         0.009175953
         0.000002987         0.000000104         0.009201361        -0.000005106
        -0.000001873        -0.177231167        -0.000003703        -0.000001573
         0.009188951         0.000002616         0.000000565        -0.177188878
         0.000002083         0.000000776        -0.464135938        -0.000003413
        -0.000000369        -0.000004087        -0.000000155        -0.294095983
         0.000005796         0.000001716         0.000009795        -0.464117765
         0.000000856        -0.000006064        -0.000007846        -0.000003217
        -0.293969432         0.000000070        -0.000004680         0.000003332
        -0.464039579         0.000001680        -0.000012262        -0.000001503
        -0.294012534        -0.000003486        -0.000004044         0.000000000
         0.000000000         0.000000000         0.000000000         0.000000000
         0.000000000         0.000000000         0.000000000         0.000000000
         0.000000000         0.000000000         0.000000000         0.000000000
         0.000000000         0.000000000         0.000000000         0.000000000
         0.000000000         0.000000000         0.000000000         0.000000000
         0.000000000         0.000000000         0.000000000         0.000000000
         0.000000000         0.000000000
          71           0.394981048    0    0
         0.000000000         0.000000000         0.000000000         0.000000000
         0.000000000         0.000000000         0.000000000         0.000000000
         0.000000000         0.000000000         0.000000000         0.000000000
         0.000000000         0.000000000         0.000000000         0.000000000
         0.000000000         0.000000000         0.000000000         0.000000000
         0.000000000         0.000000000         0.000000000         0.000000000
         0.000000000         0.000000000         0.000000000         0.000000000
         0.000000000         0.000000000         0.000000000         0.000000000
         0.000000000         0.000000000         0.000000000         0.000000000
         0.000000000         0.000000000         0.000000000         0.000000000
         0.000000000         0.000000000         0.000000000         0.000000000
         0.000000000         0.000000000         0.000000000         0.000000000
         0.000000000         0.000000000         0.000000000         0.000000000
         0.000000000         0.000000000         0.169422717         0.041362723
        -0.000001436         0.080268037         0.114472591         0.000001114
         0.080299694         0.114481186         0.000000619         0.169411194
         0.041389574        -0.000001934         0.080263658         0.114473865
        -0.000000094         0.169434966         0.041397201        -0.000001842
         0.206254636        -0.250860989        -0.000005481         0.199109350
        -0.019707494         0.127455329        -0.250764371        -0.000001272
        -0.242350650         0.206263643        -0.250832999        -0.000002517
         0.199125428        -0.019725512         0.127438463        -0.250789176
        -0.000002938        -0.242364890         0.206226074        -0.250853622
        -0.000007892        -0.242365939         0.127412722        -0.250785141
        -0.000002651        -0.019725798         0.199105862         0.000000000
         0.000000000         0.000000000         0.000000000         0.000000000
         0.000000000         0.000000000         0.000000000         0.000000000
         0.000000000         0.000000000         0.000000000         0.000000000
         0.000000000         0.000000000         0.000000000         0.000000000
         0.000000000         0.000000000         0.000000000         0.000000000
         0.000000000         0.000000000         0.000000000         0.000000000
         0.000000000         0.000000000
          72           0.388461451    0    0
         0.000000000         0.000000000         0.000000000         0.000000000
         0.000000000         0.000000000         0.000000000         0.000000000
         0.000000000         0.000000000         0.000000000         0.000000000
         0.000000000         0.000000000         0.000000000         0.000000000
         0.000000000         0.000000000         0.000000000         0.000000000
         0.000000000         0.000000000         0.000000000         0.000000000
         0.000000000         0.000000000         0.000000000         0.000000000
         0.000000000         0.000000000         0.000000000         0.000000000
         0.000000000         0.000000000         0.000000000         0.000000000
         0.000000000         0.000000000         0.000000000         0.000000000
         0.000000000         0.000000000         0.000000000         0.000000000
         0.000000000         0.000000000         0.000000000         0.000000000
         0.000000000         0.000000000         0.000000000         0.000000000
         0.000000000         0.000000000        -0.253880509        -0.091195672
         0.000003985         0.227717222         0.043455878         0.000002202
         0.046317764         0.076441485        -0.000005872         0.169892981
        -0.002676401        -0.000003691        -0.274035021        -0.119908517
         0.000003414         0.083964091         0.093920575        -0.000000210
        -0.299193775        -0.234840567        -0.000010953        -0.205685810
         0.063880171        -0.150362668         0.130380310         0.000003459
         0.057932038         0.325665788         0.024797767         0.000011391
         0.065591011         0.158402623         0.337353185         0.099323022
         0.000001177         0.101915113        -0.026481167         0.210061270
         0.000001988        -0.159833272        -0.187002557        -0.229693976
        -0.000006226        -0.222282722         0.140086335         0.000000000
         0.000000000         0.000000000         0.000000000         0.000000000
         0.000000000         0.000000000         0.000000000         0.000000000
         0.000000000         0.000000000         0.000000000         0.000000000
         0.000000000         0.000000000         0.000000000         0.000000000
         0.000000000         0.000000000         0.000000000         0.000000000
         0.000000000         0.000000000         0.000000000         0.000000000
         0.000000000         0.000000000
          73           0.388458476    0    0
         0.000000000         0.000000000         0.000000000         0.000000000
         0.000000000         0.000000000         0.000000000         0.000000000
         0.000000000         0.000000000         0.000000000         0.000000000
         0.000000000         0.000000000         0.000000000         0.000000000
         0.000000000         0.000000000         0.000000000         0.000000000
         0.000000000         0.000000000         0.000000000         0.000000000
         0.000000000         0.000000000         0.000000000         0.000000000
         0.000000000         0.000000000         0.000000000         0.000000000
         0.000000000         0.000000000         0.000000000         0.000000000
         0.000000000         0.000000000         0.000000000         0.000000000
         0.000000000         0.000000000         0.000000000         0.000000000
         0.000000000         0.000000000         0.000000000         0.000000000
         0.000000000         0.000000000         0.000000000         0.000000000
         0.000000000         0.000000000         0.049614659        -0.055782055
        -0.000006146         0.184955333         0.113371980        -0.000005708
        -0.289693281        -0.094283415         0.000001607         0.195052576
         0.106908839        -0.000005180         0.104737521        -0.019043992
         0.000003768        -0.244648992        -0.051121365         0.000002311
        -0.203301420         0.106944165        -0.000012665         0.043025463
        -0.219794184        -0.302724470        -0.189980078        -0.000010284
        -0.151132813        -0.157437438        -0.256876788        -0.000016559
        -0.199617743         0.165211137         0.021158673         0.207876506
         0.000000696         0.125715053         0.360774876         0.149891699
         0.000009314         0.025378017         0.281588344        -0.017947877
        -0.000003963         0.054572405         0.156631261         0.000000000
         0.000000000         0.000000000         0.000000000         0.000000000
         0.000000000         0.000000000         0.000000000         0.000000000
         0.000000000         0.000000000         0.000000000         0.000000000
         0.000000000         0.000000000         0.000000000         0.000000000
         0.000000000         0.000000000         0.000000000         0.000000000
         0.000000000         0.000000000         0.000000000         0.000000000
         0.000000000         0.000000000
          74           0.278112597    0    0
         0.000000000         0.000000000         0.000000000         0.000000000
         0.000000000         0.000000000         0.000000000         0.000000000
         0.000000000         0.000000000         0.000000000         0.000000000
         0.000000000         0.000000000         0.000000000         0.000000000
         0.000000000         0.000000000         0.000000000         0.000000000
         0.000000000         0.000000000         0.000000000         0.000000000
         0.000000000         0.000000000         0.000000000         0.000000000
         0.000000000         0.000000000         0.000000000         0.000000000
         0.000000000         0.000000000         0.000000000         0.000000000
         0.000000000         0.000000000         0.000000000         0.000000000
         0.000000000         0.000000000         0.000000000         0.000000000
         0.000000000         0.000000000         0.000000000         0.000000000
         0.000000000         0.000000000         0.000000000         0.000000000
         0.000000000         0.000000000         0.226980442         0.158675011
         0.000001712         0.158454720        -0.185620704         0.000000497
         0.060015364         0.309987316        -0.000000604         0.019659959
        -0.273630523        -0.000003064        -0.218444237        -0.124372253
         0.000000784        -0.246605304         0.114919738         0.000001194
         0.266975097        -0.186191639        -0.000003390         0.222555670
        -0.007425230         0.199845714        -0.220835662         0.000000648
        -0.144341363        -0.118322308        -0.090593472         0.000003196
        -0.168569107         0.102269942        -0.046988022         0.190821913
         0.000001673         0.216219802        -0.148653029         0.276792721
        -0.000000863        -0.071873708        -0.152854094         0.030020380
        -0.000001313        -0.094845282        -0.053988324         0.000000000
         0.000000000         0.000000000         0.000000000         0.000000000
         0.000000000         0.000000000         0.000000000         0.000000000
         0.000000000         0.000000000         0.000000000         0.000000000
         0.000000000         0.000000000         0.000000000         0.000000000
         0.000000000         0.000000000         0.000000000         0.000000000
         0.000000000         0.000000000         0.000000000         0.000000000
         0.000000000         0.000000000
          75           0.278110632    0    0
         0.000000000         0.000000000         0.000000000         0.000000000
         0.000000000         0.000000000         0.000000000         0.000000000
         0.000000000         0.000000000         0.000000000         0.000000000
         0.000000000         0.000000000         0.000000000         0.000000000
         0.000000000         0.000000000         0.000000000         0.000000000
         0.000000000         0.000000000         0.000000000         0.000000000
         0.000000000         0.000000000         0.000000000         0.000000000
         0.000000000         0.000000000         0.000000000         0.000000000
         0.000000000         0.000000000         0.000000000         0.000000000
         0.000000000         0.000000000         0.000000000         0.000000000
         0.000000000         0.000000000         0.000000000         0.000000000
         0.000000000         0.000000000         0.000000000         0.000000000
         0.000000000         0.000000000         0.000000000         0.000000000
         0.000000000         0.000000000        -0.153688534         0.224357343
         0.000003973        -0.160747652        -0.250781697        -0.000000397
         0.217600837        -0.035382515        -0.000001576         0.273411508
         0.025295128        -0.000000058        -0.056850991         0.286145246
         0.000000603        -0.119688588        -0.249614299        -0.000002523
         0.017511741        -0.212109057         0.000002062        -0.066154676
         0.113805682         0.061116802         0.092838530         0.000000812
         0.166329139        -0.239960716         0.267300819         0.000000133
        -0.159662856        -0.050469952        -0.203624755         0.144835733
        -0.000001579         0.041838890         0.222449443        -0.055195210
        -0.000000825        -0.208170808         0.142505088        -0.237676298
        -0.000000172        -0.063332519         0.225815779         0.000000000
         0.000000000         0.000000000         0.000000000         0.000000000
         0.000000000         0.000000000         0.000000000         0.000000000
         0.000000000         0.000000000         0.000000000         0.000000000
         0.000000000         0.000000000         0.000000000         0.000000000
         0.000000000         0.000000000         0.000000000         0.000000000
         0.000000000         0.000000000         0.000000000         0.000000000
         0.000000000         0.000000000
          76           0.213994344    0    0
         0.000000000         0.000000000         0.000000000         0.000000000
         0.000000000         0.000000000         0.000000000         0.000000000
         0.000000000         0.000000000         0.000000000         0.000000000
         0.000000000         0.000000000         0.000000000         0.000000000
         0.000000000         0.000000000         0.000000000         0.000000000
         0.000000000         0.000000000         0.000000000         0.000000000
         0.000000000         0.000000000         0.000000000         0.000000000
         0.000000000         0.000000000         0.000000000         0.000000000
         0.000000000         0.000000000         0.000000000         0.000000000
         0.000000000         0.000000000         0.000000000         0.000000000
         0.000000000         0.000000000         0.000000000         0.000000000
         0.000000000         0.000000000         0.000000000         0.000000000
         0.000000000         0.000000000         0.000000000         0.000000000
         0.000000000         0.000000000         0.000000966        -0.000000794
         0.263823401         0.000003418         0.000001164        -0.022312895
         0.000000706        -0.000005427        -0.333574478         0.000002015
         0.000002695         0.011377302        -0.000003842         0.000002426
         0.355890667        -0.000003458        -0.000001218        -0.275197533
         0.000007427         0.000004889        -0.448845380         0.000005414
        -0.000000251         0.000007285         0.000006125         0.163609710
         0.000000314         0.000001057        -0.000000802        -0.104066370
        -0.000001319        -0.000000601        -0.000005800        -0.000006274
        -0.252031212        -0.000003423        -0.000010668        -0.000009618
         0.552907739         0.000001863        -0.000000268         0.000001855
         0.088426816        -0.000001483        -0.000000431         0.000000000
         0.000000000         0.000000000         0.000000000         0.000000000
         0.000000000         0.000000000         0.000000000         0.000000000
         0.000000000         0.000000000         0.000000000         0.000000000
         0.000000000         0.000000000         0.000000000         0.000000000
         0.000000000         0.000000000         0.000000000         0.000000000
         0.000000000         0.000000000         0.000000000         0.000000000
         0.000000000         0.000000000
          77           0.213992783    0    0
         0.000000000         0.000000000         0.000000000         0.000000000
         0.000000000         0.000000000         0.000000000         0.000000000
         0.000000000         0.000000000         0.000000000         0.000000000
         0.000000000         0.000000000         0.000000000         0.000000000
         0.000000000         0.000000000         0.000000000         0.000000000
         0.000000000         0.000000000         0.000000000         0.000000000
         0.000000000         0.000000000         0.000000000         0.000000000
         0.000000000         0.000000000         0.000000000         0.000000000
         0.000000000         0.000000000         0.000000000         0.000000000
         0.000000000         0.000000000         0.000000000         0.000000000
         0.000000000         0.000000000         0.000000000         0.000000000
         0.000000000         0.000000000         0.000000000         0.000000000
         0.000000000         0.000000000         0.000000000         0.000000000
         0.000000000         0.000000000         0.000003819         0.000001207
         0.165457542         0.000004234        -0.000002698        -0.398064219
        -0.000003544         0.000000994         0.218353167         0.000000103
        -0.000000583        -0.311205013         0.000000585         0.000004006
         0.179707883        -0.000003028        -0.000001780         0.145752262
        -0.000003075        -0.000002202         0.379303783         0.000002360
         0.000002287         0.000006320         0.000004710         0.196566489
         0.000001094         0.000011971         0.000005988        -0.578360255
         0.000001538         0.000001232         0.000004270         0.000001253
         0.043407478        -0.000000715        -0.000006967        -0.000004569
         0.199055050        -0.000001712        -0.000008257        -0.000006722
        -0.239970657        -0.000001442        -0.000002239         0.000000000
         0.000000000         0.000000000         0.000000000         0.000000000
         0.000000000         0.000000000         0.000000000         0.000000000
         0.000000000         0.000000000         0.000000000         0.000000000
         0.000000000         0.000000000         0.000000000         0.000000000
         0.000000000         0.000000000         0.000000000         0.000000000
         0.000000000         0.000000000         0.000000000         0.000000000
         0.000000000         0.000000000
          78           1.066750682    0    0
         0.000000000         0.000000000         0.000000000         0.000000000
         0.000000000         0.000000000         0.000000000         0.000000000
         0.000000000         0.000000000         0.000000000         0.000000000
         0.000000000         0.000000000         0.000000000         0.000000000
         0.000000000         0.000000000         0.000000000         0.000000000
         0.000000000         0.000000000         0.000000000         0.000000000
         0.000000000         0.000000000         0.000000000         0.000000000
         0.000000000         0.000000000         0.000000000         0.000000000
         0.000000000         0.000000000         0.000000000         0.000000000
         0.000000000         0.000000000         0.000000000         0.000000000
         0.000000000         0.000000000         0.000000000         0.000000000
         0.000000000         0.000000000         0.000000000         0.000000000
         0.000000000         0.000000000         0.000000000         0.000000000
         0.000000000         0.000000000         0.000000000         0.000000000
         0.000000000         0.000000000         0.000000000         0.000000000
         0.000000000         0.000000000         0.000000000         0.000000000
         0.000000000         0.000000000         0.000000000         0.000000000
         0.000000000         0.000000000         0.000000000         0.000000000
         0.000000000         0.000000000         0.000000000         0.000000000
         0.000000000         0.000000000         0.000000000         0.000000000
         0.000000000         0.000000000         0.000000000         0.000000000
         0.000000000         0.000000000         0.000000000         0.000000000
         0.000000000         0.000000000         0.000000000         0.000000000
         0.000000000         0.000000000         0.000000000         0.000000000
         0.000000000         0.000000000         0.000000000         0.152765090
        -0.106002763         0.105681107        -0.008491226         0.105681843
        -0.008492596        -0.106005395         0.152770939         0.105683224
        -0.008491202        -0.106004471         0.152765682        -0.283975138
         0.127486521         0.288067373        -0.290728886        -0.152016882
         0.127483164        -0.283976821         0.288069771        -0.290730610
        -0.152017466         0.127483849        -0.283984914        -0.152021553
        -0.290742017         0.288079642
          79           0.873002804    0    0
         0.000000000         0.000000000         0.000000000         0.000000000
         0.000000000         0.000000000         0.000000000         0.000000000
         0.000000000         0.000000000         0.000000000         0.000000000
         0.000000000         0.000000000         0.000000000         0.000000000
         0.000000000         0.000000000         0.000000000         0.000000000
         0.000000000         0.000000000         0.000000000         0.000000000
         0.000000000         0.000000000         0.000000000         0.000000000
         0.000000000         0.000000000         0.000000000         0.000000000
         0.000000000         0.000000000         0.000000000         0.000000000
         0.000000000         0.000000000         0.000000000         0.000000000
         0.000000000         0.000000000         0.000000000         0.000000000
         0.000000000         0.000000000         0.000000000         0.000000000
         0.000000000         0.000000000         0.000000000         0.000000000
         0.000000000         0.000000000         0.000000000         0.000000000
         0.000000000         0.000000000         0.000000000         0.000000000
         0.000000000         0.000000000         0.000000000         0.000000000
         0.000000000         0.000000000         0.000000000         0.000000000
         0.000000000         0.000000000         0.000000000         0.000000000
         0.000000000         0.000000000         0.000000000         0.000000000
         0.000000000         0.000000000         0.000000000         0.000000000
         0.000000000         0.000000000         0.000000000         0.000000000
         0.000000000         0.000000000         0.000000000         0.000000000
         0.000000000         0.000000000         0.000000000         0.000000000
         0.000000000         0.000000000         0.000000000         0.000000000
         0.000000000         0.000000000         0.000000000        -0.114134646
         0.075086858         0.017452656         0.004612999        -0.093141413
        -0.084697337        -0.093447041         0.221745523         0.075682409
         0.080084944         0.018367133        -0.107619225         0.178825565
         0.133874845        -0.183029734         0.201434390         0.072590501
        -0.044729168         0.192247101        -0.239099960         0.270597057
         0.096652951        -0.089152934        -0.371058362        -0.169235022
        -0.472018854         0.422116491
          80           0.872998228    0    0
         0.000000000         0.000000000         0.000000000         0.000000000
         0.000000000         0.000000000         0.000000000         0.000000000
         0.000000000         0.000000000         0.000000000         0.000000000
         0.000000000         0.000000000         0.000000000         0.000000000
         0.000000000         0.000000000         0.000000000         0.000000000
         0.000000000         0.000000000         0.000000000         0.000000000
         0.000000000         0.000000000         0.000000000         0.000000000
         0.000000000         0.000000000         0.000000000         0.000000000
         0.000000000         0.000000000         0.000000000         0.000000000
         0.000000000         0.000000000         0.000000000         0.000000000
         0.000000000         0.000000000         0.000000000         0.000000000
         0.000000000         0.000000000         0.000000000         0.000000000
         0.000000000         0.000000000         0.000000000         0.000000000
         0.000000000         0.000000000         0.000000000         0.000000000
         0.000000000         0.000000000         0.000000000         0.000000000
         0.000000000         0.000000000         0.000000000         0.000000000
         0.000000000         0.000000000         0.000000000         0.000000000
         0.000000000         0.000000000         0.000000000         0.000000000
         0.000000000         0.000000000         0.000000000         0.000000000
         0.000000000         0.000000000         0.000000000         0.000000000
         0.000000000         0.000000000         0.000000000         0.000000000
         0.000000000         0.000000000         0.000000000         0.000000000
         0.000000000         0.000000000         0.000000000         0.000000000
         0.000000000         0.000000000         0.000000000         0.000000000
         0.000000000         0.000000000         0.000000000        -0.190159935
         0.064555789        -0.097471083         0.095137686         0.033619175
        -0.043573729         0.032748052        -0.003762108         0.063851432
        -0.051564267        -0.097303594         0.193920225         0.325226359
         0.025647274        -0.381753937         0.428749927         0.153511689
        -0.128766129        -0.317474062         0.349380180        -0.388816826
        -0.139617783         0.103117301        -0.007747874        -0.013891920
        -0.039930257         0.032370981
          81           0.187479180    0    0
         0.000000000         0.000000000         0.000000000         0.000000000
         0.000000000         0.000000000         0.000000000         0.000000000
         0.000000000         0.000000000         0.000000000         0.000000000
         0.000000000         0.000000000         0.000000000         0.000000000
         0.000000000         0.000000000         0.000000000         0.000000000
         0.000000000         0.000000000         0.000000000         0.000000000
         0.000000000         0.000000000         0.000000000         0.000000000
         0.000000000         0.000000000         0.000000000         0.000000000
         0.000000000         0.000000000         0.000000000         0.000000000
         0.000000000         0.000000000         0.000000000         0.000000000
         0.000000000         0.000000000         0.000000000         0.000000000
         0.000000000         0.000000000         0.000000000         0.000000000
         0.000000000         0.000000000         0.000000000         0.000000000
         0.000000000         0.000000000         0.000000000         0.000000000
         0.000000000         0.000000000         0.000000000         0.000000000
         0.000000000         0.000000000         0.000000000         0.000000000
         0.000000000         0.000000000         0.000000000         0.000000000
         0.000000000         0.000000000         0.000000000         0.000000000
         0.000000000         0.000000000         0.000000000         0.000000000
         0.000000000         0.000000000         0.000000000         0.000000000
         0.000000000         0.000000000         0.000000000         0.000000000
         0.000000000         0.000000000         0.000000000         0.000000000
         0.000000000         0.000000000         0.000000000         0.000000000
         0.000000000         0.000000000         0.000000000         0.000000000
         0.000000000         0.000000000         0.000000000        -0.212743115
        -0.035358060         0.036022428         0.265803428         0.036021661
         0.265803834        -0.035357874        -0.212743958         0.036021834
         0.265805799        -0.035357232        -0.212742202        -0.252383435
        -0.268574393         0.122164589         0.024449143         0.252035719
        -0.268574752        -0.252382904         0.122165175         0.024448039
         0.252035868        -0.268576066        -0.252383490         0.252036406
         0.024449585         0.122164461
          82           0.111165899    0    0
         0.000000000         0.000000000         0.000000000         0.000000000
         0.000000000         0.000000000         0.000000000         0.000000000
         0.000000000         0.000000000         0.000000000         0.000000000
         0.000000000         0.000000000         0.000000000         0.000000000
         0.000000000         0.000000000         0.000000000         0.000000000
         0.000000000         0.000000000         0.000000000         0.000000000
         0.000000000         0.000000000         0.000000000         0.000000000
         0.000000000         0.000000000         0.000000000         0.000000000
         0.000000000         0.000000000         0.000000000         0.000000000
         0.000000000         0.000000000         0.000000000         0.000000000
         0.000000000         0.000000000         0.000000000         0.000000000
         0.000000000         0.000000000         0.000000000         0.000000000
         0.000000000         0.000000000         0.000000000         0.000000000
         0.000000000         0.000000000         0.000000000         0.000000000
         0.000000000         0.000000000         0.000000000         0.000000000
         0.000000000         0.000000000         0.000000000         0.000000000
         0.000000000         0.000000000         0.000000000         0.000000000
         0.000000000         0.000000000         0.000000000         0.000000000
         0.000000000         0.000000000         0.000000000         0.000000000
         0.000000000         0.000000000         0.000000000         0.000000000
         0.000000000         0.000000000         0.000000000         0.000000000
         0.000000000         0.000000000         0.000000000         0.000000000
         0.000000000         0.000000000         0.000000000         0.000000000
         0.000000000         0.000000000         0.000000000         0.000000000
         0.000000000         0.000000000         0.000000000        -0.299993933
         0.193047197         0.068718690         0.018354336        -0.263565765
         0.307134097        -0.264235450         0.075227427         0.194849066
        -0.325492363         0.071188178         0.224768477        -0.310002459
        -0.162917261         0.119283286         0.093537946         0.193119813
        -0.121432736         0.157624874        -0.127004467         0.020908346
        -0.260788736         0.284339931         0.152389019         0.067678566
        -0.114461809         0.007724685
          83           0.111165475    0    0
         0.000000000         0.000000000         0.000000000         0.000000000
         0.000000000         0.000000000         0.000000000         0.000000000
         0.000000000         0.000000000         0.000000000         0.000000000
         0.000000000         0.000000000         0.000000000         0.000000000
         0.000000000         0.000000000         0.000000000         0.000000000
         0.000000000         0.000000000         0.000000000         0.000000000
         0.000000000         0.000000000         0.000000000         0.000000000
         0.000000000         0.000000000         0.000000000         0.000000000
         0.000000000         0.000000000         0.000000000         0.000000000
         0.000000000         0.000000000         0.000000000         0.000000000
         0.000000000         0.000000000         0.000000000         0.000000000
         0.000000000         0.000000000         0.000000000         0.000000000
         0.000000000         0.000000000         0.000000000         0.000000000
         0.000000000         0.000000000         0.000000000         0.000000000
         0.000000000         0.000000000         0.000000000         0.000000000
         0.000000000         0.000000000         0.000000000         0.000000000
         0.000000000         0.000000000         0.000000000         0.000000000
         0.000000000         0.000000000         0.000000000         0.000000000
         0.000000000         0.000000000         0.000000000         0.000000000
         0.000000000         0.000000000         0.000000000         0.000000000
         0.000000000         0.000000000         0.000000000         0.000000000
         0.000000000         0.000000000         0.000000000         0.000000000
         0.000000000         0.000000000         0.000000000         0.000000000
         0.000000000         0.000000000         0.000000000         0.000000000
         0.000000000         0.000000000         0.000000000        -0.086339069
        -0.193657270         0.264666068         0.365245705        -0.072820078
        -0.198518091        -0.070355113         0.302972253        -0.191845932
        -0.166726452         0.264012787        -0.216635801        -0.003024614
         0.234273424         0.077785837        -0.078154040         0.189640139
        -0.258223172        -0.266963117         0.064408525         0.120090386
         0.072423200         0.023952623         0.269982785        -0.262065443
        -0.041931557        -0.142194315
          84           0.102857028    0    0
         0.000000000         0.000000000         0.000000000         0.000000000
         0.000000000         0.000000000         0.000000000         0.000000000
         0.000000000         0.000000000         0.000000000         0.000000000
         0.000000000         0.000000000         0.000000000         0.000000000
         0.000000000         0.000000000         0.000000000         0.000000000
         0.000000000         0.000000000         0.000000000         0.000000000
         0.000000000         0.000000000         0.000000000         0.000000000
         0.000000000         0.000000000         0.000000000         0.000000000
         0.000000000         0.000000000         0.000000000         0.000000000
         0.000000000         0.000000000         0.000000000         0.000000000
         0.000000000         0.000000000         0.000000000         0.000000000
         0.000000000         0.000000000         0.000000000         0.000000000
         0.000000000         0.000000000         0.000000000         0.000000000
         0.000000000         0.000000000         0.000000000         0.000000000
         0.000000000         0.000000000         0.000000000         0.000000000
         0.000000000         0.000000000         0.000000000         0.000000000
         0.000000000         0.000000000         0.000000000         0.000000000
         0.000000000         0.000000000         0.000000000         0.000000000
         0.000000000         0.000000000         0.000000000         0.000000000
         0.000000000         0.000000000         0.000000000         0.000000000
         0.000000000         0.000000000         0.000000000         0.000000000
         0.000000000         0.000000000         0.000000000         0.000000000
         0.000000000         0.000000000         0.000000000         0.000000000
         0.000000000         0.000000000         0.000000000         0.000000000
         0.000000000         0.000000000         0.000000000         0.103490747
         0.014632046        -0.009318791        -0.071661536        -0.009319799
        -0.071670646         0.014641544         0.103483981        -0.009323880
        -0.071660353         0.014637702         0.103483547         0.285365035
        -0.252843090         0.073113519        -0.364885476         0.182585588
        -0.252846290         0.285357232         0.073115717        -0.364883458
         0.182592021        -0.252851220         0.285360457         0.182588542
        -0.364883413         0.073112452
$user-defined bonds
$end
