$coord
    0.02655291983840      0.14162571400173     -0.14514948632172      ti
    0.97263410374648     -2.58956655304806      1.94546417209295       o
   -2.78989982190231     -1.21083446074194     -1.91297845706035       o
   -4.32716822045550     -0.72969261285622     -0.85108181661872       h
   -1.06390844288270      2.83095620083799      2.02906055395125       o
   -0.93938682908233      2.20953487984761      3.80396201371481       h
    2.83244076968799      0.64107655147114     -1.94221705567881       o
    3.62077309622856      2.24847665524060     -2.27946136080585       h
    0.66377254027232     -4.12611609978031      3.00364844554652       h
$end
