$coord
   -0.00081050353839      0.13170880920157      0.01939784978146      ti
    0.99207692900990     -2.54641031043351      1.83096679953708       o
   -2.57320171370988     -1.00391625220504     -1.81943909218125       o
   -3.93649304275680     -0.19710467175621     -2.46237211060534       h
   -1.05095852763926      2.52438196187508      1.73864857568506       o
   -0.59212338497135      2.15410883442485      3.65258550184001       h
    2.72941913701930      0.60578270340507     -1.89128969228799       o
    2.34070984141664      1.86393817418583     -3.14941738409460       h
    0.63491075304476     -3.64387386436741      3.17988713928863       h
$end
