$coord
   -0.10842190303863      0.08830576835407      0.03599663721489      ti
    1.33765851686262     -2.82303692553291      1.99865693917186       o
   -2.58036131910955     -0.83324714829438     -2.09044396100793       o
   -3.50179291534027     -2.32221906017897     -3.07872613097039       h
   -0.81825122656687      2.64114908448915      1.90116785770243       o
   -0.64049375993176      4.36755752606628      1.80297617605678       h
    2.33138158630688      0.75027532092300     -1.97912132835532       o
    4.08808914080825      1.14856344932064     -2.00129442993553       h
    0.44414138814905     -2.72963456579845      3.57774176451139       h
$end
