$coord
   -0.25769819393120      0.11220135811268     -0.06399862488120      ti
    1.65376143482666     -2.79316708110062      2.24878713941873      o
   -2.80600663423954     -0.63731044749410     -1.93456992700843      o
   -3.13649954080273     -0.81247829143536     -5.50783362682757      h
   -0.58122497184285      2.68147090768556      2.07883046019907      o
   -2.24520297156526      3.68591638415906      2.44640436860103      h
    2.51226989166947      0.46586760995665     -2.07492593796570      o
    4.24286022877930      0.85870898238715     -1.51877781013142      h
    1.02317784261431     -4.56985924640741      2.57199007802981      h
$redundant
     number_of_atoms             9
     degrees_of_freedom         21
     internal_coordinates       21
     frozen_coordinates          0
# definitions of redundant internals
   1 k  1.0000000000000 tors    4    3    1    2 val= 103.27352
        1.0000000000000 tors    4    3    1    5
        1.0000000000000 tors    4    3    1    7
   2 k  1.0000000000000 stre    3    4           val=   2.07252
   3 k  1.0000000000000 bend    1    4    3      val= 113.59152
   4 k  1.0000000000000 tors    6    5    1    2 val=  88.04629
        1.0000000000000 tors    6    5    1    3
        1.0000000000000 tors    6    5    1    7
   5 k  1.0000000000000 stre    5    6           val=   2.02672
   6 k  1.0000000000000 bend    1    6    5      val= 112.54358
   7 k  1.0000000000000 tors    8    7    1    2 val=  95.83890
        1.0000000000000 tors    8    7    1    3
        1.0000000000000 tors    8    7    1    5
   8 k  1.0000000000000 stre    7    8           val=   1.88083
   9 k  1.0000000000000 bend    1    8    7      val= 144.68183
  10 k  1.0000000000000 tors    9    2    1    3 val= 127.75701
        1.0000000000000 tors    9    2    1    5
        1.0000000000000 tors    9    2    1    7
  11 k  1.0000000000000 stre    2    9           val=   1.72281
  12 k  1.0000000000000 bend    1    9    2      val= 124.99371
  13 k  1.0000000000000 stre    1    7           val=   3.36068
  14 k  1.0000000000000 stre    1    2           val=   3.49002
  15 k  1.0000000000000 stre    1    3           val=   3.55667
  16 k  1.0000000000000 stre    1    5           val=   3.60475
  17 k  0.4001472686295 bend    2    7    1      val=   2.82440
       -0.3432483638938 bend    3    7    1
       -0.4664153743162 bend    3    2    1
        0.4700375838786 bend    5    7    1
        0.4989914670059 bend    5    2    1
       -0.1859881939559 bend    5    3    1
  18 k -0.3165744422269 bend    2    7    1      val=   2.08523
        0.2832249145644 bend    3    7    1
       -0.6093498930887 bend    3    2    1
        0.2494487326768 bend    5    7    1
       -0.1293450703885 bend    5    2    1
        0.6077023618710 bend    5    3    1
  19 k  0.3256346864052 bend    2    7    1      val=  10.21585
        0.7378840101395 bend    3    7    1
       -0.1847062350775 bend    3    2    1
        0.1564171455091 bend    5    7    1
       -0.2514004188205 bend    5    2    1
       -0.4771837710164 bend    5    3    1
  20 k  0.6289227008401 bend    2    7    1      val=   5.88996
       -0.2974054214562 bend    3    7    1
        0.0203939642894 bend    3    2    1
        0.0721753620910 bend    5    7    1
       -0.6381096897002 bend    5    2    1
        0.3212430215502 bend    5    3    1
  21 k -0.3645431099707 bend    2    7    1      val=  12.01407
       -0.1295319508201 bend    3    7    1
        0.3412114792335 bend    3    2    1
        0.7892033786667 bend    5    7    1
       -0.2853890991661 bend    5    2    1
       -0.1720918658948 bend    5    3    1
        21 non zero eigenvalues  of BmBt
           1           9.064261097    1    0
         1
           2           4.450517398    2    0
         2
           3           3.338886209    3    0
         3
           4           3.165198432    4    0
         4
           5           2.862011749    5    0
         5
           6           2.493322910    6    0
         6
           7           2.314808248    7    0
         7
           8           2.127093497    8    0
         8
           9           2.071677035    9    0
         9
          10           1.828788427   10    0
        10
          11           1.585139038   11    0
        11
          12           1.236104835   12    0
        12
          13           0.820382584   13    0
        13
          14           0.679821933   14    0
        14
          15           0.569627020   15    0
        15
          16           0.265004540   16    0
        16
          17           0.124355139   17    0
        17
          18           0.109099938   18    0
        18
          19           0.088004337   19    0
        19
          20           0.078183405   20    0
        20
          21           0.063762182   21    0
        21
$user-defined bonds
$end
