$energy      SCF               SCFKIN            SCFPOT            excitation
     1 -1152.054007273      1147.91293     -2299.96694     0.1708737425846
     2 -1152.070622761      1147.93967     -2300.01030     0.1701664209298
     3 -1152.072519678      1148.10226     -2300.17478     0.1686414762161
     4 -1152.050239872      1148.34162     -2300.39186     0.1667786412709
     5 -1152.046439556      1148.36333     -2300.40977     0.1652278716389
     6 -1152.068476802      1148.11554     -2300.18401     0.1641315688632
     7 -1152.071614527      1147.88693     -2299.95854     0.1629626967172
     8 -1152.053369679      1147.78255     -2299.83592     0.1612201942252
     9 -1152.037731755      1147.75230     -2299.79004     0.1588764082350
    10 -1152.045828050      1147.70919     -2299.75502     0.1560011069549
    11 -1152.062455237      1147.71993     -2299.78239     0.1526386333875
    12 -1152.064616336      1147.86810     -2299.93272     0.1486057595029
    13 -1152.039668788      1148.09795     -2300.13762     0.1446479803761
    14 -1152.032514347      1148.10380     -2300.13632     0.1415550907479
    15 -1152.057696680      1147.81804     -2299.87573     0.1396360435071
    16 -1152.059507323      1147.58674     -2299.64624     0.1381354847984
    17 -1152.039243100      1147.50908     -2299.54832     0.1363484847486
    18 -1152.023038896      1147.51555     -2299.53859     0.1341829449539
    19 -1152.032068466      1147.50283     -2299.53489     0.1316713326345
    20 -1152.051641212      1147.52841     -2299.58005     0.1287534791291
    21 -1152.057084880      1147.68538     -2299.74247     0.1253357099345
    22 -1152.032431841      1147.93542     -2299.96785     0.1219579955803
    23 -1152.022069143      1147.96961     -2299.99168     0.1194840875688
    24 -1152.049977413      1147.68776     -2299.73774     0.1182376177254
    25 -1152.051460126      1147.47826     -2299.52972     0.1173840958977
    26 -1152.030423161      1147.44400     -2299.47443     0.1162517680919
    27 -1152.012084473      1147.51473     -2299.52681     0.1146101318576
    28 -1152.018422991      1147.57107     -2299.58949     0.1122342753495
    29 -1152.038275962      1147.64379     -2299.68207     0.1090984259471
    30 -1152.041845866      1147.84078     -2299.88263     0.1055614784830
    31 -1152.012159105      1148.13084     -2300.14300     0.1024755730633
    32 -1151.997716937      1148.18879     -2300.18651     0.1008701700042
    33 -1152.025572453      1147.90839     -2299.93396     0.1008722806844
    34 -1152.026136212      1147.71158     -2299.73772     0.1014547193640
    35 -1152.006515436      1147.69585     -2299.70237     0.1019462584991
    36 -1151.989173271      1147.80724     -2299.79641     0.1017455467621
    37 -1151.993600198      1147.91900     -2299.91260     0.1003424247019
    38 -1152.015399343      1148.01205     -2300.02745     0.9795906232644E-01
    39 -1152.021168304      1148.19621     -2300.21738     0.9536407937536E-01
    40 -1151.993998745      1148.44697     -2300.44097     0.9345460563391E-01
    41 -1151.982038507      1148.44838     -2300.43042     0.9286380620775E-01
    42 -1152.012430336      1148.11012     -2300.12255     0.9326510273709E-01
    43 -1152.015458219      1147.86986     -2299.88532     0.9369341750563E-01
    44 -1152.000074022      1147.80832     -2299.80839     0.9376339620228E-01
    45 -1151.985951896      1147.88932     -2299.87527     0.9321622118845E-01
    46 -1151.988829594      1147.98904     -2299.97786     0.9177281381750E-01
    47 -1152.010806906      1148.05234     -2300.06315     0.8956046143805E-01
    48 -1152.018824880      1148.17799     -2300.19681     0.8711053965501E-01
    49 -1151.996857216      1148.35995     -2300.35681     0.8508042425121E-01
    50 -1151.976231577      1148.35861     -2300.33485     0.8388454987254E-01
    51 -1152.001566518      1148.01375     -2300.01532     0.8333878401289E-01
    52 -1152.007887187      1147.73197     -2299.73986     0.8290011521635E-01
    53 -1151.992548773      1147.63484     -2299.62739     0.8223822642305E-01
    54 -1151.975359884      1147.69942     -2299.67478     0.8138772525519E-01
    55 -1151.972602935      1147.79689     -2299.76949     0.8016690409254E-01
    56 -1151.991331130      1147.84610     -2299.83743     0.7851092429931E-01
    57 -1152.001321558      1147.93791     -2299.93923     0.7685106331372E-01
    58 -1151.989286322      1148.08604     -2300.07533     0.7560349976652E-01
    59 -1151.963536280      1148.15331     -2300.11684     0.7503554007530E-01
    60 -1151.978467254      1147.90647     -2299.88494     0.7511428900332E-01
    61 -1151.996872560      1147.60419     -2299.60106     0.7538486675281E-01
    62 -1151.986309708      1147.49242     -2299.47873     0.7557648362513E-01
    63 -1151.967492472      1147.56047     -2299.52796     0.7564636965076E-01
    64 -1151.961165118      1147.66576     -2299.62692     0.7547907493856E-01
    65 -1151.978254158      1147.70621     -2299.68446     0.7492661877856E-01
    66 -1151.991190690      1147.76532     -2299.75651     0.7427946620098E-01
    67 -1151.991067498      1147.86949     -2299.86055     0.7382913464289E-01
    68 -1151.971719012      1147.96893     -2299.94065     0.7373974669240E-01
    69 -1151.967293910      1147.87117     -2299.83847     0.7418308734362E-01
    70 -1151.998125639      1147.56420     -2299.56233     0.7505964488102E-01
    71 -1151.996712451      1147.44675     -2299.44346     0.7575009562194E-01
    72 -1151.977690362      1147.52323     -2299.50092     0.7618154920150E-01
    73 -1151.966121234      1147.64776     -2299.61388     0.7621053879776E-01
    74 -1151.978994055      1147.68533     -2299.66432     0.7588414813161E-01
    75 -1151.990882720      1147.71094     -2299.70182     0.7559073360490E-01
    76 -1151.998250352      1147.75603     -2299.75428     0.7549080024748E-01
    77 -1151.992147182      1147.83880     -2299.83094     0.7557697609149E-01
    78 -1151.965342183      1147.91495     -2299.88029     0.7606897828450E-01
    79 -1151.995063038      1147.70397     -2299.69904     0.7749113994707E-01
    80 -1152.008171458      1147.57952     -2299.58769     0.7903512580245E-01
    81 -1151.991189215      1147.66524     -2299.65643     0.8057374590041E-01
    82 -1151.972458068      1147.82118     -2299.79363     0.8176800223053E-01
    83 -1151.977420527      1147.86748     -2299.84490     0.8276303251468E-01
    84 -1151.986110709      1147.85242     -2299.83853     0.8399988002653E-01
    85 -1151.999110200      1147.81591     -2299.81502     0.8568462816810E-01
    86 -1152.008371347      1147.83435     -2299.84272     0.8728913568384E-01
    87 -1151.979434386      1148.00848     -2299.98791     0.8861396278249E-01
    88 -1151.979846036      1148.01736     -2299.99721     0.9035803049817E-01
    89 -1152.018183609      1147.83900     -2299.85718     0.9248414584985E-01
    90 -1152.012649779      1147.86830     -2299.88095     0.9413992754786E-01
    91 -1151.988332955      1148.02041     -2300.00874     0.9520836204350E-01
    92 -1151.983183879      1148.06130     -2300.04449     0.9577570564043E-01
    93 -1151.990818637      1147.97277     -2299.96359     0.9676292492174E-01
    94 -1152.006096073      1147.83194     -2299.83803     0.9845227420419E-01
    95 -1152.021499563      1147.76147     -2299.78297     0.9994788958665E-01
    96 -1152.013131414      1147.89200     -2299.90513     0.1007182594938
    97 -1151.978491828      1148.13000     -2300.10849     0.1013059238829
    98 -1152.020781058      1148.03063     -2300.05141     0.1027846096899
    99 -1152.037838510      1147.97590     -2300.01374     0.1041491033643
   100 -1152.008824672      1148.10620     -2300.11502     0.1050478682319
   101 -1151.987178762      1148.15036     -2300.13753     0.1044570103935
   102 -1151.990379524      1147.98943     -2299.97981     0.1040383290898
   103 -1151.999785699      1147.76905     -2299.76883     0.1056182495832
   104 -1152.009631343      1147.61496     -2299.62459     0.1080746823087
   105 -1152.023154564      1147.61976     -2299.64291     0.1095897127928
   106 -1152.018869776      1147.85570     -2299.87457     0.1100508431910
   107 -1151.989266910      1148.18819     -2300.17746     0.1103400099857
   108 -1152.036412520      1148.14014     -2300.17655     0.1114689437984
   109 -1152.038617649      1148.08740     -2300.12602     0.1122771405028
   110 -1152.008212831      1148.04814     -2300.05635     0.1121658554621
   111 -1151.996412487      1147.85300     -2299.84941     0.1107411509979
   112 -1151.994764839      1147.59641     -2299.59118     0.1100613181695
   113 -1151.992895132      1147.40548     -2299.39837     0.1118457111598
   114 -1152.001296118      1147.32534     -2299.32664     0.1148294791119
   115 -1152.027086693      1147.38708     -2299.41417     0.1166985311754
   116 -1152.049824813      1147.65478     -2299.70461     0.1172137238298
   117 -1152.013112174      1148.17594     -2300.18905     0.1170331485070
   118 -1152.010331376      1148.36540     -2300.37573     0.1173320693788
   119 -1152.042986302      1148.08237     -2300.12535     0.1181920725191
   120 -1152.036211840      1147.75021     -2299.78642     0.1188129282545
   121 -1152.015168658      1147.46010     -2299.47527     0.1187639117488
   122 -1151.994635330      1147.28951     -2299.28415     0.1182809976093
   123 -1151.989147131      1147.23917     -2299.22832     0.1189732888033
   124 -1152.005067557      1147.30371     -2299.30877     0.1208864723614
   125 -1152.035622510      1147.49082     -2299.52644     0.1222254658923
   126 -1152.058773060      1147.85403     -2299.91280     0.1224372896486
   127 -1152.025436297      1148.37696     -2300.40239     0.1218515760021
   128 -1151.989835582      1148.57632     -2300.56616     0.1216230927649
   129 -1152.058821929      1148.01836     -2300.07718     0.1226865067418
   130 -1152.061214379      1147.73893     -2299.80015     0.1233500485242
   131 -1152.024460881      1147.43017     -2299.45463     0.1239859669442
   132 -1151.994554852      1147.33669     -2299.33125     0.1232111791116
   133 -1151.990664583      1147.37476     -2299.36542     0.1220427793638
   134 -1152.006896921      1147.51225     -2299.51915     0.1225259329395
   135 -1152.028967676      1147.73596     -2299.76493     0.1229985442379
   136 -1152.045424441      1148.07260     -2300.11802     0.1222915909333
   137 -1152.043198027      1148.38508     -2300.42828     0.1208532731515
   138 -1151.995087508      1148.57574     -2300.57083     0.1195648878854
   139 -1152.042696348      1148.11092     -2300.15361     0.1197033242948
   140 -1152.057616454      1147.71775     -2299.77537     0.1201940515250
   141 -1152.022014638      1147.49941     -2299.52143     0.1197642585216
   142 -1151.997465010      1147.48793     -2299.48539     0.1164666787981
   143 -1151.990624949      1147.59011     -2299.58073     0.1106916677628
   144 -1151.986771643      1147.75824     -2299.74502     0.1067060292620
   145 -1151.978797805      1147.93238     -2299.91118     0.1053204424485
   146 -1151.981427815      1147.97222     -2299.95365     0.1066179306290
   147 -1152.001006889      1147.84930     -2299.85031     0.1099869866536
   148 -1152.021349169      1147.72682     -2299.74816     0.1130237970634
   149 -1152.042173152      1147.72432     -2299.76649     0.1137519099284
   150 -1152.043647622      1147.95387     -2299.99752     0.1126601429411
   151 -1151.980584714      1148.40353     -2300.38412     0.1109305185795
   152 -1152.035798231      1148.29133     -2300.32713     0.1103556317783
   153 -1152.056336898      1148.12553     -2300.18187     0.1101483608244
   154 -1152.012089493      1148.11327     -2300.12536     0.1067972399044
   155 -1151.979234144      1148.05674     -2300.03597     0.9582508310420E-01
   156 -1151.965683120      1147.88063     -2299.84631     0.7946151148870E-01
   157 -1151.948492696      1147.72693     -2299.67542     0.6359726916538E-01
   158 -1151.925944145      1147.63836     -2299.56430     0.4765474139876E-01
   159 -1151.908477345      1147.63771     -2299.54619     0.3506333233010E-01
   160 -1151.901547296      1147.72024     -2299.62178     0.2819106515457E-01
   161 -1151.902178393      1147.87361     -2299.77579     0.2560289789110E-01
   162 -1151.901837159      1148.06962     -2299.97145     0.2523620565611E-01
   163 -1151.901432444      1148.21915     -2300.12058     0.2749377313096E-01
   164 -1151.916969050      1148.19890     -2300.11586     0.3495082427579E-01
   165 -1151.938253917      1148.06313     -2300.00139     0.4691831038063E-01
   166 -1151.950705056      1147.94769     -2299.89840     0.6171532450429E-01
   167 -1151.959616595      1147.91409     -2299.87371     0.7713279001107E-01
   168 -1151.974453991      1147.96632     -2299.94077     0.9189753523586E-01
   169 -1151.998237602      1148.10205     -2300.10029     0.1049677558936
   170 -1152.027312813      1148.32982     -2300.35714     0.1136484586730
   171 -1152.046243074      1148.66402     -2300.71026     0.1168069939499
   172 -1152.020193636      1149.07881     -2301.09900     0.1172510884207
   173 -1151.986879847      1149.19283     -2301.17971     0.1177200146830
   174 -1152.052322639      1148.61889     -2300.67121     0.1195486964977
   175 -1152.053502322      1148.33753     -2300.39103     0.1201785775385
   176 -1152.021616022      1148.04088     -2300.06250     0.1184284112344
   177 -1151.996520851      1147.91162     -2299.90814     0.1095414254554
   178 -1151.983270599      1147.88719     -2299.87046     0.9720862803892E-01
   179 -1151.972160604      1147.94195     -2299.91411     0.8500807151480E-01
   180 -1151.954601498      1148.03778     -2299.99238     0.7243826770625E-01
   181 -1151.935573987      1148.07625     -2300.01183     0.5923625419405E-01
   182 -1151.925979795      1147.97742     -2299.90340     0.4557100741147E-01
   183 -1151.916604689      1147.81626     -2299.73287     0.3219845307726E-01
   184 -1151.900252903      1147.68816     -2299.58841     0.1887135919988E-01
   185 -1151.883908444      1147.63899     -2299.52290     0.6607592532357E-02
$end
