$coord
   -0.23621138746432      0.03898205440679      0.14171472315432      ti
    0.74198531412692     -2.41668606376952      1.64638326721649      o
   -2.20340004015353     -1.30785221666667     -2.42303122200136      o
   -2.70148271590274     -0.69561307495598     -4.15565062645945      h
   -0.51495525172301      2.77010156700046      2.30824699512198      o
    0.08800476775737      3.77304272052094      3.65149097551557      h
    2.51291211291519      0.77763688242084     -1.89645544459312      o
    3.25117104330440     -0.13877390044742     -3.26609833214528      h
    2.07089269824076     -1.98480710849677      2.82712308340178      h
$redundant
     number_of_atoms             9
     degrees_of_freedom         21
     internal_coordinates       21
     frozen_coordinates          0
# definitions of redundant internals
   1 k  1.0000000000000 tors    4    3    1    2 val=  74.19745
        1.0000000000000 tors    4    3    1    5
        1.0000000000000 tors    4    3    1    7
   2 k  1.0000000000000 stre    3    4           val=   1.90392
   3 k  1.0000000000000 bend    1    4    3      val= 133.61602
   4 k  1.0000000000000 tors    6    5    1    2 val=  50.42642
        1.0000000000000 tors    6    5    1    3
        1.0000000000000 tors    6    5    1    7
   5 k  1.0000000000000 stre    5    6           val=   1.78150
   6 k  1.0000000000000 bend    1    6    5      val= 151.61493
   7 k  1.0000000000000 tors    8    7    1    2 val=  69.37937
        1.0000000000000 tors    8    7    1    3
        1.0000000000000 tors    8    7    1    5
   8 k  1.0000000000000 stre    7    8           val=   1.80576
   9 k  1.0000000000000 bend    1    8    7      val= 130.95885
  10 k  1.0000000000000 tors    9    2    1    3 val=  65.37954
        1.0000000000000 tors    9    2    1    5
        1.0000000000000 tors    9    2    1    7
  11 k  1.0000000000000 stre    2    9           val=   1.82939
  12 k  1.0000000000000 bend    1    9    2      val= 111.24244
  13 k  1.0000000000000 stre    1    2           val=   3.04158
  14 k  1.0000000000000 stre    1    5           val=   3.49722
  15 k  1.0000000000000 stre    1    7           val=   3.50106
  16 k  1.0000000000000 stre    1    3           val=   3.50167
  17 k -0.4284952905945 bend    5    2    1      val=   3.69066
        0.3490609655830 bend    7    2    1
       -0.3257604530136 bend    7    5    1
        0.5877509733044 bend    3    2    1
       -0.3133763500683 bend    3    5    1
        0.3804897003790 bend    3    7    1
  18 k  0.4918894864505 bend    5    2    1      val=   4.84447
        0.4875238335396 bend    7    2    1
        0.1932462662427 bend    7    5    1
       -0.0770091685170 bend    3    2    1
       -0.6714688633952 bend    3    5    1
       -0.1619267701424 bend    3    7    1
  19 k -0.4687561045844 bend    5    2    1      val=  15.55453
        0.2909048663382 bend    7    2    1
        0.6066494369335 bend    7    5    1
       -0.4261256890434 bend    3    2    1
       -0.0008701802297 bend    3    5    1
        0.3821448334697 bend    3    7    1
  20 k  0.3148981503448 bend    5    2    1      val=   2.60132
        0.1004780097441 bend    7    2    1
       -0.5295411121008 bend    7    5    1
       -0.4857405719141 bend    3    2    1
        0.0601011342252 bend    3    5    1
        0.6089117222749 bend    3    7    1
  21 k -0.1477251391407 bend    5    2    1      val=  12.85838
        0.6975991168335 bend    7    2    1
       -0.2754799700856 bend    7    5    1
       -0.1516064032387 bend    3    2    1
        0.4432083486507 bend    3    5    1
       -0.4429733623187 bend    3    7    1
        21 non zero eigenvalues  of BmBt
           1          13.452031423    1    0
         1
           2           5.764012917    2    0
         2
           3           4.840713740    3    0
         3
           4           3.668861448    4    0
         4
           5           3.026213543    5    0
         5
           6           2.719527920    6    0
         6
           7           2.505070818    7    0
         7
           8           2.325976926    8    0
         8
           9           2.109591886    9    0
         9
          10           1.802546914   10    0
        10
          11           1.580486095   11    0
        11
          12           1.294220427   12    0
        12
          13           1.041472490   13    0
        13
          14           0.695994837   14    0
        14
          15           0.493442657   15    0
        15
          16           0.315978005   16    0
        16
          17           0.151459561   17    0
        17
          18           0.118560506   18    0
        18
          19           0.092062461   19    0
        19
          20           0.075683468   20    0
        20
          21           0.069521233   21    0
        21
$user-defined bonds
$end
