$energy      SCF               SCFKIN            SCFPOT
     1 -1152.094557270      1148.94498     -2301.03954     0.2123716612163
     2 -1152.094224097      1148.88134     -2300.97556     0.2111311774630
     3 -1152.093402528      1148.83851     -2300.93191     0.2093043735587
     4 -1152.095405065      1148.81139     -2300.90679     0.2068929229631
     5 -1152.097257225      1148.79730     -2300.89456     0.2038122695646
     6 -1152.098777250      1148.76802     -2300.86679     0.1999479443698
     7 -1152.102384130      1148.68699     -2300.78938     0.1951954279672
     8 -1152.100662674      1148.56605     -2300.66671     0.1893256111770
     9 -1152.096545313      1148.39323     -2300.48977     0.1822588403552
    10 -1152.094020581      1148.17606     -2300.27008     0.1745679933392
    11 -1152.088964592      1147.96913     -2300.05809     0.1668672972528
    12 -1152.083227489      1147.80314     -2299.88637     0.1594041281677
    13 -1152.079531946      1147.69160     -2299.77113     0.1521442503347
    14 -1152.073540600      1147.64742     -2299.72096     0.1448991903784
    15 -1152.065064698      1147.63909     -2299.70415     0.1376089449140
    16 -1152.058499443      1147.60689     -2299.66539     0.1304059661804
    17 -1152.049323977      1147.53718     -2299.58651     0.1232351101666
    18 -1152.039314775      1147.41871     -2299.45802     0.1160177465199
    19 -1152.030133963      1147.27056     -2299.30069     0.1090367136325
    20 -1152.019227857      1147.14472     -2299.16395     0.1024958823446
    21 -1152.010345364      1147.06652     -2299.07687     0.9639057065060E-01
    22 -1152.005220413      1147.05270     -2299.05792     0.9064055109553E-01
    23 -1151.998635446      1147.11789     -2299.11653     0.8524663227910E-01
    24 -1151.989903953      1147.22537     -2299.21528     0.8043418804634E-01
    25 -1151.984783583      1147.29735     -2299.28214     0.7650118494631E-01
    26 -1151.981095622      1147.30133     -2299.28243     0.7339166022861E-01
    27 -1151.978223439      1147.24073     -2299.21895     0.7082761629372E-01
    28 -1151.974501967      1147.15821     -2299.13272     0.6857816951011E-01
    29 -1151.969047705      1147.10547     -2299.07452     0.6616060253100E-01
    30 -1151.967509974      1147.09998     -2299.06749     0.6316582598663E-01
    31 -1151.971031156      1147.15788     -2299.12891     0.5990357848540E-01
    32 -1151.973087884      1147.29643     -2299.26952     0.5670455928420E-01
    33 -1151.971035928      1147.48018     -2299.45122     0.5390561371524E-01
    34 -1151.971505700      1147.61690     -2299.58841     0.5181074017202E-01
    35 -1151.975056889      1147.66160     -2299.63666     0.5035117720037E-01
    36 -1151.978017514      1147.64239     -2299.62041     0.4929015044967E-01
    37 -1151.976713973      1147.62299     -2299.59971     0.4852234273245E-01
    38 -1151.973187688      1147.64694     -2299.62013     0.4799780020900E-01
    39 -1151.974673096      1147.72182     -2299.69649     0.4767226904436E-01
    40 -1151.981092582      1147.86367     -2299.84476     0.4747139227668E-01
    41 -1151.984048193      1148.09246     -2300.07650     0.4736539439036E-01
    42 -1151.979104324      1148.36854     -2300.34764     0.4745546395480E-01
    43 -1151.974717161      1148.58065     -2300.55536     0.4792609640506E-01
    44 -1151.974923666      1148.66745     -2300.64238     0.4867789864944E-01
    45 -1151.973522167      1148.67446     -2300.64798     0.4949161453572E-01
    46 -1151.965573887      1148.67665     -2300.64223     0.5019257412818E-01
    47 -1151.956981289      1148.70161     -2300.65859     0.5072743722716E-01
    48 -1151.956433448      1148.74734     -2300.70377     0.5099713474981E-01
    49 -1151.961853918      1148.83492     -2300.79678     0.5086798174267E-01
    50 -1151.963420182      1148.98336     -2300.94678     0.5030228454511E-01
    51 -1151.957903841      1149.13704     -2301.09494     0.4957483618485E-01
    52 -1151.957211927      1149.16611     -2301.12332     0.4899913648258E-01
    53 -1151.963979963      1149.02889     -2300.99287     0.4860572104333E-01
    54 -1151.966778694      1148.81325     -2300.78003     0.4813373336246E-01
    55 -1151.961857262      1148.60474     -2300.56660     0.4735081647159E-01
    56 -1151.958413903      1148.42834     -2300.38675     0.4616019925893E-01
    57 -1151.962354421      1148.29902     -2300.26137     0.4455544612293E-01
    58 -1151.967993496      1148.25084     -2300.21884     0.4260823017418E-01
    59 -1151.965595888      1148.29101     -2300.25661     0.4050212291594E-01
    60 -1151.956039078      1148.33688     -2300.29292     0.3856881267829E-01
    61 -1151.953390367      1148.25716     -2300.21055     0.3703268233792E-01
    62 -1151.955739572      1148.04766     -2300.00340     0.3575536674983E-01
    63 -1151.950662322      1147.80965     -2299.76031     0.3449919025483E-01
    64 -1151.938981787      1147.60861     -2299.54759     0.3326453938790E-01
    65 -1151.931192124      1147.45813     -2299.38933     0.3213498944330E-01
    66 -1151.930904572      1147.37870     -2299.30960     0.3108336889995E-01
    67 -1151.932734028      1147.40065     -2299.33338     0.2999635890729E-01
    68 -1151.928180917      1147.52386     -2299.45204     0.2889893872893E-01
    69 -1151.916898432      1147.66592     -2299.58282     0.2795599795543E-01
    70 -1151.914484852      1147.67918     -2299.59367     0.2740019687567E-01
    71 -1151.920972779      1147.54064     -2299.46161     0.2722161133172E-01
    72 -1151.920288300      1147.36472     -2299.28501     0.2718980743493E-01
    73 -1151.913067126      1147.22012     -2299.13318     0.2717116786565E-01
    74 -1151.909847287      1147.13172     -2299.04157     0.2714134623049E-01
    75 -1151.914077016      1147.12598     -2299.04005     0.2706115078540E-01
    76 -1151.921722497      1147.22665     -2299.14837     0.2688966061506E-01
    77 -1151.925065908      1147.42898     -2299.35405     0.2663862083155E-01
    78 -1151.921365481      1147.65506     -2299.57642     0.2648580945922E-01
    79 -1151.923302308      1147.75762     -2299.68093     0.2668099103798E-01
    80 -1151.934346121      1147.68948     -2299.62382     0.2726204902416E-01
    81 -1151.937995691      1147.56989     -2299.50789     0.2803162922971E-01
    82 -1151.933868483      1147.48576     -2299.41963     0.2885654803902E-01
    83 -1151.932361614      1147.46904     -2299.40140     0.2964078580312E-01
    84 -1151.937419753      1147.54424     -2299.48166     0.3029423057888E-01
    85 -1151.945583217      1147.72919     -2299.67477     0.3073744949711E-01
    86 -1151.949082864      1148.01042     -2299.95950     0.3102128137405E-01
    87 -1151.944778929      1148.30543     -2300.25020     0.3135391571101E-01
    88 -1151.944056710      1148.47023     -2300.41428     0.3200376692883E-01
    89 -1151.951371839      1148.45827     -2300.40964     0.3303530275130E-01
    90 -1151.950718943      1148.39082     -2300.34153     0.3420786535461E-01
    91 -1151.942555633      1148.35650     -2300.29906     0.3532879026340E-01
    92 -1151.937509655      1148.38426     -2300.32177     0.3620221892978E-01
    93 -1151.939336517      1148.49238     -2300.43172     0.3668572727658E-01
    94 -1151.944171135      1148.68863     -2300.63281     0.3675861166370E-01
    95 -1151.944851729      1148.94618     -2300.89103     0.3657813810006E-01
    96 -1151.939601319      1149.17446     -2301.11406     0.3640008563223E-01
    97 -1151.939233697      1149.24130     -2301.18053     0.3640086442794E-01
    98 -1151.945594273      1149.12613     -2301.07173     0.3654876462037E-01
    99 -1151.944234796      1148.95465     -2300.89889     0.3672966123432E-01
   100 -1151.938212228      1148.80467     -2300.74288     0.3686159374847E-01
   101 -1151.937172273      1148.70642     -2300.64360     0.3687714372257E-01
   102 -1151.942812970      1148.67990     -2300.62271     0.3669502699901E-01
   103 -1151.950328426      1148.72887     -2300.67920     0.3628412138354E-01
   104 -1151.953588940      1148.81936     -2300.77295     0.3571699689286E-01
   105 -1151.950623455      1148.86886     -2300.81949     0.3519549613538E-01
   106 -1151.952021452      1148.76527     -2300.71729     0.3498793396103E-01
   107 -1151.959768542      1148.50630     -2300.46606     0.3522691728179E-01
   108 -1151.959948274      1148.21863     -2300.17858     0.3583460524314E-01
   109 -1151.955945105      1147.97394     -2299.92988     0.3663723710084E-01
   110 -1151.955840578      1147.80371     -2299.75955     0.3740689520768E-01
   111 -1151.960266711      1147.72639     -2299.68665     0.3795252006085E-01
   112 -1151.965499393      1147.73628     -2299.70178     0.3830378282283E-01
   113 -1151.967323604      1147.79139     -2299.75871     0.3869934506698E-01
   114 -1151.962660506      1147.81959     -2299.78225     0.3949162780943E-01
   115 -1151.962937214      1147.71329     -2299.67622     0.4106408326473E-01
   116 -1151.971011998      1147.46915     -2299.44017     0.4353428676162E-01
   117 -1151.972013793      1147.21801     -2299.19003     0.4668912108326E-01
   118 -1151.969215396      1147.03256     -2299.00177     0.5024398384454E-01
   119 -1151.970088832      1146.94186     -2298.91194     0.5391559009335E-01
   120 -1151.975558010      1146.95356     -2298.92912     0.5762356766588E-01
   121 -1151.983943684      1147.04491     -2299.02886     0.6152487958221E-01
   122 -1151.991141576      1147.17133     -2299.16247     0.6586873311773E-01
   123 -1151.991170823      1147.27446     -2299.26563     0.7086902906307E-01
   124 -1151.996276630      1147.25009     -2299.24636     0.7667763323722E-01
   125 -1152.008527014      1147.10286     -2299.11139     0.8310529621030E-01
   126 -1152.013617249      1146.96615     -2298.97977     0.8984689708000E-01
   127 -1152.015153348      1146.91095     -2298.92610     0.9665184325957E-01
   128 -1152.019392889      1146.95931     -2298.97871     0.1032218644485
   129 -1152.027923100      1147.10267     -2299.13059     0.1095340742223
   130 -1152.041012913      1147.30405     -2299.34506     0.1156912059419
   131 -1152.051366140      1147.53317     -2299.58454     0.1217065055657
   132 -1152.051129190      1147.74507     -2299.79620     0.1274839800538
   133 -1152.055937223      1147.82589     -2299.88183     0.1328765025465
   134 -1152.066387350      1147.78714     -2299.85353     0.1376311688670
   135 -1152.068187752      1147.76515     -2299.83333     0.1416949145836
   136 -1152.064623274      1147.82729     -2299.89191     0.1452382195757
   137 -1152.062100534      1147.97929     -2300.04139     0.1485047349519
   138 -1152.065822220      1148.18699     -2300.25282     0.1517109047377
   139 -1152.076817732      1148.41239     -2300.48921     0.1548658219972
   140 -1152.081059208      1148.66110     -2300.74216     0.1577255875734
   141 -1152.071486356      1148.88997     -2300.96146     0.1598995278015
   142 -1152.069243418      1148.95583     -2301.02508     0.1610004993743
   143 -1152.073595598      1148.87129     -2300.94489     0.1608467939339
   144 -1152.069007974      1148.77807     -2300.84708     0.1595743678188
   145 -1152.057369914      1148.74306     -2300.80043     0.1575459076366
   146 -1152.047558388      1148.75633     -2300.80389     0.1554993797207
   147 -1152.049433710      1148.77125     -2300.82069     0.1540173900892
   148 -1152.060537165      1148.78792     -2300.84846     0.1529560575281
   149 -1152.064833397      1148.85321     -2300.91804     0.1516454733200
   150 -1152.054860256      1148.94362     -2300.99848     0.1494925121107
   151 -1152.049250259      1148.91209     -2300.96134     0.1462285692037
   152 -1152.058219619      1148.69969     -2300.75791     0.1418162416433
   153 -1152.060794450      1148.44480     -2300.50559     0.1364797362058
   154 -1152.050105850      1148.24186     -2300.29197     0.1306645443752
   155 -1152.038649846      1148.08626     -2300.12490     0.1252707826028
   156 -1152.038666485      1147.94852     -2299.98719     0.1208121708943
   157 -1152.045832538      1147.86271     -2299.90855     0.1171235392705
   158 -1152.049850436      1147.87230     -2299.92215     0.1136170911777
   159 -1152.042899617      1147.96285     -2300.00575     0.1098225272808
   160 -1152.030765126      1148.01847     -2300.04924     0.1054696754297
   161 -1152.033035901      1147.89659     -2299.92963     0.1003935925170
   162 -1152.035585366      1147.67120     -2299.70678     0.9470196219708E-01
   163 -1152.021842606      1147.47779     -2299.49963     0.8867880017039E-01
   164 -1152.005096317      1147.33110     -2299.33619     0.8292685593321E-01
   165 -1151.997868862      1147.22457     -2299.22244     0.7779148573427E-01
   166 -1151.997598344      1147.19491     -2299.19251     0.7316751458781E-01
   167 -1151.998147599      1147.26885     -2299.26700     0.6875148392053E-01
   168 -1151.991256871      1147.43163     -2299.42289     0.6435539099931E-01
   169 -1151.975906713      1147.58781     -2299.56372     0.5985146018523E-01
   170 -1151.973326096      1147.57305     -2299.54638     0.5529494992520E-01
   171 -1151.977016342      1147.41809     -2299.39510     0.5103837209808E-01
   172 -1151.965273525      1147.28227     -2299.24755     0.4719353511171E-01
   173 -1151.950369706      1147.19457     -2299.14494     0.4379413867650E-01
   174 -1151.944968760      1147.15639     -2299.10136     0.4078942791793E-01
   175 -1151.947405679      1147.20112     -2299.14853     0.3798255900848E-01
   176 -1151.951387049      1147.35048     -2299.30187     0.3521723206906E-01
   177 -1151.947102384      1147.58614     -2299.53325     0.3248983721548E-01
   178 -1151.935546103      1147.79763     -2299.73317     0.3003811015991E-01
   179 -1151.941002923      1147.81413     -2299.75514     0.2829962723936E-01
   180 -1151.949169026      1147.70661     -2299.65578     0.2740708769917E-01
   181 -1151.941088616      1147.63218     -2299.57327     0.2707007239973E-01
   182 -1151.932861154      1147.60720     -2299.54006     0.2706767727944E-01
   183 -1151.934866672      1147.63715     -2299.57202     0.2718648893566E-01
   184 -1151.943896888      1147.75576     -2299.69966     0.2730691194295E-01
   185 -1151.952164847      1147.98241     -2299.93457     0.2744494586696E-01
   186 -1151.948808075      1148.28840     -2300.23720     0.2772152829463E-01
   187 -1151.940625249      1148.53368     -2300.47431     0.2837147151213E-01
   188 -1151.951514004      1148.56034     -2300.51185     0.2956466545774E-01
   189 -1151.956836389      1148.49518     -2300.45202     0.3102901983910E-01
   190 -1151.945628748      1148.47002     -2300.41565     0.3258141844592E-01
   191 -1151.936612969      1148.48163     -2300.41825     0.3409040573096E-01
   192 -1151.937573034      1148.53580     -2300.47337     0.3537043497505E-01
   193 -1151.944445288      1148.66339     -2300.60783     0.3629999150831E-01
   194 -1151.949419556      1148.87516     -2300.82458     0.3695305026334E-01
   195 -1151.942558116      1149.12877     -2301.07132     0.3752759325910E-01
   196 -1151.934560837      1149.26726     -2301.20182     0.3821296823481E-01
   197 -1151.946700878      1149.15377     -2301.10047     0.3909038464112E-01
   198 -1151.951583957      1148.94498     -2300.89657     0.4002908872042E-01
   199 -1151.943199252      1148.74924     -2300.69244     0.4097737504845E-01
   200 -1151.938231087      1148.58300     -2300.52123     0.4173411622619E-01
   201 -1151.941425676      1148.47196     -2300.41339     0.4208643991477E-01
   202 -1151.949934808      1148.44124     -2300.39118     0.4206120489232E-01
   203 -1151.958155217      1148.49172     -2300.44987     0.4189760364270E-01
   204 -1151.955997232      1148.59280     -2300.54880     0.4182420744049E-01
   205 -1151.947342798      1148.62767     -2300.57501     0.4195214309826E-01
   206 -1151.956132258      1148.44878     -2300.40491     0.4245642087828E-01
   207 -1151.965037781      1148.15913     -2300.12416     0.4342583930591E-01
   208 -1151.960602558      1147.89243     -2299.85303     0.4476869244071E-01
   209 -1151.954261266      1147.69092     -2299.64518     0.4615689170828E-01
   210 -1151.952307770      1147.57867     -2299.53098     0.4718761749955E-01
   211 -1151.956457014      1147.56034     -2299.51680     0.4772273127661E-01
   212 -1151.964365683      1147.62510     -2299.58946     0.4786994132781E-01
   213 -1151.966136258      1147.75459     -2299.72072     0.4782156728253E-01
   214 -1151.957896465      1147.86966     -2299.82756     0.4772865321495E-01
   215 -1151.958664191      1147.81384     -2299.77250     0.4784830770220E-01
   216 -1151.967466132      1147.59273     -2299.56020     0.4833948976783E-01
   217 -1151.964362622      1147.36878     -2299.33314     0.4894249937004E-01
   218 -1151.954053924      1147.21928     -2299.17333     0.4936540977788E-01
   219 -1151.946519730      1147.16580     -2299.11232     0.4946566402078E-01
   220 -1151.947943928      1147.19680     -2299.14474     0.4932523078502E-01
   221 -1151.957028610      1147.29920     -2299.25622     0.4907539296771E-01
   222 -1151.962581664      1147.47014     -2299.43272     0.4874961724322E-01
   223 -1151.955848844      1147.65846     -2299.61431     0.4824771956872E-01
   224 -1151.949996355      1147.71598     -2299.66598     0.4769524680283E-01
   225 -1151.960223053      1147.56464     -2299.52487     0.4754622593897E-01
   226 -1151.963097574      1147.37805     -2299.34114     0.4798623402747E-01
   227 -1151.955008191      1147.27271     -2299.22771     0.4892930962244E-01
   228 -1151.948906262      1147.26663     -2299.21554     0.5018587445858E-01
   229 -1151.953861189      1147.33731     -2299.29117     0.5159725568142E-01
   230 -1151.967803739      1147.47989     -2299.44769     0.5306553647324E-01
   231 -1151.977447064      1147.70848     -2299.68592     0.5447952878688E-01
   232 -1151.972231153      1147.97962     -2299.95185     0.5573523348751E-01
   233 -1151.968341868      1148.12361     -2300.09195     0.5702073178062E-01
   234 -1151.984266075      1148.04155     -2300.02582     0.5892293704631E-01
   235 -1151.989793937      1147.92755     -2299.91734     0.6164016808043E-01
   236 -1151.982597776      1147.89462     -2299.87721     0.6498524817951E-01
   237 -1151.977909519      1147.94333     -2299.92124     0.6840730710729E-01
   238 -1151.985080479      1148.05093     -2300.03601     0.7157997474693E-01
   239 -1152.000081656      1148.22704     -2300.22712     0.7442620449551E-01
   240 -1152.008118507      1148.49309     -2300.50120     0.7698519636013E-01
   241 -1151.999817471      1148.78889     -2300.78871     0.7927652851671E-01
   242 -1151.998465074      1148.91223     -2300.91070     0.8160332297566E-01
   243 -1152.014853684      1148.79847     -2300.81333     0.8440127568458E-01
   244 -1152.014905326      1148.66082     -2300.67572     0.8771025092714E-01
   245 -1152.003703432      1148.57790     -2300.58160     0.9133342524715E-01
   246 -1151.998757344      1148.53952     -2300.53828     0.9475016733196E-01
   247 -1152.007289771      1148.53896     -2300.54625     0.9767186009314E-01
   248 -1152.022198433      1148.60484     -2300.62704     0.1000865083611
   249 -1152.028553478      1148.75631     -2300.78486     0.1020661399280
   250 -1152.020003855      1148.91463     -2300.93464     0.1035872098489
   251 -1152.021898956      1148.87602     -2300.89792     0.1048517626880
   252 -1152.037221972      1148.62171     -2300.65894     0.1061274482902
   253 -1152.034477071      1148.36174     -2300.39622     0.1074256566090
   254 -1152.022100384      1148.15895     -2300.18105     0.1084212393574
   255 -1152.016484498      1148.01363     -2300.03012     0.1086579097534
   256 -1152.021427658      1147.93846     -2299.95989     0.1079918821835
   257 -1152.029367113      1147.96286     -2299.99222     0.1066086433316
   258 -1152.030449728      1148.08261     -2300.11306     0.1046812152657
   259 -1152.020724099      1148.21953     -2300.24025     0.1024302611050
   260 -1152.010836485      1148.22900     -2300.23984     0.1002586468133
   261 -1152.018113221      1148.02399     -2300.04211     0.9854840881942E-01
   262 -1152.015282566      1147.78061     -2299.79589     0.9732120434341E-01
   263 -1152.001880482      1147.59180     -2299.59368     0.9630352061487E-01
   264 -1151.993131371      1147.47550     -2299.46863     0.9530634401145E-01
   265 -1151.992505412      1147.45064     -2299.44314     0.9417349081648E-01
   266 -1151.995007152      1147.52974     -2299.52475     0.9277551970966E-01
   267 -1151.998085315      1147.67840     -2299.67649     0.9102478000341E-01
   268 -1151.997442431      1147.83926     -2299.83670     0.8902527030694E-01
   269 -1151.982758350      1147.95680     -2299.93956     0.8706987233565E-01
   270 -1151.983748900      1147.86793     -2299.85168     0.8546033489256E-01
   271 -1151.991270651      1147.64470     -2299.63597     0.8430310349606E-01
   272 -1151.985105931      1147.46327     -2299.44837     0.8320661329668E-01
   273 -1151.976836253      1147.37450     -2299.35133     0.8187929698255E-01
   274 -1151.972998362      1147.39531     -2299.36830     0.8020065174076E-01
   275 -1151.973295033      1147.51224     -2299.48554     0.7808713440831E-01
   276 -1151.981055922      1147.66810     -2299.64916     0.7548953238263E-01
   277 -1151.988786488      1147.83540     -2299.82419     0.7258174456306E-01
   278 -1151.974969298      1148.02027     -2299.99524     0.6982224371487E-01
   279 -1151.967272796      1148.04409     -2300.01136     0.6775929944488E-01
   280 -1151.981778792      1147.85139     -2299.83317     0.6661075967723E-01
   281 -1151.982559212      1147.68684     -2299.66940     0.6586115542164E-01
   282 -1151.974908854      1147.63282     -2299.60773     0.6499224228389E-01
   283 -1151.968782905      1147.69859     -2299.66738     0.6371617191124E-01
   284 -1151.969041178      1147.84191     -2299.81095     0.6181608467563E-01
   285 -1151.981664461      1147.99574     -2299.97740     0.5923281555666E-01
   286 -1151.992927506      1148.16814     -2300.16107     0.5632983068042E-01
   287 -1151.977951114      1148.38533     -2300.36328     0.5374103414667E-01
   288 -1151.967547623      1148.44469     -2300.41224     0.5197955240597E-01
   289 -1151.985449657      1148.25906     -2300.24450     0.5105496786369E-01
   290 -1151.985226654      1148.11653     -2300.10176     0.5025962241472E-01
   291 -1151.972730414      1148.10564     -2300.07837     0.4897023609572E-01
   292 -1151.961640472      1148.21027     -2300.17191     0.4688396929461E-01
   293 -1151.960397939      1148.36262     -2300.32302     0.4410730408152E-01
   294 -1151.972591776      1148.50323     -2300.47582     0.4163915115875E-01
   295 -1151.976718586      1148.66875     -2300.64546     0.4052295610367E-01
   296 -1151.952736470      1148.85169     -2300.80443     0.4097813740082E-01
   297 -1151.948205285      1148.79438     -2300.74258     0.4292663104420E-01
   298 -1151.967299434      1148.50944     -2300.47674     0.4562689182587E-01
   299 -1151.966314338      1148.28772     -2300.25403     0.4807963955334E-01
   300 -1151.959269242      1148.18007     -2300.13934     0.5005584112242E-01
   301 -1151.957584697      1148.17151     -2300.12909     0.5175132983531E-01
   302 -1151.965929090      1148.20232     -2300.16825     0.5316175361883E-01
   303 -1151.984905251      1148.22081     -2300.20571     0.5369291502859E-01
   304 -1151.990819831      1148.26749     -2300.25831     0.5346340422008E-01
   305 -1151.968720278      1148.31660     -2300.28532     0.5328675047138E-01
   306 -1151.972914873      1148.10986     -2300.08277     0.5398857700252E-01
   307 -1151.988446999      1147.76648     -2299.75493     0.5519749162937E-01
   308 -1151.980908790      1147.55041     -2299.53132     0.5611294459241E-01
   309 -1151.968734027      1147.49462     -2299.46335     0.5651471781465E-01
   310 -1151.961691213      1147.56380     -2299.52550     0.5652545528059E-01
   311 -1151.963717559      1147.68295     -2299.64667     0.5612701626899E-01
   312 -1151.975843257      1147.78466     -2299.76051     0.5526339289361E-01
   313 -1151.977364916      1147.89380     -2299.87117     0.5426014834053E-01
   314 -1151.954157821      1147.99098     -2299.94514     0.5366841174513E-01
   315 -1151.955390421      1147.84426     -2299.79965     0.5396898176285E-01
   316 -1151.969482610      1147.56718     -2299.53666     0.5469919659697E-01
   317 -1151.962478186      1147.41898     -2299.38146     0.5515725709722E-01
   318 -1151.950964819      1147.42768     -2299.37864     0.5522562531762E-01
   319 -1151.943401863      1147.55089     -2299.49429     0.5502504594039E-01
   320 -1151.944521885      1147.70139     -2299.64591     0.5454570841134E-01
   321 -1151.957792916      1147.80173     -2299.75952     0.5382281122824E-01
   322 -1151.967069783      1147.87919     -2299.84626     0.5311980831308E-01
   323 -1151.950787132      1147.98045     -2299.93123     0.5268053391644E-01
   324 -1151.938386497      1147.94112     -2299.87951     0.5282300625836E-01
   325 -1151.958341919      1147.68847     -2299.64681     0.5351362370462E-01
   326 -1151.960932917      1147.54364     -2299.50457     0.5409641395709E-01
   327 -1151.952044697      1147.54891     -2299.50096     0.5452036400320E-01
   328 -1151.942067339      1147.66766     -2299.60973     0.5477517470802E-01
   329 -1151.940579648      1147.78745     -2299.72803     0.5485052480493E-01
   330 -1151.954807111      1147.82140     -2299.77621     0.5481476966566E-01
   331 -1151.971441800      1147.81611     -2299.78755     0.5486156186441E-01
   332 -1151.968543168      1147.87106     -2299.83960     0.5502627562405E-01
   333 -1151.943586306      1147.94990     -2299.89349     0.5547415082174E-01
   334 -1151.961527629      1147.78895     -2299.75048     0.5665486695022E-01
   335 -1151.981919191      1147.61345     -2299.59537     0.5805910133247E-01
   336 -1151.978915571      1147.60042     -2299.57934     0.5936919834882E-01
   337 -1151.965632381      1147.71995     -2299.68558     0.6009586627114E-01
   338 -1151.959284049      1147.83184     -2299.79112     0.5995220077417E-01
   339 -1151.970567722      1147.84138     -2299.81195     0.5923315200576E-01
   340 -1151.987856603      1147.81057     -2299.79842     0.5849777851814E-01
   341 -1151.995192190      1147.85400     -2299.84919     0.5781120485147E-01
   342 -1151.973772259      1148.03287     -2300.00664     0.5721328191319E-01
   343 -1151.963985654      1148.12290     -2300.08689     0.5724749597485E-01
   344 -1151.994921086      1148.00713     -2300.00205     0.5822335316295E-01
   345 -1151.997375671      1148.01760     -2300.01498     0.5957805148649E-01
   346 -1151.978609482      1148.17251     -2300.15112     0.6135885866801E-01
   347 -1151.963265254      1148.31296     -2300.27623     0.6356854025619E-01
   348 -1151.968165666      1148.31734     -2300.28551     0.6626764747440E-01
   349 -1151.984341562      1148.24549     -2300.22983     0.6916035326730E-01
   350 -1151.998785539      1148.22158     -2300.22037     0.7184555818300E-01
   351 -1151.992403332      1148.34470     -2300.33710     0.7397089640620E-01
   352 -1151.967872342      1148.51486     -2300.48273     0.7579694807655E-01
   353 -1152.001246776      1148.39595     -2300.39719     0.7795129729749E-01
   354 -1152.015947211      1148.30127     -2300.31722     0.7977319969212E-01
   355 -1151.995928394      1148.34295     -2300.33888     0.8126648845540E-01
   356 -1151.977829620      1148.34730     -2300.32513     0.8182340750377E-01
   357 -1151.983000039      1148.19486     -2300.17786     0.8165866190333E-01
   358 -1151.996792135      1147.99530     -2299.99209     0.8114461924226E-01
   359 -1152.009706664      1147.87297     -2299.88268     0.8010739994057E-01
   360 -1152.008813386      1147.93012     -2299.93893     0.7844419466381E-01
   361 -1151.976403063      1148.14407     -2300.12048     0.7643924249463E-01
   362 -1151.994968075      1148.10491     -2300.09988     0.7484442103657E-01
   363 -1152.015634320      1147.97147     -2299.98711     0.7377853818114E-01
   364 -1151.990901305      1147.97419     -2299.96509     0.7253977350991E-01
   365 -1151.967193476      1147.93273     -2299.89993     0.7094712574736E-01
   366 -1151.966073330      1147.75330     -2299.71937     0.6918589973543E-01
   367 -1151.972294805      1147.56325     -2299.53555     0.6747068977084E-01
   368 -1151.981724860      1147.46476     -2299.44648     0.6559279075062E-01
   369 -1151.988589810      1147.53918     -2299.52777     0.6347999851182E-01
   370 -1151.964318604      1147.82550     -2299.78982     0.6133991341623E-01
   371 -1151.960290308      1147.98077     -2299.94106     0.5989813114041E-01
   372 -1151.994952728      1147.86186     -2299.85681     0.5948283603375E-01
   373 -1151.980347333      1147.83289     -2299.81324     0.5942136941774E-01
   374 -1151.958953247      1147.76982     -2299.72878     0.5922417054147E-01
   375 -1151.954375610      1147.60649     -2299.56086     0.5876058294070E-01
   376 -1151.956176644      1147.45372     -2299.40990     0.5817555090572E-01
   377 -1151.964645992      1147.39118     -2299.35583     0.5754599084248E-01
   378 -1151.981653231      1147.47063     -2299.45229     0.5688968277197E-01
   379 -1151.985463782      1147.75482     -2299.74029     0.5628163310260E-01
   380 -1151.954511750      1148.16761     -2300.12213     0.5606733656642E-01
   381 -1151.982087762      1148.22008     -2300.20217     0.5675448968168E-01
   382 -1151.992754009      1148.12616     -2300.11891     0.5777056648845E-01
   383 -1151.974574370      1148.02831     -2300.00289     0.5864530137089E-01
   384 -1151.961139607      1147.88823     -2299.84937     0.5902218437283E-01
   385 -1151.952915028      1147.77694     -2299.72986     0.5926628441636E-01
   386 -1151.952673615      1147.75073     -2299.70340     0.5970720715834E-01
   387 -1151.966167517      1147.83419     -2299.80036     0.6028536561161E-01
   388 -1151.987943590      1148.05582     -2300.04376     0.6070931500323E-01
   389 -1151.986300978      1148.46936     -2300.45567     0.6096387630692E-01
   390 -1151.942743031      1148.93895     -2300.88169     0.6139524727078E-01
   391 -1151.971618599      1148.89698     -2300.86860     0.6241947279195E-01
   392 -1151.988472226      1148.63442     -2300.62289     0.6319472714001E-01
   393 -1151.972834216      1148.35782     -2300.33066     0.6364148674077E-01
   394 -1151.950954315      1148.19913     -2300.15009     0.6341038002136E-01
   395 -1151.939061070      1148.14454     -2300.08360     0.6311597449599E-01
   396 -1151.943004784      1148.18445     -2300.12746     0.6397628147398E-01
   397 -1151.961074881      1148.30838     -2300.26945     0.6569036186295E-01
   398 -1151.986641664      1148.51911     -2300.50575     0.6732556305413E-01
   399 -1152.000677806      1148.81658     -2300.81726     0.6859071733686E-01
   400 -1151.965853031      1149.17189     -2301.13775     0.6962306324390E-01
   401 -1151.964783566      1149.10991     -2301.07470     0.7086138686198E-01
   402 -1152.013388168      1148.60441     -2300.61780     0.7226226513234E-01
   403 -1152.002244219      1148.29320     -2300.29544     0.7322283477117E-01
   404 -1151.976954367      1148.13469     -2300.11165     0.7373239120171E-01
   405 -1151.964269395      1148.10061     -2300.06488     0.7401054330742E-01
   406 -1151.966934535      1148.15263     -2300.11957     0.7478992031686E-01
   407 -1151.980558502      1148.25931     -2300.23987     0.7604310036153E-01
   408 -1152.001373070      1148.38503     -2300.38640     0.7706647748891E-01
   409 -1152.021041708      1148.50894     -2300.52999     0.7733756229598E-01
   410 -1151.999388667      1148.69228     -2300.69167     0.7677674552589E-01
   411 -1151.966230132      1148.68122     -2300.64745     0.7606046706612E-01
   412 -1152.017662942      1148.16009     -2300.17775     0.7585269634506E-01
   413 -1152.011096900      1147.90389     -2299.91499     0.7558462146296E-01
   414 -1151.984869346      1147.79837     -2299.78324     0.7490065810006E-01
   415 -1151.967037676      1147.80813     -2299.77517     0.7394040317911E-01
   416 -1151.960871661      1147.85325     -2299.81412     0.7295231544768E-01
   417 -1151.966767896      1147.87026     -2299.83702     0.7188918927835E-01
   418 -1151.987176436      1147.83081     -2299.81798     0.7040418010796E-01
   419 -1152.011389446      1147.80412     -2299.81551     0.6840595552187E-01
   420 -1151.988984137      1147.96846     -2299.95744     0.6613533861769E-01
   421 -1151.938079085      1148.10123     -2300.03931     0.6423488721862E-01
   422 -1152.000502911      1147.67139     -2299.67189     0.6332124751839E-01
   423 -1152.004216895      1147.55363     -2299.55785     0.6306156943021E-01
   424 -1151.973849065      1147.55917     -2299.53302     0.6255900562041E-01
   425 -1151.943649212      1147.62494     -2299.56859     0.6197605568347E-01
   426 -1151.935584837      1147.58006     -2299.51565     0.6118647033797E-01
   427 -1151.948560501      1147.44131     -2299.38987     0.6023517824725E-01
   428 -1151.969181292      1147.34701     -2299.31619     0.5924921411006E-01
   429 -1151.993382915      1147.38242     -2299.37580     0.5802162114185E-01
   430 -1151.979540584      1147.69192     -2299.67146     0.5673115383359E-01
   431 -1151.916965055      1148.09603     -2300.01299     0.5585867642335E-01
   432 -1151.996283991      1147.83039     -2299.82668     0.5641329072351E-01
   433 -1151.989518481      1147.74019     -2299.72971     0.5741122114182E-01
   434 -1151.953758962      1147.75541     -2299.70917     0.5825055305268E-01
   435 -1151.937461925      1147.68696     -2299.62443     0.5832387229450E-01
   436 -1151.937432776      1147.56976     -2299.50719     0.5786557099404E-01
   437 -1151.945446241      1147.50227     -2299.44771     0.5839422450816E-01
   438 -1151.967031629      1147.52538     -2299.49241     0.5852540030593E-01
   439 -1151.997419534      1147.69586     -2299.69328     0.5807355645531E-01
   440 -1151.986716030      1148.13657     -2300.12329     0.5735044075848E-01
   441 -1151.924401372      1148.60785     -2300.53225     0.5719516504462E-01
   442 -1152.001412872      1148.32394     -2300.32535     0.5862736542554E-01
   443 -1151.992473392      1148.12026     -2300.11273     0.6001678269771E-01
   444 -1151.965461137      1147.96195     -2299.92741     0.6015576076557E-01
   445 -1151.946427532      1147.83665     -2299.78307     0.5810436159809E-01
   446 -1151.935969641      1147.77823     -2299.71420     0.5604603234551E-01
   447 -1151.936990301      1147.79542     -2299.73241     0.5702470840983E-01
   448 -1151.952057715      1147.88685     -2299.83890     0.6000218788547E-01
   449 -1151.980138651      1148.05431     -2300.03445     0.6202701233943E-01
   450 -1152.010441183      1148.31269     -2300.32314     0.6256337222992E-01
   451 -1151.999508811      1148.71781     -2300.71732     0.6216358354366E-01
   452 -1151.931133267      1149.05327     -2300.98440     0.6165936734621E-01
   453 -1152.012334984      1148.53245     -2300.54478     0.6223454873413E-01
   454 -1152.018836694      1148.38538     -2300.40422     0.6242201172901E-01
   455 -1151.969041147      1148.06881     -2300.03785     0.6161923751410E-01
   456 -1151.932131000      1148.01098     -2299.94311     0.5662993684185E-01
   457 -1151.917888271      1148.01942     -2299.93731     0.5046425478737E-01
   458 -1151.917782458      1148.05833     -2299.97611     0.4916021520900E-01
   459 -1151.922012506      1148.12102     -2300.04304     0.5086678362594E-01
   460 -1151.931208442      1148.17527     -2300.10648     0.5520724011354E-01
   461 -1151.948500379      1148.15759     -2300.10609     0.5920529925809E-01
   462 -1151.980045813      1148.13048     -2300.11053     0.6217867474779E-01
   463 -1152.012928070      1148.19258     -2300.20551     0.6278236912083E-01
   464 -1151.996288115      1148.51929     -2300.51558     0.6208877255859E-01
   465 -1151.910019713      1148.89940     -2300.80942     0.6152421556409E-01
   466 -1152.017160862      1148.36633     -2300.38349     0.6252994755280E-01
   467 -1152.001610432      1148.14170     -2300.14331     0.6283705894472E-01
   468 -1151.961326957      1148.09358     -2300.05491     0.6013418649944E-01
   469 -1151.935111018      1148.05456     -2299.98967     0.5230226980193E-01
   470 -1151.921466461      1147.98357     -2299.90504     0.4312401474959E-01
   471 -1151.912847246      1147.91293     -2299.82578     0.3682945361841E-01
   472 -1151.907417724      1147.86627     -2299.77369     0.3364346772191E-01
   473 -1151.908119619      1147.85229     -2299.76041     0.3343166810931E-01
   474 -1151.916219548      1147.87308     -2299.78930     0.3658073280525E-01
   475 -1151.929317724      1147.92992     -2299.85923     0.4359503130992E-01
   476 -1151.945078635      1148.01522     -2299.96029     0.5358396439651E-01
   477 -1151.966376513      1148.10156     -2300.06793     0.6318460966662E-01
   478 -1151.998228809      1148.18056     -2300.17879     0.6841951336664E-01
   479 -1152.019264066      1148.34580     -2300.36506     0.6996355587936E-01
   480 -1151.952725629      1148.74475     -2300.69747     0.7013158619210E-01
   481 -1151.974647299      1148.60546     -2300.58011     0.7131903442408E-01
   482 -1152.018480950      1148.19647     -2300.21495     0.7290828156201E-01
   483 -1151.989134999      1148.02780     -2300.01693     0.7209717115333E-01
   484 -1151.958337511      1147.99993     -2299.95827     0.6253575708525E-01
   485 -1151.934197252      1148.00654     -2299.94074     0.4529173082592E-01
   486 -1151.914406742      1148.00251     -2299.91692     0.2842959092743E-01
   487 -1151.899298194      1147.97704     -2299.87634     0.1761058343256E-01
   488 -1151.891250809      1147.94219     -2299.83344     0.1528040081870E-01
   489 -1151.892368615      1147.90672     -2299.79909     0.1589079396092E-01
   490 -1151.903728233      1147.85922     -2299.76295     0.2255975779877E-01
   491 -1151.930114619      1147.83760     -2299.76772     0.4682536288944E-01
   492 -1151.974946969      1147.85898     -2299.83393     0.8495673633013E-01
   493 -1152.033191906      1147.97941     -2300.01260     0.1053393055259
   494 -1152.046923582      1148.38663     -2300.43355     0.1137305964826
   495 -1151.868385112      1149.14647     -2301.01485     0.1218057089752
   496 -1152.069406925      1148.26520     -2300.33460     0.1342871021737
   497 -1152.032037378      1147.99653     -2300.02857     0.1447637009089
   498 -1151.982711987      1147.95820     -2299.94092     0.1286490292166
   499 -1151.951156958      1147.99960     -2299.95076     0.1048046746203
   500 -1151.935732102      1148.07585     -2300.01158     0.8797591918123E-01
   501 -1151.932003012      1148.17187     -2300.10387     0.8051114085907E-01
   502 -1151.935494642      1148.28191     -2300.21741     0.8221914885677E-01
   503 -1151.945892340      1148.38700     -2300.33289     0.9388245731801E-01
   504 -1151.969248408      1148.45711     -2300.42636     0.1188887109087
   505 -1152.011390257      1148.50005     -2300.51144     0.1599803046946
   506 -1152.065017195      1148.61030     -2300.67531     0.1812144243388
   507 -1152.047327148      1149.08060     -2301.12792     0.1842343075207
   508 -1151.870322298      1149.73846     -2301.60878     0.1862785928347
   509 -1152.076563553      1148.75973     -2300.83629     0.1838942006545
   510 -1152.077376071      1148.74951     -2300.82689     0.1842384639900
   511 -1152.026702847      1148.92268     -2300.94939     0.1841291066663
   512 -1151.980668695      1148.96488     -2300.94554     0.1786952440327
   513 -1152.037335379      1148.47500     -2300.51233     0.1765668014365
   514 -1152.043342228      1148.20465     -2300.24800     0.1837551741924
   515 -1152.040572550      1148.17031     -2300.21088     0.1859564131751
   516 -1152.032556853      1148.37357     -2300.40613     0.1707548405949
   517 -1151.985579533      1148.76475     -2300.75033     0.1647519886373
   518 -1151.986658156      1148.80958     -2300.79624     0.1701303701126
   519 -1152.055067234      1148.44795     -2300.50301     0.1768950567482
   520 -1152.057242573      1148.36225     -2300.41949     0.1716521662217
   521 -1152.021971903      1148.54606     -2300.56803     0.1575044055374
   522 -1151.945678422      1148.80931     -2300.75499     0.1448106057618
   523 -1152.004912713      1148.42636     -2300.43127     0.1415020787138
   524 -1152.025952544      1148.16185     -2300.18780     0.1500347316004
   525 -1152.012433031      1148.16387     -2300.17630     0.1584493318703
   526 -1151.993421755      1148.31848     -2300.31190     0.1570304522213
   527 -1151.947105360      1148.51016     -2300.45727     0.1521622503726
   528 -1151.977790398      1148.25324     -2300.23103     0.1534891767990
   529 -1152.014325858      1147.87026     -2299.88459     0.1558985563104
   530 -1152.020554495      1147.66635     -2299.68691     0.1546053308387
   531 -1152.024052781      1147.65454     -2299.67859     0.1530129230185
   532 -1151.970018390      1147.92714     -2299.89715     0.1540231052140
   533 -1151.985140447      1147.85953     -2299.84467     0.1573088514035
   534 -1152.031263292      1147.57393     -2299.60520     0.1609437863478
   535 -1152.029271284      1147.50928     -2299.53856     0.1632134419207
   536 -1152.023884687      1147.58131     -2299.60519     0.1628944727379
   537 -1151.964634079      1147.86242     -2299.82705     0.1595429555924
   538 -1151.958021805      1147.82196     -2299.77998     0.1593613704908
   539 -1152.002992195      1147.47124     -2299.47423     0.1610686843639
   540 -1152.016254681      1147.31215     -2299.32841     0.1612570912434
   541 -1152.025291826      1147.40415     -2299.42945     0.1606909952243
   542 -1151.995167958      1147.83806     -2299.83323     0.1592443499496
   543 -1151.930417358      1148.32005     -2300.25047     0.1578935985882
   544 -1152.007771791      1148.08771     -2300.09548     0.1577160111761
   545 -1152.029878683      1147.95708     -2299.98696     0.1577450387699
   546 -1152.010794486      1148.08542     -2300.09622     0.1570896489557
   547 -1151.944064357      1148.45413     -2300.39820     0.1513063927995
   548 -1151.912015860      1148.57415     -2300.48616     0.1457179554398
   549 -1151.966934744      1148.25734     -2300.22427     0.1468248835428
   550 -1151.977697551      1148.18310     -2300.16079     0.1549021225561
   551 -1151.980949156      1148.36277     -2300.34372     0.1601591384706
   552 -1151.968088566      1148.77715     -2300.74524     0.1619676136294
   553 -1151.900614312      1149.31579     -2301.21640     0.1631129640237
   554 -1151.948822932      1149.18256     -2301.13139     0.1649510103481
   555 -1151.997624149      1148.84293     -2300.84055     0.1666159762870
   556 -1151.987652129      1148.74653     -2300.73418     0.1659822702364
   557 -1151.944924786      1148.90658     -2300.85150     0.1575580628578
   558 -1151.889726952      1149.07434     -2300.96407     0.1467463137540
   559 -1151.946563497      1148.75613     -2300.70269     0.1440811222249
   560 -1151.966111474      1148.62938     -2300.59549     0.1541038027805
   561 -1151.964096666      1148.71965     -2300.68375     0.1709443923326
   562 -1151.974205641      1148.87602     -2300.85023     0.1785837658781
   563 -1151.977291679      1149.07505     -2301.05234     0.1802373084668
   564 -1151.911983193      1149.33277     -2301.24475     0.1828312602204
   565 -1151.999418027      1148.84088     -2300.84030     0.1827131783244
   566 -1152.027751851      1148.54710     -2300.57485     0.1792111841951
   567 -1151.990857431      1148.62003     -2300.61088     0.1718529079412
   568 -1151.911800165      1148.88275     -2300.79455     0.1590160673322
   569 -1151.964256144      1148.60890     -2300.57315     0.1462569587192
   570 -1151.966840607      1148.48996     -2300.45680     0.1452926700067
   571 -1151.944026151      1148.50205     -2300.44607     0.1522726093841
   572 -1151.952733827      1148.44249     -2300.39522     0.1539955547794
   573 -1151.981711008      1148.36200     -2300.34371     0.1501817879939
   574 -1151.982642458      1148.47050     -2300.45314     0.1541990358725
   575 -1151.923732817      1148.729605909     -2300.653338726
$end
