$coord
   -0.05921154481216      0.04738015846678     -0.03363013317867      ti
    0.86691299729697     -2.56552942561037      2.02129699207951       o
   -2.30408921663268     -1.00830589703912     -1.80118093623054       o
   -2.70133742873939     -2.10561071397786     -3.20139373446178       h
   -0.99004150499217      2.63616455386843      1.92931891893141       o
   -0.28579840088536      2.68581824184568      3.84582757338060       h
    2.63863196928014      1.07136889268272     -2.16213109980418       o
    3.09524120353613     -0.76357974878897     -2.31411893808297       h
   -0.41753668981460     -4.00522162631940      2.98660406069096       h
$end
