$coord
    0.19801778742362     -0.03694981507631     -0.02725570898722      ti
    0.76736184667133     -2.32056951823757      2.27763361769012       o
   -2.82113000289221     -1.18630052430392     -1.93894480590710       o
   -2.33560417935081     -2.31655082664338     -3.24131722258080       h
   -1.07279412413214      2.40873601377565      1.97571660878170       o
   -1.00001018828837      3.99561614838594      1.06896875152134       h
    2.59511875739909      1.26675939386379     -2.17249738147873       o
    2.92139471410563      2.31759886875668     -3.58770723527317       h
   -0.51045055534371     -4.01153293365801      1.97151574758829       h
$end
