$energy      SCF               SCFKIN            SCFPOT
     1 -1152.114467382      1148.281717553     -2300.396184935
     2 -1152.097305953      1148.196364285     -2300.293670237
     3 -1152.074861698      1148.144937613     -2300.219799312
     4 -1152.076868777      1148.018678186     -2300.095546963
     5 -1152.084276646      1147.933816275     -2300.018092921
     6 -1152.086561970      1147.984537620     -2300.071099590
     7 -1152.076824124      1148.179221959     -2300.256046082
     8 -1152.054466334      1148.408162117     -2300.462628451
     9 -1152.063495660      1148.412024763     -2300.475520423
    10 -1152.073803313      1148.310155191     -2300.383958504
    11 -1152.053533914      1148.289368285     -2300.342902199
    12 -1152.033227438      1148.257308384     -2300.290535822
    13 -1152.035945242      1148.143965548     -2300.179910791
    14 -1152.041804608      1148.081061395     -2300.122866002
    15 -1152.046807543      1148.141450880     -2300.188258423
    16 -1152.046369840      1148.330623346     -2300.376993186
    17 -1152.034102439      1148.571053555     -2300.605155994
    18 -1152.048072193      1148.618022740     -2300.666094933
    19 -1152.068623530      1148.526439606     -2300.595063136
    20 -1152.058098877      1148.480326237     -2300.538425113
    21 -1152.048981401      1148.389248444     -2300.438229845
    22 -1152.056285671      1148.235195529     -2300.291481200
    23 -1152.063138602      1148.155071040     -2300.218209642
    24 -1152.071944481      1148.199390696     -2300.271335177
    25 -1152.079059062      1148.371838264     -2300.450897326
    26 -1152.072364319      1148.623743803     -2300.696108122
    27 -1152.081937313      1148.728831148     -2300.810768460
    28 -1152.099307885      1148.678443254     -2300.777751139
    29 -1152.085899988      1148.645976278     -2300.731876267
    30 -1152.075986685      1148.552358677     -2300.628345362
    31 -1152.075511480      1148.434628528     -2300.510140008
    32 -1152.073381467      1148.417125803     -2300.490507271
    33 -1152.076366358      1148.525075003     -2300.601441360
    34 -1152.080751243      1148.757071874     -2300.837823117
    35 -1152.070814862      1149.077847510     -2301.148662372
    36 -1152.070143416      1149.271817082     -2301.341960498
    37 -1152.080775867      1149.265894202     -2301.346670069
    38 -1152.067203375      1149.202874748     -2301.270078123
    39 -1152.060798568      1149.029257558     -2301.090056127
    40 -1152.058105269      1148.838655324     -2300.896760593
    41 -1152.056024316      1148.731447867     -2300.787472183
    42 -1152.063520055      1148.717788562     -2300.781308617
    43 -1152.075829477      1148.803712278     -2300.879541755
    44 -1152.073528397      1148.985260699     -2301.058789096
    45 -1152.070810005      1149.086064159     -2301.156874164
    46 -1152.080106634      1148.981950712     -2301.062057346
    47 -1152.074234964      1148.782712407     -2300.856947371
    48 -1152.071751881      1148.509101205     -2300.580853086
    49 -1152.064032630      1148.293959335     -2300.357991965
    50 -1152.057470587      1148.195912734     -2300.253383321
    51 -1152.062593976      1148.204740860     -2300.267334836
    52 -1152.075388365      1148.322493668     -2300.397882033
    53 -1152.074983833      1148.558873482     -2300.633857315
    54 -1152.065431645      1148.767420680     -2300.832852326
    55 -1152.074090606      1148.740806164     -2300.814896770
    56 -1152.078944263      1148.554777319     -2300.633721582
    57 -1152.077311173      1148.318386811     -2300.395697984
    58 -1152.065626596      1148.156273423     -2300.221900019
    59 -1152.057231870      1148.093837676     -2300.151069545
    60 -1152.062188707      1148.118575369     -2300.180764076
    61 -1152.076418206      1148.237685342     -2300.314103549
    62 -1152.077833877      1148.476652451     -2300.554486328
    63 -1152.060637788      1148.722670696     -2300.783308484
    64 -1152.065396557      1148.702819226     -2300.768215783
    65 -1152.074470388      1148.472083501     -2300.546553889
    66 -1152.069820765      1148.214618272     -2300.284439037
    67 -1152.054602764      1148.045272619     -2300.099875383
    68 -1152.044685478      1147.977052229     -2300.021737706
    69 -1152.049740486      1147.996981086     -2300.046721572
    70 -1152.066664917      1148.111687216     -2300.178352132
    71 -1152.073991361      1148.351903423     -2300.425894784
    72 -1152.057424725      1148.636765465     -2300.694190190
    73 -1152.063183355      1148.657506463     -2300.720689818
    74 -1152.081678998      1148.428144188     -2300.509823186
    75 -1152.082260805      1148.184167459     -2300.266428264
    76 -1152.070433974      1148.040628564     -2300.111062539
    77 -1152.063339880      1148.006587550     -2300.069927430
    78 -1152.069962304      1148.071818000     -2300.141780303
    79 -1152.087141173      1148.243980591     -2300.331121764
    80 -1152.094045732      1148.554683663     -2300.648729396
    81 -1152.071819757      1148.938429432     -2301.010249189
    82 -1152.069053263      1149.066080541     -2301.135133803
    83 -1152.083686659      1148.917731349     -2301.001418008
    84 -1152.077547224      1148.755006855     -2300.832554079
    85 -1152.059291527      1148.679204550     -2300.738496076
    86 -1152.047501392      1148.685481442     -2300.732982833
    87 -1152.051147054      1148.757783420     -2300.808930474
    88 -1152.067722191      1148.900018231     -2300.967740421
    89 -1152.076372083      1149.146687290     -2301.223059373
    90 -1152.057020653      1149.437072263     -2301.494092916
    91 -1152.062598290      1149.428249252     -2301.490847543
    92 -1152.088059306      1149.125606748     -2301.213666054
    93 -1152.088513145      1148.829837181     -2300.918350326
    94 -1152.076633760      1148.629532867     -2300.706166628
    95 -1152.071244446      1148.514634893     -2300.585879339
    96 -1152.079791249      1148.477644728     -2300.557435977
    97 -1152.097775997      1148.536894717     -2300.634670714
    98 -1152.101425655      1148.736679401     -2300.838105055
    99 -1152.075138808      1148.990457760     -2301.065596568
   100 -1152.081931365      1148.927024868     -2301.008956233
   101 -1152.100908371      1148.629881090     -2300.730789461
   102 -1152.091027289      1148.393067525     -2300.484094813
   103 -1152.073213282      1148.257697079     -2300.330910361
   104 -1152.065491571      1148.200964400     -2300.266455972
   105 -1152.072669349      1148.217648395     -2300.290317744
   106 -1152.087038982      1148.331002909     -2300.418041890
   107 -1152.082114165      1148.579882151     -2300.661996316
   108 -1152.052264012      1148.828034222     -2300.880298234
   109 -1152.064653884      1148.709765074     -2300.774418958
   110 -1152.077554558      1148.415033834     -2300.492588392
   111 -1152.061391977      1148.208762298     -2300.270154276
   112 -1152.042015865      1148.100101158     -2300.142117023
   113 -1152.035442607      1148.062783284     -2300.098225892
   114 -1152.044481518      1148.094915819     -2300.139397337
   115 -1152.059521852      1148.221095751     -2300.280617602
   116 -1152.053346790      1148.469429838     -2300.522776628
   117 -1152.029872293      1148.663607258     -2300.693479551
   118 -1152.053538438      1148.470937269     -2300.524475707
   119 -1152.068752969      1148.161396592     -2300.230149561
   120 -1152.056862980      1147.966216301     -2300.023079281
   121 -1152.046487218      1147.869972128     -2299.916459346
   122 -1152.050944411      1147.848320233     -2299.899264643
   123 -1152.069130470      1147.911181569     -2299.980312039
   124 -1152.087782984      1148.090822859     -2300.178605843
   125 -1152.080291549      1148.400131897     -2300.480423446
   126 -1152.060149031      1148.623605266     -2300.683754297
   127 -1152.086256619      1148.466888231     -2300.553144850
   128 -1152.096310670      1148.245609593     -2300.341920264
   129 -1152.079677102      1148.160470475     -2300.240147578
   130 -1152.065641629      1148.178687435     -2300.244329064
   131 -1152.065586773      1148.271891812     -2300.337478585
   132 -1152.076587535      1148.448145241     -2300.524732776
   133 -1152.084218308      1148.730560726     -2300.814779034
   134 -1152.066965540      1149.096107607     -2301.163073147
   135 -1152.047489664      1149.301816161     -2301.349305825
   136 -1152.069717489      1149.131851547     -2301.201569037
   137 -1152.074778759      1148.906156945     -2300.980935705
   138 -1152.059326784      1148.790381061     -2300.849707845
   139 -1152.051058758      1148.745456079     -2300.796514838
   140 -1152.058212386      1148.749880491     -2300.808092877
   141 -1152.074635264      1148.819415839     -2300.894051103
   142 -1152.084084254      1148.975667693     -2301.059751947
   143 -1152.075368230      1149.162656510     -2301.238024740
   144 -1152.067972217      1149.186598609     -2301.254570826
   145 -1152.087673396      1148.931324861     -2301.018998258
   146 -1152.090824289      1148.663683475     -2300.754507763
   147 -1152.075467544      1148.522849728     -2300.598317273
   148 -1152.065822235      1148.470431830     -2300.536254066
   149 -1152.068117843      1148.485053318     -2300.553171161
   150 -1152.074856123      1148.578012772     -2300.652868895
   151 -1152.072945855      1148.746057435     -2300.819003290
   152 -1152.061190974      1148.900046986     -2300.961237960
   153 -1152.047830769      1148.909295943     -2300.957126711
   154 -1152.057882656      1148.680526500     -2300.738409156
   155 -1152.055748411      1148.446464551     -2300.502212962
   156 -1152.039051422      1148.334213825     -2300.373265247
   157 -1152.030614491      1148.301834207     -2300.332448698
   158 -1152.035826430      1148.324148865     -2300.359975295
   159 -1152.046051981      1148.408442165     -2300.454494145
   160 -1152.049666473      1148.541302261     -2300.590968734
   161 -1152.047208593      1148.633241788     -2300.680450382
   162 -1152.042118852      1148.585723545     -2300.627842396
   163 -1152.059700409      1148.318861075     -2300.378561484
   164 -1152.064060285      1148.064917492     -2300.128977777
   165 -1152.054220712      1147.940172582     -2299.994393294
   166 -1152.051775608      1147.901482475     -2299.953258083
   167 -1152.061108153      1147.923359029     -2299.984467182
   168 -1152.072647103      1148.015725723     -2300.088372827
   169 -1152.075568931      1148.161767808     -2300.237336738
   170 -1152.072139974      1148.268425161     -2300.340565135
   171 -1152.066131048      1148.242607048     -2300.308738096
   172 -1152.081890126      1148.015298042     -2300.097188167
   173 -1152.082789018      1147.825754323     -2299.908543342
   174 -1152.071076972      1147.775369919     -2299.846446891
   175 -1152.067549973      1147.818657066     -2299.886207039
   176 -1152.075167166      1147.933280714     -2300.008447880
   177 -1152.083628510      1148.127715750     -2300.211344260
   178 -1152.083955760      1148.373579321     -2300.457535080
   179 -1152.079806803      1148.573911540     -2300.653718344
   180 -1152.071316193      1148.653607767     -2300.724923959
   181 -1152.083239663      1148.544008414     -2300.627248077
   182 -1152.080536208      1148.470580539     -2300.551116747
   183 -1152.066991238      1148.516928138     -2300.583919376
   184 -1152.061853027      1148.633108520     -2300.694961547
   185 -1152.066764193      1148.794581376     -2300.861345569
   186 -1152.071636863      1149.000810306     -2301.072447168
   187 -1152.072751753      1149.200808727     -2301.273560480
   188 -1152.072794275      1149.314865484     -2301.387659759
   189 -1152.064553886      1149.315589489     -2301.380143375
   190 -1152.077939113      1149.124287396     -2301.202226509
   191 -1152.078256623      1148.959738959     -2301.037995582
   192 -1152.067968790      1148.906189269     -2300.974158059
   193 -1152.064223500      1148.922153696     -2300.986377195
   194 -1152.067256238      1148.988802526     -2301.056058764
   195 -1152.067152344      1149.100345022     -2301.167497366
   196 -1152.067278833      1149.184038221     -2301.251317055
   197 -1152.064244593      1149.202131896     -2301.266376489
   198 -1152.048402011      1149.155052211     -2301.203454222
   199 -1152.056815885      1148.938396271     -2300.995212157
   200 -1152.055861858      1148.755926100     -2300.811787958
   201 -1152.046512340      1148.686614159     -2300.733126498
   202 -1152.044157861      1148.683585720     -2300.727743581
   203 -1152.047801683      1148.715768022     -2300.763569705
   204 -1152.049177401      1148.757232723     -2300.806410124
   205 -1152.057929553      1148.723473560     -2300.781403113
   206 -1152.059809661      1148.648115214     -2300.707924875
   207 -1152.043821742      1148.558930977     -2300.602752719
   208 -1152.054605681      1148.315585471     -2300.370191152
   209 -1152.060009090      1148.099976846     -2300.159985937
   210 -1152.054901114      1148.007305009     -2300.062206123
   211 -1152.052667328      1147.994872346     -2300.047539674
   212 -1152.052323963      1148.024097878     -2300.076421840
   213 -1152.051814074      1148.042930945     -2300.094745019
   214 -1152.065405355      1147.970351490     -2300.035756844
   215 -1152.067071587      1147.912860778     -2299.979932364
   216 -1152.046833216      1147.902478306     -2299.949311521
   217 -1152.056239602      1147.749778558     -2299.806018159
   218 -1152.066242689      1147.608234161     -2299.674476850
   219 -1152.064102632      1147.598458475     -2299.662561107
   220 -1152.061845993      1147.682044265     -2299.743890258
   221 -1152.059042381      1147.809506317     -2299.868548698
   222 -1152.061333661      1147.898670651     -2299.960004313
   223 -1152.080729164      1147.894371833     -2299.975100998
   224 -1152.082356336      1147.955174734     -2300.037531070
   225 -1152.061281211      1148.092986351     -2300.154267562
   226 -1152.071643534      1148.086203445     -2300.157846979
   227 -1152.084727752      1148.071561612     -2300.156289364
   228 -1152.082580145      1148.181678106     -2300.264258251
   229 -1152.076093567      1148.377425926     -2300.453519493
   230 -1152.066667699      1148.595180933     -2300.661848632
   231 -1152.067134968      1148.730078483     -2300.797213451
   232 -1152.082014858      1148.772432101     -2300.854446959
   233 -1152.074590580      1148.898439857     -2300.973030437
   234 -1152.047588977      1149.081326755     -2301.128915732
   235 -1152.054560155      1149.089817554     -2301.144377709
   236 -1152.063501466      1149.068668357     -2301.132169822
   237 -1152.058086090      1149.144421063     -2301.202507153
   238 -1152.050420469      1149.273613420     -2301.324033889
   239 -1152.043684069      1149.389034047     -2301.432718116
   240 -1152.051928636      1149.392598591     -2301.444527227
   241 -1152.073083983      1149.308880345     -2301.381964329
   242 -1152.070529276      1149.313725008     -2301.384254284
   243 -1152.050127555      1149.363764451     -2301.413892007
   244 -1152.063016443      1149.242091572     -2301.305108015
   245 -1152.074765759      1149.106408902     -2301.181174661
   246 -1152.072398024      1149.070352434     -2301.142750457
   247 -1152.067051143      1149.095887662     -2301.162938805
   248 -1152.059931163      1149.127082564     -2301.187013727
   249 -1152.064269423      1149.065957063     -2301.130226486
   250 -1152.081882824      1148.913294491     -2300.995177315
   251 -1152.077019158      1148.835456414     -2300.912475572
   252 -1152.054802573      1148.798962292     -2300.853764865
   253 -1152.064569513      1148.600215194     -2300.664784708
   254 -1152.074536058      1148.388052147     -2300.462588205
   255 -1152.072197560      1148.275514079     -2300.347711639
   256 -1152.067506476      1148.237080116     -2300.304586592
$end
