  0.0000000E+00
   40.0000000000000     
   80.0000000000000     
   120.000000000000     
   160.000000000000     
   200.000000000000     
   240.000000000000     
   280.000000000000     
   320.000000000000     
   360.000000000000     
   400.000000000000     
   440.000000000000     
   480.000000000000     
   520.000000000000     
   560.000000000000     
   600.000000000000     
   640.000000000000     
   680.000000000000     
   720.000000000000     
   760.000000000000     
   800.000000000000     
   840.000000000000     
   880.000000000000     
   920.000000000000     
   960.000000000000     
   1000.00000000000     
   1040.00000000000     
   1080.00000000000     
   1120.00000000000     
   1160.00000000000     
   1200.00000000000     
   1240.00000000000     
   1280.00000000000     
   1320.00000000000     
   1360.00000000000     
   1400.00000000000     
   1440.00000000000     
   1480.00000000000     
   1520.00000000000     
   1560.00000000000     
   1600.00000000000     
   1640.00000000000     
   1680.00000000000     
   1720.00000000000     
   1760.00000000000     
   1800.00000000000     
   1840.00000000000     
   1880.00000000000     
   1920.00000000000     
   1960.00000000000     
   2000.00000000000     
   2040.00000000000     
   2080.00000000000     
   2120.00000000000     
   2160.00000000000     
   2200.00000000000     
   2240.00000000000     
   2280.00000000000     
   2320.00000000000     
   2360.00000000000     
   2400.00000000000     
   2440.00000000000     
   2480.00000000000     
   2520.00000000000     
   2560.00000000000     
   2600.00000000000     
   2640.00000000000     
   2680.00000000000     
   2720.00000000000     
   2760.00000000000     
   2800.00000000000     
   2840.00000000000     
   2880.00000000000     
   2920.00000000000     
   2960.00000000000     
   3000.00000000000     
   3040.00000000000     
   3080.00000000000     
   3120.00000000000     
   3160.00000000000     
   3200.00000000000     
   3240.00000000000     
   3280.00000000000     
   3320.00000000000     
   3360.00000000000     
   3400.00000000000     
   3440.00000000000     
   3480.00000000000     
   3520.00000000000     
   3560.00000000000     
   3600.00000000000     
   3640.00000000000     
   3680.00000000000     
   3720.00000000000     
   3760.00000000000     
   3800.00000000000     
   3840.00000000000     
   3880.00000000000     
   3920.00000000000     
   3960.00000000000     
   4000.00000000000     
   4040.00000000000     
   4080.00000000000     
   4120.00000000000     
   4160.00000000000     
   4200.00000000000     
   4240.00000000000     
   4280.00000000000     
   4320.00000000000     
   4360.00000000000     
   4400.00000000000     
   4440.00000000000     
   4480.00000000000     
   4520.00000000000     
   4560.00000000000     
   4600.00000000000     
   4640.00000000000     
   4680.00000000000     
   4720.00000000000     
   4760.00000000000     
   4800.00000000000     
   4840.00000000000     
   4880.00000000000     
   4920.00000000000     
   4960.00000000000     
   5000.00000000000     
   5040.00000000000     
   5080.00000000000     
   5120.00000000000     
   5160.00000000000     
   5200.00000000000     
   5240.00000000000     
   5280.00000000000     
   5320.00000000000     
   5360.00000000000     
   5400.00000000000     
   5440.00000000000     
   5480.00000000000     
   5520.00000000000     
   5560.00000000000     
   5600.00000000000     
   5640.00000000000     
   5680.00000000000     
   5720.00000000000     
   5760.00000000000     
   5800.00000000000     
   5840.00000000000     
   5880.00000000000     
   5920.00000000000     
   5960.00000000000     
   6000.00000000000     
   6040.00000000000     
   6080.00000000000     
   6120.00000000000     
   6160.00000000000     
   6200.00000000000     
   6240.00000000000     
   6280.00000000000     
   6320.00000000000     
   6360.00000000000     
   6400.00000000000     
   6440.00000000000     
   6480.00000000000     
   6520.00000000000     
   6560.00000000000     
   6600.00000000000     
   6640.00000000000     
   6680.00000000000     
   6720.00000000000     
   6760.00000000000     
   6800.00000000000     
   6840.00000000000     
   6880.00000000000     
   6920.00000000000     
   6960.00000000000     
   7000.00000000000     
   7040.00000000000     
   7080.00000000000     
   7120.00000000000     
   7160.00000000000     
   7200.00000000000     
   7240.00000000000     
   7280.00000000000     
   7320.00000000000     
   7360.00000000000     
   7400.00000000000     
   7440.00000000000     
   7480.00000000000     
   7520.00000000000     
   7560.00000000000     
   7600.00000000000     
   7640.00000000000     
   7680.00000000000     
   7720.00000000000     
   7760.00000000000     
   7800.00000000000     
   7840.00000000000     
   7880.00000000000     
   7920.00000000000     
   7960.00000000000     
   8000.00000000000     
   8040.00000000000     
   8080.00000000000     
   8120.00000000000     
   8160.00000000000     
   8200.00000000000     
   8240.00000000000     
   8280.00000000000     
   8320.00000000000     
   8360.00000000000     
   8400.00000000000     
   8440.00000000000     
   8480.00000000000     
   8520.00000000000     
   8560.00000000000     
   8600.00000000000     
   8640.00000000000     
   8680.00000000000     
   8720.00000000000     
   8760.00000000000     
   8800.00000000000     
   8840.00000000000     
   8880.00000000000     
   8920.00000000000     
   8960.00000000000     
   9000.00000000000     
   9040.00000000000     
   9080.00000000000     
   9120.00000000000     
   9160.00000000000     
   9200.00000000000     
   9240.00000000000     
   9280.00000000000     
   9320.00000000000     
   9360.00000000000     
   9400.00000000000     
   9440.00000000000     
   9480.00000000000     
   9520.00000000000     
   9560.00000000000     
   9600.00000000000     
   9640.00000000000     
   9680.00000000000     
   9720.00000000000     
   9760.00000000000     
   9800.00000000000     
   9840.00000000000     
   9880.00000000000     
   9920.00000000000     
   9960.00000000000     
   10000.0000000000     
   10040.0000000000     
   10080.0000000000     
   10120.0000000000     
   10160.0000000000     
   10200.0000000000     
   10240.0000000000     
