$coord
   -0.00126427077627     -0.35779912657376      0.01201863687720      ti
    1.03809738553070     -2.52485730932420      2.30817119272438      o
   -2.81028037326623     -0.23540383261811     -1.93859636173615      o
   -2.40655928223654     -0.31735199534331     -3.74993136339652      h
   -0.72753232193448      2.51714725302123      1.45617607146563      o
   -0.06081747807325      3.97510516858551      1.00121146586310      h
    2.37022769756417      1.22238986574522     -1.72616166467213      o
    3.64574653897173      1.61783584603900     -2.91363174047969      h
    0.93705297331485     -3.81646811361635      3.51044160360470      h
$redundant
     number_of_atoms             9
     degrees_of_freedom         21
     internal_coordinates       21
     frozen_coordinates          0
# definitions of redundant internals
   1 k  1.0000000000000 stre    9    2           val=   1.76746
   2 k  1.0000000000000 linc    9    1    2    5 val=   4.61805
   3 k  1.0000000000000 linp    9    1    2    5 val= -20.64417
   4 k  1.0000000000000 stre    8    7           val=   1.78701
   5 k  1.0000000000000 linc    8    1    7    5 val= -16.28303
   6 k  1.0000000000000 linp    8    1    7    5 val=   3.69417
   7 k  1.0000000000000 stre    1    2           val=   3.32396
   8 k  1.0000000000000 stre    1    7           val=   3.33800
   9 k  0.3583796780402 bend    7    2    1      val=   5.99054
       -0.0307681928594 bend    5    2    1
        0.4572304469727 bend    5    7    1
       -0.7534815111871 bend    3    2    1
        0.3063058199517 bend    3    7    1
  10 k  0.3967260079400 bend    7    2    1      val=  15.30662
        0.6458273107875 bend    5    2    1
       -0.0493385114708 bend    5    7    1
       -0.1269513905654 bend    3    2    1
       -0.6379377830042 bend    3    7    1
  11 k -0.6522436412113 bend    7    2    1      val=  23.42531
        0.6243085104850 bend    5    2    1
        0.3788289394708 bend    5    7    1
       -0.0237860819130 bend    3    2    1
        0.2018414555089 bend    3    7    1
  12 k -0.0122758551026 bend    7    2    1      val=  11.93595
       -0.3250786411402 bend    5    2    1
        0.7754233099611 bend    5    7    1
        0.2930082085096 bend    3    2    1
       -0.4550143520494 bend    3    7    1
  13 k  1.0000000000000 tors    4    3    1    5 val= 122.61439
  14 k  1.0000000000000 stre    3    4           val=   1.85759
  15 k  1.0000000000000 bend    1    4    3      val= 112.07623
  16 k  1.0000000000000 tors    6    5    1    3 val= 261.65861
  17 k  1.0000000000000 stre    5    6           val=   1.66648
  18 k  1.0000000000000 bend    1    6    5      val= 123.70790
  19 k  1.0000000000000 stre    1    5           val=   3.29824
  20 k  1.0000000000000 stre    1    3           val=   3.42205
  21 k  1.0000000000000 bend    3    5    1      val=  92.15805
        21 non zero eigenvalues  of BmBt
           1           3.675033872    1    0
         1
           2           3.434071113    2    0
         2
           3           2.828298923    3    0
         3
           4           2.400246856    4    0
         4
           5           2.302524614    5    0
         5
           6           2.128108847    6    0
         6
           7           1.836546632    7    0
         7
           8           1.556199859    8    0
         8
           9           1.392149446    9    0
         9
          10           1.295444481   10    0
        10
          11           1.129253736   11    0
        11
          12           0.942885259   12    0
        12
          13           0.887680167   13    0
        13
          14           0.614547199   14    0
        14
          15           0.534685381   15    0
        15
          16           0.324646155   16    0
        16
          17           0.144640613   17    0
        17
          18           0.119001346   18    0
        18
          19           0.077440987   19    0
        19
          20           0.063879445   20    0
        20
          21           0.057171092   21    0
        21
$user-defined bonds
$end
