$coord
   -0.03153423792469     -0.07139782172530      0.06397403261226      ti
    0.89271607380584     -2.64052793150927      1.82993916646602       o
   -2.82350671144954     -0.92957499305516     -1.73715928251973       o
   -3.82954096870433      0.22363642666193     -2.68590838178222       h
   -0.75925170902682      2.75045915881024      1.66639168445975       o
   -0.09208559856506      4.40037167550077      2.14528475824734       h
    2.61205939628996      1.05045170309042     -1.88476352308807       o
    2.61519369605396      0.02128984358570     -3.15793173415893       h
    2.34700565300096     -2.82175191176255      2.68458273890000       h
$end
