$coord
    0.10564022617103      0.05793465686417     -0.07691393230719      ti
    0.62760148133537     -2.38382262033013      2.03493892503281       o
   -2.86282529823343     -0.79448905428151     -1.65616543149164       o
   -3.44459373988702     -2.24148202293234     -0.84853370990114       h
   -0.87245386329120      2.61217051218657      2.05582304441779       o
    0.11242887833080      3.07719375204923      3.54387654940179       h
    2.40658815105301      0.68292208003992     -2.41532359907489       o
    4.42345260151523      0.92711041223265     -2.81079376786317       h
    0.98944794201383     -2.61676235771687      3.94755890104575       h
$end
