$jbas
*
ti def2-SVP
# ti    (19s5p5d3f3g) / [8s5p5d2f3g]     {(12)1111111/11111/11111/21/111}
*
  12  s
  19204.623557      0.91505060000
  8781.0703955      0.46997730000
  4148.7833952       3.0298523000
  1906.8876382       5.4371020000
  908.96504220       11.029863400
  431.57454830       14.813261200
  211.16420700       10.362678300
  102.25481330     -0.58370710000
  50.701753000     -0.63263400000
  25.089287100       11.504396800
  12.756292100       8.4908452000
  6.3986226000      -3.0065313000
   1  s
  3.2036391000      0.42293860000
   1  s
  1.6645345000       2.7911389000
   1  s
 0.84269070000      0.70107680000
   1  s
 0.43219950000      0.39357000000E-01
   1  s
 0.22160230000      0.61395700000E-01
   1  s
 0.11433360000      0.46443700000E-01
   1  s
 0.58869700000E-01  0.53964000000E-02
   1  p
  16.707884000     -0.72975000000E-02
   1  p
  4.4154511000     -0.61159000000E-02
   1  p
  1.2395226000      0.28890800000E-01
   1  p
 0.36146380000     -0.35596000000E-02
   1  p
 0.10678940000      0.24290500000E-01
   1  d
  10.760765100      0.82720000000E-03
   1  d
  3.6392680000     -0.53072000000E-02
   1  d
  1.3695124000     -0.11593700000E-01
   1  d
 0.59317720000     -0.46652000000E-02
   1  d
 0.25692300000      0.75375000000E-02
   2  f
  3.1724794000     -0.15558700000E-01
  1.1137039000     -0.10250000000E-02
   1  f
 0.38852400000      0.64951000000E-02
   1  g
  6.9650158000     -0.71979100000E-01
   1  g
  2.1773896000     -0.82971900000E-01
   1  g
 0.68763690000     -0.25065000000E-01
*
o def2-SVP
# o     (12s5p4d2f1g) / [6s4p3d1f1g]     {711111/2111/211/2/1}
*
   7  s
  2876.8216605      0.14435580000
  1004.7443032      0.29200410000
  369.75799540       1.0258517000
  142.94424040       2.2875516000
  57.836642500       3.6080237000
  24.386498300       2.3737865000
  10.662266200      0.48941400000E-01
   1  s
  4.8070437000     -0.12951860000
   1  s
  2.2210770000      0.77471580000
   1  s
  1.0447795000      0.76478160000
   1  s
 0.49684250000      0.23698030000
   1  s
 0.23713840000      0.20809900000E-01
   2  p
  64.261338200     -0.12665900000E-01
  16.300607600     -0.37874400000E-01
   1  p
  4.3550542000      0.63807800000E-01
   1  p
  1.2019554000      0.16951600000E-01
   1  p
 0.33541960000      0.65743000000E-02
   2  d
  9.2146611000     -0.59791400000E-01
  2.8435251000     -0.84672400000E-01
   1  d
 0.99557590000     -0.46606600000E-01
   1  d
 0.36494410000     -0.96978000000E-02
   2  f
  2.6420115000       1.0000000000
 0.73456130000       1.0000000000
   1  g
  1.3931000000     -0.16533000000E-02
*
h def2-SVP
# h     (5s2p1d) / [3s1p1d]     {311/2/1}
*
   3  s
  15.675292700      0.18688600000E-01
  3.6063578000      0.63167000000E-01
  1.2080016000      0.12046090000
   1  s
 0.47267940000      0.59248500000E-01
   1  s
 0.20181000000      0.51272000000E-02
   2  p
  2.0281365000       1.0000000000
 0.53587300000       1.0000000000
   1  d
  2.2165124000      0.33116000000E-02
*
$jkbas
*
ti def2-SVP
# ti    (19s14p12d10f7g3h1i) / [16s13p11d9f5g3h1i]
# {4111111111111111/2111111111111/21111111111/211111111/31111/111/1}
*
   4  s
  7483.6549554      0.11219563360
  3143.3098572      0.11488472220
  1369.9603810      0.40723251270
  618.96156900      0.60995998370
   1  s
  289.58317520      0.66054836250
   1  s
  140.11465850       1.0000000000
   1  s
  70.010802100       1.0000000000
   1  s
  36.066959100       1.0000000000
   1  s
  19.121763200       1.0000000000
   1  s
  10.412369200       1.0000000000
   1  s
  5.8106202000       1.0000000000
   1  s
  3.3152447000       1.0000000000
   1  s
  1.9289551000       1.0000000000
   1  s
  1.1414713000       1.0000000000
   1  s
 0.68502100000       1.0000000000
   1  s
 0.41566550000       1.0000000000
   1  s
 0.25424150000       1.0000000000
   1  s
 0.15625700000       1.0000000000
   1  s
 0.96190400000E-01   1.0000000000
   2  p
  1275.6414308      0.15438929110
  530.56489100      0.36376500900
   1  p
  227.06575330      0.91860707870
   1  p
  99.817663600       1.0000000000
   1  p
  44.985531800       1.0000000000
   1  p
  20.741665600       1.0000000000
   1  p
  9.7621623000       1.0000000000
   1  p
  4.6788658000       1.0000000000
   1  p
  2.2778600000       1.0000000000
   1  p
  1.1234417000       1.0000000000
   1  p
 0.55977000000       1.0000000000
   1  p
 0.28097320000       1.0000000000
   1  p
 0.14166070000       1.0000000000
   1  p
 0.71528400000E-01   1.0000000000
   2  d
  312.21120990      0.27530572600
  130.06816520      0.96135672730
   1  d
  56.049660900       1.0000000000
   1  d
  24.919738300       1.0000000000
   1  d
  11.398525700       1.0000000000
   1  d
  5.3473043000       1.0000000000
   1  d
  2.5640981000       1.0000000000
   1  d
  1.2522073000       1.0000000000
   1  d
 0.62043580000       1.0000000000
   1  d
 0.31064090000       1.0000000000
   1  d
 0.15651940000       1.0000000000
   1  d
 0.79031000000E-01   1.0000000000
   2  f
  85.392186900      0.18000085170
  30.350058900      0.63909241820
   1  f
  12.891640000      0.74777040220
   1  f
  5.8660783000       1.0000000000
   1  f
  2.8161869000       1.0000000000
   1  f
  1.3447781000       1.0000000000
   1  f
 0.62866980000       1.0000000000
   1  f
 0.34526080000       1.0000000000
   1  f
 0.17377850000       1.0000000000
   1  f
 0.89509300000E-01   1.0000000000
   3  g
  19.107490900      0.14474470890
  7.4952812000      0.49602644430
  3.0969354000      0.73922507140
   1  g
  1.3349679000      0.43191785050
   1  g
 0.59380300000       1.0000000000
   1  g
 0.26927990000       1.0000000000
   1  g
 0.12291320000       1.0000000000
   1  h
  5.0924358243       1.0000000000
   1  h
  1.8927645467       1.0000000000
   1  h
 0.70350570000       1.0000000000
   1  i
  3.1046387849       1.0000000000
*
o def2-SVP
# o     (14s10p6d2f1g) / [10s8p4d2f1g]     {5111111111/31111111/3111/11/1}
*
   5  s
  625.28298110      0.18479249890
  253.93274180      0.19224605780
  109.04929550      0.59372043000
  49.423005600      0.60593463970
  23.580521100      0.45741933600
   1  s
  11.807759100       1.0000000000
   1  s
  6.1827814000       1.0000000000
   1  s
  3.3709061000       1.0000000000
   1  s
  1.9042805000       1.0000000000
   1  s
  1.1085447000       1.0000000000
   1  s
 0.66098860000       1.0000000000
   1  s
 0.40108140000       1.0000000000
   1  s
 0.24597690000       1.0000000000
   1  s
 0.15139390000       1.0000000000
   3  p
  77.687483800      0.39010104350
  22.415388400      0.83793482660
  9.8906463000      0.38168888150
   1  p
  5.4848863000       1.0000000000
   1  p
  2.9732983000       1.0000000000
   1  p
  1.4735260000       1.0000000000
   1  p
 0.73603410000       1.0000000000
   1  p
 0.36974140000       1.0000000000
   1  p
 0.18637210000       1.0000000000
   1  p
 0.94990600000E-01   1.0000000000
   3  d
  37.707107400      0.77860015600E-01
  14.775254300      0.31355206270
  5.8470900000      0.94637356360
   1  d
  2.3304365000       1.0000000000
   1  d
 0.93282670000       1.0000000000
   1  d
 0.37392850000       1.0000000000
   1  f
  3.0293422000      0.76154791140
   1  f
 0.92484900000      0.64810861640
   1  g
  1.6934809000       1.0000000000
*
h def2-SVP
# h     (4s2p2d) / [2s2p2d]     {31/11/11}
*
   3  s
  22.068343000      0.53033986000E-01
  4.3905712000      0.39465220220
  1.0540787000      0.91729877120
   1  s
 0.27178740000       1.0000000000
   1  p
  1.8529979000       1.0000000000
   1  p
 0.38810340000       1.0000000000
   1  d
  2.5579933000       1.0000000000
   1  d
 0.32926490000       1.0000000000
*
$end
