$coord
  -10.54924495874347      2.27211221587505     -0.24524865752590      b
   -8.49961020049305      3.15537021038580      0.87229758294001      h
  -10.07944014484677      0.96967517056761     -2.05014498430631      h
  -11.88002789604420      1.08137688228248      1.16395791428958      h
   -9.48202212519631      5.36258923085756      0.24524865752590      b
   -8.15123918789558      6.55334346171146     -1.16393901702825      h
  -11.53165688344673      4.47931233908549     -0.87231648020134      h
   -9.95184583635433      6.66500737890368      2.05014498430631      h
$redundant
     number_of_atoms             8
     degrees_of_freedom         18
     internal_coordinates       18
     frozen_coordinates          0
# definitions of redundant internals
   1 k  1.0000000000000 stre    1    4           val=   2.27480
   2 k  1.0000000000000 stre    1    3           val=   2.27480
   3 k -0.0000017564508 bend    3    4    1      val=   0.00028
       -0.5458781870045 bend    5    4    1
        0.5458799434587 bend    5    3    1
       -0.3178189065630 bend    2    4    1
        0.3178184565022 bend    2    3    1
       -0.3178158541570 bend    7    4    1
        0.3178171588559 bend    7    3    1
   4 k  0.0000108570452 bend    3    4    1      val=  -0.00013
       -0.0000014323054 bend    5    4    1
       -0.0000021611039 bend    5    3    1
       -0.5000010489779 bend    2    4    1
       -0.5000022686875 bend    2    3    1
        0.4999984856382 bend    7    4    1
        0.4999981965599 bend    7    3    1
   5 k -0.7374159353345 bend    3    4    1      val=  47.10909
        0.3687089889043 bend    5    4    1
        0.3687069465137 bend    5    3    1
        0.2146619817504 bend    2    4    1
        0.2146600093482 bend    2    3    1
        0.2146723560394 bend    7    4    1
        0.2146711460317 bend    7    3    1
   6 k -0.0000001766054 bend    3    4    1      val=   0.00010
        0.0000017008500 bend    5    4    1
       -0.0000015242751 bend    5    3    1
       -0.4999996901638 bend    2    4    1
        0.4999996577312 bend    2    3    1
        0.5000007751508 bend    7    4    1
       -0.4999998769482 bend    7    3    1
   7 k  1.0000000000000 stre    5    8           val=   2.27479
   8 k  1.0000000000000 stre    5    6           val=   2.27479
   9 k -0.0000003241791 bend    6    8    5      val=   0.00014
       -0.5458771501322 bend    1    8    5
        0.5458774743137 bend    1    6    5
       -0.3178198197685 bend    7    8    5
        0.3178190629571 bend    7    6    5
       -0.3178178610146 bend    2    8    5
        0.3178196542127 bend    2    6    5
  10 k -0.0000001708627 bend    6    8    5      val=   0.00031
        0.0000023955329 bend    1    8    5
        0.0000013364411 bend    1    6    5
       -0.4999999737974 bend    7    8    5
       -0.4999989744989 bend    7    6    5
        0.5000021218302 bend    2    8    5
        0.4999989298594 bend    2    6    5
  11 k -0.7374148550404 bend    6    8    5      val=  47.10938
        0.3687078219149 bend    1    8    5
        0.3687070331183 bend    1    6    5
        0.2146691371475 bend    7    8    5
        0.2146683464199 bend    7    6    5
        0.2146666296130 bend    2    8    5
        0.2146669468874 bend    2    6    5
  12 k -0.0000002566551 bend    6    8    5      val=   0.00014
        0.0000008905682 bend    1    8    5
       -0.0000006339320 bend    1    6    5
       -0.4999987543782 bend    7    8    5
        0.5000014791528 bend    7    6    5
        0.4999991499823 bend    2    8    5
       -0.5000006164806 bend    2    6    5
  13 k  1.0000000000000 stre    1    2           val=   2.49601
  14 k  1.0000000000000 stre    2    5           val=   2.49602
  15 k  1.0000000000000 stre    1    7           val=   2.49601
  16 k  1.0000000000000 stre    7    5           val=   2.49602
  17 k  1.0000000000000 tors    2    5    1    7 val= 180.00052
        1.0000000000000 tors    2    5    1    7
  18 k  1.0000000000000 stre    1    5           val=   3.30615
        18 non zero eigenvalues  of BmBt
           1           4.894313268    1    0
         1
           2           4.395451050    2    0
         2
           3           3.668718728    3    0
         3
           4           3.135613570    4    0
         4
           5           3.073809998    5    0
         5
           6           2.476896587    6    0
         6
           7           1.059290449    7    0
         7
           8           0.955012809    8    0
         8
           9           0.944396707    9    0
         9
          10           0.849598246   10    0
        10
          11           0.797025932   11    0
        11
          12           0.764207005   12    0
        12
          13           0.751667712   13    0
        13
          14           0.738767281   14    0
        14
          15           0.402828076   15    0
        15
          16           0.365921511   16    0
        16
          17           0.255484107   17    0
        17
          18           0.214073664   18    0
        18
$user-defined bonds
$end
