$coord
   -0.01315432383252     -0.09291444034214      0.02145840147316      ti
    0.55953992933123     -2.64029101105473      2.33774467943251      o
   -2.90630774768339     -0.25964730115218     -1.69167138290098      o
   -2.75453648866160     -0.58518252542358     -3.68067718223266      h
   -0.09635239871975      2.83953295344046      1.67859173466058      o
    0.70420681652368      4.76257910982712      2.12489054444850      h
    2.37855201433700      0.37454300473928     -2.29466370861614      o
    4.17732169855993     -0.47333197147348     -2.34532233893900      h
   -0.47699408700268     -4.27492418625249      2.40516605839362      h
$redundant
     number_of_atoms             9
     degrees_of_freedom         21
     internal_coordinates       21
     frozen_coordinates          0
# definitions of redundant internals
   1 k  1.0000000000000 tors    4    3    1    2 val= 119.68930
        1.0000000000000 tors    4    3    1    5
        1.0000000000000 tors    4    3    1    7
        1.0000000000000 tors    4    3    1    8
   2 k  1.0000000000000 stre    3    4           val=   2.06252
   3 k  1.0000000000000 bend    1    4    3      val= 124.10800
   4 k  1.0000000000000 tors    6    5    1    2 val=  24.14183
        1.0000000000000 tors    6    5    1    3
        1.0000000000000 tors    6    5    1    7
        1.0000000000000 tors    6    5    1    8
   5 k  1.0000000000000 stre    5    6           val=   1.86480
   6 k  1.0000000000000 bend    1    6    5      val= 118.65779
   7 k  1.0000000000000 tors    9    2    1    3 val=  86.56166
        1.0000000000000 tors    9    2    1    5
        1.0000000000000 tors    9    2    1    7
        1.0000000000000 tors    9    2    1    8
   8 k  1.0000000000000 stre    2    9           val=   1.93067
   9 k  1.0000000000000 bend    1    9    2      val= 107.10510
  10 k  1.0000000000000 stre    1    5           val=   3.23694
  11 k  1.0000000000000 stre    1    2           val=   3.39450
  12 k  1.0000000000000 stre    1    3           val=   3.56869
  13 k  0.0670219799303 bend    2    5    1      val=  -5.19491
       -0.1263433517447 bend    3    5    1
        0.3681228974871 bend    3    2    1
       -0.5250512840129 bend    7    5    1
        0.2914427757854 bend    7    2    1
        0.0453485031259 bend    7    3    1
       -0.5628684211441 bend    8    5    1
        0.4000621214766 bend    8    2    1
        0.0669787602403 bend    8    3    1
  14 k -0.3820987500726 bend    2    5    1      val=  32.38499
       -0.4737542733627 bend    3    5    1
       -0.2144356228976 bend    3    2    1
        0.2784166467715 bend    7    5    1
        0.4405184327494 bend    7    2    1
        0.2253833579761 bend    7    3    1
        0.2185659035700 bend    8    5    1
        0.3992432678594 bend    8    2    1
        0.2324619954264 bend    8    3    1
  15 k -0.4401818982518 bend    2    5    1      val=  12.36503
        0.2808957580582 bend    3    5    1
        0.1433628646858 bend    3    2    1
       -0.2007133084003 bend    7    5    1
       -0.3581610460222 bend    7    2    1
        0.5205882002486 bend    7    3    1
        0.0254490692387 bend    8    5    1
       -0.0805524629720 bend    8    2    1
        0.5099715314356 bend    8    3    1
  16 k -0.5803636668569 bend    2    5    1      val=  13.57454
        0.4090209657868 bend    3    5    1
        0.3805241960139 bend    3    2    1
        0.0722918017603 bend    7    5    1
        0.1152366516715 bend    7    2    1
       -0.3435649097850 bend    7    3    1
        0.1877724626361 bend    8    5    1
        0.2477962257736 bend    8    2    1
       -0.3433326303008 bend    8    3    1
  17 k -0.0168444984033 bend    2    5    1      val=   4.69959
        0.5621464526598 bend    3    5    1
       -0.6795913937103 bend    3    2    1
       -0.2709903535243 bend    7    5    1
        0.3694649187500 bend    7    2    1
        0.0210911297992 bend    7    3    1
       -0.0661088654248 bend    8    5    1
        0.0830372268707 bend    8    2    1
        0.0145831906652 bend    8    3    1
  18 k -0.0202890722694 bend    2    5    1      val=   3.82680
       -0.1202918416913 bend    3    5    1
        0.2270304133481 bend    3    2    1
       -0.4237088200784 bend    7    5    1
        0.4906875879220 bend    7    2    1
       -0.0519098409712 bend    7    3    1
        0.4350631093462 bend    8    5    1
       -0.5568113224606 bend    8    2    1
        0.1061063386746 bend    8    3    1
  19 k  1.0000000000000 stre    1    7           val=   3.48030
  20 k  1.0000000000000 stre    7    8           val=   1.81739
  21 k  1.0000000000000 stre    8    1           val=   3.97267
        21 non zero eigenvalues  of BmBt
           1           5.052211059    1    0
         1
           2           4.506069201    2    0
         2
           3           4.013980745    3    0
         3
           4           3.466891662    4    0
         4
           5           2.812703813    5    0
         5
           6           2.429154712    6    0
         6
           7           2.203053229    7    0
         7
           8           2.128265757    8    0
         8
           9           2.008581965    9    0
         9
          10           1.762662010   10    0
        10
          11           1.250206457   11    0
        11
          12           1.054561714   12    0
        12
          13           0.813294773   13    0
        13
          14           0.523036531   14    0
        14
          15           0.304865918   15    0
        15
          16           0.251536037   16    0
        16
          17           0.213253354   17    0
        17
          18           0.137823905   18    0
        18
          19           0.116531098   19    0
        19
          20           0.103849750   20    0
        20
          21           0.071057531   21    0
        21
$user-defined bonds
$end
