$coord
    0.34978755851018      0.28299298287294      2.84940041922141      cl
    2.65460093187812      1.03177828041597     -2.35518574229357      o
   -0.74037841210955     -3.30743179974602     -1.74802659223070      o
   -2.60886877520263      1.68921797814586     -1.75543445233547      o
    1.07566314804962      1.74696487830801     -2.76571072246880      h
   -1.76991311599844      1.71634617553866     -0.03719551350616      h
    0.53543027014251     -2.06219239231811     -2.28219296058996      h
   -2.88742884283107     -0.08259977425515     -1.80317891910913      h
   -0.56777462021336     -3.02093166962922      0.12706813252878      h
    2.33710635025896      1.05721948017710     -0.46615934934777      h
$redundant
     number_of_atoms            10
     degrees_of_freedom         24
     internal_coordinates       42
     frozen_coordinates          0
# definitions of redundant internals
   1 k  1.0000000000000 stre    2    5           val=   1.82474
   2 k  1.0000000000000 stre    2   10           val=   1.84410
   3 k  1.0000000000000 stre    3    7           val=   1.82473
   4 k  1.0000000000000 stre    3    9           val=   1.84414
   5 k  1.0000000000000 stre    4    8           val=   1.82475
   6 k  1.0000000000000 stre    4    6           val=   1.84410
   7 k  1.0000000000000 bend   10    5    2      val= 100.33676
   8 k  1.0000000000000 bend    9    7    3      val= 100.33693
   9 k  1.0000000000000 bend    6    8    4      val= 100.33436
  10 k  1.0000000000000 stre    1   10           val=   4.30788
  11 k  1.0000000000000 stre    1    9           val=   4.30730
  12 k  1.0000000000000 stre    1    6           val=   4.30789
  13 k  1.0000000000000 stre    2    7           val=   4.03951
  14 k  1.0000000000000 stre    3    8           val=   4.03802
  15 k  1.0000000000000 stre    4    5           val=   4.03895
  16 k  0.5773537533535 bend    9   10    1      val=  67.74449
        0.5773341229552 bend    6   10    1
        0.5773629308850 bend    6    9    1
  17 k  0.7211751894028 bend    9   10    1      val=  -0.00004
       -0.0290205699911 bend    6   10    1
       -0.6921446038996 bend    6    9    1
  18 k -0.3828432965045 bend    9   10    1      val=   0.00342
        0.8159921059599 bend    6   10    1
       -0.4331141804797 bend    6    9    1
  19 k  0.7235669136881 bend    7    5    2      val=  83.67060
        0.6902542440404 bend    7   10    2
  20 k -0.6902542440404 bend    7    5    2      val=   0.51001
        0.7235669136881 bend    7   10    2
  21 k  0.7236301124225 bend    8    7    3      val=  83.68361
        0.6901879891706 bend    8    9    3
  22 k -0.6901879891706 bend    8    7    3      val=   0.51059
        0.7236301124225 bend    8    9    3
  23 k  0.7235540486602 bend    5    8    4      val=  83.66683
        0.6902677297016 bend    5    6    4
  24 k -0.6902677297016 bend    5    8    4      val=   0.50972
        0.7235540486602 bend    5    6    4
  25 k  1.0000000000000 bend    4    2    5      val= 144.07067
  26 k  1.0000000000000 bend    1    4    6      val= 153.91282
  27 k  1.0000000000000 bend    2    3    7      val= 144.03705
  28 k  1.0000000000000 bend    3    4    8      val= 144.08517
  29 k  1.0000000000000 bend    1    3    9      val= 153.93781
  30 k  1.0000000000000 bend    1    2   10      val= 153.91735
  31 k  1.0000000000000 tors    2   10    1    6 val=  14.61288
        1.0000000000000 tors    2   10    1    9
  32 k  1.0000000000000 tors    3    9    1    6 val=  14.57038
        1.0000000000000 tors    3    9    1   10
  33 k  1.0000000000000 tors    4    6    1    9 val=  14.61937
        1.0000000000000 tors    4    6    1   10
  34 k  1.0000000000000 tors    4    5    2    7 val=   5.47173
        1.0000000000000 tors    4    5    2   10
  35 k  1.0000000000000 tors    1   10    2    5 val= -12.36824
        1.0000000000000 tors    1   10    2    7
  36 k  1.0000000000000 tors    3    7    2    5 val=  -7.51672
        1.0000000000000 tors    3    7    2   10
  37 k  1.0000000000000 tors    2    7    3    8 val=   5.46222
        1.0000000000000 tors    2    7    3    9
  38 k  1.0000000000000 tors    1    9    3    7 val= -12.31453
        1.0000000000000 tors    1    9    3    8
  39 k  1.0000000000000 tors    4    8    3    7 val=  -7.55590
        1.0000000000000 tors    4    8    3    9
  40 k  1.0000000000000 tors    3    8    4    5 val=   5.48675
        1.0000000000000 tors    3    8    4    6
  41 k  1.0000000000000 tors    1    6    4    5 val= -12.37554
        1.0000000000000 tors    1    6    4    8
  42 k  1.0000000000000 tors    2    5    4    6 val=  -7.51512
        1.0000000000000 tors    2    5    4    8
        24 non zero eigenvalues  of BmBt
           1           2.179436289    1    0
         1
           2           2.179433463    2    0
         2
           3           2.179392265    3    0
         3
           4           1.820607735    4    0
         4
           5           1.820566537    5    0
         5
           6           1.820563711    6    0
         6
           7           0.979446722    7    0
         7
           8           0.979433708    8    0
         8
           9           0.979420232    9    0
         9
          10          21.727341161    0    0
         0.000000000         0.000000000         0.000000000         0.000000000
         0.000000000         0.000000000         0.000000000         0.000000000
         0.000000000        -0.037664913        -0.002180025         0.039923092
        -0.065429899         0.131354639        -0.066008758        -0.000016482
         0.030496999         0.018957859         0.034035938         0.017101570
        -0.133176246        -0.032713218         0.099089888         0.015401310
        -0.018790696        -0.046490384         0.069631181        -0.050712283
         0.048220865        -0.001625339        -0.172211398         0.481695151
        -0.308601789        -0.053280696         0.174316030        -0.172127483
         0.233654560        -0.523872861         0.154245061        -0.181040344
         0.348558302         0.018797890
          11          21.720142351    0    0
         0.000000000         0.000000000         0.000000000         0.000000000
         0.000000000         0.000000000         0.000000000         0.000000000
         0.000000000        -0.024312363         0.044771519        -0.020461163
         0.114022103        -0.000356258        -0.113623858        -0.000004624
        -0.018975682         0.030470265        -0.134185701        -0.027743248
         0.037552299        -0.000990900         0.096581064         0.028726745
         0.069505781        -0.028731163        -0.018443635        -0.051037698
        -0.025921223         0.054666579         0.456245535        -0.078817570
        -0.377231291         0.239746905        -0.503696716         0.077912073
        -0.073528662         0.100626835         0.110680697        -0.166128711
         0.402840494        -0.188646451
          12          18.224171723    0    0
         0.000000000         0.000000000         0.000000000         0.000000000
         0.000000000         0.000000000         0.000000000         0.000000000
         0.000000000         0.002964242         0.002932641         0.002964339
        -0.092189007        -0.092165320        -0.092296939         0.036894971
        -0.000021878         0.000005416         0.125059898         0.008410017
         0.125017454         0.008405746         0.125177756         0.008345355
        -0.046067752        -0.057247439        -0.046075383        -0.046113178
        -0.057256022        -0.057211733        -0.301058284        -0.301229577
        -0.301196502        -0.226894534         0.364197439         0.168016949
        -0.226372516         0.364283736         0.168833636        -0.227305459
         0.364373954         0.168573628
          13           9.999811365    0    0
         0.000000000         0.000000000         0.000000000         0.000000000
         0.000000000         0.000000000         0.000000000         0.000000000
         0.000000000        -0.069047972        -0.068980499        -0.068930504
         0.059426070         0.059650238         0.059417889         0.023965591
         0.000080473         0.000054043        -0.034393366         0.101110189
        -0.034626500         0.101028019        -0.034412322         0.101278480
        -0.007821072         0.035244475        -0.007771895        -0.007865703
         0.035280023         0.035256570        -0.205965081        -0.204922277
        -0.206269215         0.276198708         0.209853945        -0.386205022
         0.275926215         0.208989571        -0.387050666         0.276604948
         0.210160007        -0.386811823
          14           6.772885346    0    0
         0.000000000         0.000000000         0.000000000         0.000000000
         0.000000000         0.000000000         0.000000000         0.000000000
         0.000000000         0.000653371         0.022064111        -0.022472249
        -0.046836484        -0.016728363         0.063165959         0.000018304
         0.012239634         0.053671053         0.093802849        -0.101080403
        -0.016230632         0.030394131        -0.077293059         0.070491172
        -0.042044778         0.047478087        -0.012326030         0.054344903
        -0.000503354        -0.047234473         0.192330197         0.123832222
        -0.316050129        -0.398535841        -0.097330335         0.186390563
        -0.061324083        -0.057882626        -0.501746133         0.458979567
         0.155206294         0.316447056
          15           6.766096600    0    0
         0.000000000         0.000000000         0.000000000         0.000000000
         0.000000000         0.000000000         0.000000000         0.000000000
         0.000000000        -0.025643247         0.013526951         0.012353033
         0.046113656        -0.064006205         0.017271778         0.000041993
         0.053666546        -0.012266282        -0.035234473         0.023052712
         0.099264406        -0.099114660        -0.063489615         0.075827564
         0.038556297         0.026937172        -0.055813188         0.017184917
        -0.054959562         0.027643096        -0.253735700         0.293170422
        -0.039396877         0.300038767         0.122803303         0.472908744
        -0.495673278        -0.145251840        -0.074631651         0.194468946
         0.022593658        -0.396860889
          16           2.389656974    0    0
         0.000000000         0.000000000         0.000000000         0.000000000
         0.000000000         0.000000000         0.000000000         0.000000000
         0.000000000        -0.554536771        -0.554259860        -0.554576313
        -0.046055760        -0.045912181        -0.045782449         0.191770206
        -0.000001495         0.000001337         0.016644796        -0.062650291
         0.016684605        -0.062542277         0.016581888        -0.062637487
        -0.057553731        -0.029682158        -0.057364875        -0.057503572
        -0.029930916        -0.029740407         0.033768953         0.033665700
         0.033687666        -0.019433911        -0.027702900         0.029557492
        -0.019431802        -0.027710142         0.029651421        -0.019328616
        -0.027742351         0.029534836
          17           1.907870485    0    0
         0.000000000         0.000000000         0.000000000         0.000000000
         0.000000000         0.000000000         0.000000000         0.000000000
         0.000000000        -0.474364198         0.140626038         0.333944697
        -0.059788872        -0.334932231         0.394773410        -0.000011413
        -0.007548353         0.004729130        -0.027255628        -0.100950363
         0.073095060         0.019677158        -0.045748357         0.081320197
        -0.223279270        -0.188174972         0.009661729         0.213560001
        -0.132296979         0.320449212         0.020715080         0.071453895
        -0.092157537         0.102822595        -0.001548957        -0.199297106
        -0.090209133         0.031894494         0.076047702        -0.012517785
        -0.030280270         0.123067860
          18           1.907685346    0    0
         0.000000000         0.000000000         0.000000000         0.000000000
         0.000000000         0.000000000         0.000000000         0.000000000
         0.000000000         0.111253235        -0.466837227         0.354893389
         0.421491151        -0.262255399        -0.158797285         0.000054976
         0.004783680         0.007561105        -0.068625871         0.035568065
         0.010587371        -0.105413319         0.057905380         0.069550771
         0.117673101        -0.261376052        -0.252174841         0.134483598
         0.293740640        -0.032286125        -0.094530084         0.065174529
         0.029356635         0.044865877        -0.035897466         0.027208633
         0.066650967         0.016626606        -0.185954179        -0.111490759
         0.019297687         0.158940380
          19           1.421101642    0    0
         0.000000000         0.000000000         0.000000000         0.000000000
         0.000000000         0.000000000         0.000000000         0.000000000
         0.000000000        -0.006917219        -0.006640998        -0.007105776
         0.473195205         0.473087649         0.473215889        -0.037047990
         0.000041126         0.000043991         0.090242938        -0.168605231
         0.090242827        -0.168652700         0.090132260        -0.168555146
        -0.206028242         0.143633459        -0.205942927        -0.206009619
         0.143458823         0.143477662         0.014832146         0.014900147
         0.014772079        -0.080071016         0.052204062         0.001736401
        -0.079996134         0.052157307         0.001642918        -0.079932399
         0.052169994         0.001503166
          20           0.955149193    0    0
         0.000000000         0.000000000         0.000000000         0.000000000
         0.000000000         0.000000000         0.000000000         0.000000000
         0.000000000         0.405924654        -0.528528393         0.122613028
        -0.458963447         0.023508880         0.435756248         0.000039690
        -0.080915757         0.026554405        -0.109536637        -0.141284939
         0.078775027         0.037446375         0.030793527         0.103850278
        -0.069175654        -0.063020541         0.186562953        -0.117433753
         0.027110616         0.035874202         0.059938216        -0.039387695
        -0.020580272         0.035339481        -0.029709924         0.034506661
        -0.027167709        -0.023367887         0.046732448        -0.008210971
         0.053130728        -0.081171999
          21           0.955107268    0    0
         0.000000000         0.000000000         0.000000000         0.000000000
         0.000000000         0.000000000         0.000000000         0.000000000
         0.000000000        -0.375886873        -0.163578062         0.539407746
        -0.237882347         0.516719966        -0.278513357         0.000038090
        -0.026542814        -0.080940245         0.027699019        -0.038374336
         0.081083562         0.141512333        -0.108710920        -0.103201916
         0.175532239         0.005104856        -0.027899623        -0.147787616
        -0.057149239         0.052009815        -0.010891492        -0.046426341
         0.057391223        -0.010933687        -0.044175162         0.073954876
        -0.025247142         0.047821449        -0.066695698         0.035994941
        -0.003629171        -0.007134482
          22           0.800144973    0    0
         0.000000000         0.000000000         0.000000000         0.000000000
         0.000000000         0.000000000         0.000000000         0.000000000
         0.000000000         0.002334108         0.002202773         0.002438248
        -0.282375922        -0.282439078        -0.282409728        -0.424646662
         0.000032981         0.000017150         0.126860092        -0.136474784
         0.126926578        -0.136390251         0.126909208        -0.136390212
        -0.254358375         0.288818672        -0.254294806        -0.254446397
         0.288901360         0.288843132         0.040175322         0.040202752
         0.040183024        -0.000974666        -0.008047413        -0.094449618
        -0.000782053        -0.007958172        -0.094512629        -0.000905997
        -0.008048188        -0.094576896
          23           0.505779817    0    0
         0.000000000         0.000000000         0.000000000         0.000000000
         0.000000000         0.000000000         0.000000000         0.000000000
         0.000000000         0.093190786         0.071500368        -0.164787841
        -0.164219651         0.359826342        -0.195621868        -0.000058141
        -0.245939633        -0.048558212         0.193990926        -0.225067066
        -0.250547334        -0.147632236         0.056546118         0.372357946
        -0.221858987        -0.296993919        -0.105642900         0.327512402
         0.161549077         0.135582031        -0.028099328         0.023866746
         0.004160741         0.182772433        -0.036504457        -0.045010140
        -0.143611787         0.108017765        -0.042039807        -0.039189659
        -0.071522772         0.087202721
          24           0.505687374    0    0
         0.000000000         0.000000000         0.000000000         0.000000000
         0.000000000         0.000000000         0.000000000         0.000000000
         0.000000000         0.136537988        -0.149003640         0.012542751
         0.320706218        -0.018101332        -0.302503236         0.000063333
         0.048557203        -0.246004955        -0.177248591        -0.300073093
        -0.079378842         0.345001131         0.256715939        -0.044874730
        -0.250081387        -0.015025851         0.317055655        -0.067059868
        -0.249814459         0.264708880         0.011412398         0.018673501
        -0.029994558        -0.060150213         0.103675084        -0.074786770
        -0.128313113        -0.020224416         0.076390987         0.188278134
        -0.083453082        -0.001682801
$user-defined bonds
$end
