$coord
    0.03228173787757     -0.04597641178747     -0.01989138519774      ti
    1.00327399238332     -2.74223706728674      1.88818270910315      o
   -2.78766906794481     -0.74184034112329     -1.84747291567068      o
   -5.08041815853424     -0.93717778593087     -2.29597756411697      h
   -1.15018352667800      2.66403669123652      1.85852822213137      o
   -0.03539489312404      4.10957131238178      1.84459877602331      h
    2.75493535836800      0.96723919472920     -1.91938825559342      o
    4.45190678191397     -0.43939874595724     -1.84924011749773      h
    1.98129485303832     -2.88460405990993      3.56572317939786      h
$redundant
     number_of_atoms             9
     degrees_of_freedom         21
     internal_coordinates       21
     frozen_coordinates          0
# definitions of redundant internals
   1 k  1.0000000000000 tors    4    3    1    2 val= 118.52351
        1.0000000000000 tors    4    3    1    5
        1.0000000000000 tors    4    3    1    7
   2 k  1.0000000000000 stre    3    4           val=   2.05649
   3 k  1.0000000000000 bend    1    4    3      val= 150.18407
   4 k  1.0000000000000 tors    6    5    1    2 val=  50.72977
        1.0000000000000 tors    6    5    1    3
        1.0000000000000 tors    6    5    1    7
   5 k  1.0000000000000 stre    5    6           val=   1.79884
   6 k  1.0000000000000 bend    1    6    5      val= 108.53570
   7 k  1.0000000000000 tors    8    7    1    2 val= 138.70223
        1.0000000000000 tors    8    7    1    3
        1.0000000000000 tors    8    7    1    5
   8 k  1.0000000000000 stre    7    8           val=   2.14942
   9 k  1.0000000000000 bend    1    8    7      val= 144.24525
  10 k  1.0000000000000 tors    9    2    1    3 val=  62.28414
        1.0000000000000 tors    9    2    1    5
        1.0000000000000 tors    9    2    1    7
  11 k  1.0000000000000 stre    2    9           val=   2.01210
  12 k  1.0000000000000 bend    1    9    2      val= 127.87512
  13 k  1.0000000000000 stre    1    7           val=   3.28569
  14 k  1.0000000000000 stre    1    2           val=   3.29287
  15 k  1.0000000000000 stre    1    3           val=   3.38652
  16 k  1.0000000000000 stre    1    5           val=   3.73343
  17 k  0.5625264194832 bend    2    7    1      val=   0.38967
        0.4401558116056 bend    3    7    1
        0.0970947584155 bend    3    2    1
       -0.1547429786547 bend    5    7    1
       -0.3779471998946 bend    5    2    1
       -0.5600089476342 bend    5    3    1
  18 k  0.4342549269003 bend    2    7    1      val=   1.65576
       -0.4161032914913 bend    3    7    1
       -0.4394206132848 bend    3    2    1
        0.4573451484369 bend    5    7    1
        0.3542381487690 bend    5    2    1
       -0.3324770413897 bend    5    3    1
  19 k  0.2392247012481 bend    2    7    1      val=   2.95586
       -0.4669069248234 bend    3    7    1
        0.5835968865567 bend    3    2    1
       -0.4786530356335 bend    5    7    1
        0.3675711016592 bend    5    2    1
       -0.1413042694677 bend    5    3    1
  20 k  0.1035582427947 bend    2    7    1      val=   3.84937
        0.3707577066654 bend    3    7    1
       -0.5050015058688 bend    3    2    1
       -0.5628491991029 bend    5    7    1
        0.5165376161155 bend    5    2    1
        0.1147935650402 bend    5    3    1
  21 k  0.5358459369855 bend    2    7    1      val=   6.95760
       -0.2935258877516 bend    3    7    1
       -0.1922331802726 bend    3    2    1
       -0.1868277846049 bend    5    7    1
       -0.4243186272845 bend    5    2    1
        0.6122149711311 bend    5    3    1
        21 non zero eigenvalues  of BmBt
           1          11.169443045    1    0
         1
           2           7.388986284    2    0
         2
           3           4.200511816    3    0
         3
           4           3.399701193    4    0
         4
           5           2.904972310    5    0
         5
           6           2.681175396    6    0
         6
           7           2.464921709    7    0
         7
           8           2.267773978    8    0
         8
           9           2.076862733    9    0
         9
          10           1.687839734   10    0
        10
          11           1.653793290   11    0
        11
          12           1.216128861   12    0
        12
          13           0.806367196   13    0
        13
          14           0.736175824   14    0
        14
          15           0.449241643   15    0
        15
          16           0.309352306   16    0
        16
          17           0.130606282   17    0
        17
          18           0.101511372   18    0
        18
          19           0.088341177   19    0
        19
          20           0.078722789   20    0
        20
          21           0.067469015   21    0
        21
$user-defined bonds
$end
