$energy      SCF               SCFKIN            SCFPOT
     1 -1152.056289698      1148.03046     -2300.08675     0.1816852414135
     2 -1152.075369749      1148.10843     -2300.18380     0.1812173100494
     3 -1152.094782762      1148.31644     -2300.41122     0.1794841313716
     4 -1152.079182747      1148.66999     -2300.74917     0.1763656104691
     5 -1152.056205949      1148.85814     -2300.91435     0.1730642088438
     6 -1152.081859092      1148.56480     -2300.64666     0.1704832567326
     7 -1152.089856605      1148.16262     -2300.25247     0.1674328738999
     8 -1152.068496919      1147.83705     -2299.90554     0.1624366875168
     9 -1152.044086351      1147.66027     -2299.70436     0.1569624797236
    10 -1152.037665694      1147.58615     -2299.62382     0.1526379512391
    11 -1152.052792159      1147.60132     -2299.65411     0.1494027096168
    12 -1152.074185840      1147.74580     -2299.81998     0.1457705434585
    13 -1152.067532291      1148.06570     -2300.13324     0.1408745106712
    14 -1152.030005717      1148.36509     -2300.39510     0.1356195645543
    15 -1152.039500981      1148.18554     -2300.22504     0.1315572194754
    16 -1152.062207402      1147.71691     -2299.77912     0.1284056364079
    17 -1152.041822704      1147.36332     -2299.40514     0.1245731533601
    18 -1152.010054733      1147.18093     -2299.19099     0.1203541498143
    19 -1151.996266818      1147.11305     -2299.10932     0.1166709571129
    20 -1152.006700598      1147.13743     -2299.14413     0.1137491585550
    21 -1152.028885390      1147.28772     -2299.31661     0.1108444554292
    22 -1152.032619111      1147.62142     -2299.65404     0.1071258616789
    23 -1151.999513582      1148.02649     -2300.02600     0.1030214661337
    24 -1151.985961964      1148.07584     -2300.06181     0.9990437144120E-01
    25 -1152.022244308      1147.63925     -2299.66149     0.9818241664147E-01
    26 -1152.017466789      1147.27574     -2299.29321     0.9639105407343E-01
    27 -1151.985541182      1147.07709     -2299.06263     0.9356193410181E-01
    28 -1151.965974306      1147.01590     -2298.98188     0.9030521392261E-01
    29 -1151.970917179      1147.05541     -2299.02633     0.8732504756185E-01
    30 -1151.991325671      1147.21510     -2299.20642     0.8464769671556E-01
    31 -1152.003363827      1147.54820     -2299.55156     0.8158230265311E-01
    32 -1151.986899482      1147.98693     -2299.97383     0.7812257574790E-01
    33 -1151.965092971      1148.23751     -2300.20260     0.7515103464326E-01
    34 -1151.982398453      1148.02608     -2300.00848     0.7355036966040E-01
    35 -1152.001080645      1147.62653     -2299.62761     0.7254010383875E-01
    36 -1151.976822487      1147.40362     -2299.38044     0.7056939269490E-01
    37 -1151.951950995      1147.34307     -2299.29502     0.6746399072992E-01
    38 -1151.948818232      1147.39391     -2299.34273     0.6412520131021E-01
    39 -1151.963135168      1147.56042     -2299.52356     0.6151920523127E-01
    40 -1151.974508641      1147.87973     -2299.85424     0.5953416403465E-01
    41 -1151.967763580      1148.29009     -2300.25785     0.5761658846010E-01
    42 -1151.970227974      1148.53317     -2300.50340     0.5585695639564E-01
    43 -1151.959005090      1148.56508     -2300.52409     0.5461797524138E-01
    44 -1151.966053446      1148.30294     -2300.26899     0.5407959675980E-01
    45 -1151.967127967      1147.98678     -2299.95390     0.5340130110171E-01
    46 -1151.946843659      1147.83022     -2299.77706     0.5150966595995E-01
    47 -1151.938229399      1147.80990     -2299.74813     0.4847216375868E-01
    48 -1151.946327469      1147.91331     -2299.85964     0.4580263794276E-01
    49 -1151.951259338      1148.16033     -2300.11159     0.4482314870336E-01
    50 -1151.940699195      1148.46831     -2300.40901     0.4534919921517E-01
    51 -1151.961760976      1148.53100     -2300.49276     0.4641373589878E-01
    52 -1151.983001022      1148.43447     -2300.41747     0.4708313314022E-01
    53 -1151.944191734      1148.43029     -2300.37448     0.4716665141294E-01
    54 -1151.939090080      1148.19589     -2300.13498     0.4743679153649E-01
    55 -1151.952165822      1147.88290     -2299.83507     0.4759622873997E-01
    56 -1151.950080507      1147.73458     -2299.68466     0.4664014202207E-01
    57 -1151.950497483      1147.76470     -2299.71520     0.4442962686438E-01
    58 -1151.941086205      1147.96833     -2299.90942     0.4254335341708E-01
    59 -1151.917247457      1148.20646     -2300.12371     0.4225266797549E-01
    60 -1151.939405150      1148.12835     -2300.06775     0.4343036767789E-01
    61 -1151.973815586      1147.88457     -2299.85839     0.4466457112057E-01
    62 -1151.962227437      1147.80665     -2299.76887     0.4489880039249E-01
    63 -1151.911435488      1147.87626     -2299.78769     0.4430322875879E-01
    64 -1151.925927439      1147.65577     -2299.58170     0.4416376033234E-01
    65 -1151.955460769      1147.43706     -2299.39252     0.4401985141451E-01
    66 -1151.960904485      1147.41691     -2299.37782     0.4272598741084E-01
    67 -1151.937271698      1147.63366     -2299.57094     0.4082061568315E-01
    68 -1151.901372871      1147.84926     -2299.75063     0.3974878920435E-01
    69 -1151.927459931      1147.66777     -2299.59523     0.4055246280776E-01
    70 -1151.957161624      1147.41523     -2299.37239     0.4217474571035E-01
    71 -1151.960895975      1147.25871     -2299.21961     0.4397752592933E-01
    72 -1151.934813914      1147.37831     -2299.31313     0.4443604342726E-01
    73 -1151.903049012      1147.55017     -2299.45322     0.4463091071404E-01
    74 -1151.949485186      1147.40657     -2299.35605     0.4551241068136E-01
    75 -1151.979635065      1147.35516     -2299.33479     0.4607539821510E-01
    76 -1151.958281990      1147.59352     -2299.55180     0.4582236452161E-01
    77 -1151.910012825      1147.87426     -2299.78427     0.4576128250852E-01
    78 -1151.933577459      1147.70004     -2299.63361     0.4742691923549E-01
    79 -1151.963279879      1147.42067     -2299.38395     0.5002310911010E-01
    80 -1151.965274459      1147.25537     -2299.22065     0.5352072300657E-01
    81 -1151.955080966      1147.34126     -2299.29635     0.5558784348000E-01
    82 -1151.928421066      1147.60631     -2299.53473     0.5685331782857E-01
    83 -1151.941967065      1147.72073     -2299.66270     0.5852132683569E-01
    84 -1151.995418948      1147.65578     -2299.65120     0.6028724585128E-01
    85 -1151.989625354      1147.84224     -2299.83187     0.6097576646364E-01
    86 -1151.930861891      1148.17054     -2300.10140     0.6098797721705E-01
    87 -1151.943402268      1148.02657     -2299.96997     0.6206196120508E-01
    88 -1151.975301412      1147.67760     -2299.65291     0.6462773245210E-01
    89 -1151.972340813      1147.47150     -2299.44384     0.6815620232756E-01
    90 -1151.966789950      1147.47531     -2299.44210     0.7062605128112E-01
    91 -1151.961967964      1147.66524     -2299.62721     0.7185276088958E-01
    92 -1151.948276858      1147.95433     -2299.90261     0.7278454635134E-01
    93 -1151.993140497      1148.01345     -2300.00659     0.7409384435430E-01
    94 -1152.017200073      1148.07734     -2300.09454     0.7463782640714E-01
    95 -1151.959235184      1148.36810     -2300.32734     0.7382866329384E-01
    96 -1151.953195438      1148.24625     -2300.19945     0.7301508988301E-01
    97 -1151.985380462      1147.81050     -2299.79588     0.7364757629103E-01
    98 -1151.977468638      1147.55401     -2299.53148     0.7559892854635E-01
    99 -1151.966572380      1147.46398     -2299.43056     0.7802352869746E-01
   100 -1151.973129962      1147.52921     -2299.50234     0.7963133659405E-01
   101 -1151.978975496      1147.76726     -2299.74624     0.8035773677569E-01
   102 -1151.976971640      1148.08046     -2300.05744     0.8047171812109E-01
   103 -1152.017370373      1148.18217     -2300.19954     0.8062481730991E-01
   104 -1151.993367499      1148.33037     -2300.32374     0.8030869919642E-01
   105 -1151.967615388      1148.25195     -2300.21957     0.7965971864968E-01
   106 -1151.995780441      1147.77011     -2299.76589     0.7936986948846E-01
   107 -1151.985921596      1147.44607     -2299.43199     0.7994795759027E-01
   108 -1151.965467995      1147.27479     -2299.24026     0.8188789177318E-01
   109 -1151.966414856      1147.24482     -2299.21124     0.8445812654919E-01
   110 -1151.990180301      1147.35264     -2299.34282     0.8658133141095E-01
   111 -1152.008890640      1147.65370     -2299.66259     0.8751998998132E-01
   112 -1151.999809257      1148.08790     -2300.08771     0.8747960280324E-01
   113 -1152.000345753      1148.31672     -2300.31707     0.8777674181846E-01
   114 -1151.988928908      1148.22960     -2300.21853     0.8868656413035E-01
   115 -1152.016522573      1147.72416     -2299.74069     0.8995446817760E-01
   116 -1152.004292851      1147.33955     -2299.34384     0.9078698479739E-01
   117 -1151.973431310      1147.13512     -2299.10855     0.9187505755485E-01
   118 -1151.961875477      1147.07782     -2299.03969     0.9394412719040E-01
   119 -1151.980742743      1147.13622     -2299.11697     0.9657939741478E-01
   120 -1152.018461651      1147.33029     -2299.34875     0.9849679015116E-01
   121 -1152.037482294      1147.77565     -2299.81313     0.9898406416723E-01
   122 -1151.991055134      1148.39045     -2300.38150     0.9850498075940E-01
   123 -1151.976340373      1148.52785     -2300.50419     0.9912955049948E-01
   124 -1152.034940962      1147.96354     -2299.99848     0.1011071689588
   125 -1152.035768670      1147.50307     -2299.53884     0.1024223272527
   126 -1151.993846704      1147.23323     -2299.22708     0.1026621398834
   127 -1151.964541664      1147.15070     -2299.11524     0.1026395162201
   128 -1151.968144631      1147.18179     -2299.14993     0.1038256295683
   129 -1152.000433450      1147.30576     -2299.30620     0.1056252824326
   130 -1152.042896190      1147.57949     -2299.62238     0.1068708424291
   131 -1152.043134706      1148.15878     -2300.20192     0.1065814511252
   132 -1151.964409536      1148.80725     -2300.77166     0.1057057285997
   133 -1152.004910244      1148.55341     -2300.55832     0.1066266162833
   134 -1152.057451434      1147.86371     -2299.92117     0.1080164104274
   135 -1152.023906273      1147.48123     -2299.50514     0.1075372832101
   136 -1151.979244603      1147.32656     -2299.30580     0.1054301028041
   137 -1151.962256659      1147.30228     -2299.26454     0.1041770005232
   138 -1151.979770734      1147.37036     -2299.35013     0.1055019531944
   139 -1152.022376908      1147.55630     -2299.57867     0.1081844820924
   140 -1152.056450195      1147.92091     -2299.97736     0.1097475117221
   141 -1152.020194471      1148.59214     -2300.61234     0.1095222126827
   142 -1151.964110018      1148.97893     -2300.94304     0.1093025449884
   143 -1152.042053415      1148.38940     -2300.43146     0.1106461737580
   144 -1152.051767735      1147.79755     -2299.84932     0.1109044344508
   145 -1152.003727828      1147.51144     -2299.51517     0.1085247727684
   146 -1151.968103928      1147.41049     -2299.37859     0.1053161918150
   147 -1151.966056306      1147.41239     -2299.37845     0.1046036983202
   148 -1151.995243268      1147.50331     -2299.49855     0.1071901157485
   149 -1152.034475366      1147.69539     -2299.72986     0.1101143672891
   150 -1152.053096431      1148.19450     -2300.24760     0.1115292323347
   151 -1151.996865319      1148.80700     -2300.80386     0.1108701482198
   152 -1151.984401203      1148.85079     -2300.83519     0.1108603020189
   153 -1152.056338116      1148.15096     -2300.20730     0.1118373993669
   154 -1152.047208836      1147.71358     -2299.76079     0.1113445545783
   155 -1151.998507059      1147.44876     -2299.44727     0.1082628226576
   156 -1151.967639909      1147.35341     -2299.32105     0.1045839173091
   157 -1151.969669692      1147.36091     -2299.33058     0.1035627600817
   158 -1151.996962285      1147.46446     -2299.46142     0.1058932533086
   159 -1152.031464807      1147.71616     -2299.74762     0.1088956415133
   160 -1152.040075465      1148.15807     -2300.19815     0.1099637218978
   161 -1152.009813337      1148.61212     -2300.62193     0.1093386744442
   162 -1151.988988446      1148.64189     -2300.63088     0.1091082751710
   163 -1152.046666699      1148.01821     -2300.06488     0.1097055676916
   164 -1152.040699948      1147.59012     -2299.63082     0.1091692964592
   165 -1151.996937837      1147.36223     -2299.35916     0.1064202168008
   166 -1151.971596943      1147.30443     -2299.27602     0.1028705939324
   167 -1151.974334543      1147.35788     -2299.33222     0.1012693876477
   168 -1151.992398575      1147.51335     -2299.50575     0.1026096168128
   169 -1152.011176706      1147.78547     -2299.79664     0.1051893743841
   170 -1152.026415754      1148.08384     -2300.11026     0.1067105681686
   171 -1152.025738608      1148.31756     -2300.34330     0.1067900814829
   172 -1152.007067985      1148.38279     -2300.38986     0.1064919967019
   173 -1152.011013261      1148.08917     -2300.10018     0.1064920993241
   174 -1152.030974210      1147.61249     -2299.64346     0.1059925578873
   175 -1152.004048963      1147.40977     -2299.41382     0.1038906975020
   176 -1151.983002656      1147.39090     -2299.37390     0.1008009191792
   177 -1151.978288801      1147.50175     -2299.48003     0.9857651484038E-01
   178 -1151.981211043      1147.69601     -2299.67722     0.9849420559241E-01
   179 -1151.999173408      1147.87574     -2299.87491     0.1004578463017
   180 -1152.011546597      1148.04068     -2300.05223     0.1027799808683
   181 -1152.018820988      1148.14016     -2300.15898     0.1040422271940
   182 -1152.036062760      1148.11653     -2300.15259     0.1042659773902
   183 -1151.983808608      1148.19974     -2300.18354     0.1036171946206
   184 -1152.011775401      1147.87825     -2299.89003     0.1027131618589
   185 -1152.021750437      1147.65176     -2299.67351     0.1014418122496
   186 -1151.999287904      1147.63754     -2299.63683     0.9895426083394E-01
   187 -1151.974951489      1147.76274     -2299.73770     0.9599933908840E-01
   188 -1151.978243205      1147.82895     -2299.80720     0.9386415815305E-01
   189 -1151.993958910      1147.85219     -2299.84615     0.9402831988492E-01
   190 -1151.978731853      1147.97584     -2299.95457     0.9632593302139E-01
   191 -1151.988125278      1147.96634     -2299.95447     0.9944527937018E-01
   192 -1152.031774601      1147.82057     -2299.85234     0.1014818116517
   193 -1152.034773468      1147.90818     -2299.94295     0.1015522299950
   194 -1151.973719390      1148.24820     -2300.22192     0.1000857123052
   195 -1151.999037500      1148.16541     -2300.16445     0.9888137481128E-01
   196 -1152.017974754      1147.96904     -2299.98702     0.9868647154661E-01
   197 -1152.004467856      1147.85084     -2299.85531     0.9751529916419E-01
   198 -1152.000551658      1147.78248     -2299.78303     0.9424188954425E-01
   199 -1151.981140371      1147.83914     -2299.82028     0.9016577182355E-01
   200 -1151.946612677      1147.94062     -2299.88723     0.8754565177427E-01
   201 -1151.961856559      1147.79842     -2299.76028     0.8786479319010E-01
   202 -1151.985617858      1147.70700     -2299.69262     0.9075240660923E-01
   203 -1152.002939800      1147.70874     -2299.71168     0.9551283159043E-01
   204 -1152.007183401      1147.85593     -2299.86311     0.9713302635212E-01
   205 -1152.013084058      1148.06560     -2300.07868     0.9768054651435E-01
   206 -1151.974254321      1148.34263     -2300.31689     0.9814829634759E-01
   207 -1152.006818780      1148.18617     -2300.19299     0.9923922991926E-01
   208 -1152.046567915      1147.89706     -2299.94362     0.9973507368218E-01
   209 -1152.005486138      1147.92439     -2299.92988     0.9788161524360E-01
   210 -1151.965358214      1147.97305     -2299.93841     0.9338095702510E-01
   211 -1151.980392916      1147.78972     -2299.77011     0.8797542931796E-01
   212 -1151.978255126      1147.70464     -2299.68290     0.8550402829160E-01
   213 -1151.957517430      1147.71740     -2299.67491     0.8528171399606E-01
   214 -1151.954749528      1147.70090     -2299.65565     0.8793532888227E-01
   215 -1151.980670006      1147.62656     -2299.60723     0.9238911212534E-01
   216 -1152.015051208      1147.63443     -2299.64948     0.9650071448634E-01
   217 -1152.041746928      1147.85420     -2299.89595     0.9857426268203E-01
   218 -1151.994306618      1148.38343     -2300.37774     0.9818657412988E-01
   219 -1151.971277175      1148.61544     -2300.58672     0.9762979204446E-01
   220 -1152.032462354      1148.21316     -2300.24563     0.9789116133832E-01
   221 -1152.037215736      1147.89951     -2299.93673     0.9689006598341E-01
   222 -1151.989835188      1147.77194     -2299.76177     0.9253924098167E-01
   223 -1151.953907394      1147.67717     -2299.63108     0.8690881398179E-01
   224 -1151.948151598      1147.53746     -2299.48561     0.8421625429518E-01
   225 -1151.958045029      1147.46447     -2299.42252     0.8620314214230E-01
   226 -1151.983162810      1147.48449     -2299.46765     0.9099727352829E-01
   227 -1152.020317483      1147.64553     -2299.66585     0.9529794782313E-01
   228 -1152.033615065      1148.03967     -2300.07328     0.9652239238258E-01
   229 -1151.986875226      1148.59403     -2300.58090     0.9571782310522E-01
   230 -1151.975591304      1148.67603     -2300.65162     0.9538196082208E-01
   231 -1152.039323116      1148.12033     -2300.15965     0.9568231428806E-01
   232 -1152.023829597      1147.78078     -2299.80461     0.9455792033894E-01
   233 -1151.984576440      1147.53311     -2299.51769     0.9055259313394E-01
   234 -1151.955803484      1147.41045     -2299.36625     0.8499245521867E-01
   235 -1151.947971217      1147.38553     -2299.33350     0.8080185170435E-01
   236 -1151.959484833      1147.45459     -2299.41407     0.7976236107220E-01
   237 -1151.974765687      1147.64422     -2299.61899     0.8174998329176E-01
   238 -1151.967427588      1147.97351     -2299.94094     0.8592620023488E-01
   239 -1151.976229502      1148.15495     -2300.13118     0.9051111742346E-01
   240 -1152.029098481      1148.03650     -2300.06560     0.9358407450541E-01
   241 -1152.041595645      1148.02120     -2300.06280     0.9439113731542E-01
   242 -1151.964253496      1148.27138     -2300.23563     0.9350928744741E-01
   243 -1151.981021239      1148.03799     -2300.01901     0.9283822557247E-01
   244 -1152.014949816      1147.70223     -2299.71718     0.9282453269593E-01
   245 -1152.002981307      1147.59683     -2299.59981     0.9094953962868E-01
   246 -1151.990359968      1147.69704     -2299.68740     0.8541997719701E-01
   247 -1151.966408038      1147.93449     -2299.90090     0.7789018713909E-01
   248 -1151.929664172      1148.14591     -2300.07558     0.7096672654116E-01
   249 -1151.940997636      1148.00609     -2299.94709     0.6553532007928E-01
   250 -1151.950852267      1147.74489     -2299.69574     0.6171410864333E-01
   251 -1151.936744620      1147.59146     -2299.52820     0.5948241975785E-01
   252 -1151.923818232      1147.54881     -2299.47263     0.5921933018541E-01
   253 -1151.926348784      1147.58973     -2299.51608     0.6148425481697E-01
   254 -1151.944659074      1147.70124     -2299.64589     0.6637714217061E-01
   255 -1151.971120457      1147.89795     -2299.86907     0.7401819320093E-01
   256 -1151.990047276      1148.20467     -2300.19472     0.8359113193674E-01
   257 -1151.989551796      1148.54452     -2300.53407     0.9164379692210E-01
   258 -1152.015919225      1148.65452     -2300.67044     0.9554979018524E-01
   259 -1152.016686352      1148.68071     -2300.69739     0.9664992632567E-01
   260 -1151.969206568      1148.67555     -2300.64475     0.9670807104719E-01
   261 -1152.007001541      1148.22266     -2300.22966     0.9606204674613E-01
   262 -1152.005530186      1148.01720     -2300.02273     0.9434555174668E-01
   263 -1151.987730293      1147.93202     -2299.91975     0.8835721420053E-01
   264 -1151.975032588      1147.97565     -2299.95068     0.7814858772448E-01
   265 -1151.962840951      1148.08190     -2300.04474     0.6689249512608E-01
   266 -1151.937980742      1148.19702     -2300.13500     0.5594984257663E-01
   267 -1151.915953165      1148.16497     -2300.08093     0.4535516158313E-01
   268 -1151.922900940      1147.89761     -2299.82052     0.3531012484899E-01
   269 -1151.913062421      1147.69785     -2299.61091     0.2740823464492E-01
   270 -1151.891366974      1147.60009     -2299.49145     0.2034656954870E-01
   271 -1151.878759778      1147.60252     -2299.48128     0.1577041157496E-01
   272 -1151.879630719      1147.67529     -2299.55492     0.1366230926351E-01
   273 -1151.897463790      1147.77131     -2299.66878     0.1978076597474E-01
   274 -1151.932200312      1148.01214     -2299.94434     0.4600917419183E-01
   275 -1151.955681663      1148.20036     -2300.15604     0.8117820397594E-01
   276 -1152.007708973      1148.23616     -2300.24387     0.1070173515617
   277 -1152.043625047      1148.28518     -2300.32880     0.1126566900816
   278 -1151.848504503      1148.80275     -2300.65126     0.1168089662804
   279 -1152.039143814      1147.78945     -2299.82860     0.1244051370395
   280 -1151.985738698      1147.57238     -2299.55812     0.1217149676310
   281 -1151.944845751      1147.63089     -2299.57574     0.9331219745210E-01
   282 -1151.929978986      1147.79095     -2299.72093     0.7190860263237E-01
   283 -1151.931316050      1147.98233     -2299.91365     0.6485812367007E-01
   284 -1151.926911431      1148.19503     -2300.12195     0.6891399985492E-01
   285 -1151.905537398      1148.34505     -2300.25059     0.7582250552769E-01
   286 -1151.950798111      1148.11624     -2300.06704     0.9142544022794E-01
   287 -1151.983485791      1147.92329     -2299.90677     0.1192131417549
   288 -1152.012109818      1147.91936     -2299.93147     0.1660979631052
   289 -1152.054673713      1148.14013     -2300.19480     0.1852386134298
   290 -1152.010283402      1148.85434     -2300.86463     0.1872550446450
   291 -1151.885918793      1149.53147     -2301.41739     0.1908420359237
   292 -1152.071144448      1148.84609     -2300.91723     0.1925050838785
   293 -1152.051796386      1148.81904     -2300.87083     0.1921022111379
   294 -1151.962747943      1149.05424     -2301.01699     0.1523632299831
   295 -1151.905636243      1149.11840     -2301.02404     0.1147884574654
   296 -1151.921854937      1148.83220     -2300.75405     0.9513057075288E-01
   297 -1151.907416527      1148.71704     -2300.62446     0.8981053221837E-01
   298 -1151.899621992      1148.72870     -2300.62832     0.9593710946171E-01
   299 -1151.909580819      1148.82621     -2300.73579     0.1154257981336
   300 -1151.937036655      1148.94771     -2300.88475     0.1530793915801
   301 -1152.011853454      1148.96234     -2300.97419     0.2000319358746
   302 -1152.087545014      1149.08270     -2301.17024     0.2166674076502
   303 -1151.940135015      1149.86910     -2301.80924     0.2152614222824
   304 -1152.015564671      1149.53365     -2301.54921     0.2138485148491
   305 -1152.067223779      1148.86048     -2300.92771     0.2114625710952
   306 -1152.026371263      1148.41534     -2300.44172     0.1733353121586
   307 -1151.967481693      1148.30524     -2300.27272     0.1255843226700
   308 -1151.922900817      1148.35015     -2300.27305     0.9703308756631E-01
   309 -1151.895395071      1148.40802     -2300.30341     0.8360511466604E-01
   310 -1151.911502629      1148.30408     -2300.21558     0.8246486121282E-01
   311 -1151.953486089      1148.13973     -2300.09321     0.9474552099940E-01
   312 -1151.999266999      1148.10150     -2300.10077     0.1240350387254
   313 -1152.020790697      1148.32480     -2300.34559     0.1591561740928
   314 -1152.016505670      1148.67524     -2300.69175     0.1615317452793
   315 -1151.956294798      1148.97734     -2300.93363     0.1562201522492
   316 -1152.042728677      1148.42022     -2300.46295     0.1531978531262
   317 -1152.042713901      1147.95529     -2299.99801     0.1488258749636
   318 -1151.955456623      1147.82466     -2299.78011     0.1361051848170
   319 -1151.916380873      1147.63066     -2299.54704     0.1148957283282
   320 -1151.905968194      1147.43038     -2299.33635     0.9950027240351E-01
   321 -1151.907552288      1147.32718     -2299.23473     0.9451935241246E-01
   322 -1151.928046167      1147.34118     -2299.26923     0.9921750267881E-01
   323 -1151.948661407      1147.54019     -2299.48885     0.1131532858711
   324 -1151.921685165      1147.95049     -2299.87217     0.1325375549920
   325 -1152.003925117      1147.89861     -2299.90253     0.1449276477200
   326 -1152.070252504      1147.83108     -2299.90133     0.1499819937906
   327 -1152.001876891      1148.26917     -2300.27105     0.1521819524627
   328 -1151.904446378      1148.48450     -2300.38895     0.1535598064994
   329 -1152.018676073      1147.62870     -2299.64737     0.1525377972354
   330 -1151.995275623      1147.38405     -2299.37932     0.1538416320352
   331 -1151.966465437      1147.30701     -2299.27347     0.1579637436584
   332 -1151.966073063      1147.38970     -2299.35577     0.1395902371653
   333 -1151.974217475      1147.67153     -2299.64574     0.1206223445755
   334 -1151.918997479      1148.23883     -2300.15783     0.1130216855999
   335 -1151.930623128      1148.40124     -2300.33187     0.1145954154513
   336 -1151.976979047      1148.19891     -2300.17589     0.1260891287474
   337 -1151.979660808      1148.10290     -2300.08256     0.1512653875897
   338 -1151.987984854      1148.10653     -2300.09451     0.1684976522993
   339 -1152.004628145      1148.28225     -2300.28688     0.1600661914123
   340 -1151.980085776      1148.78692     -2300.76701     0.1619791191723
   341 -1151.861043015      1149.46581     -2301.32685     0.1761917281193
   342 -1152.040279827      1148.95440     -2300.99468     0.1919523936056
   343 -1152.062767307      1148.94353     -2301.00629     0.1960876409441
   344 -1151.957551905      1149.62767     -2301.58522     0.1996822660287
   345 -1151.909171935      1149.66433     -2301.57350     0.1786765211128
   346 -1152.008000540      1148.78898     -2300.79698     0.1580882540520
   347 -1151.975408833      1148.42215     -2300.39756     0.1548107098857
   348 -1151.934860700      1148.25309     -2300.18795     0.1598365849381
   349 -1151.927022004      1148.20660     -2300.13362     0.1373694869553
   350 -1151.955253553      1148.25691     -2300.21217     0.1291320356087
   351 -1151.995912580      1148.47963     -2300.47554     0.1361571567465
   352 -1151.962896456      1149.03476     -2300.99766     0.1589822648522
   353 -1151.999981932      1149.17444     -2301.17443     0.1908370796253
   354 -1152.070086052      1148.93539     -2301.00547     0.1972648565256
   355 -1152.027787355      1148.98610     -2301.01389     0.1886440937184
   356 -1151.908223656      1149.06569     -2300.97391     0.1639272774100
   357 -1151.987651993      1148.26343     -2300.25108     0.1387035004663
   358 -1151.957185774      1148.02161     -2299.97880     0.1337591438510
   359 -1151.932161003      1147.91504     -2299.84720     0.1423137512465
   360 -1151.942876978      1147.92182     -2299.86470     0.1375318357991
   361 -1151.972336798      1148.08172     -2300.05406     0.1242241375452
   362 -1151.958852597      1148.50456     -2300.46341     0.1227977552307
   363 -1151.867355997      1148.93936     -2300.80672     0.1320571039502
   364 -1152.017021727      1148.19373     -2300.21075     0.1478988976616
   365 -1152.049254476      1147.91468     -2299.96393     0.1551342072732
   366 -1152.030541529      1147.88062     -2299.91116     0.1575854829734
   367 -1151.882552107      1148.39788     -2300.28043     0.1400004995850
   368 -1151.944821208      1148.03215     -2299.97697     0.1253266333234
   369 -1151.986557454      1147.65559     -2299.64215     0.1280533164577
   370 -1151.964090500      1147.58410     -2299.54819     0.1459652161147
   371 -1151.942921591      1147.71854     -2299.66146     0.1480393970016
   372 -1151.960303831      1147.79981     -2299.76011     0.1292887955047
   373 -1151.969647246      1147.94261     -2299.91226     0.1219318088457
   374 -1151.866805486      1148.31116     -2300.17796     0.1260074777731
   375 -1151.979209764      1147.75311     -2299.73232     0.1404222160405
   376 -1152.007024250      1147.58978     -2299.59681     0.1595911927636
   377 -1152.027875255      1147.630700113     -2299.658575368
$end
