$coord
   -0.19897564694816      0.40399478848462     -0.37741274985703      ti
    0.94849864593914     -3.58778281281735      2.92018068301011      o
   -2.91236597353424     -0.63245647903567     -2.20700719714436      o
   -3.67823591126602     -2.35080796121074     -2.32406760268673      h
   -0.24169636245172      2.41872669827011      2.49716667293778      o
   -1.21773670468933      3.28626862968092      3.86619379456527      h
    2.77348551296263      0.73182082563690     -2.26628382965631      o
    4.10473025359777      1.99762718481604     -2.34336043468466      h
    1.23225214966550     -5.15232428924503      3.75145647652683      h
$redundant
     number_of_atoms             9
     degrees_of_freedom         21
     internal_coordinates       21
     frozen_coordinates          0
# definitions of redundant internals
   1 k  1.0000000000000 stre    4    3           val=   1.80492
   2 k  1.0000000000000 linc    4    1    3    7 val=  -0.46698
   3 k  1.0000000000000 linp    4    1    3    7 val=  21.54946
   4 k  1.0000000000000 stre    1    3           val=   3.33453
   5 k  0.3146292005699 bend    5    3    1      val=   3.89238
        0.5427294159821 bend    7    3    1
       -0.7787510816535 bend    2    3    1
   6 k  0.7935783208319 bend    5    3    1      val=  11.74308
       -0.6005390396484 bend    7    3    1
       -0.0979097061772 bend    2    3    1
   7 k  1.0000000000000 tors    6    5    1    2 val=   3.37463
        1.0000000000000 tors    6    5    1    7
   8 k  1.0000000000000 stre    5    6           val=   1.80353
   9 k  1.0000000000000 bend    1    6    5      val= 131.22740
  10 k  1.0000000000000 tors    8    7    1    2 val=  84.14562
        1.0000000000000 tors    8    7    1    5
  11 k  1.0000000000000 stre    7    8           val=   1.90072
  12 k  1.0000000000000 bend    1    8    7      val= 128.88718
  13 k  1.0000000000000 tors    9    2    1    5 val= -28.20907
        1.0000000000000 tors    9    2    1    7
  14 k  1.0000000000000 stre    2    9           val=   2.02143
  15 k  1.0000000000000 bend    1    9    2      val= 119.73732
  16 k  1.0000000000000 stre    1    5           val=   3.18094
  17 k  1.0000000000000 stre    1    7           val=   3.33345
  18 k  1.0000000000000 stre    1    2           val=   3.42530
  19 k -0.7466984893200 bend    7    5    1      val=   7.69419
        0.6378909195339 bend    2    5    1
        0.1885113811508 bend    2    7    1
  20 k -0.0966689991058 bend    7    5    1      val=  41.73872
       -0.3844669566080 bend    2    5    1
        0.9180633223740 bend    2    7    1
  21 k  0.6581006538965 bend    7    5    1      val= 106.74029
        0.6672932893809 bend    2    5    1
        0.3487451724227 bend    2    7    1
        21 non zero eigenvalues  of BmBt
           1           4.829837551    1    0
         1
           2           4.455871474    2    0
         2
           3           3.211085752    3    0
         3
           4           2.732524405    4    0
         4
           5           2.704409617    5    0
         5
           6           2.370312530    6    0
         6
           7           2.028616760    7    0
         7
           8           1.816767352    8    0
         8
           9           1.628632730    9    0
         9
          10           1.418648073   10    0
        10
          11           1.318380704   11    0
        11
          12           1.149155767   12    0
        12
          13           0.903408084   13    0
        13
          14           0.616782282   14    0
        14
          15           0.458109518   15    0
        15
          16           0.317943468   16    0
        16
          17           0.125488937   17    0
        17
          18           0.096810273   18    0
        18
          19           0.077832275   19    0
        19
          20           0.068852756   20    0
        20
          21           0.053504344   21    0
        21
$user-defined bonds
$end
