$coord
   -0.03535772080936      0.05996667937486     -0.06409554200260      ti
    0.94231023540991     -2.81925558354100      1.81590738301150       o
   -2.87086154758614     -0.92840090620880     -2.00609055486080       o
   -3.34047682195171     -0.71993954731179     -3.72353772614317       h
   -0.61293890729770      2.68861976083769      2.22003230851579       o
   -1.71929248885114      4.11376749539235      2.39892417774848       h
    2.85810003803815      0.75932767601736     -1.71036712335291       o
    2.31252306436375      1.25782155617308     -3.50645959402543       h
   -0.66282559850713     -3.22982976639160      2.99164509412304       h
$end
