$coord
   -0.04395314012479     -0.04483318558487      0.01284068907296      ti
    0.56594368604419     -2.74012481350732      2.03671961396783       o
   -2.62318780451391     -0.61223347253229     -2.02301172957249       o
   -4.22176572183199     -0.32758043465607     -2.81122027905136       h
   -0.41960593993011      2.39212380928667      2.02244707940399       o
    0.73672730735850      3.18821931975375      3.15462717007035       h
    2.40476343149909      1.00986397623569     -1.98797601809618       o
    3.85135407745623      0.02231861049245     -2.72613120252069       h
    2.44848621400828     -3.11049053753806      2.67315934442671       h
$end
