$coord
    0.11773541828456     -0.00652579125469      0.07677371462813      ti
    0.70871514100029     -2.89474107186435      1.79696609106375       o
   -2.76224405789275     -0.43151234840297     -1.89258169804505       o
   -2.79596924429591     -1.84387570772344     -3.01119657863911       h
   -0.79801868475252      2.70688717644645      1.96057725684070       o
   -1.61933977142226      2.44082016200500      3.57449880549475       h
    2.53279143213903      0.86420974406388     -2.04106352742950       o
    2.69439740951637     -0.54468558985752     -3.12767778568927       h
    0.79041839521866     -4.25304560261920      2.74930000080032       h
$end
