$energy      SCF               SCFKIN            SCFPOT
     1 -1152.081129147      1148.80131     -2300.88244     0.1833852430228
     2 -1152.093091714      1148.55323     -2300.64632     0.1819379052229
     3 -1152.080694653      1148.38503     -2300.46572     0.1786272012898
     4 -1152.066547469      1148.28818     -2300.35473     0.1742917769741
     5 -1152.060420615      1148.24643     -2300.30685     0.1708151261449
     6 -1152.062015206      1148.24643     -2300.30844     0.1691081035710
     7 -1152.072949118      1148.26446     -2300.33741     0.1681643193947
     8 -1152.086858426      1148.30870     -2300.39556     0.1666151713693
     9 -1152.083318396      1148.41736     -2300.50068     0.1639677895570
    10 -1152.058684568      1148.50509     -2300.56377     0.1600447520639
    11 -1152.070043700      1148.29926     -2300.36930     0.1544779291812
    12 -1152.079567913      1148.00791     -2300.08748     0.1483483789597
    13 -1152.064945738      1147.80220     -2299.86714     0.1416459414863
    14 -1152.046640165      1147.69693     -2299.74357     0.1356159521820
    15 -1152.036895953      1147.64426     -2299.68116     0.1305701514084
    16 -1152.040279551      1147.61327     -2299.65355     0.1263119249081
    17 -1152.050399706      1147.62425     -2299.67465     0.1224140581770
    18 -1152.055710840      1147.71086     -2299.76657     0.1187329911922
    19 -1152.036797626      1147.88068     -2299.91748     0.1152768318424
    20 -1152.017278410      1147.93022     -2299.94750     0.1114686903055
    21 -1152.040050773      1147.67784     -2299.71789     0.1070222518885
    22 -1152.037587707      1147.48045     -2299.51804     0.1031732592672
    23 -1152.016826717      1147.38989     -2299.40672     0.9977063751993E-01
    24 -1152.001408492      1147.36276     -2299.36416     0.9708401274532E-01
    25 -1151.999556502      1147.36055     -2299.36011     0.9480308511340E-01
    26 -1152.006345701      1147.39960     -2299.40594     0.9268418874324E-01
    27 -1152.017165874      1147.49745     -2299.51461     0.9071766283119E-01
    28 -1152.016359726      1147.68316     -2299.69952     0.8904391447695E-01
    29 -1151.985974425      1147.91601     -2299.90198     0.8747746035230E-01
    30 -1151.996879877      1147.84889     -2299.84577     0.8560473379463E-01
    31 -1152.013960866      1147.64253     -2299.65649     0.8409264915436E-01
    32 -1151.998570060      1147.54718     -2299.54575     0.8313107133663E-01
    33 -1151.981000137      1147.53072     -2299.51172     0.8250065597366E-01
    34 -1151.975330199      1147.54715     -2299.52248     0.8110643029473E-01
    35 -1151.978856456      1147.60165     -2299.58050     0.7940486819976E-01
    36 -1151.991085943      1147.69504     -2299.68612     0.7775106448169E-01
    37 -1152.003758577      1147.84920     -2299.85295     0.7633211386938E-01
    38 -1151.988767110      1148.11100     -2300.09977     0.7512230313677E-01
    39 -1151.966321770      1148.28121     -2300.24753     0.7351157857168E-01
    40 -1151.996279031      1148.10084     -2300.09712     0.7108464363475E-01
    41 -1151.996773611      1147.96892     -2299.96569     0.6912444798244E-01
    42 -1151.978269403      1147.92090     -2299.89917     0.6726884185163E-01
    43 -1151.963568465      1147.93026     -2299.89382     0.6564095003121E-01
    44 -1151.958955743      1147.96223     -2299.92119     0.6410686759311E-01
    45 -1151.966977140      1148.00359     -2299.97056     0.6257936605404E-01
    46 -1151.983172143      1148.08042     -2300.06359     0.6095846741589E-01
    47 -1151.992681325      1148.24932     -2300.24200     0.5925242187719E-01
    48 -1151.965115089      1148.54052     -2300.50564     0.5733272441597E-01
    49 -1151.954380320      1148.62146     -2300.57584     0.5460861140129E-01
    50 -1151.984203452      1148.38181     -2300.36602     0.5156128413100E-01
    51 -1151.976013922      1148.23591     -2300.21192     0.4911467400558E-01
    52 -1151.953617290      1148.16793     -2300.12155     0.4692152531189E-01
    53 -1151.938618348      1148.13010     -2300.06872     0.4497057943639E-01
    54 -1151.937328705      1148.09613     -2300.03345     0.4307483226120E-01
    55 -1151.947506733      1148.08346     -2300.03097     0.4107275267252E-01
    56 -1151.964829963      1148.12376     -2300.08859     0.3878365078223E-01
    57 -1151.969221456      1148.27900     -2300.24822     0.3630800065984E-01
    58 -1151.931220864      1148.53628     -2300.46750     0.3350292042164E-01
    59 -1151.941311720      1148.43349     -2300.37480     0.2999925387731E-01
    60 -1151.965032329      1148.11922     -2300.08425     0.2721775749649E-01
    61 -1151.946977565      1147.91901     -2299.86598     0.2501215702637E-01
    62 -1151.924611089      1147.79988     -2299.72449     0.2339261026831E-01
    63 -1151.914249233      1147.71408     -2299.62833     0.2222416850863E-01
    64 -1151.916983479      1147.66235     -2299.57933     0.2132661185052E-01
    65 -1151.931328594      1147.66171     -2299.59304     0.2043271111934E-01
    66 -1151.950865254      1147.74451     -2299.69538     0.1932852962338E-01
    67 -1151.952667542      1147.96423     -2299.91690     0.1836506086244E-01
    68 -1151.912604717      1148.25807     -2300.17068     0.1838969445561E-01
    69 -1151.941852332      1148.10267     -2300.04452     0.2037057637905E-01
    70 -1151.958451007      1147.80787     -2299.76633     0.2358400210517E-01
    71 -1151.935436445      1147.64686     -2299.58229     0.2712438390999E-01
    72 -1151.914647816      1147.56113     -2299.47578     0.3058906330995E-01
    73 -1151.905965701      1147.52594     -2299.43190     0.3375506027935E-01
    74 -1151.908239308      1147.54505     -2299.45329     0.3671633680473E-01
    75 -1151.920460098      1147.61380     -2299.53426     0.3967380192157E-01
    76 -1151.945817182      1147.70949     -2299.65530     0.4296832637958E-01
    77 -1151.975900273      1147.85076     -2299.82666     0.4707012183973E-01
    78 -1151.976024226      1148.11358     -2300.08961     0.5230200041955E-01
    79 -1151.952785481      1148.31465     -2300.26744     0.5795176280308E-01
    80 -1151.985943975      1148.07847     -2300.06442     0.6180731429173E-01
    81 -1151.986160764      1147.85434     -2299.84050     0.6437080183364E-01
    82 -1151.963841477      1147.74799     -2299.71183     0.6729521342534E-01
    83 -1151.943234354      1147.73687     -2299.68010     0.7056154139855E-01
    84 -1151.933266084      1147.77017     -2299.70343     0.7400821947477E-01
    85 -1151.938552429      1147.80471     -2299.74327     0.7765288377783E-01
    86 -1151.953595744      1147.85198     -2299.80558     0.8166126560653E-01
    87 -1151.973677043      1147.93496     -2299.90863     0.8619474839250E-01
    88 -1151.998119914      1148.06060     -2300.05872     0.9128586427953E-01
    89 -1152.004800099      1148.28974     -2300.29454     0.9695107840148E-01
    90 -1151.958278048      1148.62518     -2300.58346     0.1029828297644
    91 -1151.983094367      1148.53073     -2300.51382     0.1099680650389
    92 -1152.005995879      1148.32587     -2300.33187     0.1161003875058
    93 -1151.991552205      1148.27812     -2300.26967     0.1182756687260
    94 -1151.981192306      1148.27857     -2300.25977     0.1177892218135
    95 -1151.980105284      1148.28619     -2300.26630     0.1211181291837
    96 -1151.987632667      1148.29169     -2300.27932     0.1319623717318
    97 -1152.006205782      1148.28909     -2300.29529     0.1511132479121
    98 -1152.033472032      1148.30902     -2300.34249     0.1768033509596
    99 -1152.063347085      1148.40116     -2300.46451     0.1974967222454
   100 -1152.085561288      1148.60063     -2300.68619     0.2009084472117
   101 -1152.091538957      1148.87272     -2300.96426     0.2018655803959
   102 -1152.091022603      1149.07547     -2301.16649     0.2016811227051
   103 -1152.083699476      1149.17689     -2301.26059     0.2009210784788
   104 -1152.053674037      1149.29436     -2301.34803     0.1969355101783
   105 -1152.013208131      1149.43830     -2301.45151     0.1786160364913
   106 -1151.980763750      1149.55208     -2301.53285     0.1564427005504
   107 -1151.964814549      1149.61393     -2301.57874     0.1475051144477
   108 -1151.967930906      1149.63222     -2301.60015     0.1550564079240
   109 -1151.988612987      1149.62011     -2301.60872     0.1788805367475
   110 -1152.022336171      1149.57925     -2301.60159     0.1979683123863
   111 -1152.056592999      1149.51867     -2301.57526     0.1954306439904
   112 -1152.073995447      1149.43008     -2301.50408     0.1926518676907
   113 -1152.081037796      1149.22034     -2301.30137     0.1898005157588
   114 -1152.078323199      1148.91913     -2300.99746     0.1870777749956
   115 -1152.060818010      1148.65271     -2300.71353     0.1836318431241
   116 -1152.036612760      1148.47984     -2300.51646     0.1734142514435
   117 -1152.012310354      1148.41384     -2300.42615     0.1509985434306
   118 -1151.991338162      1148.43459     -2300.42593     0.1322449373692
   119 -1151.979456940      1148.48791     -2300.46737     0.1210703774388
   120 -1151.979861430      1148.53304     -2300.51290     0.1173386317641
   121 -1151.988302802      1148.57845     -2300.56675     0.1189593795323
   122 -1152.001158680      1148.64717     -2300.64832     0.1205064895909
   123 -1151.997137194      1148.81365     -2300.81079     0.1179186777936
   124 -1151.947236874      1149.05769     -2301.00492     0.1136733071603
   125 -1151.987298609      1148.79532     -2300.78262     0.1095172817990
   126 -1152.005330942      1148.48132     -2300.48665     0.1055582242245
   127 -1151.979613191      1148.33394     -2300.31356     0.1013995785857
   128 -1151.954022779      1148.26126     -2300.21528     0.9756803483203E-01
   129 -1151.940329206      1148.19803     -2300.13836     0.9412785476528E-01
   130 -1151.933835583      1148.14516     -2300.07900     0.9094509951930E-01
   131 -1151.935817973      1148.09383     -2300.02965     0.8761793933393E-01
   132 -1151.950867815      1148.03780     -2299.98867     0.8415425257696E-01
   133 -1151.977561901      1148.01019     -2299.98776     0.8082618116332E-01
   134 -1152.001825680      1148.08574     -2300.08757     0.7765739463061E-01
   135 -1151.981836397      1148.34478     -2300.32662     0.7391331273990E-01
   136 -1151.954568227      1148.45137     -2300.40594     0.6803607172502E-01
   137 -1151.990940429      1148.08833     -2300.07927     0.6121970541173E-01
   138 -1151.978004376      1147.83517     -2299.81317     0.5635723942311E-01
   139 -1151.944950882      1147.68918     -2299.63413     0.5274995021712E-01
   140 -1151.919015191      1147.58985     -2299.50887     0.4997579329225E-01
   141 -1151.908188801      1147.49988     -2299.40807     0.4754033130945E-01
   142 -1151.911290899      1147.43194     -2299.34323     0.4518504096512E-01
   143 -1151.925826001      1147.41753     -2299.34336     0.4265037593998E-01
   144 -1151.949069401      1147.48433     -2299.43340     0.3995746161530E-01
   145 -1151.970802195      1147.65983     -2299.63063     0.3768121923373E-01
   146 -1151.940636741      1148.02077     -2299.96141     0.3644543634263E-01
   147 -1151.913786202      1148.14947     -2300.06326     0.3623901126412E-01
   148 -1151.973610090      1147.71880     -2299.69241     0.3739501059165E-01
   149 -1151.960819074      1147.51127     -2299.47208     0.4012191366004E-01
   150 -1151.933969514      1147.40872     -2299.34269     0.4446127636644E-01
   151 -1151.918235549      1147.38283     -2299.30107     0.4908873679565E-01
   152 -1151.915187666      1147.42096     -2299.33615     0.5357598310446E-01
   153 -1151.923698851      1147.51152     -2299.43522     0.5809695394893E-01
   154 -1151.947254351      1147.62548     -2299.57273     0.6293337417943E-01
   155 -1151.984099857      1147.76434     -2299.74844     0.6851517309288E-01
   156 -1152.005417886      1148.02342     -2300.02884     0.7585112892020E-01
   157 -1151.955576031      1148.45923     -2300.41480     0.8563842215362E-01
   158 -1151.991977039      1148.34059     -2300.33256     0.9600210763434E-01
   159 -1152.027010469      1148.02020     -2300.04721     0.1048707241470
   160 -1152.008252636      1147.90740     -2299.91565     0.1142171088001
   161 -1151.986663283      1147.92949     -2299.91616     0.1218760006129
   162 -1151.975471393      1148.01578     -2299.99125     0.1264558876926
   163 -1151.978447188      1148.11180     -2300.09025     0.1312672159439
   164 -1151.994712348      1148.19661     -2300.19132     0.1421062452777
   165 -1152.020788315      1148.28564     -2300.30643     0.1597733416822
   166 -1152.055536305      1148.40773     -2300.46327     0.1779142562359
   167 -1152.078637205      1148.65325     -2300.73189     0.1921352285973
   168 -1152.028678009      1149.12364     -2301.15232     0.1962493520784
   169 -1152.034533877      1149.19205     -2301.22659     0.1970881838181
   170 -1152.071610051      1148.98924     -2301.06085     0.1983697424471
   171 -1152.044795391      1149.04249     -2301.08728     0.1952921451233
   172 -1152.010786346      1149.21136     -2301.22215     0.1732285401321
   173 -1151.984485343      1149.39838     -2301.38286     0.1476239187952
   174 -1151.963507432      1149.57520     -2301.53871     0.1312840968748
   175 -1151.946317878      1149.73389     -2301.68021     0.1241499469457
   176 -1151.933348922      1149.87582     -2301.80917     0.1255641585967
   177 -1151.928253091      1149.99916     -2301.92741     0.1357086840575
   178 -1151.934664888      1150.09864     -2302.03330     0.1548348975281
   179 -1151.952760707      1150.17112     -2302.12388     0.1802422274257
   180 -1151.977872723      1150.21217     -2302.19004     0.2003295608948
   181 -1151.996650715      1150.21863     -2302.21528     0.2066814767329
   182 -1152.009202849      1150.09162     -2302.10083     0.2062319380097
   183 -1152.052480553      1149.63818     -2301.69066     0.2034787335852
   184 -1152.074922449      1149.11478     -2301.18970     0.1992348618663
   185 -1152.067774836      1148.69890     -2300.76667     0.1930372889309
   186 -1152.056026665      1148.40660     -2300.46263     0.1860526901151
   187 -1152.051061983      1148.22524     -2300.27630     0.1809276661946
   188 -1152.053399148      1148.14511     -2300.19851     0.1767445979873
   189 -1152.061167331      1148.14083     -2300.20200     0.1687316256645
   190 -1152.071270052      1148.17615     -2300.24742     0.1569794602195
   191 -1152.066510811      1148.25199     -2300.31850     0.1452808909815
   192 -1152.034728667      1148.30386     -2300.33859     0.1335891561391
   193 -1152.036298790      1148.05295     -2300.08925     0.1207647327401
   194 -1152.033322647      1147.72839     -2299.76172     0.1092621209565
   195 -1152.008398811      1147.53550     -2299.54390     0.9998940102476E-01
   196 -1151.984836549      1147.46408     -2299.44891     0.9248170908540E-01
   197 -1151.969761563      1147.48440     -2299.45416     0.8540732927560E-01
   198 -1151.962893486      1147.55885     -2299.52174     0.7796190039647E-01
   199 -1151.966723347      1147.63334     -2299.60007     0.7157140023688E-01
   200 -1151.979378676      1147.68801     -2299.66739     0.6653792638139E-01
   201 -1151.979912270      1147.78426     -2299.76417     0.6321263764937E-01
   202 -1151.952999658      1147.91084     -2299.86384     0.6165207512941E-01
   203 -1151.957494189      1147.78598     -2299.74347     0.6039681592914E-01
   204 -1151.966033393      1147.56771     -2299.53375     0.5900382479580E-01
   205 -1151.951928700      1147.47654     -2299.42847     0.5771983211322E-01
   206 -1151.934335517      1147.50760     -2299.44194     0.5672577094772E-01
   207 -1151.922449900      1147.60468     -2299.52713     0.5603133741670E-01
   208 -1151.921823597      1147.69427     -2299.61609     0.5569998234376E-01
   209 -1151.935628345      1147.73314     -2299.66877     0.5585123399238E-01
   210 -1151.956418309      1147.76138     -2299.71780     0.5656395252985E-01
   211 -1151.969654770      1147.86241     -2299.83206     0.5787364491578E-01
   212 -1151.954229599      1148.08082     -2300.03505     0.5931519846048E-01
   213 -1151.942526632      1148.19343     -2300.13595     0.6015418851352E-01
   214 -1151.970862015      1148.04995     -2300.02081     0.6034924490473E-01
   215 -1151.972440752      1147.99157     -2299.96401     0.6108227937892E-01
   216 -1151.957274965      1148.04770     -2300.00497     0.6268158313089E-01
   217 -1151.945440368      1148.12280     -2300.06824     0.6502926944197E-01
   218 -1151.945451161      1148.14945     -2300.09490     0.6812738137030E-01
   219 -1151.954318252      1148.14590     -2300.10021     0.7186810889958E-01
   220 -1151.968536435      1148.17008     -2300.13862     0.7609356042195E-01
   221 -1151.984942951      1148.27620     -2300.26114     0.8081579811862E-01
   222 -1151.986449692      1148.51561     -2300.50206     0.8658147207221E-01
   223 -1151.971638230      1148.77893     -2300.75057     0.9331356403645E-01
   224 -1152.001477828      1148.73946     -2300.74093     0.9984400794196E-01
   225 -1152.014109572      1148.63813     -2300.65224     0.1059097740657
   226 -1152.001953654      1148.58254     -2300.58449     0.1131065718016
   227 -1151.990608785      1148.50497     -2300.49558     0.1213285810732
   228 -1151.987462964      1148.39572     -2300.38318     0.1300186453774
   229 -1151.992963218      1148.28975     -2300.28271     0.1382145444352
   230 -1152.009068807      1148.22634     -2300.23541     0.1455516121697
   231 -1152.035707152      1148.24270     -2300.27840     0.1528297123243
   232 -1152.061542511      1148.38078     -2300.44232     0.1608650038260
   233 -1152.059398138      1148.65254     -2300.71194     0.1698572269189
   234 -1152.055649123      1148.79152     -2300.84717     0.1785925594341
   235 -1152.083878919      1148.61628     -2300.70016     0.1866391936556
   236 -1152.078415260      1148.47005     -2300.54846     0.1931916966556
   237 -1152.056969773      1148.40473     -2300.46170     0.1936820713770
   238 -1152.038030418      1148.41050     -2300.44853     0.1840170838071
   239 -1152.024888838      1148.50464     -2300.52953     0.1747296699574
   240 -1152.018605577      1148.69843     -2300.71703     0.1751056743157
   241 -1152.019157161      1148.98449     -2301.00365     0.1855318705472
   242 -1152.019858694      1149.34367     -2301.36353     0.1937749366851
   243 -1151.996830250      1149.74497     -2301.74180     0.1935145620333
   244 -1151.974648344      1149.92572     -2301.90037     0.1913594629018
   245 -1152.002220366      1149.65607     -2301.65829     0.1903247341078
   246 -1152.004835804      1149.31954     -2301.32438     0.1871962244860
   247 -1151.999888804      1148.97751     -2300.97740     0.1656527092512
   248 -1152.001136354      1148.66681     -2300.66795     0.1510773309008
   249 -1152.008395751      1148.42191     -2300.43031     0.1523536059635
   250 -1152.021000240      1148.25490     -2300.27590     0.1665666562196
   251 -1152.041034862      1148.15320     -2300.19423     0.1769902880665
   252 -1152.067128129      1148.11454     -2300.18167     0.1746628013088
   253 -1152.084167470      1148.17943     -2300.26360     0.1724798019552
   254 -1152.065752888      1148.37581     -2300.44156     0.1707359983123
   255 -1152.039642982      1148.46868     -2300.50832     0.1663280143154
   256 -1152.056921949      1148.24035     -2300.29727     0.1578489524115
   257 -1152.049350397      1148.05146     -2300.10081     0.1488734480953
   258 -1152.022904441      1147.99579     -2300.01870     0.1405975743225
   259 -1151.998152178      1148.02621     -2300.02437     0.1337954281942
   260 -1151.985624134      1148.08303     -2300.06865     0.1287366570711
   261 -1151.987016885      1148.14422     -2300.13124     0.1249295973501
   262 -1151.997730185      1148.23124     -2300.22897     0.1212226473517
   263 -1152.011576223      1148.37464     -2300.38622     0.1177502524492
   264 -1152.013111303      1148.60363     -2300.61675     0.1153694715318
   265 -1151.985724763      1148.86090     -2300.84662     0.1136672450035
   266 -1151.992731706      1148.80103     -2300.79377     0.1108888609893
   267 -1152.002698102      1148.57097     -2300.57367     0.1071580188692
   268 -1151.979831116      1148.43450     -2300.41434     0.1039516655450
   269 -1151.955152467      1148.35287     -2300.30802     0.1012681952885
   270 -1151.942155209      1148.28968     -2300.23184     0.9890482716361E-01
   271 -1151.940581185      1148.25291     -2300.19349     0.9685678842514E-01
   272 -1151.949467340      1148.25465     -2300.20412     0.9512089847820E-01
   273 -1151.967063214      1148.30267     -2300.26973     0.9360810394277E-01
   274 -1151.985306545      1148.41180     -2300.39711     0.9240799984925E-01
   275 -1151.978096483      1148.61137     -2300.58946     0.9166095393810E-01
   276 -1151.953409965      1148.72383     -2300.67724     0.8925776439477E-01
   277 -1151.977248229      1148.44676     -2300.42401     0.8642642834542E-01
   278 -1151.975603103      1148.16319     -2300.13880     0.8520130859287E-01
   279 -1151.955406686      1147.96896     -2299.92436     0.8519840980514E-01
   280 -1151.939876498      1147.84883     -2299.78871     0.8576992793285E-01
   281 -1151.936618852      1147.78358     -2299.72020     0.8634783381953E-01
   282 -1151.945532458      1147.76587     -2299.71140     0.8678174232702E-01
   283 -1151.964686848      1147.78906     -2299.75375     0.8735165440237E-01
   284 -1151.990258020      1147.84977     -2299.84003     0.8864179499570E-01
   285 -1152.003955288      1147.97933     -2299.98329     0.9122944861966E-01
   286 -1151.982092156      1148.15582     -2300.13791     0.9505315267303E-01
   287 -1151.991869691      1148.02014     -2300.01201     0.9876740350892E-01
   288 -1152.011423344      1147.69090     -2299.70233     0.1018871145454
   289 -1151.999352697      1147.47920     -2299.47855     0.1053800502934
   290 -1151.984247565      1147.38265     -2299.36689     0.1095970726445
   291 -1151.978565606      1147.37173     -2299.35030     0.1141984568409
   292 -1151.982104625      1147.42583     -2299.40793     0.1189899920646
   293 -1151.994281250      1147.51455     -2299.50883     0.1241236409937
   294 -1152.015068105      1147.61282     -2299.62789     0.1299886515887
   295 -1152.037352117      1147.73692     -2299.77428     0.1371217697537
   296 -1152.035306738      1147.95411     -2299.98942     0.1458090439337
   297 -1152.006114659      1148.16577     -2300.17188     0.1553566123388
   298 -1152.036992434      1148.00932     -2300.04631     0.1643861380419
   299 -1152.052317523      1147.85139     -2299.90371     0.1698640447235
   300 -1152.043251032      1147.86261     -2299.90586     0.1734776485688
   301 -1152.031018977      1148.00709     -2300.03811     0.1759637182697
   302 -1152.021508949      1148.22951     -2300.25102     0.1746867057088
   303 -1152.018344640      1148.46753     -2300.48588     0.1720313745472
   304 -1152.023433438      1148.68906     -2300.71249     0.1749227494868
   305 -1152.031866817      1148.92373     -2300.95560     0.1850252177807
   306 -1152.035764777      1149.22532     -2301.26109     0.1973535106894
   307 -1152.018961531      1149.63711     -2301.65607     0.2054396124650
   308 -1151.981768054      1150.04787     -2302.02964     0.2101071336524
   309 -1151.999400025      1150.10261     -2302.10201     0.2146822321138
   310 -1152.008938972      1150.05573     -2302.06467     0.2188750587217
   311 -1151.997801617      1150.05159     -2302.04939     0.2015526685852
   312 -1151.993843833      1150.00246     -2301.99630     0.1864985391772
   313 -1152.006427521      1149.85593     -2301.86236     0.1885381310001
   314 -1152.029067636      1149.65550     -2301.68457     0.2043054614527
   315 -1152.055229938      1149.48094     -2301.53617     0.2181090765120
   316 -1152.077864030      1149.40912     -2301.48699     0.2171858512262
   317 -1152.072277666      1149.51020     -2301.58247     0.2107488329271
   318 -1152.048970494      1149.60700     -2301.65597     0.2009919581741
   319 -1152.075076163      1149.37078     -2301.44585     0.1890106660385
   320 -1152.069507776      1149.15323     -2301.22274     0.1773132044879
   321 -1152.044093457      1148.99381     -2301.03790     0.1666964572669
   322 -1152.023449796      1148.81880     -2300.84225     0.1574128969030
   323 -1152.012285453      1148.61679     -2300.62907     0.1490663617901
   324 -1152.010703686      1148.41880     -2300.42950     0.1409331149611
   325 -1152.019501048      1148.26696     -2300.28646     0.1329772225383
   326 -1152.034711093      1148.20898     -2300.24370     0.1256816062867
   327 -1152.035042012      1148.30331     -2300.33835     0.1193305856835
   328 -1152.002981103      1148.47521     -2300.47819     0.1134166541975
   329 -1152.016023376      1148.30234     -2300.31836     0.1071725781936
   330 -1152.027257730      1147.97525     -2300.00251     0.1014316134598
   331 -1152.006876633      1147.72022     -2299.72710     0.9677769413664E-01
   332 -1151.981940827      1147.51768     -2299.49962     0.9295778714120E-01
   333 -1151.965239858      1147.35028     -2299.31552     0.8972770572279E-01
   334 -1151.959158709      1147.23284     -2299.19200     0.8686589222914E-01
   335 -1151.963772583      1147.18989     -2299.15367     0.8422768345484E-01
   336 -1151.976286441      1147.24275     -2299.21904     0.8183156276091E-01
   337 -1151.984461409      1147.41021     -2299.39467     0.8004274015046E-01
   338 -1151.961548134      1147.68241     -2299.64396     0.7916740283564E-01
   339 -1151.953119082      1147.73397     -2299.68709     0.7815752386496E-01
   340 -1151.980904527      1147.45734     -2299.43824     0.7657426497440E-01
   341 -1151.968692144      1147.25987     -2299.22856     0.7534122303445E-01
   342 -1151.945485100      1147.13847     -2299.08396     0.7495074140040E-01
   343 -1151.931562161      1147.06214     -2298.99370     0.7529335352942E-01
   344 -1151.928686770      1147.03813     -2298.96682     0.7614930887697E-01
   345 -1151.936208777      1147.07358     -2299.00979     0.7747543523715E-01
   346 -1151.955863702      1147.15802     -2299.11389     0.7940622817667E-01
   347 -1151.984138046      1147.29421     -2299.27835     0.8216510342013E-01
   348 -1151.994066297      1147.54072     -2299.53479     0.8579074243701E-01
   349 -1151.973044572      1147.80856     -2299.78161     0.8983827876931E-01
   350 -1152.006400205      1147.69386     -2299.70026     0.9366006363684E-01
   351 -1152.022335703      1147.51946     -2299.54180     0.9833413697732E-01
   352 -1152.012730866      1147.45341     -2299.46614     0.1049225405856
   353 -1152.002082544      1147.47175     -2299.47383     0.1129264596595
   354 -1151.998193177      1147.55190     -2299.55009     0.1215888167177
   355 -1152.006674749      1147.66699     -2299.67367     0.1292670398367
   356 -1152.030133724      1147.81003     -2299.84017     0.1369351099607
   357 -1152.061561440      1148.02384     -2300.08541     0.1454683320032
   358 -1152.079740273      1148.38198     -2300.46172     0.1552460593580
   359 -1152.053227856      1148.87881     -2300.93203     0.1662478475446
   360 -1152.063426870      1149.06019     -2301.12362     0.1769040557196
   361 -1152.087353865      1149.00187     -2301.08923     0.1863276298923
   362 -1152.067277088      1149.06843     -2301.13570     0.1932281802456
   363 -1152.036794815      1149.22502     -2301.26182     0.1918721004000
   364 -1152.015561675      1149.40357     -2301.41913     0.1834011029704
   365 -1152.007024826      1149.58950     -2301.59652     0.1802024970088
   366 -1152.008443282      1149.80232     -2301.81077     0.1862839430675
   367 -1152.017219997      1150.05810     -2302.07532     0.1989985230956
   368 -1152.020802646      1150.37861     -2302.39941     0.2096339088884
   369 -1151.988669373      1150.76350     -2302.75217     0.2145211168653
   370 -1151.965938824      1150.88930     -2302.85524     0.2162165601042
   371 -1151.989207309      1150.59800     -2302.58721     0.2171933573789
   372 -1151.983966209      1150.27352     -2302.25749     0.2112338359709
   373 -1151.971892334      1149.93924     -2301.91114     0.1862417367025
   374 -1151.965856394      1149.61270     -2301.57855     0.1639682890011
   375 -1151.966574122      1149.31353     -2301.28010     0.1519123353090
   376 -1151.974488242      1149.05428     -2301.02877     0.1501249190780
   377 -1151.989280884      1148.84625     -2300.83553     0.1581866798216
   378 -1152.009795819      1148.69650     -2300.70630     0.1746065937870
   379 -1152.035326552      1148.60116     -2300.63649     0.1839494651459
   380 -1152.058536143      1148.57028     -2300.62881     0.1815361345050
   381 -1152.043118398      1148.67088     -2300.71400     0.1768903638649
   382 -1152.005197801      1148.67860     -2300.68380     0.1715042097399
   383 -1152.054869959      1148.15347     -2300.20834     0.1683739614318
   384 -1152.046963318      1147.77671     -2299.82367     0.1649698933241
   385 -1152.015998728      1147.56480     -2299.58080     0.1539373055406
   386 -1151.992391540      1147.46493     -2299.45732     0.1432097664009
   387 -1151.979112643      1147.43873     -2299.41785     0.1333197210875
   388 -1151.974480912      1147.45110     -2299.42558     0.1246774465904
   389 -1151.981111050      1147.45742     -2299.43853     0.1167872513935
   390 -1152.001076003      1147.44390     -2299.44497     0.1095056726307
   391 -1152.025818226      1147.46655     -2299.49237     0.1029829054727
   392 -1152.021251390      1147.64566     -2299.66691     0.9727796845561E-01
   393 -1151.965624559      1147.90067     -2299.86630     0.9172639450134E-01
   394 -1152.007791830      1147.60458     -2299.61237     0.8579237217076E-01
   395 -1152.013615679      1147.36941     -2299.38303     0.8205564557196E-01
   396 -1151.986451293      1147.32848     -2299.31493     0.8013446715672E-01
   397 -1151.960501677      1147.38853     -2299.34903     0.7952734968986E-01
   398 -1151.945596324      1147.45391     -2299.39951     0.7949269873165E-01
   399 -1151.944715522      1147.47450     -2299.41921     0.7976379846063E-01
   400 -1151.955225079      1147.46994     -2299.42516     0.8039411288387E-01
   401 -1151.974686900      1147.49534     -2299.47003     0.8141152243592E-01
   402 -1151.999890725      1147.61026     -2299.61015     0.8311249423068E-01
   403 -1152.001701123      1147.91495     -2299.91666     0.8637158424456E-01
   404 -1151.954526372      1148.32393     -2300.27845     0.9053911850644E-01
   405 -1152.005219516      1148.18340     -2300.18862     0.9301187125945E-01
   406 -1152.009132811      1148.07097     -2300.08011     0.9443029193254E-01
   407 -1151.975863606      1148.09283     -2300.06870     0.9659266660718E-01
   408 -1151.949892396      1148.11233     -2300.06222     0.9971307306665E-01
   409 -1151.938814177      1148.09020     -2300.02902     0.1036566873297
   410 -1151.937781889      1148.06044     -2299.99822     0.1081627766636
   411 -1151.947160474      1148.05454     -2300.00170     0.1129625843583
   412 -1151.970428812      1148.09551     -2300.06594     0.1175527501443
   413 -1152.006574677      1148.21707     -2300.22365     0.1217236931040
   414 -1152.036798122      1148.48712     -2300.52392     0.1261171302139
   415 -1152.004581346      1148.97309     -2300.97767     0.1316051712097
   416 -1151.997258283      1149.11587     -2301.11313     0.1377551951192
   417 -1152.051362549      1148.74071     -2300.79208     0.1461468905817
   418 -1152.042876233      1148.48281     -2300.52569     0.1557312669732
   419 -1152.020379078      1148.31343     -2300.33381     0.1585830897806
   420 -1152.004053811      1148.21381     -2300.21787     0.1485097029221
   421 -1151.998913397      1148.18384     -2300.18275     0.1439803323194
   422 -1152.005151060      1148.23309     -2300.23824     0.1500149781566
   423 -1152.020115900      1148.36888     -2300.38899     0.1674308987415
   424 -1152.040579866      1148.58268     -2300.62326     0.1926890755418
   425 -1152.063376597      1148.850502622     -2300.913879220
$end
