$coord
    0.08051272675466     -0.15019184256210      0.00622853733399      ti
    0.76035417525275     -2.54241713014211      2.17899879526631       o
   -2.53898406467650     -0.70970176701427     -1.93547715845326       o
   -3.57033082553606     -0.80657366392870     -3.44070090405327       h
   -0.87279325810467      2.47196719504507      1.73718025847981       o
   -0.21163874441685      2.90712293543224      3.34688601710400       h
    2.39691634373229      1.27859758322325     -2.01551915442821       o
    3.51557884542489      0.71758570444067     -3.51410655979476       h
    0.27502450528394     -3.87420143332065      3.35458684006813       h
$end
