$energy      SCF               SCFKIN            SCFPOT
     1 -1152.114467382      1148.281717553     -2300.396184935
     2 -1152.104643892      1148.074205639     -2300.178849531
     3 -1152.093183375      1147.966859882     -2300.060043257
     4 -1152.091502913      1147.944408830     -2300.035911743
     5 -1152.099536345      1148.003042514     -2300.102578859
     6 -1152.106448474      1148.150302115     -2300.256750589
     7 -1152.097283662      1148.359109934     -2300.456393596
     8 -1152.083140402      1148.469275138     -2300.552415540
     9 -1152.091526068      1148.327232877     -2300.418758945
    10 -1152.095359965      1148.100590452     -2300.195950417
    11 -1152.084355718      1147.951688717     -2300.036044435
    12 -1152.073375969      1147.901774981     -2299.975150949
    13 -1152.072154308      1147.936520368     -2300.008674676
    14 -1152.079952148      1148.051735079     -2300.131687227
    15 -1152.086675420      1148.251236362     -2300.337911782
    16 -1152.078919748      1148.504932370     -2300.583852117
    17 -1152.068077672      1148.657857519     -2300.725935191
    18 -1152.079794429      1148.566754706     -2300.646549135
    19 -1152.086963878      1148.394764480     -2300.481728359
    20 -1152.079081900      1148.298169221     -2300.377251120
    21 -1152.070227891      1148.298237078     -2300.368464969
    22 -1152.070033698      1148.379053086     -2300.449086785
    23 -1152.078134478      1148.532466755     -2300.610601233
    24 -1152.085273911      1148.756145175     -2300.841419086
    25 -1152.077988871      1149.019553283     -2301.097542153
    26 -1152.067116295      1149.172626314     -2301.239742609
    27 -1152.076406124      1149.084468901     -2301.160875026
    28 -1152.079096290      1148.920285069     -2300.999381359
    29 -1152.067888387      1148.824070559     -2300.891958946
    30 -1152.057557868      1148.809834085     -2300.867391953
    31 -1152.057169128      1148.858342150     -2300.915511278
    32 -1152.065733476      1148.958028726     -2301.023762203
    33 -1152.072870441      1149.106819289     -2301.179689729
    34 -1152.064661245      1149.272212216     -2301.336873461
    35 -1152.058583433      1149.289713843     -2301.348297276
    36 -1152.072010336      1149.076136776     -2301.148147112
    37 -1152.074713436      1148.831359559     -2300.906072995
    38 -1152.066152050      1148.671352724     -2300.737504774
    39 -1152.061096294      1148.595075566     -2300.656171860
    40 -1152.066111913      1148.581183529     -2300.647295443
    41 -1152.078366089      1148.619454138     -2300.697820228
    42 -1152.085314791      1148.712890586     -2300.798205377
    43 -1152.075466854      1148.818493922     -2300.893960777
    44 -1152.074131525      1148.756788218     -2300.830919743
    45 -1152.087169269      1148.510871663     -2300.598040932
    46 -1152.085671697      1148.287125741     -2300.372797438
    47 -1152.075493850      1148.164264662     -2300.239758512
    48 -1152.070243354      1148.125622586     -2300.195865940
    49 -1152.074783371      1148.145997599     -2300.220780971
    50 -1152.085541336      1148.215191844     -2300.300733180
    51 -1152.088920180      1148.340962807     -2300.429882986
    52 -1152.076196149      1148.472156998     -2300.548353146
    53 -1152.075365893      1148.426960183     -2300.502326077
    54 -1152.086831463      1148.217510124     -2300.304341587
    55 -1152.084057312      1148.042382875     -2300.126440187
    56 -1152.074131818      1147.964311186     -2300.038443004
    57 -1152.069266107      1147.964037777     -2300.033303885
    58 -1152.073984670      1148.016046947     -2300.090031618
    59 -1152.084637961      1148.115158941     -2300.199796903
    60 -1152.087270723      1148.277488252     -2300.364758975
    61 -1152.074156516      1148.454485208     -2300.528641724
    62 -1152.073945564      1148.464598982     -2300.538544546
    63 -1152.087897922      1148.310963397     -2300.398861319
    64 -1152.088545297      1148.184792401     -2300.273337698
    65 -1152.080657383      1148.151322376     -2300.231979759
    66 -1152.076294443      1148.191364738     -2300.267659181
    67 -1152.081310150      1148.277597457     -2300.358907607
    68 -1152.093135356      1148.407304513     -2300.500439869
    69 -1152.098587310      1148.602463855     -2300.701051165
    70 -1152.088333339      1148.825447119     -2300.913780458
    71 -1152.086980791      1148.900067437     -2300.987048228
    72 -1152.100655164      1148.793814447     -2300.894469611
    73 -1152.100695641      1148.691152945     -2300.791848586
    74 -1152.090150279      1148.665895831     -2300.756046110
    75 -1152.082866012      1148.698451941     -2300.781317953
    76 -1152.086256368      1148.761245209     -2300.847501577
    77 -1152.097660876      1148.856719268     -2300.954380145
    78 -1152.103177295      1149.011945356     -2301.115122651
    79 -1152.092403405      1149.191642929     -2301.284046334
    80 -1152.088971127      1149.217992747     -2301.306963874
    81 -1152.101433366      1149.049664401     -2301.151097767
    82 -1152.100073470      1148.880213406     -2300.980286876
    83 -1152.088531926      1148.786808040     -2300.875339966
    84 -1152.081763308      1148.747219871     -2300.828983178
    85 -1152.086543774      1148.737409855     -2300.823953629
    86 -1152.097659561      1148.769886127     -2300.867545688
    87 -1152.100165045      1148.869922682     -2300.970087727
    88 -1152.088195585      1148.979279285     -2301.067474871
    89 -1152.087234053      1148.922105901     -2301.009339954
    90 -1152.097989418      1148.703693678     -2300.801683096
    91 -1152.093045769      1148.516141901     -2300.609187670
    92 -1152.080368175      1148.411704701     -2300.492072876
    93 -1152.074662054      1148.358823276     -2300.433485330
    94 -1152.080011619      1148.341043904     -2300.421055523
    95 -1152.088196816      1148.378765874     -2300.466962691
    96 -1152.087132435      1148.478996943     -2300.566129379
    97 -1152.077535429      1148.560930278     -2300.638465707
    98 -1152.079077134      1148.486122714     -2300.565199848
    99 -1152.086900906      1148.292851860     -2300.379752765
   100 -1152.080472239      1148.142661659     -2300.223133898
   101 -1152.069447346      1148.065733149     -2300.135180496
   102 -1152.066406628      1148.033613544     -2300.100020173
   103 -1152.072120180      1148.043850518     -2300.115970698
   104 -1152.078288709      1148.116131199     -2300.194419908
   105 -1152.079065166      1148.234256860     -2300.313322026
   106 -1152.074085530      1148.334314166     -2300.408399696
   107 -1152.071841584      1148.330520852     -2300.402362436
   108 -1152.077336485      1148.217007500     -2300.294343985
   109 -1152.073912734      1148.120588888     -2300.194501622
   110 -1152.065960086      1148.084297151     -2300.150257237
   111 -1152.063718865      1148.093694525     -2300.157413391
   112 -1152.066765838      1148.155437750     -2300.222203588
   113 -1152.069829503      1148.277620014     -2300.347449518
   114 -1152.072986478      1148.428276889     -2300.501263367
   115 -1152.073231639      1148.575142085     -2300.648373724
   116 -1152.066824608      1148.685772836     -2300.752597444
   117 -1152.070267783      1148.680917439     -2300.751185222
   118 -1152.074120928      1148.621307126     -2300.695428054
   119 -1152.070171297      1148.594039292     -2300.664210589
   120 -1152.066423481      1148.613238443     -2300.679661923
   121 -1152.064969052      1148.688377016     -2300.753346068
   122 -1152.064773878      1148.814780475     -2300.879554353
   123 -1152.069708261      1148.951145620     -2301.020853881
   124 -1152.075929661      1149.079765654     -2301.155695316
   125 -1152.069790302      1149.207334644     -2301.277124946
   126 -1152.066975419      1149.230163005     -2301.297138424
   127 -1152.073137614      1149.127470196     -2301.200607810
   128 -1152.072032607      1149.018891388     -2301.090923995
   129 -1152.068498870      1148.955255750     -2301.023754620
   130 -1152.067217307      1148.950698874     -2301.017916181
   131 -1152.069173031      1148.994769580     -2301.063942611
   132 -1152.077903946      1149.045014611     -2301.122918557
   133 -1152.086966470      1149.088702306     -2301.175668777
   134 -1152.081253887      1149.130826190     -2301.212080077
   135 -1152.079580523      1149.055905107     -2301.135485630
   136 -1152.086467894      1148.858474385     -2300.944942279
   137 -1152.084978681      1148.674811792     -2300.759790474
   138 -1152.080783873      1148.557504093     -2300.638287966
   139 -1152.078472528      1148.516680279     -2300.595152806
   140 -1152.079222464      1148.532519929     -2300.611742392
   141 -1152.086841568      1148.554019880     -2300.640861448
   142 -1152.092330640      1148.574734493     -2300.667065133
   143 -1152.082978477      1148.589665326     -2300.672643803
   144 -1152.082418792      1148.473899618     -2300.556318410
   145 -1152.088284547      1148.260016357     -2300.348300904
   146 -1152.086224808      1148.082791340     -2300.169016148
   147 -1152.082220716      1147.987363973     -2300.069584689
   148 -1152.079523154      1147.976427288     -2300.055950442
   149 -1152.081345347      1148.012487958     -2300.093833305
   150 -1152.091827187      1148.045123985     -2300.136951173
   151 -1152.095914041      1148.098926525     -2300.194840566
   152 -1152.085303688      1148.157680123     -2300.242983811
   153 -1152.086598819      1148.087793909     -2300.174392728
   154 -1152.092857672      1147.942559492     -2300.035417164
   155 -1152.091038084      1147.851729386     -2299.942767471
   156 -1152.085836731      1147.855075588     -2299.940912319
   157 -1152.081016418      1147.938706766     -2300.019723183
   158 -1152.084126724      1148.041199838     -2300.125326562
   159 -1152.096209455      1148.130949114     -2300.227158569
   160 -1152.097791213      1148.260556920     -2300.358348133
   161 -1152.084982664      1148.400245818     -2300.485228482
   162 -1152.086054779      1148.405725882     -2300.491780661
   163 -1152.094589298      1148.325029103     -2300.419618401
   164 -1152.093892606      1148.297043226     -2300.390935832
   165 -1152.086590882      1148.361257152     -2300.447848034
   166 -1152.079944892      1148.480522908     -2300.560467800
   167 -1152.084992508      1148.583451175     -2300.668443683
   168 -1152.096466682      1148.678127946     -2300.774594629
   169 -1152.095834517      1148.828910873     -2300.924745390
   170 -1152.081549319      1148.998293979     -2301.079843299
   171 -1152.082306957      1149.029344548     -2301.111651505
   172 -1152.094606287      1148.946858110     -2301.041464398
   173 -1152.094677746      1148.908700897     -2301.003378643
   174 -1152.084718294      1148.952609122     -2301.037327416
   175 -1152.078148397      1149.017544122     -2301.095692519
   176 -1152.085181340      1149.047156727     -2301.132338067
   177 -1152.094842924      1149.086159700     -2301.181002624
   178 -1152.092237829      1149.187157281     -2301.279395109
   179 -1152.078148400      1149.292583474     -2301.370731874
   180 -1152.080810291      1149.240212296     -2301.321022587
   181 -1152.092126399      1149.076344586     -2301.168470985
   182 -1152.088137770      1148.963998259     -2301.052136029
   183 -1152.075418841      1148.920319730     -2300.995738571
   184 -1152.070945224      1148.873486744     -2300.944431968
   185 -1152.079437991      1148.799511340     -2300.878949331
   186 -1152.087101691      1148.760925624     -2300.848027315
   187 -1152.081419936      1148.793361190     -2300.874781126
   188 -1152.067607444      1148.813786259     -2300.881393704
   189 -1152.074400519      1148.670936193     -2300.745336713
   190 -1152.083829624      1148.465832149     -2300.549661773
   191 -1152.077158083      1148.345526479     -2300.422684562
   192 -1152.065230290      1148.299490259     -2300.364720548
   193 -1152.064404892      1148.252364097     -2300.316768989
   194 -1152.074498711      1148.199455898     -2300.273954608
   195 -1152.080206707      1148.205868849     -2300.286075556
   196 -1152.070720137      1148.286933101     -2300.357653238
   197 -1152.060122909      1148.322287733     -2300.382410642
   198 -1152.071850963      1148.198319578     -2300.270170541
   199 -1152.078431275      1148.066706211     -2300.145137486
   200 -1152.070185194      1148.034136374     -2300.104321568
   201 -1152.060349392      1148.063143617     -2300.123493010
   202 -1152.063193252      1148.080547719     -2300.143740971
   203 -1152.074076615      1148.099833083     -2300.173909698
   204 -1152.077428857      1148.182927163     -2300.260356019
   205 -1152.066160510      1148.319861224     -2300.386021734
   206 -1152.060551432      1148.370674794     -2300.431226225
   207 -1152.074133423      1148.275302819     -2300.349436242
   208 -1152.078230035      1148.199782482     -2300.278012518
   209 -1152.069207666      1148.217730578     -2300.286938244
   210 -1152.061777909      1148.274308210     -2300.336086119
   211 -1152.067750052      1148.307386819     -2300.375136870
   212 -1152.078431084      1148.351705346     -2300.430136430
   213 -1152.081140970      1148.459778775     -2300.540919745
   214 -1152.071926006      1148.610763213     -2300.682689219
   215 -1152.068212251      1148.681245872     -2300.749458122
   216 -1152.081921245      1148.619898094     -2300.701819339
   217 -1152.086155525      1148.578158421     -2300.664313947
   218 -1152.076797735      1148.618162249     -2300.694959983
   219 -1152.071083615      1148.674428016     -2300.745511631
   220 -1152.076529361      1148.711245189     -2300.787774550
   221 -1152.082914249      1148.778159640     -2300.861073889
   222 -1152.084216918      1148.904265634     -2300.988482552
   223 -1152.077600798      1149.068297144     -2301.145897942
   224 -1152.071787917      1149.178025996     -2301.249813913
   225 -1152.082630499      1149.148975167     -2301.231605666
   226 -1152.086290013      1149.095519661     -2301.181809674
   227 -1152.076878030      1149.078268316     -2301.155146347
   228 -1152.073290485      1149.040085605     -2301.113376090
   229 -1152.076776280      1148.987861441     -2301.064637721
   230 -1152.081115857      1148.965925330     -2301.047041187
   231 -1152.086090150      1148.981642362     -2301.067732513
   232 -1152.086842779      1149.026598572     -2301.113441351
   233 -1152.083697299      1149.042388012     -2301.126085311
   234 -1152.093438755      1148.930267347     -2301.023706102
   235 -1152.098147494      1148.772832861     -2300.870980355
   236 -1152.092195892      1148.634588211     -2300.726784103
   237 -1152.090031506      1148.492747949     -2300.582779455
   238 -1152.090638655      1148.375704968     -2300.466343623
   239 -1152.092886870      1148.308627512     -2300.401514382
   240 -1152.097146130      1148.293317899     -2300.390464029
   241 -1152.095500314      1148.332252191     -2300.427752505
   242 -1152.088350208      1148.365970039     -2300.454320247
   243 -1152.094518020      1148.288849346     -2300.383367366
   244 -1152.094480079      1148.188232109     -2300.282712189
   245 -1152.084749234      1148.117936079     -2300.202685313
   246 -1152.079572278      1148.050290305     -2300.129862583
   247 -1152.078353372      1148.006333641     -2300.084687013
   248 -1152.080015238      1148.006709538     -2300.086724776
   249 -1152.083084113      1148.057656692     -2300.140740805
   250 -1152.078570359      1148.162338210     -2300.240908569
   251 -1152.072976125      1148.240487315     -2300.313463440
   252 -1152.082212803      1148.208951776     -2300.291164579
   253 -1152.081693934      1148.180989779     -2300.262683713
   254 -1152.073309162      1148.184194616     -2300.257503778
   255 -1152.071570723      1148.176764643     -2300.248335366
   256 -1152.074609004      1148.178257305     -2300.252866309
$end
