$coord
    0.08960057968955      0.10922379487792      0.16661576727256      ti
    0.73843755479792     -2.70866148143078      2.21618171009546      o
   -2.59005967713032     -0.52427646951901     -2.12034282449959      o
   -2.26011131330676     -1.28005255889266     -3.81828313905143      h
   -1.51605967056044      2.44072460324489      1.90101604707631      o
   -2.11021778283651      3.20477884571914      3.27894924674610      h
    3.04546680019274      0.62863507188241     -2.35785514155817      o
    2.49434504003146     -0.15311036084833     -3.93725262807144      h
    2.73253407242118     -4.36560938824799      2.28891266145384      h
$redundant
     number_of_atoms             9
     degrees_of_freedom         21
     internal_coordinates       21
     frozen_coordinates          0
# definitions of redundant internals
   1 k  1.0000000000000 tors    4    3    1    2 val=  40.89057
        1.0000000000000 tors    4    3    1    5
        1.0000000000000 tors    4    3    1    7
        1.0000000000000 tors    4    3    1    8
   2 k  1.0000000000000 stre    3    4           val=   1.82277
   3 k  1.0000000000000 bend    1    4    3      val= 144.58936
   4 k  1.0000000000000 tors    6    5    1    2 val=  84.67862
        1.0000000000000 tors    6    5    1    3
        1.0000000000000 tors    6    5    1    7
        1.0000000000000 tors    6    5    1    8
   5 k  1.0000000000000 stre    5    6           val=   2.04241
   6 k  1.0000000000000 bend    1    6    5      val= 117.94852
   7 k  1.0000000000000 tors    9    2    1    3 val= 116.15453
        1.0000000000000 tors    9    2    1    5
        1.0000000000000 tors    9    2    1    7
        1.0000000000000 tors    9    2    1    8
   8 k  1.0000000000000 stre    2    9           val=   2.15739
   9 k  1.0000000000000 bend    1    9    2      val= 127.73175
  10 k  1.0000000000000 stre    1    3           val=   3.04601
  11 k  1.0000000000000 stre    1    5           val=   3.37956
  12 k  1.0000000000000 stre    1    2           val=   3.45076
  13 k -0.2206356955253 bend    5    3    1      val=   6.44989
        0.3983307721751 bend    2    3    1
       -0.2677541669107 bend    2    5    1
        0.3411453120700 bend    7    3    1
       -0.3783036047545 bend    7    5    1
        0.1533533712783 bend    7    2    1
        0.4724579784663 bend    8    3    1
       -0.3875492890197 bend    8    5    1
        0.2540436995169 bend    8    2    1
  14 k -0.4427283252350 bend    5    3    1      val=  35.72393
       -0.3216399745087 bend    2    3    1
       -0.2278697826420 bend    2    5    1
        0.2627961639483 bend    7    3    1
        0.4336736075747 bend    7    5    1
        0.2813271972227 bend    7    2    1
        0.2317831945816 bend    8    3    1
        0.4436837404884 bend    8    5    1
        0.2485083389691 bend    8    2    1
  15 k -0.4181424352008 bend    5    3    1      val=   3.64464
        0.2209902331837 bend    2    3    1
        0.3974368142305 bend    2    5    1
       -0.4859144393000 bend    7    3    1
       -0.1198366692089 bend    7    5    1
        0.4328962641250 bend    7    2    1
       -0.2328786321339 bend    8    3    1
        0.0001705413454 bend    8    5    1
        0.3553292387721 bend    8    2    1
  16 k  0.5146070206369 bend    5    3    1      val=   2.09189
       -0.1535118113689 bend    2    3    1
       -0.5340880521861 bend    2    5    1
       -0.1720786184929 bend    7    3    1
       -0.0245618122653 bend    7    5    1
        0.3893894812042 bend    7    2    1
       -0.2535355699919 bend    8    3    1
       -0.0926675011112 bend    8    5    1
        0.4143158673568 bend    8    2    1
  17 k -0.0974597011553 bend    5    3    1      val=   5.14383
        0.6944873126748 bend    2    3    1
       -0.4537890781771 bend    2    5    1
       -0.2616310948118 bend    7    3    1
        0.3188957993841 bend    7    5    1
       -0.2010495862446 bend    7    2    1
       -0.1039002359210 bend    8    3    1
        0.2612140167836 bend    8    5    1
       -0.1125616868948 bend    8    2    1
  18 k -0.0789823590094 bend    5    3    1      val=   4.28179
        0.1140727734469 bend    2    3    1
        0.0411882082563 bend    2    5    1
        0.5023426244244 bend    7    3    1
       -0.2719557341421 bend    7    5    1
       -0.3119495109011 bend    7    2    1
       -0.5740473183976 bend    8    3    1
        0.2731371477321 bend    8    5    1
        0.3889703903840 bend    8    2    1
  19 k  1.0000000000000 stre    1    7           val=   3.58573
  20 k  1.0000000000000 stre    7    8           val=   1.89701
  21 k  1.0000000000000 stre    8    1           val=   3.97604
        21 non zero eigenvalues  of BmBt
           1          13.209494670    1    0
         1
           2           4.968385154    2    0
         2
           3           4.365303565    3    0
         3
           4           3.474922621    4    0
         4
           5           3.103989516    5    0
         5
           6           2.529292998    6    0
         6
           7           2.293766507    7    0
         7
           8           2.108564867    8    0
         8
           9           1.889665860    9    0
         9
          10           1.728968101   10    0
        10
          11           1.293276376   11    0
        11
          12           1.052963594   12    0
        12
          13           0.895975824   13    0
        13
          14           0.507886755   14    0
        14
          15           0.332501156   15    0
        15
          16           0.219890789   16    0
        16
          17           0.212808799   17    0
        17
          18           0.154381425   18    0
        18
          19           0.104921402   19    0
        19
          20           0.085833702   20    0
        20
          21           0.081522392   21    0
        21
$user-defined bonds
$end
