$energy      SCF               SCFKIN            SCFPOT
     1 -1152.047501373      1148.68548     -2300.73298     0.1968471085433
     2 -1152.057251502      1148.80045     -2300.85770     0.1967331074067
     3 -1152.073666897      1148.94682     -2301.02049     0.1959514104560
     4 -1152.082861081      1149.09855     -2301.18141     0.1932104941062
     5 -1152.068834766      1149.19024     -2301.25907     0.1885581686063
     6 -1152.070512918      1148.97977     -2301.05028     0.1830582529881
     7 -1152.090438943      1148.51188     -2300.60232     0.1773734670133
     8 -1152.084617553      1148.11439     -2300.19901     0.1708848316186
     9 -1152.067743005      1147.86770     -2299.93545     0.1635806690728
    10 -1152.059031442      1147.75408     -2299.81311     0.1566304041969
    11 -1152.062622343      1147.73714     -2299.79976     0.1505596195825
    12 -1152.073833928      1147.78961     -2299.86345     0.1446708917868
    13 -1152.076604463      1147.90604     -2299.98265     0.1382076340635
    14 -1152.049927240      1148.04652     -2300.09645     0.1314411580372
    15 -1152.034815760      1147.94257     -2299.97738     0.1256055238854
    16 -1152.049351788      1147.54941     -2299.59876     0.1211685808573
    17 -1152.038902679      1147.22825     -2299.26715     0.1171005397504
    18 -1152.015196313      1147.07108     -2299.08628     0.1127383131916
    19 -1152.000006501      1147.05124     -2299.05125     0.1083173378164
    20 -1151.999112058      1147.12650     -2299.12561     0.1040104322465
    21 -1152.007669988      1147.26924     -2299.27691     0.9952501277202E-01
    22 -1152.008967526      1147.47741     -2299.48638     0.9466644047087E-01
    23 -1151.982061526      1147.71186     -2299.69392     0.8979242689863E-01
    24 -1151.966849501      1147.69945     -2299.66630     0.8565348485623E-01
    25 -1151.986054621      1147.36958     -2299.35564     0.8248418376706E-01
    26 -1151.979802981      1147.10891     -2299.08872     0.7961590295629E-01
    27 -1151.958352052      1147.01108     -2298.96943     0.7636769063562E-01
    28 -1151.944934593      1147.04792     -2298.99286     0.7281846160287E-01
    29 -1151.946304626      1147.16979     -2299.11610     0.6912220909183E-01
    30 -1151.957788203      1147.34976     -2299.30754     0.6534952628995E-01
    31 -1151.962960926      1147.59025     -2299.55321     0.6153767492480E-01
    32 -1151.941601927      1147.85643     -2299.79803     0.5799074764248E-01
    33 -1151.927141493      1147.89949     -2299.82664     0.5539907508346E-01
    34 -1151.951516397      1147.60712     -2299.55864     0.5401647808599E-01
    35 -1151.952823366      1147.36700     -2299.31982     0.5305786123513E-01
    36 -1151.936132255      1147.28907     -2299.22520     0.5184611269468E-01
    37 -1151.926249200      1147.34498     -2299.27123     0.5034324150128E-01
    38 -1151.931490607      1147.47937     -2299.41086     0.4867132528037E-01
    39 -1151.947494804      1147.66631     -2299.61381     0.4690416123719E-01
    40 -1151.958495014      1147.91020     -2299.86869     0.4501300862065E-01
    41 -1151.947745264      1148.17483     -2300.12258     0.4323523336003E-01
    42 -1151.934791782      1148.26890     -2300.20369     0.4216940432526E-01
    43 -1151.956774507      1148.04736     -2300.00413     0.4212673613576E-01
    44 -1151.962608428      1147.83628     -2299.79889     0.4235836706230E-01
    45 -1151.946108328      1147.80456     -2299.75067     0.4223357570752E-01
    46 -1151.933407877      1147.91683     -2299.85024     0.4174283714714E-01
    47 -1151.934076027      1148.11158     -2300.04566     0.4112932286284E-01
    48 -1151.943177198      1148.35949     -2300.30266     0.4042306221126E-01
    49 -1151.946161771      1148.65120     -2300.59736     0.3946478377800E-01
    50 -1151.935193302      1148.92286     -2300.85805     0.3837386393013E-01
    51 -1151.916314267      1149.04601     -2300.96233     0.3758202374297E-01
    52 -1151.923938152      1148.87858     -2300.80252     0.3738459092613E-01
    53 -1151.929153039      1148.64573     -2300.57488     0.3729671490776E-01
    54 -1151.913353729      1148.55120     -2300.46456     0.3677238048581E-01
    55 -1151.902802102      1148.56172     -2300.46452     0.3583427266632E-01
    56 -1151.908192083      1148.61664     -2300.52483     0.3470594197392E-01
    57 -1151.921880809      1148.69942     -2300.62130     0.3340018124394E-01
    58 -1151.930177186      1148.80217     -2300.73234     0.3183946973429E-01
    59 -1151.932565535      1148.85168     -2300.78424     0.3017727084213E-01
    60 -1151.920167588      1148.79782     -2300.71799     0.2878115348014E-01
    61 -1151.929243744      1148.50316     -2300.43240     0.2799437774365E-01
    62 -1151.939014061      1148.15518     -2300.09420     0.2756940338092E-01
    63 -1151.925024248      1147.97008     -2299.89510     0.2701973930054E-01
    64 -1151.913848656      1147.91277     -2299.82662     0.2630059895862E-01
    65 -1151.915696014      1147.92810     -2299.84379     0.2550650360586E-01
    66 -1151.921374977      1148.00494     -2299.92631     0.2462739113565E-01
    67 -1151.922185909      1148.11070     -2300.03288     0.2357471276858E-01
    68 -1151.923774721      1148.15400     -2300.07778     0.2248181433081E-01
    69 -1151.905345074      1148.13927     -2300.04462     0.2165555424775E-01
    70 -1151.906869080      1147.91552     -2299.82239     0.2148798982614E-01
    71 -1151.915261307      1147.62270     -2299.53797     0.2178694797778E-01
    72 -1151.900843883      1147.48295     -2299.38379     0.2202656210123E-01
    73 -1151.889922621      1147.45893     -2299.34885     0.2205129876573E-01
    74 -1151.891766762      1147.50380     -2299.39556     0.2190910814062E-01
    75 -1151.896136704      1147.61115     -2299.50729     0.2161623767904E-01
    76 -1151.898996219      1147.73258     -2299.63157     0.2114570464689E-01
    77 -1151.907648370      1147.77852     -2299.68617     0.2064314478295E-01
    78 -1151.892563079      1147.79713     -2299.68969     0.2040447812208E-01
    79 -1151.893518013      1147.63057     -2299.52409     0.2090718969470E-01
    80 -1151.908755924      1147.35861     -2299.26737     0.2202182274878E-01
    81 -1151.900828188      1147.23206     -2299.13288     0.2313420830531E-01
    82 -1151.894461246      1147.22509     -2299.11955     0.2405168374113E-01
    83 -1151.898551866      1147.30015     -2299.19870     0.2472141260197E-01
    84 -1151.903465206      1147.44917     -2299.35264     0.2516972184109E-01
    85 -1151.909542602      1147.60625     -2299.51579     0.2548593192134E-01
    86 -1151.925703894      1147.68402     -2299.60972     0.2581365598703E-01
    87 -1151.914631377      1147.77376     -2299.68839     0.2637381041179E-01
    88 -1151.909028845      1147.73094     -2299.63996     0.2770474419286E-01
    89 -1151.929188750      1147.52484     -2299.45403     0.2976744927153E-01
    90 -1151.925579318      1147.45214     -2299.37772     0.3182038061849E-01
    91 -1151.919784860      1147.50915     -2299.42893     0.3371322985106E-01
    92 -1151.921775911      1147.65926     -2299.58104     0.3530286591462E-01
    93 -1151.923039964      1147.88614     -2299.80918     0.3667022248339E-01
    94 -1151.928487352      1148.10153     -2300.03002     0.3798121126642E-01
    95 -1151.948671504      1148.22105     -2300.16972     0.3935917213455E-01
    96 -1151.939777936      1148.38145     -2300.32123     0.4084785071095E-01
    97 -1151.920407006      1148.47944     -2300.39985     0.4289764735184E-01
    98 -1151.941450934      1148.33916     -2300.28061     0.4560925996907E-01
    99 -1151.942496046      1148.28083     -2300.22332     0.4810434921720E-01
   100 -1151.936712812      1148.34244     -2300.27915     0.5031964341384E-01
   101 -1151.935351859      1148.48716     -2300.42251     0.5202460447362E-01
   102 -1151.932101451      1148.67867     -2300.61077     0.5344085751783E-01
   103 -1151.940153961      1148.79495     -2300.73511     0.5483295144913E-01
   104 -1151.967588700      1148.78327     -2300.75086     0.5612980376754E-01
   105 -1151.966950250      1148.83588     -2300.80283     0.5696899733494E-01
   106 -1151.937513213      1148.91630     -2300.85382     0.5767651059050E-01
   107 -1151.958767427      1148.70500     -2300.66377     0.5910010176556E-01
   108 -1151.972195261      1148.48533     -2300.45752     0.6105363595001E-01
   109 -1151.970282815      1148.37292     -2300.34320     0.6321108594058E-01
   110 -1151.965126325      1148.36363     -2300.32876     0.6497265955394E-01
   111 -1151.955046443      1148.40650     -2300.36155     0.6666830093579E-01
   112 -1151.961210502      1148.35441     -2300.31562     0.6872315935305E-01
   113 -1151.988483850      1148.18894     -2300.17742     0.7055169340371E-01
   114 -1151.996620678      1148.11400     -2300.11062     0.7172610380952E-01
   115 -1151.963501152      1148.19376     -2300.15726     0.7274296981375E-01
   116 -1151.959582178      1148.08427     -2300.04386     0.7479205025006E-01
   117 -1151.989777754      1147.77034     -2299.76012     0.7776255744984E-01
   118 -1151.993205246      1147.58194     -2299.57515     0.8045900308278E-01
   119 -1151.979889872      1147.54440     -2299.52429     0.8232230165346E-01
   120 -1151.960044927      1147.57218     -2299.53222     0.8339589316977E-01
   121 -1151.966463604      1147.47415     -2299.44061     0.8449269965621E-01
   122 -1151.991821569      1147.29233     -2299.28415     0.8571536903027E-01
   123 -1152.004993837      1147.22005     -2299.22504     0.8672479386866E-01
   124 -1151.988534309      1147.34071     -2299.32924     0.8736628259503E-01
   125 -1151.961589319      1147.46701     -2299.42860     0.8807911607933E-01
   126 -1151.997480393      1147.26633     -2299.26381     0.8948818439772E-01
   127 -1152.014472498      1147.11238     -2299.12685     0.9094329507689E-01
   128 -1151.997061986      1147.14134     -2299.13840     0.9243491823301E-01
   129 -1151.972513242      1147.22247     -2299.19498     0.9416427719490E-01
   130 -1151.981061937      1147.14961     -2299.13068     0.9653056083351E-01
   131 -1152.000721800      1147.03771     -2299.03843     0.9921475428485E-01
   132 -1152.014992839      1147.03631     -2299.05131     0.1018934943002
   133 -1152.020483005      1147.20169     -2299.22218     0.1042428045320
   134 -1152.000126085      1147.51588     -2299.51600     0.1064062147788
   135 -1152.005872783      1147.65548     -2299.66135     0.1088816574519
   136 -1152.044774942      1147.56920     -2299.61397     0.1116918321199
   137 -1152.032715188      1147.64261     -2299.67533     0.1146176215031
   138 -1152.006098581      1147.75989     -2299.76599     0.1179867403186
   139 -1152.008699396      1147.72829     -2299.73699     0.1217420258455
   140 -1152.016323567      1147.68008     -2299.69640     0.1254272171570
   141 -1152.022476575      1147.72292     -2299.74540     0.1289470988744
   142 -1152.032888219      1147.88265     -2299.91554     0.1321100624327
   143 -1152.034625560      1148.18319     -2300.21781     0.1350316074565
   144 -1152.010373950      1148.55877     -2300.56915     0.1379303887638
   145 -1152.035674761      1148.62590     -2300.66158     0.1409381114858
   146 -1152.042524591      1148.59775     -2300.64027     0.1436749795134
   147 -1152.019966019      1148.58694     -2300.60691     0.1466307001507
   148 -1152.014275426      1148.46561     -2300.47988     0.1493174655571
   149 -1152.011814810      1148.34761     -2300.35943     0.1512389728554
   150 -1152.012365102      1148.29812     -2300.31048     0.1524584510565
   151 -1152.024305103      1148.32973     -2300.35404     0.1528819430197
   152 -1152.044200860      1148.46184     -2300.50604     0.1524013627691
   153 -1152.037805124      1148.75721     -2300.79501     0.1510914023794
   154 -1152.014400307      1149.01221     -2301.02661     0.1496905084660
   155 -1152.045804276      1148.85809     -2300.90389     0.1491022085898
   156 -1152.050761019      1148.61892     -2300.66968     0.1485455084883
   157 -1152.041055883      1148.35398     -2300.39503     0.1469046817336
   158 -1152.025312180      1148.16437     -2300.18968     0.1438700684637
   159 -1152.015461926      1148.05074     -2300.06620     0.1401171983872
   160 -1152.020027663      1148.00144     -2300.02147     0.1365118138236
   161 -1152.040957199      1148.02164     -2300.06260     0.1327317377212
   162 -1152.060090382      1148.17524     -2300.23533     0.1281103286983
   163 -1152.028977350      1148.53173     -2300.56071     0.1228612068685
   164 -1151.998302033      1148.68563     -2300.68393     0.1184905783034
   165 -1152.041341256      1148.28918     -2300.33052     0.1155663323280
   166 -1152.038964305      1147.93325     -2299.97222     0.1122328360438
   167 -1152.009868756      1147.68350     -2299.69337     0.1066610264673
   168 -1151.984055242      1147.54039     -2299.52444     0.1001380258217
   169 -1151.973910733      1147.46177     -2299.43568     0.9524575206347E-01
   170 -1151.982651930      1147.43368     -2299.41634     0.9283721173078E-01
   171 -1152.003209724      1147.48824     -2299.49145     0.9114173850425E-01
   172 -1152.016066591      1147.67641     -2299.69247     0.8814057127241E-01
   173 -1151.999584643      1147.96888     -2299.96846     0.8388165704506E-01
   174 -1151.961835477      1148.12617     -2300.08800     0.7972962110163E-01
   175 -1152.003156819      1147.73091     -2299.73407     0.7676603967755E-01
   176 -1152.007822319      1147.36409     -2299.37192     0.7405030906988E-01
   177 -1151.975685847      1147.17305     -2299.14874     0.7025581813869E-01
   178 -1151.951957040      1147.10791     -2299.05987     0.6613199494255E-01
   179 -1151.949111089      1147.11288     -2299.06199     0.6265453079354E-01
   180 -1151.958856774      1147.20317     -2299.16203     0.5992849943398E-01
   181 -1151.967009514      1147.39800     -2299.36501     0.5696455030440E-01
   182 -1151.977111886      1147.61467     -2299.59178     0.5338258007151E-01
   183 -1151.973805272      1147.81811     -2299.79192     0.4965413010040E-01
   184 -1151.930393797      1147.96373     -2299.89413     0.4643305359341E-01
   185 -1151.969705338      1147.62019     -2299.58990     0.4424881746354E-01
   186 -1151.964815935      1147.40140     -2299.36621     0.4246870442095E-01
   187 -1151.937402978      1147.35087     -2299.28827     0.4017871896086E-01
   188 -1151.923309436      1147.41049     -2299.33380     0.3771302538469E-01
   189 -1151.919777317      1147.56194     -2299.48172     0.3523268507186E-01
   190 -1151.917259194      1147.78023     -2299.69749     0.3253067029519E-01
   191 -1151.933533437      1147.93474     -2299.86828     0.3067187852926E-01
   192 -1151.962779881      1148.02710     -2299.98988     0.3063987513669E-01
   193 -1151.938125306      1148.28555     -2300.22368     0.3178226252259E-01
   194 -1151.898059622      1148.45681     -2300.35487     0.3398741010620E-01
   195 -1151.945457383      1148.16519     -2300.11065     0.3703840538095E-01
   196 -1151.942999643      1148.07000     -2300.01300     0.3732110639474E-01
   197 -1151.926132960      1148.13550     -2300.06164     0.3716616013294E-01
   198 -1151.909270357      1148.30745     -2300.21672     0.3656956008636E-01
   199 -1151.894254867      1148.48102     -2300.37527     0.3615100915803E-01
   200 -1151.908907812      1148.48766     -2300.39657     0.3624827966999E-01
   201 -1151.939057198      1148.40681     -2300.34587     0.3599310820448E-01
   202 -1151.952981812      1148.45090     -2300.40389     0.3475971034913E-01
   203 -1151.909011227      1148.74561     -2300.65462     0.3292029227817E-01
   204 -1151.889811372      1148.83491     -2300.72472     0.3171305480044E-01
   205 -1151.944092924      1148.52162     -2300.46571     0.3143783147603E-01
   206 -1151.939778801      1148.43374     -2300.37352     0.3085540027143E-01
   207 -1151.909259556      1148.50080     -2300.41006     0.2936042594588E-01
   208 -1151.880131460      1148.54867     -2300.42880     0.2741400873641E-01
   209 -1151.888065003      1148.37816     -2300.26623     0.2634234386322E-01
   210 -1151.906081490      1148.15223     -2300.05831     0.2621887692185E-01
   211 -1151.922642711      1148.00551     -2299.92816     0.2548657502565E-01
   212 -1151.932469514      1148.04149     -2299.97396     0.2390558925592E-01
   213 -1151.894289260      1148.32099     -2300.21528     0.2193316701865E-01
   214 -1151.889505440      1148.36672     -2300.25623     0.2055998813577E-01
   215 -1151.945488448      1148.03949     -2299.98497     0.2006155100366E-01
   216 -1151.925777348      1147.94441     -2299.87019     0.1951722634660E-01
   217 -1151.886720223      1147.89578     -2299.78250     0.1877936671419E-01
   218 -1151.881554714      1147.67869     -2299.56024     0.1813064014988E-01
   219 -1151.886587979      1147.43882     -2299.32541     0.1761027202392E-01
   220 -1151.892796145      1147.28869     -2299.18148     0.1755344395091E-01
   221 -1151.907036288      1147.25176     -2299.15879     0.1766098816651E-01
   222 -1151.915072452      1147.42037     -2299.33545     0.1786191477215E-01
   223 -1151.870590046      1147.80997     -2299.68056     0.1855631336124E-01
   224 -1151.907080595      1147.77892     -2299.68600     0.2100576680425E-01
   225 -1151.944507619      1147.58558     -2299.53008     0.2453718997849E-01
   226 -1151.905456404      1147.61497     -2299.52043     0.2883595601505E-01
   227 -1151.887344631      1147.51961     -2299.40696     0.3345279323341E-01
   228 -1151.895055267      1147.29635     -2299.19140     0.3806415834539E-01
   229 -1151.895024549      1147.16379     -2299.05882     0.4255213631755E-01
   230 -1151.900699666      1147.15245     -2299.05315     0.4703873161251E-01
   231 -1151.924896298      1147.25071     -2299.17561     0.5143581579943E-01
   232 -1151.958007394      1147.49626     -2299.45427     0.5573814686225E-01
   233 -1151.942494537      1148.00415     -2299.94665     0.6010696639024E-01
   234 -1151.928032266      1148.36896     -2300.29700     0.6555319493758E-01
   235 -1151.974860765      1148.25896     -2300.23382     0.7238201733437E-01
   236 -1151.964004014      1148.15121     -2300.11522     0.7872351169517E-01
   237 -1151.957002586      1147.96146     -2299.91846     0.8470228046371E-01
   238 -1151.940078241      1147.85325     -2299.79333     0.9000001137968E-01
   239 -1151.925706379      1147.85040     -2299.77611     0.9535501465089E-01
   240 -1151.929896922      1147.91915     -2299.84905     0.1014155486461
   241 -1151.957901854      1148.05404     -2300.01194     0.1076149142327
   242 -1152.000579809      1148.30676     -2300.30734     0.1134641579301
   243 -1152.016585031      1148.79509     -2300.81167     0.1191722997553
   244 -1151.943815521      1149.49575     -2301.43957     0.1255330898713
   245 -1151.982780522      1149.45685     -2301.43963     0.1339046707858
   246 -1152.029969593      1149.04304     -2301.07301     0.1428019291899
   247 -1152.013355262      1148.78338     -2300.79673     0.1521736199734
   248 -1151.979907211      1148.69988     -2300.67979     0.1607449241775
   249 -1151.960336000      1148.71473     -2300.67506     0.1632783323020
   250 -1151.963081978      1148.79837     -2300.76145     0.1669477241687
   251 -1151.986287116      1148.97014     -2300.95643     0.1801226716329
   252 -1152.019566233      1149.27977     -2301.29934     0.1894624149866
   253 -1152.034291407      1149.78585     -2301.82014     0.1921229370338
   254 -1151.990702523      1150.44449     -2302.43520     0.1929838865206
   255 -1151.939187858      1150.76515     -2302.70434     0.1933480397636
   256 -1152.004856205      1150.27641     -2302.28127     0.1930836899260
   257 -1151.977424278      1149.97268     -2301.95010     0.1917216284746
   258 -1151.930799013      1149.77789     -2301.70869     0.1855575232739
   259 -1151.912152784      1149.60798     -2301.52013     0.1682354429455
   260 -1151.925973251      1149.44631     -2301.37228     0.1596376736066
   261 -1151.960560783      1149.32622     -2301.28678     0.1656142790831
   262 -1151.993513312      1149.28936     -2301.28287     0.1802402893002
   263 -1152.024035684      1149.24668     -2301.27072     0.1832616411506
   264 -1152.070137146      1149.07400     -2301.14413     0.1827315376597
   265 -1152.024160591      1149.06749     -2301.09165     0.1812376133930
   266 -1152.027750609      1148.64435     -2300.67210     0.1781920907513
   267 -1152.058434944      1147.97544     -2300.03388     0.1742666245596
   268 -1152.029369622      1147.60881     -2299.63818     0.1700189610158
   269 -1152.006159810      1147.43869     -2299.44485     0.1635772842342
   270 -1151.997778460      1147.42083     -2299.41861     0.1545014162194
   271 -1151.986252820      1147.544057532     -2299.530310351
$end
