$grad          cartesian gradients
  cycle =    219   ex. state energy =    -1151.8689777070 |dE/dxyz| =  1.186586
   -0.45301691165123      0.17583949492911      0.31960520728907      ti
    1.08722012220939     -2.12063301256573      2.22696025791522      o
   -2.16922525435210     -0.71876751214218     -2.65028214049972      o
   -1.90232754454626     -0.49013320632790     -4.48682586227323      h
   -1.36881677613436      2.48862562108058      2.75917815989780      o
   -1.48680153157732      2.27960003255373      4.60044664199823      h
    3.59256896805206      0.01819867202110     -3.19353520415990      o
    5.30024354505595     -0.35421098524015     -3.61582514908968      h
    1.49398776015887     -4.51242386086669      1.92800928252447      h
  -.40761676470522D-02  0.33010134624665D-02  0.16611863335754D-01
  -.15190189424695D-01  0.11906055330707D+00  0.21251219532423D-01
  -.15177745346032D-01  -.15159474862500D-01  -.12220964643587D-01
  -.43201234231258D-03  0.28767344345727D-02  -.27479236159701D-01
  0.28933850944251D-02  0.15969793755379D-01  0.66129945071702D-02
  -.31570177055294D-02  -.21930377050423D-02  0.20995153391240D-01
  0.26309884485503D-01  -.61093011349283D-02  -.20000995156482D-01
  -.12351592587875D-01  0.34037294382308D-02  0.74950839625771D-02
  0.21181455091819D-01  -.12115000996947D+00  -.13265118448498D-01
$end
$grad          cartesian gradients
  cycle =    220   ex. state energy =    -1151.8752427010 |dE/dxyz| =  1.173940
   -0.45099276528175      0.17854666645344      0.31387555226723      ti
    1.09589496324732     -2.14330597168971      2.24341933307273      o
   -2.15946997827493     -0.71274819659049     -2.65346546796956      o
   -1.94140122203905     -0.50847855665289     -4.47450490522269      h
   -1.38018080712262      2.49830636095104      2.75709398641858      o
   -1.48696935654712      2.24338706502464      4.74461298038592      h
    3.57910337407905      0.01275183058200     -3.19566746252678      o
    5.35465181733500     -0.32290645971717     -3.64247418235650      h
    1.48420970353198     -4.42068098385262      1.92665385467033      h
  -.51275094219405D-02  0.68057563928472D-02  0.11385874069340D-01
  -.12084442301905D-01  0.11157106766767D+00  0.25235377532634D-01
  -.13462982928028D-01  -.13959820366841D-01  -.23633595837213D-01
  -.22309675758288D-02  0.14136974393541D-02  -.16197387950800D-01
  0.45198909099384D-02  0.23819193527783D-01  -.45646532392997D-01
  -.59275843451433D-02  -.86105597063242D-02  0.75389872875230D-01
  -.57829202250001D-02  -.12493365446640D-03  -.11384798863597D-01
  0.19414262587818D-01  -.27796493767953D-02  -.92557580617151D-03
  0.20682253278589D-01  -.11813475136116D+00  -.14223232744703D-01
$end
$grad          cartesian gradients
  cycle =    221   ex. state energy =    -1151.8893752998 |dE/dxyz| =  1.143028
   -0.44767972992614      0.18158811816679      0.30619238532196      ti
    1.10657226403267     -2.17726298268526      2.26244840865807      o
   -2.14659457298611     -0.70429479007863     -2.65531031688333      o
   -1.98641646554211     -0.53288970884140     -4.44601970139946      h
   -1.39452520286903      2.50888215419209      2.75657797379897      o
   -1.48147610273139      2.20529520685971      4.86024905045528      h
    3.56078573445201      0.00608515037811     -3.19806505144110      o
    5.40996915463324     -0.27963551309564     -3.65618129231875      h
    1.45556614894236     -4.20321548578114      1.93483730542193      h
  -.66807581719735D-02  0.10027628076917D-01  0.41676623546229D-02
  -.37845373724815D-02  0.78394148119705D-01  0.27989232666797D-01
  -.11536491554127D-01  -.12092848539226D-01  -.44409895099216D-01
  -.41474952316758D-02  -.61056155167091D-03  0.47125085711983D-02
  0.32048703207807D-02  0.30142309292857D-01  -.68031072448205D-01
  -.60985793708832D-02  -.12773308582032D-01  0.10047371107670D+00
  -.31807838665123D-01  0.29586423073403D-02  -.43321942255854D-02
  0.45192015326634D-01  -.60282163541578D-02  -.78702381389504D-02
  0.15658815459895D-01  -.90017793531227D-01  -.12699713930047D-01
$end
$grad          cartesian gradients
  cycle =    222   ex. state energy =    -1151.8972105372 |dE/dxyz| =  1.111133
   -0.44363910791403      0.18415229530119      0.29834425149715      ti
    1.11632159553031     -2.21400854735682      2.27921654747049      o
   -2.13351973695903     -0.69526572083311     -2.65381506482261      o
   -2.02460692198079     -0.55614623593501     -4.42367959762159      h
   -1.40854197554758      2.51727775581673      2.75938197574044      o
   -1.47024296470125      2.17904443099753      4.88603574536277      h
    3.54290446498318     -0.00050301364986     -3.20041745149161      o
    5.42858073479317     -0.22977567714319     -3.64483110014268      h
    1.41592508062725     -3.91416924612622      1.95125239125877      h
  -.81318926384115D-02  0.11575846469156D-01  -.28857571036859D-02
  0.21882377593743D-01  -.52478791417683D-01  0.12144115531856D-01
  -.10815846279868D-01  -.10983692184706D-01  -.60543067861372D-01
  -.46244544870989D-02  -.16268785659199D-02  0.21292121226367D-01
  0.56409646763281D-03  0.34420483432523D-01  -.69161926424804D-01
  -.49959310616065D-02  -.14560808466584D-01  0.10410392154122D+00
  -.40199044893509D-01  0.23713978595853D-02  -.26187351886755D-02
  0.53476559643910D-01  -.55425433102032D-02  -.97026299381424D-02
  -.71558642715606D-02  0.36824985193614D-01  0.73719577808480D-02
$end
$grad          cartesian gradients
  cycle =    223   ex. state energy =    -1151.8520337326 |dE/dxyz| =  1.064384
   -0.43871473560926      0.18632123369414      0.29017191241507      ti
    1.12411818855534     -2.24758865189595      2.29527951013925      o
   -2.11981421076459     -0.68541055422037     -2.64810563342284      o
   -2.05706979927231     -0.57810687160199     -4.42119182706969      h
   -1.42261202846660      2.52362148033664      2.76556309439976      o
   -1.45395065851145      2.16488223980059      4.82225375808943      h
    3.52524537043955     -0.00728892559055     -3.20283393705703      o
    5.40469967118495     -0.17141566900549     -3.60765334039401      h
    1.38429686920994     -3.65587492149771      1.95838214326125      h
  -.93303075200451D-02  0.11759662749755D-01  -.92198214757189D-02
  0.85900949905336D-01  -.38322391269196D+00  -.61799465024526D-01
  -.10921103525267D-01  -.11028287121795D-01  -.60309332630013D-01
  -.38192238335953D-02  -.11830076805756D-02  0.22072436475107D-01
  -.27011779823476D-02  0.36768589305675D-01  -.55609212989642D-01
  -.33175739732517D-02  -.14282312720019D-01  0.92605366442953D-01
  -.33075232804385D-01  -.16385947795004D-03  -.52807700561528D-02
  0.46320439097301D-01  -.30684816407093D-02  -.73452983131947D-02
  -.69056769373876D-01  0.36442160885897D+00  0.84886097336566D-01
$end
$grad          cartesian gradients
  cycle =    224   ex. state energy =    -1151.8860748282 |dE/dxyz| =  0.957912
   -0.43276623773085      0.18813516680852      0.28158900520192      ti
    1.12660959586986     -2.26056619502575      2.31507120080599      o
   -2.10514561823023     -0.67449443437512     -2.63799083468314      o
   -2.08513925713118     -0.59954742885378     -4.43961513669206      h
   -1.43687639502984      2.52791062859959      2.77452840812160      o
   -1.43361217748109      2.16233903649928      4.67687024698981      h
    3.50702518038854     -0.01434669622968     -3.20517030381406      o
    5.34308753495336     -0.10464366450312     -3.54580364320303      h
    1.41420492770697     -3.70819676101665      1.88828670129919      h
  -.10910359072362D-01  0.11433451658494D-01  -.14879713183508D-01
  0.70212581887500D-01  -.27698724972969D+00  -.47366980234136D-01
  -.99938469426969D-02  -.11168925314863D-01  -.41790011485991D-01
  -.30244615490546D-02  -.10893256406652D-03  0.60008823592683D-02
  -.57631774789124D-02  0.33424606664770D-01  -.14099608179498D-01
  -.15304883942038D-02  -.88625000450790D-02  0.52230733602231D-01
  -.91423791211880D-02  -.30308198810307D-02  -.11046075739075D-01
  0.22320976330310D-01  -.14716337653182D-03  -.18845415539772D-02
  -.52168845957881D-01  0.25544753243964D+00  0.72835313527962D-01
$end
$grad          cartesian gradients
  cycle =    225   ex. state energy =    -1151.9199704290 |dE/dxyz| =  0.832791
   -0.42645696807875      0.18936906626514      0.27369881567073      ti
    1.12420482191467     -2.25657680976212      2.33549208052322      o
   -2.09128889372345     -0.66380478535673     -2.62553043954804      o
   -2.10596665447132     -0.61873768220814     -4.46358414880279      h
   -1.44944603983238      2.52975868746838      2.78299649547854      o
   -1.41303929386854      2.16734400068648      4.50037596794139      h
    3.48915041954781     -0.02072069457322     -3.20676326309705      o
    5.27003982073476     -0.03922635043783     -3.47092993001869      h
    1.48914793269739     -3.97922423856891      1.75777884402999      h
  -.12693560555958D-01  0.11429274109231D-01  -.19485144057784D-01
  0.15608560996697D-01  -.87441056312210D-02  0.31885971435114D-01
  -.75641705160844D-02  -.10523370687710D-01  -.18444613167938D-01
  -.30490060544674D-02  0.41693678212330D-03  -.13739626848065D-01
  -.62736948003895D-02  0.17721473387307D-01  0.77017746630483D-01
  -.18648459089390D-02  0.80937437251107D-02  -.38862195484404D-01
  0.26223585508471D-01  -.39751128400454D-02  -.16980887531649D-01
  -.13390213269071D-01  0.96112296767407D-03  0.39663664581198D-02
  0.30033440328032D-02  -.15379962008956D-01  -.53576182509203D-02
$end
$grad          cartesian gradients
  cycle =    226   ex. state energy =    -1151.8766204480 |dE/dxyz| =  0.702126
   -0.41861630717891      0.19030185361932      0.26502921585971      ti
    1.11991009544667     -2.25117201349404      2.35585880784620      o
   -2.07570982225288     -0.65138734057568     -2.60985730569201      o
   -2.12403355959464     -0.63987913138751     -4.48001521582698      h
   -1.46277765329999      2.53061198435073      2.78758405355353      o
   -1.38801436513180      2.16532853276234      4.34243690628832      h
    3.46637492373830     -0.02762586645395     -3.20758054659643      o
    5.20304998422856      0.03647582121564     -3.37562415044876      h
    1.57059076033941     -4.26292649520801      1.61693141568976      h
  -.14552857023468D-01  0.11226754034114D-01  -.24214813454006D-01
  -.40571755128740D-02  0.72999022532945D-01  0.61543023647031D-01
  -.38921988684161D-02  -.89667739036904D-02  0.23359233617998D-02
  -.35994218037457D-02  0.23359370588663D-03  -.29613232812046D-01
  -.40087935071306D-04  -.14090251841107D-01  0.21864791290717D+00
  -.88812683929907D-02  0.40793331504667D-01  -.18107032460594D+00
  0.61440956631831D-01  -.16002623182463D-02  -.19453673394386D-01
  -.49258845934941D-01  -.11997828640452D-02  0.65428609052671D-02
  0.22840898431078D-01  -.99395631279536D-01  -.34717677821992D-01
$end
$grad          cartesian gradients
  cycle =    227   ex. state energy =    -1151.8538918378 |dE/dxyz| =  0.585219
   -0.40999717163080      0.19078739827496      0.25659824385576      ti
    1.11513969275120     -2.24937425482745      2.37202553668158      o
   -2.06028437556424     -0.63866520459821     -2.59361967709074      o
   -2.13638104594133     -0.66046099898747     -4.47261397274917      h
   -1.47569194544020      2.53204403805428      2.77960749792167      o
   -1.35481008184563      2.12733884248353      4.34766094764371      h
    3.43907780952764     -0.03440887985641     -3.20720950801260      o
    5.18051285116122      0.11629496034079     -3.27213262066581      h
    1.63182391509526     -4.45278530588536      1.50783561738552      h
  -.16414179874989D-01  0.10374202556104D-01  -.29594926008855D-01
  -.90009889747159D-02  0.85265764505137D-01  0.67799861760490D-01
  0.12357791019457D-03  -.69319129795703D-02  0.12877283358877D-01
  -.39949267041638D-02  -.30076199873493D-03  -.34219469645604D-01
  0.21182772688444D-02  -.10522822520546D-01  0.18933283194715D+00
  -.11499343741585D-01  0.37330793272103D-01  -.15228331291228D+00
  0.58910898885675D-01  0.11248573971121D-02  -.15884602844810D-01
  -.47583865176802D-01  -.36982658676275D-02  0.32906972990571D-02
  0.27340550515581D-01  -.11264185434377D+00  -.41318363236928D-01
$end
$grad          cartesian gradients
  cycle =    228   ex. state energy =    -1151.8569911087 |dE/dxyz| =  0.496226
   -0.40086176977757      0.19082277292460      0.24874270723149      ti
    1.11032430584106     -2.25182705636605      2.38315961243408      o
   -2.04571475989403     -0.62619085076586     -2.57787735760892      o
   -2.14232119831784     -0.67936130035025     -4.43845218738228      h
   -1.48788709434109      2.53381220557876      2.76127684242814      o
   -1.31233452955596      2.05860871387529      4.48640915362403      h
    3.40845804848873     -0.04095547873832     -3.20572749161221      o
    5.19921622689923      0.19929198866211     -3.16250749466088      h
    1.66722801383167     -4.53305646317219      1.43943594570918      h
  -.18341544566754D-01  0.89899547970492D-02  -.35918970116334D-01
  -.11038092523914D-01  0.85358341389982D-01  0.69230863119573D-01
  0.36821006276120D-02  -.50808352961983D-02  0.11932138092723D-01
  -.36683744231862D-02  -.55183801100591D-03  -.26691668785203D-01
  -.81152316450619D-02  0.23375711451145D-01  0.50012045158704D-01
  -.13904680685998D-02  0.28923448990068D-02  -.13104618284702D-01
  0.21335421978737D-01  -.11461107972806D-02  -.13136474664049D-01
  -.10962293022347D-01  -.11981591364644D-02  0.98170207379117D-03
  0.28498481846362D-01  -.11263940924103D+00  -.43305017412296D-01
$end
$grad          cartesian gradients
  cycle =    229   ex. state energy =    -1151.8524724127 |dE/dxyz| =  0.434269
   -0.39080743733381      0.19044687492481      0.24117095529920      ti
    1.10535854166493     -2.25838227026044      2.38991595896424      o
   -2.03150374652096     -0.61352645931409     -2.56180476717704      o
   -2.14267271196900     -0.69728971739636     -4.38443881536657      h
   -1.49935345279212      2.53411962897084      2.74008440998138      o
   -1.26810527737603      1.98810542450333      4.63515607664849      h
    3.37548195213641     -0.04737032377620     -3.20309054088689      o
    5.22470440316505      0.28601516619139     -3.04216897235609      h
    1.67874906192377     -4.51351267375955      1.40832417215659      h
  -.20437814439959D-01  0.71769092211616D-02  -.43026767369220D-01
  -.12857033500227D-01  0.84777387299657D-01  0.70969427935165D-01
  0.65178888732128D-02  -.38808469778858D-02  0.98563189273403D-03
  -.24292315042746D-02  -.23090961212947D-04  -.87319087426391D-02
  -.16762305090409D-01  0.43401260533845D-01  -.27246477246258D-01
  0.73024355615390D-02  -.17909285112723D-01  0.64106341036628D-01
  -.17802719070119D-01  -.71599003062512D-02  -.15235724565738D-01
  0.27183896299896D-01  0.50599090403273D-02  0.34804318964040D-02
  0.29284882964419D-01  -.11144234266157D+00  -.45300955417443D-01
$end
$grad          cartesian gradients
  cycle =    230   ex. state energy =    -1151.8536609344 |dE/dxyz| =  0.390363
   -0.37942453819297      0.18966983696228      0.23367811634441      ti
    1.10014056856039     -2.26917640932401      2.39251286839565      o
   -2.01724402047521     -0.60026456811326     -2.54412189521279      o
   -2.13850895292150     -0.71543515599682     -4.32472992376948      h
   -1.51005048329540      2.53191185379631      2.71952456006177      o
   -1.22802992727733      1.93135373439206      4.73186557815215      h
    3.34107585557017     -0.05349250967119     -3.19889983522169      o
    5.22411805245089      0.37349077440138     -2.91069990219090      h
    1.66656496296514     -4.39611513150132      1.41443268131002      h
  -.22678857629233D-01  0.47207946269767D-02  -.50877396023735D-01
  -.14461462345263D-01  0.82870818878366D-01  0.73385360076566D-01
  0.90570965457676D-02  -.34281420900638D-02  -.14223793921434D-01
  -.55759714277760D-03  0.14654134683177D-02  0.13989761467982D-01
  -.21537626557553D-01  0.51027128458561D-01  -.55877853088873D-01
  0.12161762572902D-01  -.26285312534841D-01  0.92535265061767D-01
  -.42320106075959D-01  -.13451577095769D-01  -.20438016909318D-01
  0.50603166877234D-01  0.11594815116634D-01  0.89832490689105D-02
  0.29733623969073D-01  -.10851393884293D+00  -.47476576514066D-01
$end
$grad          cartesian gradients
  cycle =    231   ex. state energy =    -1151.8734604822 |dE/dxyz| =  0.358446
   -0.36699104383318      0.18853458468152      0.22658678503922      ti
    1.09489323103842     -2.28384374222803      2.39066290700508      o
   -2.00349121357857     -0.58682355980670     -2.52442058342714      o
   -2.13137091396979     -0.73459043322043     -4.28105903053951      h
   -1.51935832447885      2.52679505055112      2.70181886586869      o
   -1.19762002144756      1.89770697405093      4.74757690063940      h
    3.30758662628318     -0.05870198946474     -3.19276840725067      o
    5.17625037313947      0.45258800520787     -2.77831058785659      h
    1.63033633499311     -4.18508841854645      1.46001461590006      h
  -.24816414680870D-01  0.14444071018666D-02  -.59037374755485D-01
  -.12675120994281D-01  0.68157901373757D-01  0.71287255942028D-01
  0.12404413062171D-01  -.28663512882499D-02  -.19944159966845D-01
  0.78765989786948D-03  0.30121101621887D-02  0.27421064406452D-01
  -.23996476859440D-01  0.52920164294314D-01  -.62297737459894D-01
  0.14639713479248D-01  -.28753559716016D-01  0.98505390078256D-01
  -.50506484350002D-01  -.17599177200731D-01  -.25678401955916D-01
  0.57539064544962D-01  0.15945021519817D-01  0.14425915453109D-01
  0.26623646101466D-01  -.92260516366248D-01  -.44681952653460D-01
$end
$grad          cartesian gradients
  cycle =    232   ex. state energy =    -1151.9022692471 |dE/dxyz| =  0.334637
   -0.35341335680325      0.18708151717312      0.21994149986354      ti
    1.08946646491516     -2.30159003069640      2.38455763956152      o
   -1.99032338446714     -0.57315795445956     -2.50221506443733      o
   -2.12231496358879     -0.75627274018257     -4.26493759746180      h
   -1.52719231537467      2.51867509204277      2.68719694092815      o
   -1.17871467412551      1.88892905812668      4.67804885597665      h
    3.27524794430892     -0.06272785317806     -3.18420798215246      o
    5.07500617176768      0.51926696855221     -2.65043004508885      h
    1.57317396241040     -3.89469399581783      1.54198893092494      h
  -.26524238872714D-01  -.28753267576826D-02  -.66970217146293D-01
  0.68594018247544D-02  -.52025330251089D-02  0.39725343582793D-01
  0.17637981757804D-01  -.61915529676877D-03  -.58935155390013D-02
  0.54978815518761D-03  0.29882466100223D-02  0.21155024362634D-01
  -.24767936274177D-01  0.51345711711888D-01  -.55413438520080D-01
  0.15277468508972D-01  -.27536003395437D-01  0.90800580901567D-01
  -.45004301961517D-01  -.18276198762220D-01  -.28571475654572D-01
  0.50563686033968D-01  0.16755917630561D-01  0.17453616238178D-01
  0.54081509872520D-02  -.16580659074818D-01  -.12285919024547D-01
$end
$grad          cartesian gradients
  cycle =    233   ex. state energy =    -1151.8823875706 |dE/dxyz| =  0.317354
   -0.33852578990890      0.18535978711053      0.21374306757723      ti
    1.08270274186430     -2.31853425124892      2.37594976127283      o
   -1.97784620638265     -0.55923515096405     -2.47796377756240      o
   -2.11097634986312     -0.78079601697268     -4.27076798767552      h
   -1.53359002460826      2.50757231955736      2.67510164001748      o
   -1.17151519126283      1.90376723742111      4.52997689714968      h
    3.24337755657832     -0.06549651262273     -3.17279257062186      o
    4.92530966695081      0.57276957960360     -2.52959513695413      h
    1.51359283322064     -3.58855436301816      1.63209929975766      h
  -.27421203645241D-01  -.80398578027091D-02  -.73659599836542D-01
  0.88946064115695D-01  -.25217429029714D+00  -.98771727954351D-01
  0.24412116969024D-01  0.37098654967769D-02  0.22384826992126D-01
  -.93444939579977D-03  0.90487646363998D-03  0.65546540569447D-03
  -.21824748901831D-01  0.43394619337150D-01  -.27122510221274D-01
  0.12009183288477D-01  -.19788787908959D-01  0.60989060739793D-01
  -.26501898936590D-01  -.13710524757169D-01  -.26311178845700D-01
  0.30234129321647D-01  0.12236507688358D-01  0.15350582945712D-01
  -.78919192967752D-01  0.23346759120956D+00  0.12648508030704D+00
$end
$grad          cartesian gradients
  cycle =    234   ex. state energy =    -1151.8624790711 |dE/dxyz| =  0.299425
   -0.32210799101585      0.18342341749985      0.20795942008026      ti
    1.06997035383128     -2.32133706680530      2.37236592840622      o
   -1.96621829148622     -0.54509076996408     -2.45279556490754      o
   -2.09586350667908     -0.80684115780684     -4.28102679106014      h
   -1.53878828400760      2.49376297112142      2.66381721854407      o
   -1.17297704583499      1.93583205002231      4.32733404835291      h
    3.21049246742923     -0.06719323799143     -3.15827528530249      o
    4.74225718256465      0.61669656782230     -2.41370766892364      h
    1.52482399799161     -3.48037952525394      1.61003820366146      h
  -.28275128216409D-01  -.12628276722713D-01  -.79039052472986D-01
  0.13512088650342D+00  -.34380808804482D+00  -.17439672109475D+00
  0.31933206314717D-01  0.90992994662953D-02  0.51993066170396D-01
  -.24227935470289D-02  -.20852845369083D-02  -.20284573071726D-01
  -.74462070802179D-02  0.18866959779085D-01  0.49392166387697D-01
  -.24966915219339D-02  0.39901041328862D-02  -.18411090274632D-01
  0.27651899704307D-02  -.19608578995234D-02  -.15587065009313D-01
  -.15080814066640D-02  0.56340860174186D-03  0.50972669773180D-02
  -.12767038112176D+00  0.32796273507995D+00  0.20123600104041D+00
$end
$grad          cartesian gradients
  cycle =    235   ex. state energy =    -1151.9024787477 |dE/dxyz| =  0.280830
   -0.30429056019293      0.18135513223109      0.20268814840085      ti
    1.04875264919212     -2.30469545891776      2.37807133778860      o
   -1.95593520750937     -0.53115876611038     -2.42849333861446      o
   -2.07574332679980     -0.83172201631746     -4.27753818545574      h
   -1.54350070811823      2.47869748521196      2.64926474088753      o
   -1.17039990187975      1.96442254485038      4.14075335505528      h
    3.17525393094079     -0.06831594281475     -3.14111430212991      o
    4.55474123949050      0.65936740438536     -2.29667025590852      h
    1.65063730595815     -3.65681074773143      1.40887778894162      h
  -.30262541656074D-01  -.15364584450568D-01  -.83556692315986D-01
  0.17529191945830D-01  -.45725732516789D-01  0.12306155997591D-01
  0.39440270349357D-01  0.13961530189912D-01  0.73743239750285D-01
  -.30368137835046D-02  -.44480593400605D-02  -.32190072839883D-01
  0.24987600771698D-01  -.26126206125441D-01  0.17882100840864D+00
  -.34534939894730D-01  0.47243475445273D-01  -.15190883879008D+00
  0.29676218521478D-01  0.13604337756022D-01  0.12389381658917D-02
  -.31484104004833D-01  -.14790542584098D-01  -.10783109720544D-01
  -.12314882156218D-01  0.31645781423392D-01  0.12329369668847D-01
$end
$grad          cartesian gradients
  cycle =    236   ex. state energy =    -1151.8852805023 |dE/dxyz| =  0.274120
   -0.28593464098550      0.17928515491038      0.19822179255645      ti
    1.02653781446344     -2.28567437400492      2.38251835755528      o
   -1.94788613108393     -0.51842015122644     -2.40739398528904      o
   -2.05102274078005     -0.85225667571368     -4.24999626628702      h
   -1.54925810971688      2.46561920209817      2.62505075093507      o
   -1.13585016009241      1.95037394865112      4.09618073018146      h
    3.13787394640085     -0.06953971057085     -3.12284027289638      o
    4.39894963291493      0.71067131767968     -2.17238732826993      h
    1.78442892397452     -3.85226689112580      1.20266190145102      h
  -.32178584147926D-01  -.17348976100262D-01  -.86839853904704D-01
  -.29713469201700D-01  0.52011031935524D-01  0.75484905738433D-01
  0.45479007302038D-01  0.16473383913154D-01  0.81836654826721D-01
  -.26012756735165D-02  -.49417035431935D-02  -.31361599288749D-01
  0.31824833584931D-01  -.30930936119112D-01  0.18371040897017D+00
  -.40731353800631D-01  0.49892015365582D-01  -.16030205586457D+00
  0.32032925836388D-01  0.19339637475501D-01  0.83431283727855D-02
  -.36938399853552D-01  -.20330033635593D-01  -.16661691974189D-01
  0.32826317130027D-01  -.64164419423519D-01  -.54209897561781D-01
$end
$grad          cartesian gradients
  cycle =    237   ex. state energy =    -1151.8723003055 |dE/dxyz| =  0.276829
   -0.26547567761640      0.17704772825042      0.19415357528182      ti
    1.00410424105404     -2.26813496793519      2.38259532538647      o
   -1.94158425376000     -0.50589152065121     -2.38793581259099      o
   -2.02011400733085     -0.87006341067940     -4.19770178538241      h
   -1.55685964689852      2.45361622017180      2.58927179025946      o
   -1.06244288021365      1.89198691153435      4.19081718227351      h
    3.09503534055564     -0.07117342173372     -3.10210620797049      o
    4.26638647617271      0.77838744866158     -2.02724331555559      h
    1.89712810607916     -3.99827689785013      1.03264055610364      h
  -.33468471014019D-01  -.19489883618471D-01  -.89692704438710D-01
  -.43360075491957D-01  0.73665719593523D-01  0.84973187639446D-01
  0.50278851754823D-01  0.16147794009004D-01  0.76727846811002D-01
  -.14059885188225D-02  -.29716991582188D-02  -.18322041106822D-01
  -.10139547115631D-02  0.92574393511354D-02  0.55024221865297D-01
  -.69964013480240D-02  0.70610368643039D-02  -.34327883609895D-01
  0.10666952028548D-01  0.94922741585761D-02  -.33028993152309D-02
  -.18797893763996D-01  -.10306349115651D-01  -.34687615604267D-02
  0.44096981697094D-01  -.82856332004534D-01  -.67610967471333D-01
$end
$grad          cartesian gradients
  cycle =    238   ex. state energy =    -1151.8500782296 |dE/dxyz| =  0.285914
   -0.24406342077588      0.17479198310582      0.19074597021774      ti
    0.98362453441216     -2.25444373822935      2.37753858659075      o
   -1.93774058918935     -0.49435062307901     -2.37105154194311      o
   -1.98555816041542     -0.88572777422923     -4.13393304969143      h
   -1.56408716898932      2.44128042790695      2.55069308971822      o
   -0.98259452566167      1.82820626404297      4.31478546320457      h
    3.05017718677167     -0.07251115688495     -3.07922378505646      o
    4.15227940964919      0.84975863565899     -1.88208936863513      h
    1.97010610425753     -4.06647566470671      0.92309143462065      h
  -.33782370598510D-01  -.20984490881178D-01  -.91788852058646D-01
  -.46717272980303D-01  0.76042231300218D-01  0.81950962756258D-01
  0.53566459902699D-01  0.12764971581102D-01  0.60469589416159D-01
  -.14485116345551D-03  0.15584000594446D-02  0.36014954231922D-02
  -.25388206689014D-01  0.33424939714651D-01  -.29643903446995D-01
  0.18362255958914D-01  -.20019595877970D-01  0.48064812023149D-01
  -.12823591907523D-01  -.62052237305064D-02  -.23089873229391D-01
  0.15964445968358D-02  0.55261848525201D-02  0.17975526895067D-01
  0.45331132886566D-01  -.82107417750821D-01  -.67539757586413D-01
$end
$grad          cartesian gradients
  cycle =    239   ex. state energy =    -1151.8303513643 |dE/dxyz| =  0.287364
   -0.22119598824817      0.17249166266824      0.18787485348349      ti
    0.96487231587576     -2.24446260704417      2.36746119652205      o
   -1.93641757717713     -0.48333931514046     -2.35538025271035      o
   -1.94745745941097     -0.90359358593196     -4.07610878300139      h
   -1.56976951260935      2.42700218361641      2.51306232266994      o
   -0.91665120004419      1.78105538262307      4.39873350861447      h
    3.00340964620273     -0.07267758991855     -3.05241711264802      o
    4.03757967294878      0.91256246661855     -1.75268437016316      h
    2.00325602570591     -4.05888062282393      0.87137151238523      h
  -.32954107040082D-01  -.22784961544379D-01  -.93155267868563D-01
  -.48916544576739D-01  0.76212400369098D-01  0.78269894267095D-01
  0.56595557559331D-01  0.83787594484061D-02  0.43501943552815D-01
  0.31216677885289D-03  0.68027771944785D-02  0.24899846672293D-01
  -.35516418133232D-01  0.40272089682302D-01  -.64472220691292D-01
  0.29616675860501D-01  -.29867697055695D-01  0.80494681232743D-01
  -.26949308939383D-01  -.17575456135457D-01  -.37892304132911D-01
  0.12598053355116D-01  0.17013520341752D-01  0.34697125345156D-01
  0.45213925963589D-01  -.78451433100609D-01  -.66343698125588D-01
$end
$grad          cartesian gradients
  cycle =    240   ex. state energy =    -1151.8284813734 |dE/dxyz| =  0.255306
   -0.19712912518978      0.17020929070392      0.18550493913228      ti
    0.94829606224453     -2.23848241107446      2.35265236541174      o
   -1.93783615952418     -0.47275775703257     -2.34013726308118      o
   -1.90635429951634     -0.92803742112971     -4.04301978445687      h
   -1.57326075307332      2.41055341353612      2.47868435794057      o
   -0.87529032884173      1.75962534847681      4.41339427962622      h
    2.95587492949223     -0.07098821175427     -3.02096996266116      o
    3.91548640744489      0.95601239795385     -1.65527634926097      h
    1.99475736135336     -3.97660421803579      0.87846416753689      h
  -.31745276668960D-01  -.27845257506336D-01  -.93158491982630D-01
  -.55353659094855D-01  0.82186820726091D-01  0.76379626936614D-01
  0.60818690905040D-01  0.78133574255027D-02  0.42788350988176D-01
  -.33988962717595D-03  0.82838823695975D-02  0.30475448150600D-01
  -.37543685034744D-01  0.39497895557676D-01  -.75847728617500D-01
  0.33344093323181D-01  -.31966682714639D-01  0.89129340843210D-01
  -.31578768663104D-01  -.21019638256991D-01  -.42490765828211D-01
  0.14333048925951D-01  0.20570523458577D-01  0.41713774509585D-01
  0.48065447081259D-01  -.77520902070974D-01  -.68989555134601D-01
$end
$grad          cartesian gradients
  cycle =    241   ex. state energy =    -1151.8502869398 |dE/dxyz| =  0.208087
   -0.17196082539347      0.16800050643549      0.18352321667208      ti
    0.93417223792454     -2.23669037307364      2.33332837894322      o
   -1.94215931475761     -0.46256510983214     -2.32516012719439      o
   -1.86179196605590     -0.96066008279577     -4.03898745827730      h
   -1.57437870686766      2.39201791190699      2.44822736472742      o
   -0.86211279933296      1.76573101816768      4.35173196755001      h
    2.90780703589862     -0.06717116695525     -2.98449394753684      o
    3.78634916840767      0.97641100253759     -1.59652018956089      h
    1.94365414294977     -3.82212877699703      0.94496971959391      h
  -.31428557409647D-01  -.33717557991498D-01  -.92324947565023D-01
  -.60401873102899D-01  0.85388056843823D-01  0.73722851869312D-01
  0.64895053629461D-01  0.13325652275340D-01  0.60875512216431D-01
  -.85499601392863D-03  0.38785576909844D-02  0.16281875989279D-01
  -.34917659466948D-01  0.34715341833237D-01  -.73886463185983D-01
  0.32644477896230D-01  -.30110128667590D-01  0.84333099772506D-01
  -.28628212657692D-01  -.16884533789746D-01  -.36918902935172D-01
  0.89229208447568D-02  0.16073747737344D-01  0.38457589497578D-01
  0.49768847897908D-01  -.72669136272803D-01  -.70540614669227D-01
$end
$grad          cartesian gradients
  cycle =    242   ex. state energy =    -1151.8871156511 |dE/dxyz| =  0.186787
   -0.14568346575078      0.16592367224200      0.18175618265996      ti
    0.92259983056239     -2.23908254027245      2.30970539392313      o
   -1.94947582247031     -0.45295009929184     -2.31120242974538      o
   -1.81348985437034     -0.99831598349991     -4.05068412526377      h
   -1.57317619146263      2.37157944971413      2.42146597090163      o
   -0.87691007738568      1.79784685127602      4.21834928539401      h
    2.85878226030950     -0.06133413007598     -2.94293283851105      o
    3.65597713146691      0.97673833116442     -1.57420455061796      h
    1.85068755672223     -3.60110283985715      1.07020686715822      h
  -.28425329791315D-01  -.38750282614596D-01  -.89449825549099D-01
  -.50904881843675D-01  0.66178929254705D-01  0.55070319739446D-01
  0.65874993057970D-01  0.21460460938304D-01  0.83564995200093D-01
  0.53478937039695D-05  -.35007919381282D-02  -.54710459438191D-02
  -.26515545748569D-01  0.24797468332404D-01  -.54052921178090D-01
  0.25641837252790D-01  -.23229108699743D-01  0.61120205881460D-01
  -.19849511938983D-01  -.48153729700653D-02  -.20656509829969D-01
  -.29597152358021D-02  0.31836879747859D-02  0.24718537988685D-01
  0.37132806759740D-01  -.45324989721500D-01  -.54843756022867D-01
$end
$grad          cartesian gradients
  cycle =    243   ex. state energy =    -1151.8974127312 |dE/dxyz| =  0.198916
   -0.11834406431455      0.16405639032457      0.17998354838341      ti
    0.91301529890562     -2.24461196806502      2.28284927564501      o
   -1.95974577337331     -0.44426414871521     -2.29935726187875      o
   -1.76237089030667     -1.03513682983645     -4.05808289596480      h
   -1.57002484221961      2.34968733563182      2.39725804953282      o
   -0.91416115924070      1.85029729187694      4.03326750489681      h
    2.80808323060216     -0.05400691573571     -2.89679043682953      o
    3.53557290424852      0.96697276731712     -1.57731025681130      h
    1.72788852760114     -3.33714735472427      1.24013446432989      h
  -.20556183511351D-01  -.43395930338586D-01  -.83700123757247D-01
  0.18031993150246D-01  -.32694486195861D-01  -.37252234373453D-01
  0.63186787731967D-01  0.27727444796509D-01  0.98099541864436D-01
  0.19565897333868D-02  -.98378851147549D-02  -.21760150186341D-01
  -.31785668101033D-02  0.39682923877821D-02  0.47438731515956D-02
  0.32241720576303D-02  -.55215289874370D-02  -.18970094805079D-02
  -.66047308172950D-02  0.15901905977287D-01  0.68007816848138D-02
  -.20340497302412D-01  -.18497857148320D-01  0.62170243895858D-03
  -.35719564840629D-01  0.62350044936304D-01  0.34343618633352D-01
$end
$grad          cartesian gradients
  cycle =    244   ex. state energy =    -1151.8182824311 |dE/dxyz| =  0.228115
   -0.09000443829611      0.16248584823341      0.17793283457255      ti
    0.90161922457880     -2.24795505212101      2.25778263075744      o
   -1.97283255211567     -0.43679011792292     -2.29032247363655      o
   -1.71005604533111     -1.06597786405470     -4.04580441498192      h
   -1.56612286074407      2.32735732661936      2.37231660745810      o
   -0.95504019098298      1.90815498855282      3.85055096528197      h
    2.75467016425759     -0.04617828090675     -2.84709892090061      o
    3.44079963654650      0.96476119948706     -1.58555800913094      h
    1.63898921793616     -3.12270964465411      1.37788942401536      h
  -.96409166662798D-02  -.46632912924229D-01  -.75948621474357D-01
  0.20367068484565D+00  -.25017786962190D+00  -.25889748266906D+00
  0.58120062334786D-01  0.29900286636718D-01  0.10081326100600D+00
  0.40601640757798D-02  -.12897033778460D-01  -.27508947130813D-01
  0.44626005299554D-01  -.30740570997751D-01  0.11941169686326D+00
  -.43545323769135D-01  0.25611878303704D-01  -.12139943053082D+00
  0.64481498808629D-02  0.39646445861876D-01  0.37538677311929D-01
  -.38058751867844D-01  -.42975059141516D-01  -.25599764525347D-01
  -.22568007516261D+00  0.28826483660102D+00  0.25159061128085D+00
$end
$grad          cartesian gradients
  cycle =    245   ex. state energy =    -1151.8488758512 |dE/dxyz| =  0.256941
   -0.06054496309935      0.16126712556202      0.17528821985188      ti
    0.87809292772548     -2.23728564462457      2.24643146775399      o
   -1.98867021604376     -0.43059283504319     -2.28412525263854      o
   -1.65769273033369     -1.08845091319178     -4.00745149853894      h
   -1.56399174416236      2.30622243627656      2.34009650443515      o
   -0.95972985881598      1.94516171891767      3.77235624033323      h
    2.69714653397005     -0.03895427078176     -2.79469739312048      o
    3.38697677777795      0.99050845003304     -1.57655812055360      h
    1.74924654807639     -3.15199261662041      1.29587711220836      h
  -.25004974095721D-03  -.47622886159036D-01  -.68414100670398D-01
  0.93094834156692D-01  -.98378125877913D-01  -.12833804802791D+00
  0.53000227080367D-01  0.27829327925128D-01  0.93722918975773D-01
  0.53796644660636D-02  -.11840963869477D-01  -.22338082470925D-01
  0.70710502356070D-01  -.45396175649448D-01  0.17228525669652D+00
  -.67659801997842D-01  0.35527344675711D-01  -.17939842250173D+00
  0.83169976634857D-02  0.49599578208470D-01  0.51116711316521D-01
  -.44413284728953D-01  -.52957071140143D-01  -.33086103446867D-01
  -.11817909039349D+00  0.14323897225077D+00  0.11444986911926D+00
$end
$grad          cartesian gradients
  cycle =    246   ex. state energy =    -1151.8871676638 |dE/dxyz| =  0.277411
   -0.03244335366799      0.16051024743136      0.17199654967414      ti
    0.85016825897334     -2.22150005027540      2.24277519552849      o
   -2.00591394933022     -0.42614424681676     -2.28087833036220      o
   -1.61025361031251     -1.10112480602639     -3.94904286304077      h
   -1.56522285944224      2.28879552097357      2.30012533572710      o
   -0.90650440230342      1.94933938809217      3.85739315810965      h
    2.63993176357978     -0.03336149993904     -2.74416849620693      o
    3.38522171412061      1.05070360729842     -1.54472603843607      h
    1.95957176269067     -3.30105667001609      1.11593963764075      h
  0.56322227824101D-02  -.47764823953645D-01  -.62466865155661D-01
  -.48180816559467D-01  0.57564869901627D-01  0.83515897396971D-02
  0.49852531079873D-01  0.21384947663761D-01  0.77828105957358D-01
  0.44092481127058D-02  -.64198588648380D-02  -.74147905362382D-02
  0.26780378161896D-01  -.21431091222009D-01  0.54073551681593D-01
  -.21009209950251D-01  0.66296445828706D-02  -.65002962245677D-01
  -.66990112271475D-02  0.34528290092695D-01  0.37793203344583D-01
  -.32568364596029D-01  -.37162882035133D-01  -.13033783592727D-01
  0.21783021956701D-01  -.73290972894797D-02  -.30128050369017D-01
$end
$grad          cartesian gradients
  cycle =    247   ex. state energy =    -1151.8611816420 |dE/dxyz| =  0.293137
   -0.00248251681687      0.16006528791228      0.16753508603646      ti
    0.82267379760676     -2.20758301434361      2.23838358781633      o
   -2.02648297645883     -0.42257278610842     -2.27912023004092      o
   -1.56078140332647     -1.11004363771313     -3.87715121195878      h
   -1.56731655767374      2.27156746024982      2.25475380333998      o
   -0.83351885420869      1.94819546145918      4.00594732080897      h
    2.57740475755009     -0.02772295380325     -2.68860294485521      o
    3.42192071874324      1.13599546922783     -1.50626383977912      h
    2.16526254091196     -3.44877466308174      0.94903877022833      h
  0.10299120669748D-01  -.48419299149702D-01  -.57381716388180D-01
  -.90959407351751D-01  0.10559980519965D+00  0.34889388853673D-01
  0.48679277013381D-01  0.10875785311403D-01  0.54990800325739D-01
  0.45698463765505D-03  0.27674893562912D-02  0.14240435936744D-01
  -.10689570914467D-01  -.79854412930375D-02  -.51124387073380D-01
  0.19563696287795D-01  -.11617851396318D-01  0.37099555093438D-01
  -.29934223363044D-01  0.95753185678536D-02  0.18952229442115D-01
  -.11465407524930D-01  -.10689816437404D-01  0.13510344296029D-01
  0.64049530828771D-01  -.50105990388949D-01  -.65176651477055D-01
$end
$grad          cartesian gradients
  cycle =    248   ex. state energy =    -1151.8191622868 |dE/dxyz| =  0.286934
    0.02737300882799      0.15993751832839      0.16197985235819      ti
    0.79984658782243     -2.19915575936424      2.23197885674697      o
   -2.04935022548339     -0.41972090263848     -2.27776606647515      o
   -1.50875692557001     -1.12130743491257     -3.81371545897034      h
   -1.56811291595198      2.25501196487364      2.21246212160645      o
   -0.78001311948189      1.95734922037059      4.12262461827512      h
    2.51494570460664     -0.02088272582974     -2.63011707767514      o
    3.47801864190543      1.21841599261093     -1.48795381063249      h
    2.31421195888216     -3.54783654794813      0.83772589724828      h
  0.15067156734670D-01  -.46560777381382D-01  -.55756593526606D-01
  -.92027990266322D-01  0.11162572849251D+00  0.29216154638168D-01
  0.47188652271968D-01  0.28526386483048D-03  0.36844812021729D-01
  -.36746181847750D-02  0.11531856204235D-01  0.30306481671673D-01
  -.24951079119873D-01  -.74396193661119D-02  -.95670647790867D-01
  0.35304377547612D-01  -.15418939619150D-01  0.79087732607010D-01
  -.50034958901425D-01  -.81142619875727D-02  0.96813232396952D-02
  0.71343038461317D-02  0.92903607091279D-02  0.29740760913586D-01
  0.65994156343856D-01  -.55199611765571D-01  -.63450023731926D-01
$end
$grad          cartesian gradients
  cycle =    249   ex. state energy =    -1151.7970576677 |dE/dxyz| =  0.307731
    0.05691048288024      0.16009595299792      0.15525957745951      ti
    0.78222471624385     -2.19689005395115      2.22378406035934      o
   -2.07453856954037     -0.41722404134080     -2.27581533849152      o
   -1.45047020574122     -1.14052461301923     -3.77225965005619      h
   -1.56693812561006      2.23928373744680      2.17583723168950      o
   -0.75950738777518      1.97987534026792      4.17064773864893      h
    2.45423960911951     -0.01168613298473     -2.56839580408734      o
    3.53599686370747      1.27917034723344     -1.50443594010215      h
    2.39823942964939     -3.59134864654937      0.78484419773067      h
  0.18330419017076D-01  0.40622810993211D-02  -.72749445012115D-01
  -.25151381385910D-01  0.25112373626204D-01  0.20620781173981D-01
  0.45146379097231D-01  -.36168612192424D-02  0.28697438795368D-01
  -.29382400914698D-02  0.16728156223758D-01  0.27223535023527D-01
  -.38316863536900D-01  -.15673059098284D-01  -.10870551889096D+00
  0.43195728525592D-01  -.14333877959489D-01  0.92262285825819D-01
  -.61388206793087D-01  -.33603657612458D-01  -.16756478980122D-01
  0.14137839003454D-01  0.25666201640136D-01  0.44682104141417D-01
  0.69843261083265D-02  -.43415575086198D-02  -.15274702004244D-01
$end
$grad          cartesian gradients
  cycle =    250   ex. state energy =    -1151.7961342538 |dE/dxyz| =  0.297326
    0.08604783499986      0.16052207621377      0.14734416641827      ti
    0.76981673077760     -2.20098004445134      2.21415363882382      o
   -2.10191249932289     -0.41508856947746     -2.27316097871515      o
   -1.38621065305028     -1.16718798830392     -3.75159134344397      h
   -1.56372959036010      2.22466617103901      2.14559311042455      o
   -0.77512520264104      2.01469426595309      4.13953213806126      h
    2.39635126658875      0.00053418852877     -2.50356491588109      o
    3.58376795672182      1.30832117947148     -1.55987191023939      h
    2.41656384472708     -3.57982987504767      0.78861594609729      h
  0.12376401248047D-01  0.12682515326498D-01  -.75476912146997D-01
  -.14028586232215D-01  0.12984245852334D-01  0.13796339611597D-01
  0.44575039703490D-01  0.60701403867104D-02  0.44708494501249D-01
  0.20668616009345D-02  0.98017466737883D-02  0.13155676514621D-01
  -.36162051477169D-01  -.24700039504427D-01  -.10991683876708D+00
  0.42742305325703D-01  -.11804589773003D-01  0.91096683273306D-01
  -.69347932280254D-01  -.42906154232298D-01  -.14236297834548D-01
  0.21210783869679D-01  0.31514739390342D-01  0.43053950679476D-01
  -.34328212253164D-02  0.63573949363140D-02  -.61810953052058D-02
$end
$grad          cartesian gradients
  cycle =    251   ex. state energy =    -1151.8061644444 |dE/dxyz| =  0.226860
    0.11466601527679      0.16120552815877      0.13828141335454      ti
    0.76263045825209     -2.21156447704455      2.20325735812518      o
   -2.13100038395934     -0.41370438153814     -2.27045597237360      o
   -1.32213034172677     -1.19471848910644     -3.73835526113454      h
   -1.55863515318153      2.21145188928824      2.12164816641579      o
   -0.82589307313740      2.05974884876604      4.03059937040031      h
    2.34208078349097      0.01602982528106     -2.43624985996111      o
    3.61476878614759      1.30302138874974     -1.65188397353272      h
    2.36862063398458     -3.51470987813499      0.84860815665453      h
  0.69168196372764D-02  -.10753743052321D-01  -.77491680764907D-01
  -.41411031547691D-01  0.55257384994798D-01  0.10669681926087D-01
  0.43125002754990D-01  0.14378848765060D-01  0.73112063858784D-01
  0.11318684066122D-01  0.85966829285555D-03  -.19235662364395D-02
  -.23452107310946D-01  -.27721992670824D-01  -.98752598270291D-01
  0.35254208048911D-01  -.97904538534666D-02  0.74548570887926D-01
  -.76604945553567D-01  -.30958404357111D-01  0.13087250191761D-01
  0.24412317672304D-01  0.26207209386591D-01  0.32263295622317D-01
  0.20441053362587D-01  -.17478518532653D-01  -.25513016596306D-01
$end
$grad          cartesian gradients
  cycle =    252   ex. state energy =    -1151.8301038180 |dE/dxyz| =  0.324429
    0.14246568868796      0.16213648740758      0.12825315836958      ti
    0.76075009525339     -2.22870637624650      2.19110009893516      o
   -2.16110191141860     -0.41354903515951     -2.26845130151043      o
   -1.26718079229461     -1.21516777540923     -3.71775591291091      h
   -1.55203844620660      2.19996435831305      2.10313127966416      o
   -0.90632219865676      2.11238493137869      3.85874068504012      h
    2.29222625201131      0.03462718962205     -2.36771712185005      o
    3.62843697614917      1.26678531526228     -1.77389933660019      h
    2.25362856766403     -3.39812885440345      0.96569279818912      h
  0.82925564585028D-02  -.43748813219334D-01  -.10084910774164D+00
  -.89004790974765D-01  0.11170391030797D+00  0.14017755605694D-01
  0.47639939969989D-01  0.22757761672503D-01  0.10036877394344D+00
  0.16970178352594D-01  -.68965652987798D-02  -.65227308345657D-02
  0.64468308099846D-02  -.32447798551912D-01  -.49451765610549D-01
  0.13385115556257D-01  -.62340831320036D-02  0.20102442204802D-01
  -.87972466850046D-01  -.14736986588594D-01  0.57784675468326D-01
  0.22014978919957D-01  0.17119714672781D-01  0.22326125828261D-01
  0.62227658861148D-01  -.47517140810935D-01  -.57776168898355D-01
$end
$grad          cartesian gradients
  cycle =    253   ex. state energy =    -1151.8421684700 |dE/dxyz| =  0.334020
    0.16894723242136      0.16330274867055      0.11760712365874      ti
    0.76397991467497     -2.25205277582574      2.17778320439793      o
   -2.19153652238208     -0.41492681144074     -2.26753009090954      o
   -1.22898512036112     -1.22326788683281     -3.68098844344512      h
   -1.54495836018341      2.19054052831042      2.08718800508843      o
   -1.00002559896312      2.16938234311079      3.67106704828658      h
    2.24750340673240      0.05567812470628     -2.29979851499650      o
    3.63214355985469      1.21002678248943     -1.91701552736818      h
    2.07631172684745     -3.23780143069480      1.13738455122839      h
  0.31175924333897D-01  -.42642830651291D-01  -.12972166134812D+00
  -.57193350212143D-01  0.80191504932921D-01  -.10007541557317D-01
  0.51355659088739D-01  0.25746482791432D-01  0.10403055633479D+00
  0.19829200362793D-01  -.81151214420313D-02  -.65907937784420D-02
  0.48890267855306D-01  -.36657635077500D-01  0.70779983139068D-01
  -.27183683427574D-01  -.56774112100794D-02  -.10325704203200D+00
  -.98055878786308D-01  -.31398524149224D-02  0.91420392174922D-01
  0.40775859040635D-02  0.35760309305297D-02  0.16244492680416D-01
  0.27104276676907D-01  -.13281169387435D-01  -.32898387100171D-01
$end
$grad          cartesian gradients
  cycle =    254   ex. state energy =    -1151.7977186365 |dE/dxyz| =  0.306888
    0.19351196016622      0.16469340729645      0.10683610935978      ti
    0.77027606669514     -2.27970260783968      2.16466301789786      o
   -2.22190297547931     -0.41787071919298     -2.26758349775648      o
   -1.21124821417682     -1.21802458104326     -3.62720544022203      h
   -1.53953778201313      2.18331046446323      2.06710986318602      o
   -1.07215581352847      2.22997997229367      3.57447999898858      h
    2.20837289448771      0.07822764939660     -2.23443657302841      o
    3.64131578047139      1.14820140339304     -2.07389960978442      h
    1.87132558634775     -3.06545584778347      1.33924290950021      h
  0.62708426636203D-01  -.38161289426945D-01  -.16362104786409D+00
  0.11669882413845D+00  -.54994971179080D-01  -.13329296603434D+00
  0.56624936545826D-01  0.20885839340588D-01  0.96259564289578D-01
  0.18274704916135D-01  -.30796120791192D-02  0.32379961309177D-03
  0.77393907609421D-01  -.29884381581763D-01  0.16991728984861D+00
  -.54124504084473D-01  -.14286641049194D-01  -.20382754085538D+00
  -.11416465522979D+00  0.71759393233296D-02  0.12521275398924D+00
  -.13882981113364D-01  -.83789461221585D-02  0.14728149193171D-01
  -.14952865945700D+00  0.12072406156824D+00  0.94299996970084D-01
$end
$grad          cartesian gradients
  cycle =    255   ex. state energy =    -1151.7458398182 |dE/dxyz| =  0.275743
    0.21546634004247      0.16628117897948      0.09658255401629      ti
    0.77008515950624     -2.30436587075420      2.15845697484607      o
   -2.25213438444423     -0.42213580290279     -2.26805944324219      o
   -1.21265173516500     -1.20286070223203     -3.56318768694524      h
   -1.53721450890173      2.17790089430771      2.03730526746948      o
   -1.09925613100863      2.30127775875278      3.65702533018939      h
    2.17565774262630      0.10153837722042     -2.17349274585854      o
    3.67050610536657      1.09333590718776     -2.24314314110683      h
    1.79263659844093     -2.99747154295296      1.46097796263787      h
  0.96403444316747D-01  -.30373618712443D-01  -.20087570506234D+00
  0.32611791801111D+00  -.19923606101230D+00  -.26061400867046D+00
  0.66083939500336D-01  0.10814827196185D-01  0.79129032828122D-01
  0.10271373140554D-01  0.66679707566467D-02  0.14247336865934D-01
  0.45074796102917D-01  -.32352333649040D-01  0.60265914454464D-01
  -.18901823297167D-01  -.13887406596236D-01  -.94794793545926D-01
  -.15380784927717D+00  0.29805258101280D-02  0.16089210084211D+00
  -.12221023079802D-01  -.57343545394039D-02  0.16644464115981D-01
  -.35902077449212D+00  0.26112045028220D+00  0.22510565700150D+00
$end
$grad          cartesian gradients
  cycle =    256   ex. state energy =    -1151.8117725151 |dE/dxyz| =  0.243832
    0.23394525503326      0.16795228374877      0.08768405206244      ti
    0.75187995426183     -2.31802143328670      2.16620977234842      o
   -2.28233344232015     -0.42721115452265     -2.26807873746188      o
   -1.22639512457816     -1.18521185431148     -3.50251003650016      h
   -1.53615584065855      2.17450257258219      2.00378446029884      o
   -1.11120775205222      2.38252686640431      3.82515108312962      h
    2.15177489529326      0.12559812573049     -2.11931978082450      o
    3.71692847245429      1.04421268163244     -2.42630705144334      h
    2.02436942906499     -3.15730210325501      1.38764387498498      h
  0.12671317052775D+00  -.18887935401783D-01  -.23377668880920D+00
  0.32163213714226D-01  0.42726276056388D-02  -.58179640492902D-01
  0.77454468945116D-01  -.13407296112969D-02  0.56732582504765D-01
  -.20305550177377D-02  0.17958751047195D-01  0.30686789608311D-01
  0.18989786459461D-01  -.47153688069353D-01  -.66818018892625D-01
  0.11268089107627D-01  -.17020401731955D-02  0.30974783671250D-01
  -.21400265290126D+00  -.12298170059095D-01  0.20290249563941D+00
  0.10439837867430D-01  0.76764810945857D-02  0.12981597062167D-01
  -.60995358975122D-01  0.51474704293454D-01  0.24496099609011D-01
$end
$grad          cartesian gradients
  cycle =    257   ex. state energy =    -1151.7857026495 |dE/dxyz| =  0.213241
    0.24685642432258      0.16937543189635      0.08163630625979      ti
    0.73323386156229     -2.33071539502606      2.17624565485344      o
   -2.31065270892656     -0.43210912098461     -2.26667890709624      o
   -1.24096553956101     -1.17558676092812     -3.46564640448612      h
   -1.53495492481445      2.17424107927608      1.97607267541450      o
   -1.13289685518219      2.45674500058240      3.95676705411383      h
    2.14201029887034      0.14934373289911     -2.07858233736897      o
    3.75583866090746      0.99284010672733     -2.60700412113007      h
    2.28957027951723     -3.35092858768303      1.29898506743582      h
  0.14685931137736D+00  -.61321589551903D-02  -.25385353243387D+00
  -.78746369647741D-01  0.79744041034590D-01  0.79910646687230D-02
  0.82243901814947D-01  -.91163881109144D-02  0.40946503151713D-01
  -.94906962271325D-02  0.24694896801881D-01  0.39272810229244D-01
  0.13885497670878D-01  -.57399864242761D-01  -.12006347206360D+00
  0.19351449514885D-01  0.69078250104544D-02  0.82795210036297D-01
  -.26238283787539D+00  -.24061493262199D-01  0.23856897746299D+00
  0.32576680909634D-01  0.17240165586048D-01  0.31100441574289D-02
  0.55703062786848D-01  -.31877023038351D-01  -.38767604613069D-01
$end
$grad          cartesian gradients
  cycle =    258   ex. state energy =    -1151.7452414897 |dE/dxyz| =  0.160654
    0.25616124101163      0.17058259177612      0.07786714510076      ti
    0.71768616695389     -2.34870282102690      2.18627535654398      o
   -2.34180427329384     -0.43722308458153     -2.26318990742824      o
   -1.25191965943812     -1.17733853280444     -3.45419554326189      h
   -1.53314307290146      2.17745012318403      1.95238377092755      o
   -1.17357615702426      2.52802428974805      4.02977240654138      h
    2.14656360665898      0.17710359646978     -2.04618653632804      o
    3.77314054587020      0.92236306847856     -2.80523112456465      h
    2.52194407264398     -3.53222510273577      1.23908657222416      h
  0.17450229837268D+00  0.23176518933060D-01  -.26493896659686D+00
  -.62327604298290D-01  0.56951262479939D-01  0.20923097037997D-01
  0.65315825499112D-01  -.64806718951866D-02  0.24463063124624D-01
  -.62341668151603D-02  0.23533359520595D-01  0.34921501616481D-01
  0.65452066254020D-02  -.63902634624580D-01  -.13355231455936D+00
  0.19970772541031D-01  0.12297347641523D-01  0.10030962007065D+00
  -.29122476215084D+00  -.34436182554031D-01  0.25799439648392D+00
  0.45601235196587D-01  0.21292516562041D-01  -.11045930164480D-01
  0.47851194311919D-01  -.32431515188787D-01  -.29074467268726D-01
$end
$grad          cartesian gradients
  cycle =    259   ex. state energy =    -1151.7439173411 |dE/dxyz| =  0.176960
    0.26041441108074      0.17124303959841      0.07725263194755      ti
    0.70838551275551     -2.37142102368735      2.19463444883050      o
   -2.37255195798759     -0.44207736209184     -2.25786024921357      o
   -1.25978810910527     -1.19026044040480     -3.46955305416382      h
   -1.53095183509738      2.18442541737875      1.93646611552661      o
   -1.23048510365336      2.58418003906896      4.01584513961211      h
    2.16773303657925      0.20676059306771     -2.02760438118876      o
    3.75158431925662      0.83472805656886     -2.99163518031896      h
    2.67104331833323     -3.66301466012262      1.22440443361067      h
  0.20846490469139D+00  0.57290632751372D-01  -.25702062678570D+00
  -.90171325646077D-02  -.34999787205179D-02  0.21085037704162D-01
  0.28259485644881D-01  0.73911297376900D-02  0.10585228122349D-01
  0.45379634214489D-02  0.12403727655617D-01  0.21903472682377D-01
  -.35608864706520D-02  -.72008353157545D-01  -.12705575441656D+00
  0.18237764292191D-01  0.17515291504381D-01  0.99028354616824D-01
  -.28746344584448D+00  -.42899491792950D-01  0.25341457514853D+00
  0.42463666250947D-01  0.20844795665889D-01  -.20146203898405D-01
  -.19223198426906D-02  0.29622473924901D-02  -.17940838819498D-02
$end
$grad          cartesian gradients
  cycle =    260   ex. state energy =    -1151.7663355774 |dE/dxyz| =  0.194946
    0.25976650445035      0.17120825757398      0.07970764840155      ti
    0.70526927808751     -2.39856840288912      2.20125624967728      o
   -2.40196919554752     -0.44702446216501     -2.25135093602684      o
   -1.27423237756954     -1.20762693987555     -3.49997905013980      h
   -1.52857601353269      2.19515736607461      1.92822996529720      o
   -1.30056667249722      2.62329147334578      3.91613861350455      h
    2.20505867932790      0.23815067975931     -2.02296463999844      o
    3.68909253008300      0.73273564627640     -3.15708411239553      h
    2.73507349498831     -3.74028063726124      1.25197705447204      h
  0.19828753563432D+00  0.64870160144343D-01  -.23237620565767D+00
  -.88820303758999D-03  -.15427770155775D-01  0.23249686652408D-01
  0.62782161627774D-02  0.15904801113116D-01  0.17419497645172D-01
  0.16514132403808D-01  0.26843726465948D-02  0.68014528222692D-02
  -.13372939108122D-02  -.69047351271852D-01  -.10936021432937D+00
  0.13774877536184D-01  0.16473404785776D-01  0.82189734825501D-01
  -.25899968980887D+00  -.37325338599540D-01  0.23451894960591D+00
  0.34436941064492D-01  0.14284587058259D-01  -.23960542371047D-01
  -.80665164028917D-02  0.75831347786712D-02  0.15176405534967D-02
$end
$grad          cartesian gradients
  cycle =    261   ex. state energy =    -1151.7949465039 |dE/dxyz| =  0.193944
    0.25466312985912      0.17037024125195      0.08486268246894      ti
    0.70804085636667     -2.43011353697088      2.20617124426332      o
   -2.42960653560550     -0.45253182287283     -2.24427175580784      o
   -1.30547822936663     -1.22241933679751     -3.53279216818415      h
   -1.52617500931108      2.20950746089313      1.92641974881337      o
   -1.38068477575154      2.64769910681361      3.74548158445588      h
    2.25704475184397      0.27134611676300     -2.03087881878969      o
    3.59283909339096      0.62124233392250     -3.30126090514673      h
    2.71662096570916     -3.76513384056320      1.31862231879247      h
  0.16660371160203D+00  0.64462256915934D-01  -.19878330071726D+00
  -.47930393816999D-02  -.15863635275147D-01  0.27565156620076D-01
  -.44169235396148D-02  0.20025919663075D-01  0.26210260953141D-01
  0.23681671372640D-01  -.30235874650224D-02  -.37356462585542D-02
  0.45466462219149D-02  -.53555910725413D-01  -.55242789859568D-01
  0.71450764616794D-02  0.48514999393476D-02  0.28760774684094D-01
  -.20624407413980D+00  -.25922547057392D-01  0.19334027018392D+00
  0.16312433617569D-01  0.51292236440651D-02  -.17211135276151D-01
  -.28355025927593D-02  0.38967813284509D-02  -.90358942064779D-03
$end
$grad          cartesian gradients
  cycle =    262   ex. state energy =    -1151.8132730227 |dE/dxyz| =  0.189635
    0.24565584226579      0.16864095700411      0.09218742143758      ti
    0.71663745566607     -2.46599872694173      2.20923542732066      o
   -2.45511575488742     -0.45888277800627     -2.23696931418351      o
   -1.35952347226925     -1.23017747068392     -3.55931425950606      h
   -1.52394615350670      2.22678014578723      1.92794468947596      o
   -1.46620875952963      2.66763930315129      3.54899644405693      h
    2.32112085412942      0.30614064099086     -2.04898747099702      o
    3.47802879997398      0.50685735711782     -3.43189102298060      h
    2.61503878708080     -3.73680060755358      1.42286201395475      h
  0.95537887849752D-01  0.46914028084480D-01  -.16558958521853D+00
  -.61564199322414D-01  0.38585312264946D-01  0.31258926821363D-01
  0.14452186481495D-01  0.14862886896999D-01  0.51232630265006D-01
  0.25354328336700D-01  -.14661266511737D-02  -.86412387482400D-02
  0.27083989584608D-01  -.15716920585968D-01  0.58675989950749D-01
  -.13501206992345D-02  -.31067607816098D-01  -.91181509093566D-01
  -.15075992655650D+00  -.98686809892461D-02  0.14866858786076D+00
  -.27398873673491D-02  -.51465301740983D-02  -.33494795122762D-03
  0.53985741853034D-01  -.37096361121713D-01  -.24088853696652D-01
$end
$grad          cartesian gradients
  cycle =    263   ex. state energy =    -1151.8407740428 |dE/dxyz| =  0.200612
    0.23342012199333      0.16596894828527      0.10102898232450      ti
    0.73098703445472     -2.50582820616124      2.21021317249768      o
   -2.47821989556687     -0.46608441956978     -2.22947187788069      o
   -1.43660679259751     -1.22984734964290     -3.57639741505682      h
   -1.52198850558012      2.24493350035672      1.92595635915692      o
   -1.55318552605132      2.71194775422101      3.43295542777885      h
    2.39373878567600      0.34204712044609     -2.07399839400093      o
    3.36387750591297      0.39551731868298     -3.56478347475179      h
    2.42993697160516     -3.65468795785167      1.56274715746711      h
  0.32217049908198D-01  0.40576273046395D-01  -.12324849369753D+00
  -.81761606949228D-01  0.61799575712682D-01  0.23752484274512D-01
  0.29886321803546D-01  0.82106585109735D-02  0.58258101229087D-01
  0.20910788096347D-01  0.32754099678741D-02  -.60057043657954D-02
  0.35398516072126D-01  0.19317526911410D-01  0.15665075688031D+00
  0.30919656467228D-02  -.68781555234306D-01  -.19518453804643D+00
  -.10070029840742D+00  -.54524461925079D-02  0.10085040808534D+00
  -.14187699668681D-01  -.88702570302367D-02  0.15525814561896D-01
  0.75144963083555D-01  -.50075185784373D-01  -.30598827969657D-01
$end
$grad          cartesian gradients
  cycle =    264   ex. state energy =    -1151.8874056083 |dE/dxyz| =  0.198642
    0.21870842884299      0.16234174446291      0.11070453152183      ti
    0.75014294022735     -2.54842080756217      2.20916569358824      o
   -2.49886329564142     -0.47387554328243     -2.22145360007703      o
   -1.53137775465269     -1.22402791708213     -3.58711847626363      h
   -1.51976827962281      2.26163378176413      1.91445870080596      o
   -1.64766505251593      2.81235337403443      3.49049425909044      h
    2.47150305325196      0.37862712904465     -2.10264670086381      o
    3.26122031202908      0.28903437787943     -3.71276081749540      h
    2.17498829673537     -3.52803766663957      1.73069833399875      h
  -.30402233259429D-02  0.45058151891972D-01  -.87231185957781D-01
  0.95327051475737D-02  -.45082362030401D-02  -.45940049975335D-02
  0.34659624270999D-01  0.24441097949195D-02  0.44072545251639D-01
  0.11620187843026D-01  0.95813361736082D-02  0.47327633677239D-02
  0.35053199150375D-01  -.12167743940137D-01  0.53977039550799D-01
  0.47028806404096D-02  -.39426820371749D-01  -.93088746475648D-01
  -.70146534686102D-01  -.54508172035873D-02  0.73473361959941D-01
  -.83544015753392D-02  -.82380253329342D-02  0.74900583709683D-02
  -.14027438022854D-01  0.12708045210951D-01  0.11681699784148D-02
$end
$grad          cartesian gradients
  cycle =    265   ex. state energy =    -1151.8429229776 |dE/dxyz| =  0.212057
    0.20229432046059      0.15777267311639      0.12056171521257      ti
    0.76883476825978     -2.58949925131422      2.20758895237549      o
   -2.51720437731471     -0.48177495298652     -2.21229198543987      o
   -1.63440236870719     -1.21838128628417     -3.60009533726078      h
   -1.51710354998770      2.27813797719515      1.89904649671087      o
   -1.75079364814664      2.94289528674506      3.63142762089198      h
    2.55192249720571      0.41542551724618     -2.13312635990465      o
    3.16544198261884      0.18742126769139     -3.86701995407216      h
    1.93258530065487     -3.41413108460828      1.89661795838192      h
  -.26947313308843D-01  0.50504615806815D-01  -.59858307604516D-01
  0.31892645128345D+00  -.22894545986308D+00  -.78607524321036D-01
  0.37920132676401D-01  -.14857187464660D-02  0.24891747743576D-01
  0.16745608922775D-02  0.15224146716696D-01  0.18677614806707D-01
  0.47131111615849D-01  -.59360949459438D-01  -.63797559817658D-01
  -.88307750281216D-02  0.51889762659834D-02  0.26337456371396D-01
  -.53357351041886D-01  -.18140000163892D-02  0.71185221621217D-01
  0.37211615591161D-02  -.11273340034487D-01  -.19616773857061D-01
  -.32023797876128D+00  0.23196172941030D+00  0.80788125176047D-01
$end
$grad          cartesian gradients
  cycle =    266   ex. state energy =    -1151.8495585182 |dE/dxyz| =  0.253383
    0.18426384058121      0.15210668476908      0.13042009592472      ti
    0.77068655408685     -2.61786765269658      2.20957314875321      o
   -2.53418221204883     -0.48955611693594     -2.20093961227081      o
   -1.74004286844516     -1.21901870336659     -3.62607207182789      h
   -1.51456781481684      2.29722224534007      1.88588107441090      o
   -1.85434102646914      3.06836760755442      3.75267810237579      h
    2.63620132260088      0.45321333628561     -2.16626974771836      o
    3.06334889944363      0.08980862853841     -4.00678327856570      h
    1.96279321190297     -3.50102485421254      1.99598973769246      h
  -.40420933519170D-01  0.50560013091065D-01  -.40426616944997D-01
  0.26302361937424D+00  -.19908818745355D+00  -.37690330318771D-01
  0.37144039449427D-01  0.28506906445740D-02  0.95668727655244D-02
  -.45028344222079D-02  0.13618491271085D-01  0.28372124942563D-01
  0.52957723928779D-01  -.83835392935723D-01  -.10769397652832D+00
  -.20442753024519D-01  0.28985648269856D-01  0.76429343653262D-01
  -.36637993049378D-01  0.57921380777216D-02  0.70726454928039D-01
  0.10279065156421D-01  -.16828566858555D-01  -.44271253827528D-01
  -.26139993386604D+00  0.19794516620180D+00  0.44987381852259D-01
$end
$grad          cartesian gradients
  cycle =    267   ex. state energy =    -1151.8841683194 |dE/dxyz| =  0.287462
    0.16575155159176      0.14549790495677      0.13953459914569      ti
    0.75826584116490     -2.63376321133972      2.21300774227759      o
   -2.54929369991025     -0.49666184133873     -2.18736596676695      o
   -1.84012547153124     -1.22923223499396     -3.66930437609536      h
   -1.51286787498781      2.31936265898747      1.87832496433619      o
   -1.94388975885521      3.16333811776074      3.80277889501540      h
    2.72010216243191      0.49009980187624     -2.20121669203446      o
    2.95394699116944      0.00528372232174     -4.10104351553067      h
    2.21983731584079     -3.75902985961486      2.05492530995124      h
  -.48771334694061D-01  0.43786970178415D-01  -.24258597084525D-01
  -.10623507502355D-01  0.58096750441879D-02  0.78862770762008D-02
  0.29698695855859D-01  0.10981603907019D-01  0.10503643277993D-01
  -.26982967431875D-02  0.63828330854229D-02  0.23780756719839D-01
  0.51925152566161D-01  -.90249886796688D-01  -.11743595180418D+00
  -.26174236528963D-01  0.39033937866539D-01  0.91585394571401D-01
  -.15340421860301D-01  0.13914200287717D-01  0.65637123294901D-01
  0.86026522484201D-02  -.21349380349883D-01  -.57872386607323D-01
  0.13381296795166D-01  -.83099523162392D-02  0.17373966250732D-03
$end
$grad          cartesian gradients
  cycle =    268   ex. state energy =    -1151.8593506610 |dE/dxyz| =  0.313621
    0.14662680128571      0.13777506485729      0.14790776597971      ti
    0.74633724155884     -2.64899858071798      2.21545468041728      o
   -2.56282887398563     -0.50341587784790     -2.17155919645780      o
   -1.93950362517642     -1.24655030881122     -3.72440584103585      h
   -1.51227395270538      2.34545533350276      1.87678395966478      o
   -2.01571072203134      3.22291564426657      3.77124108966090      h
    2.80481024562927      0.52666354718372     -2.23891200010947      o
    2.83613275073021     -0.06345069567033     -4.13897489164833      h
    2.46787695239116     -4.01105901113467      2.11464717234657      h
  -.46607668884241D-01  0.37576321906220D-01  -.11541273238735D-01
  -.81170913072234D-01  0.60766650441392D-01  0.94624440860624D-02
  0.16646147753669D-01  0.18730175876864D-01  0.21976715000108D-01
  0.32896068709457D-02  -.23041145713190D-02  0.76000438382635D-02
  0.47671144075625D-01  -.87240939540473D-01  -.11437713951424D+00
  -.28935213954614D-01  0.42074498316247D-01  0.92005309538326D-01
  0.31354133848105D-02  0.19942545198665D-01  0.58201512245999D-01
  0.22528739140835D-02  -.24540500112516D-01  -.61646489523933D-01
  0.83718609277245D-01  -.65004636972681D-01  -.16811230265443D-02
$end
$grad          cartesian gradients
  cycle =    269   ex. state energy =    -1151.8425825258 |dE/dxyz| =  0.330950
    0.12738489399990      0.12906393721631      0.15526482680173      ti
    0.73883722597379     -2.66644614667099      2.21672860662104      o
   -2.57429141107790     -0.51008915547092     -2.15453762067910      o
   -2.04151594093623     -1.26446764320815     -3.77639976258631      h
   -1.51289062678720      2.37508528876939      1.88111539847346      o
   -2.06522220596076      3.24406734715304      3.65865582430741      h
    2.88817373278706      0.56211299610968     -2.27844751945360      o
    2.71648900610527     -0.11208494656250     -4.11687882921038      h
    2.64100333280945     -4.20182627009257      2.17590157122650      h
  -.25441526721665D-01  0.30546702738945D-01  0.30950030967222D-02
  -.75907081950728D-01  0.50273279515308D-01  0.10025191265849D-01
  -.20281602440912D-02  0.21638566208836D-01  0.28659899699840D-01
  0.81298895433447D-02  -.82186090684757D-02  -.11578362346849D-01
  0.34748545800512D-01  -.69214046814217D-01  -.94207286870438D-01
  -.27115074432838D-01  0.36527258610675D-01  0.75668108150577D-01
  0.16662080205320D-01  0.23541403472716D-01  0.42848470384249D-01
  -.56329556451679D-02  -.24757073764265D-01  -.55609183436508D-01
  0.76584283106976D-01  -.60337480374258D-01  0.10981593926464D-02
$end
$grad          cartesian gradients
  cycle =    270   ex. state energy =    -1151.8432770438 |dE/dxyz| =  0.332378
    0.10841040066601      0.11954190448483      0.16146427863150      ti
    0.73628261120557     -2.68631869966817      2.21694462800858      o
   -2.58334119323076     -0.51695855342689     -2.13735378941072      o
   -2.14800694236876     -1.27666533591520     -3.81031595764091      h
   -1.51447347282303      2.40728521315518      1.89014616914734      o
   -2.09260633838410      3.23134185881136      3.48085338422204      h
    2.96831428436327      0.59592651954705     -2.31843205516393      o
    2.60198870411470     -0.14018989861567     -4.04344233697645      h
    2.72832779483243     -4.31965146761926      2.23471776426348      h
  -.32306797676318D-02  0.28904267212664D-01  0.85778841283098D-02
  -.56297900394889D-01  0.22005434037159D-01  0.15189294292774D-01
  -.16910424594413D-01  0.21436283515904D-01  0.26784727349370D-01
  0.85042441653864D-02  -.12234663701056D-01  -.23470850116379D-01
  0.87867539263959D-02  -.34529551210440D-01  -.39383486511137D-01
  -.12085528170676D-01  0.15029126354797D-01  0.28698675599584D-01
  0.24867746395538D-01  0.19681789001134D-01  0.15643567460039D-01
  -.91656235215111D-02  -.18335962519828D-01  -.34850820328093D-01
  0.55531412348952D-01  -.41956722170206D-01  0.28110073224547D-02
$end
