$coord
    0.06335795945449      0.01447114900686      0.04872125031098      ti
    1.22898412397418     -2.66895583339027      1.81830143025695      o
   -2.77111993500475     -0.33675372799649     -1.70929645131832      o
   -3.26056316081963     -1.76893672397127     -3.04546038378244      h
   -1.01978222628259      2.10027261982413      2.03757618003156      o
   -1.59709469371483      3.86412655164224      2.14026503192825      h
    2.46183162649288      0.83056015093249     -2.22199426897926      o
    2.14877014668838      2.05457904193096     -3.52436536284467      h
    1.28669881671648     -3.64894475124594      3.31128995503698      h
$redundant
     number_of_atoms             9
     degrees_of_freedom         21
     internal_coordinates       21
     frozen_coordinates          0
# definitions of redundant internals
   1 k  1.0000000000000 tors    4    3    1    2 val=  70.52125
        1.0000000000000 tors    4    3    1    5
        1.0000000000000 tors    4    3    1    7
   2 k  1.0000000000000 stre    3    4           val=   2.01892
   3 k  1.0000000000000 bend    1    4    3      val= 128.76217
   4 k  1.0000000000000 tors    6    5    1    2 val=  47.92078
        1.0000000000000 tors    6    5    1    3
        1.0000000000000 tors    6    5    1    7
   5 k  1.0000000000000 stre    5    6           val=   1.85877
   6 k  1.0000000000000 bend    1    6    5      val= 141.98238
   7 k  1.0000000000000 tors    8    7    1    2 val=  50.42719
        1.0000000000000 tors    8    7    1    3
        1.0000000000000 tors    8    7    1    5
   8 k  1.0000000000000 stre    7    8           val=   1.81450
   9 k  1.0000000000000 bend    1    8    7      val= 121.28082
  10 k  1.0000000000000 tors    9    2    1    3 val=  27.61470
        1.0000000000000 tors    9    2    1    5
        1.0000000000000 tors    9    2    1    7
  11 k  1.0000000000000 stre    2    9           val=   1.78682
  12 k  1.0000000000000 bend    1    9    2      val= 150.91295
  13 k  1.0000000000000 stre    1    5           val=   3.07885
  14 k  1.0000000000000 stre    1    3           val=   3.35384
  15 k  1.0000000000000 stre    1    7           val=   3.40218
  16 k  1.0000000000000 stre    1    2           val=   3.41919
  17 k  0.0273328563523 bend    3    5    1      val=   0.88976
        0.6405861808115 bend    7    5    1
        0.3389305698881 bend    7    3    1
       -0.4210954764763 bend    2    5    1
       -0.5433000153600 bend    2    3    1
       -0.0391410489547 bend    2    7    1
  18 k  0.6991260308285 bend    3    5    1      val=   5.94751
       -0.0409723088824 bend    7    5    1
        0.1016093577787 bend    7    3    1
       -0.0549085932910 bend    2    5    1
        0.1425080655417 bend    2    3    1
       -0.6898522298094 bend    2    7    1
  19 k -0.0652993702329 bend    3    5    1      val=   0.89231
       -0.3748603894518 bend    7    5    1
        0.5593982726376 bend    7    3    1
       -0.6157773281882 bend    2    5    1
        0.3691760896170 bend    2    3    1
        0.1637575957988 bend    2    7    1
  20 k -0.5492691449009 bend    3    5    1      val=   5.58229
        0.0662655337894 bend    7    5    1
        0.5182707750698 bend    7    3    1
        0.4109337134180 bend    2    5    1
        0.0911984695788 bend    2    3    1
       -0.4981204789235 bend    2    7    1
  21 k -0.2369068067169 bend    3    5    1      val=  13.16160
        0.5386118881912 bend    7    5    1
       -0.3621618883462 bend    7    3    1
       -0.2946321336977 bend    2    5    1
        0.6378331665580 bend    2    3    1
       -0.1702114064659 bend    2    7    1
        21 non zero eigenvalues  of BmBt
           1          13.879395201    1    0
         1
           2           8.565514590    2    0
         2
           3           4.595190102    3    0
         3
           4           3.870584261    4    0
         4
           5           3.382669769    5    0
         5
           6           2.793167263    6    0
         6
           7           2.582980804    7    0
         7
           8           2.357476361    8    0
         8
           9           2.088033161    9    0
         9
          10           1.828636867   10    0
        10
          11           1.469896843   11    0
        11
          12           1.291760382   12    0
        12
          13           0.961302153   13    0
        13
          14           0.773037875   14    0
        14
          15           0.518077355   15    0
        15
          16           0.329341542   16    0
        16
          17           0.127646622   17    0
        17
          18           0.106366481   18    0
        18
          19           0.096152289   19    0
        19
          20           0.080669570   20    0
        20
          21           0.076012971   21    0
        21
$user-defined bonds
$end
