$coord
   -1.23021871635572     -0.50707501804128     -2.47807441780750      c
   -2.21856145561522     -1.03511822780910     -4.21862990453629      h
   -1.23021871635572     -0.50707501804128      2.47807441780750      c
   -2.21856145561522     -1.03511822780910      4.21862990453629      h
    1.63491635110290      1.01272887239311     -2.71669046071228      b
    2.46991332238809      1.45285875051430     -4.78706314978072      h
    1.73403255200851      2.93561134160390      0.00000000000000      b
    1.63491635110290      1.01272887239311      2.71669046071228      b
    2.46991332238809      1.45285875051430      4.78706314978072      h
   -1.12996069290599      2.65262377818181      1.68180942929725      b
   -2.16166180316476      4.16612536427224      3.03058855688633      h
    1.42741726298584     -2.19781260138593     -1.68148241309284      b
    2.10585428586819     -3.90210350401637     -3.02334379649187      h
   -1.12996069290599      2.65262377818181     -1.68180942929725      b
   -2.16166180316476      4.16612536427224     -3.03058855688633      h
    3.36801947525801      0.00782083354209      0.00000000000000      b
    5.63875138139680     -0.19250769400338      0.00000000000000      h
    1.42741726298584     -2.19781260138593      1.68148241309284      b
    2.10585428586819     -3.90210350401637      3.02334379649187      h
   -1.44814786562141     -2.52747188297862      0.00000000000000      b
   -2.75588880834087     -4.37976799233130      0.00000000000000      h
   -3.03116826392808      0.45592005211068      0.00000000000000      b
   -5.29835838823578      0.41590007944123      0.00000000000000      h
$user-defined bonds
$redundant
     number_of_atoms            23
     degrees_of_freedom         35
     internal_coordinates       67
     frozen_coordinates          0
# definitions of redundant internals
   1 k  1.0000000000000 stre    1    2           val=   2.07007
   2 k  1.0000000000000 stre   12   13           val=   2.27277
   3 k  1.0000000000000 stre   22   23           val=   2.26754
   4 k  1.0000000000000 stre    5    6           val=   2.27539
   5 k  1.0000000000000 stre   16   17           val=   2.27955
   6 k  1.0000000000000 stre   20   21           val=   2.26742
   7 k  1.0000000000000 stre   10   11           val=   2.27471
   8 k  0.4234698850738 bend   20    2    1      val=  -0.11320
       -0.3193746825891 bend   22    2    1
        0.5777725311674 bend   12    2    1
       -0.0646380813948 bend    5    2    1
       -0.6169877545128 bend   14    2    1
   9 k -0.4701657748807 bend   20    2    1      val=   0.54730
       -0.5466948665598 bend   22    2    1
        0.2542836657605 bend   12    2    1
        0.6307916727985 bend    5    2    1
        0.1323274342814 bend   14    2    1
  10 k -0.6160099348207 bend    7    6    5      val=   2.58730
       -0.2704580748690 bend   16    6    5
       -0.0425534307075 bend   14    6    5
        0.4677624916018 bend   12    6    5
        0.5716394378678 bend    1    6    5
  11 k -0.6154494309143 bend    7   11   10      val=   3.11514
        0.4594708942921 bend   22   11   10
       -0.2717046208757 bend   14   11   10
       -0.0283188153862 bend    8   11   10
        0.5792090632713 bend    3   11   10
  12 k -0.4969066315797 bend   10   23   22      val=   3.39977
       -0.4969066315797 bend   14   23   22
        0.6294591924372 bend   20   23   22
        0.2344661212633 bend    3   23   22
        0.2344661212633 bend    1   23   22
  13 k -0.4971061027365 bend   12   21   20      val=   3.27408
       -0.4971061027365 bend   18   21   20
        0.6300875444623 bend   22   21   20
        0.2331959814810 bend    3   21   20
        0.2331959814810 bend    1   21   20
  14 k  0.1436330051161 bend    7    6    5      val=   1.54580
       -0.5727865353536 bend   16    6    5
        0.6295441443959 bend   14    6    5
       -0.4225563701088 bend   12    6    5
        0.2764153199377 bend    1    6    5
  15 k -0.6315346428929 bend    7   17   16      val=  -0.03290
       -0.1883200519499 bend    5   17   16
       -0.1883200519499 bend    8   17   16
        0.5148956743328 bend   12   17   16
        0.5148956743328 bend   18   17   16
  16 k  0.3804986017593 bend   20   13   12      val=   3.34055
       -0.3635647880558 bend   18   13   12
        0.0730094159441 bend    5   13   12
       -0.5841633167569 bend   16   13   12
        0.6135668696111 bend    1   13   12
  17 k -0.5030865006900 bend   20   13   12      val=   0.26947
       -0.5188701857062 bend   18   13   12
        0.6277003600736 bend    5   13   12
        0.2412737442574 bend   16   13   12
        0.1595523158848 bend    1   13   12
  18 k  0.1435585882293 bend    7   11   10      val=   1.00260
       -0.4321353511221 bend   22   11   10
       -0.5723863578130 bend   14   11   10
        0.6313566379427 bend    8   11   10
        0.2577064670736 bend    3   11   10
  19 k  1.0000000000000 stre    1   20           val=   3.20474
  20 k  1.0000000000000 stre    1   22           val=   3.21117
  21 k  1.0000000000000 stre   20   22           val=   3.37736
  22 k  1.0000000000000 stre    1   12           val=   3.24903
  23 k  1.0000000000000 stre   20   12           val=   3.34738
  24 k  1.0000000000000 stre    1    5           val=   3.25204
  25 k  1.0000000000000 stre   12    5           val=   3.37969
  26 k  1.0000000000000 stre    1   14           val=   3.26003
  27 k  1.0000000000000 stre   22   14           val=   3.35687
  28 k  1.0000000000000 stre    5   14           val=   3.37710
  29 k  0.4397677973766 bend   12   22    1      val= 114.71190
        0.4652061297770 bend    5   20    1
        0.4636733589970 bend    5   22    1
        0.4401027006677 bend   14   20    1
        0.4260330623670 bend   14   12    1
  30 k -0.2352168076628 bend   12   22    1      val=   0.09690
       -0.6654806969741 bend    5   20    1
        0.6696048504857 bend    5   22    1
        0.2311583413406 bend   14   20    1
        0.0019133171417 bend   14   12    1
  31 k  0.5502649808795 bend   12   22    1      val=   1.43393
       -0.3181035133500 bend    5   20    1
       -0.3103758774079 bend    5   22    1
        0.5469232731649 bend   14   20    1
       -0.4478396516678 bend   14   12    1
  32 k  0.1166097963177 bend   12   22    1      val=   4.94553
       -0.4451254198661 bend    5   20    1
       -0.4143887923504 bend    5   22    1
        0.0310686792230 bend   14   20    1
        0.7845904549110 bend   14   12    1
  33 k -0.6594603430108 bend   12   22    1      val=   0.20978
        0.2034507659268 bend    5   20    1
       -0.2618875786671 bend    5   22    1
        0.6728930855162 bend   14   20    1
        0.0484730176930 bend   14   12    1
  34 k  1.0000000000000 stre    5    7           val=   3.32982
  35 k  1.0000000000000 stre    5   16           val=   3.37548
  36 k  1.0000000000000 stre    7   16           val=   3.35289
  37 k  1.0000000000000 stre    7   14           val=   3.33332
  38 k  1.0000000000000 stre   16   12           val=   3.38499
  39 k  0.4376672080302 bend   14   16    5      val= 106.50246
        0.4465384884474 bend   12    7    5
        0.4136919733421 bend   12   14    5
        0.4707921838681 bend    1    7    5
        0.4650424326351 bend    1   16    5
  40 k  0.0813721665616 bend   14   16    5      val=   1.31002
       -0.0675969469713 bend   12    7    5
        0.0021927637924 bend   12   14    5
       -0.7055839692672 bend    1    7    5
        0.7006822941743 bend    1   16    5
  41 k  0.5747815861863 bend   14   16    5      val=   5.64502
        0.3468586225577 bend   12    7    5
        0.1703025725181 bend   12   14    5
       -0.4910863076384 bend    1    7    5
       -0.5283431615743 bend    1   16    5
  42 k -0.6386515418364 bend   14   16    5      val=   0.29412
        0.7459363339575 bend   12    7    5
        0.0855810382596 bend   12   14    5
       -0.1669803834231 bend    1    7    5
       -0.0222852245727 bend    1   16    5
  43 k -0.2521434548333 bend   14   16    5      val=   5.25609
       -0.3454013791730 bend   12    7    5
        0.8902398905146 bend   12   14    5
       -0.1070409824497 bend    1    7    5
       -0.1146155786223 bend    1   16    5
  44 k  1.0000000000000 stre   10   14           val=   3.36362
  45 k  0.6529856210695 bend    8    5    7      val= 109.70826
        0.5302026904206 bend   10    5    7
        0.5408279631706 bend   16   10    7
  46 k -0.7425626586407 bend    8    5    7      val=  11.24891
        0.5887045666186 bend   10    5    7
        0.3194176439004 bend   16   10    7
  47 k -0.1490317975097 bend    8    5    7      val=   1.61672
       -0.6101737787820 bend   10    5    7
        0.7781243364771 bend   16   10    7
  48 k  0.5644643285586 bend   22    7   10      val= 105.89482
        0.5317746172341 bend    8   22   10
        0.2144797441129 bend    8   14   10
        0.5521782477300 bend    3    7   10
        0.2183881872941 bend    3   14   10
  49 k  0.0400634603190 bend   22    7   10      val=   2.43720
       -0.7563993646410 bend    8   22   10
       -0.0292150386984 bend    8   14   10
        0.6247286768893 bend    3    7   10
        0.1873912540755 bend    3   14   10
  50 k  0.3838120530193 bend   22    7   10      val=  29.28593
       -0.2912758637704 bend    8   22   10
        0.4974323742769 bend    8   14   10
       -0.5077333776106 bend    3    7   10
        0.5124592953818 bend    3   14   10
  51 k -0.7293655159320 bend   22    7   10      val=  28.75525
        0.2200184674377 bend    8   22   10
        0.4038076262752 bend    8   14   10
        0.1913780466013 bend    3    7   10
        0.4689687221944 bend    3   14   10
  52 k -0.0221177091600 bend   22    7   10      val=   4.47359
       -0.1087474266703 bend    8   22   10
        0.7366446598342 bend    8   14   10
        0.1019535362079 bend    3    7   10
       -0.6592760618485 bend    3   14   10
  53 k  1.0000000000000 stre   12   18           val=   3.36296
  54 k  0.5356521313542 bend    5   20   12      val= 106.50849
        0.2172948245434 bend    5   18   12
        0.5607483637112 bend   16   20   12
        0.2208649039676 bend    1   18   12
        0.5501270036936 bend    1   16   12
  55 k -0.7574424735982 bend    5   20   12      val=   3.78187
       -0.0220442374766 bend    5   18   12
        0.0464227050296 bend   16   20   12
        0.1909728270083 bend    1   18   12
        0.6222292685061 bend    1   16   12
  56 k -0.2859821016740 bend    5   20   12      val=  28.84756
        0.4898815463517 bend    5   18   12
        0.3889998168463 bend   16   20   12
        0.5101655233963 bend    1   18   12
       -0.5163725295730 bend    1   16   12
  57 k  0.2161087164428 bend    5   20   12      val=  28.20776
        0.3927888137017 bend    5   18   12
       -0.7286627229619 bend   16   20   12
        0.4844581434718 bend    1   18   12
        0.1826606522977 bend    1   16   12
  58 k -0.1042542736036 bend    5   20   12      val=   5.36341
        0.7470140756342 bend    5   18   12
       -0.0337043574669 bend   16   20   12
       -0.6479039431131 bend    1   18   12
        0.1009233076450 bend    1   16   12
  59 k  0.6474051289361 bend    8    5   16      val= 107.14939
        0.5425155611806 bend   12    7   16
        0.5352975480087 bend   12    8   16
  60 k -0.7586839628141 bend    8    5   16      val=   9.84374
        0.3918770739278 bend   12    7   16
        0.5204142614288 bend   12    8   16
  61 k -0.0725619982911 bend    8    5   16      val=   0.09118
        0.7430405270284 bend   12    7   16
       -0.6653010834181 bend   12    8   16
  62 k  0.5229914119493 bend   22   12   20      val= 104.79072
        0.5436504588408 bend    3   12   20
        0.6564481408531 bend    1    3   20
  63 k  0.4041326881376 bend   22   12   20      val=  13.39115
        0.5199298177260 bend    3   12   20
       -0.7525621270155 bend    1    3   20
  64 k  0.7504377078785 bend   22   12   20      val=   4.46163
       -0.6588756811733 bend    3   12   20
       -0.0522119081485 bend    1    3   20
  65 k  0.5239274776948 bend   20   10   22      val= 104.58169
        0.5438719197617 bend    1   10   22
        0.6555176069421 bend    1    3   22
  66 k  0.4094414023132 bend   20   10   22      val=  13.31932
        0.5140388418207 bend    1   10   22
       -0.7537385535923 bend    1    3   22
  67 k  0.7468987456062 bend   20   10   22      val=   4.26682
       -0.6633003874523 bend    1   10   22
       -0.0466353923263 bend    1    3   22
        35 non zero eigenvalues  of BmBt
           1           2.448543996    1    0
         1
           2           2.422294739    2    0
         2
           3           2.196501485    3    0
         3
           4           2.162528575    4    0
         4
           5           2.094360663    5    0
         5
           6           2.003427980    6    0
         6
           7           2.000657740    7    0
         7
           8           1.798019235    8    0
         8
           9           1.648013389    9    0
         9
          10           1.587398221   10    0
        10
          11           1.517273779   11    0
        11
          12           1.429060369   12    0
        12
          13           1.392223044   13    0
        13
          14           1.257693401   14    0
        14
          15           1.202083356   15    0
        15
          16           1.111593941   16    0
        16
          17           1.072915244   17    0
        17
          18           1.027770044   18    0
        18
          19           2.935068257    0    0
         0.000000000         0.000000000         0.000000000         0.000000000
         0.000000000         0.000000000         0.000000000         0.000000000
         0.000000000         0.000000000         0.000000000         0.000000000
         0.000000000         0.000000000         0.000000000         0.000000000
         0.000000000         0.000000000         0.028484899         0.008126157
         0.062430564        -0.013552059        -0.068155841        -0.015659071
         0.053703210        -0.051249163        -0.099782807         0.056154588
         0.029780938        -0.001918751        -0.007043102         0.064036586
         0.025256021        -0.266771636        -0.103472375        -0.591517118
         0.617509968         0.100150581         0.027018035        -0.073930508
        -0.094979936        -0.090408076        -0.000157071         0.091924853
         0.096281786        -0.144977478         0.100945247        -0.161381201
        -0.130072737         0.051795807        -0.013663818        -0.033428246
        -0.015250407        -0.046202824        -0.046773408         0.022877796
        -0.000812622        -0.017737071         0.087230885         0.009049351
         0.087734763        -0.015084411         0.013808935        -0.010545940
         0.026913727         0.032572647        -0.019257593
          20           2.223938745    0    0
         0.000000000         0.000000000         0.000000000         0.000000000
         0.000000000         0.000000000         0.000000000         0.000000000
         0.000000000         0.000000000         0.000000000         0.000000000
         0.000000000         0.000000000         0.000000000         0.000000000
         0.000000000         0.000000000        -0.020559905        -0.115311897
        -0.007919338        -0.101257420        -0.017876606        -0.020735092
        -0.026073774        -0.065848622        -0.048856708         0.055438577
         0.121283774        -0.001729662        -0.012241233        -0.030807636
         0.043082063        -0.339744154         0.064732903        -0.214100600
        -0.445578120        -0.106920767        -0.294880009         0.149377038
         0.060567463        -0.114242383         0.077404401         0.011645491
         0.525819960         0.048596772        -0.021553191        -0.234114997
        -0.136905604         0.019656873         0.098774803         0.017371474
        -0.091072588         0.099595573        -0.037990566         0.008561979
        -0.009660639         0.031718666        -0.082770772        -0.081388416
        -0.159975332        -0.117174919        -0.001384424         0.008309096
         0.018817555         0.034320991         0.031450359
          21           1.861021758    0    0
         0.000000000         0.000000000         0.000000000         0.000000000
         0.000000000         0.000000000         0.000000000         0.000000000
         0.000000000         0.000000000         0.000000000         0.000000000
         0.000000000         0.000000000         0.000000000         0.000000000
         0.000000000         0.000000000        -0.139731666         0.186917521
         0.076310090        -0.415727481         0.023456149        -0.003386946
        -0.321693586         0.349685352        -0.148853715         0.385546897
         0.028491213        -0.091169444        -0.001689238         0.029518323
        -0.129251402         0.088141831        -0.139804937        -0.080914106
        -0.048616558         0.149990285        -0.033235687         0.004808798
        -0.030952405         0.110661611        -0.020558634        -0.314564828
        -0.003831832         0.055078711         0.069119767        -0.028948651
        -0.023334705         0.124371773        -0.038186551        -0.007301954
         0.302012018         0.026709971        -0.048774426        -0.110419062
         0.040632931        -0.001874611         0.048028300        -0.085942905
        -0.046625633         0.038885672        -0.066558892        -0.048734743
        -0.079113496         0.093462460         0.033222888
          22           1.682258988    0    0
         0.000000000         0.000000000         0.000000000         0.000000000
         0.000000000         0.000000000         0.000000000         0.000000000
         0.000000000         0.000000000         0.000000000         0.000000000
         0.000000000         0.000000000         0.000000000         0.000000000
         0.000000000         0.000000000         0.209102577         0.217719273
         0.506832761        -0.096055100        -0.267347857        -0.072361932
         0.252309359        -0.246166300        -0.163242648         0.045960855
         0.240791194         0.024223755        -0.012496919         0.030750446
        -0.009202125         0.179524538         0.097688436         0.058732682
        -0.019038973         0.127318401        -0.237685114        -0.003779470
        -0.006053439         0.029837862        -0.061476084        -0.059028350
        -0.028289435        -0.047904922        -0.055842490         0.224209848
        -0.132895189         0.003969514        -0.007434686         0.016839154
        -0.080198872         0.051538285        -0.167927703         0.058796341
        -0.000761720         0.006560326         0.070603164        -0.045112713
         0.002961573        -0.165855692         0.098351297         0.013674644
        -0.256919334         0.029655619        -0.014849367
          23           1.593151339    0    0
         0.000000000         0.000000000         0.000000000         0.000000000
         0.000000000         0.000000000         0.000000000         0.000000000
         0.000000000         0.000000000         0.000000000         0.000000000
         0.000000000         0.000000000         0.000000000         0.000000000
         0.000000000         0.000000000         0.182164853         0.087781284
         0.125707161        -0.088305935        -0.390607278        -0.205758325
        -0.155808292         0.008723832        -0.320443468        -0.179930652
        -0.356003894        -0.006448536        -0.007109796         0.105424819
         0.056357140        -0.186521380        -0.003603091         0.063124794
        -0.109804871         0.173180019         0.301254781         0.071848279
        -0.083508777        -0.076539069        -0.062831168        -0.052386146
        -0.013963095         0.058895595         0.095899471        -0.020061455
         0.074594103        -0.002530148         0.053099359        -0.076382614
        -0.141443497         0.171248746         0.076363755         0.009433532
        -0.003085957        -0.085940683        -0.310293420        -0.017452288
         0.041830841         0.053836737        -0.040978026        -0.116999070
         0.171562648        -0.020908345        -0.084738778
          24           1.488876429    0    0
         0.000000000         0.000000000         0.000000000         0.000000000
         0.000000000         0.000000000         0.000000000         0.000000000
         0.000000000         0.000000000         0.000000000         0.000000000
         0.000000000         0.000000000         0.000000000         0.000000000
         0.000000000         0.000000000        -0.283874276        -0.093122446
        -0.098824336         0.159569767        -0.320236674         0.364968442
         0.235768744         0.024319598        -0.216602717         0.049968713
        -0.236758019         0.019971358         0.015566013         0.002579232
        -0.083780811        -0.077376517        -0.212797649        -0.113847485
        -0.134757240        -0.090973128        -0.185035679        -0.042986613
        -0.042452781         0.053157301        -0.064363602        -0.312266007
        -0.019758886        -0.049131663        -0.051380748         0.212712101
         0.001708964         0.012625245         0.014189801        -0.002692706
        -0.197854373        -0.109420519         0.010947335         0.027487534
         0.065343341        -0.003204076         0.191587425         0.002916665
         0.009918146         0.285844107         0.030876640        -0.020605883
        -0.003925223        -0.052933023        -0.085810222
          25           1.418795322    0    0
         0.000000000         0.000000000         0.000000000         0.000000000
         0.000000000         0.000000000         0.000000000         0.000000000
         0.000000000         0.000000000         0.000000000         0.000000000
         0.000000000         0.000000000         0.000000000         0.000000000
         0.000000000         0.000000000         0.268078526        -0.208784064
         0.091785191         0.220108282         0.160807372         0.314765600
         0.009112606         0.107073944        -0.265597950         0.434241281
        -0.107043145         0.008442349         0.007405351        -0.018878754
         0.133773356         0.157853979         0.092144395         0.155695489
         0.183476025        -0.062494987        -0.111097163         0.061009717
        -0.010815896        -0.022043464        -0.049340899        -0.050397963
         0.008109847         0.022816932         0.015235156        -0.088274699
         0.061027206         0.017411208         0.044762342        -0.001873005
        -0.138180964         0.251352989        -0.044397344         0.014138625
        -0.022217090         0.014227286        -0.013420146        -0.048910154
        -0.026076437        -0.237900691        -0.044199571        -0.083168164
         0.337435932         0.044869259         0.031644132
          26           1.399907309    0    0
         0.000000000         0.000000000         0.000000000         0.000000000
         0.000000000         0.000000000         0.000000000         0.000000000
         0.000000000         0.000000000         0.000000000         0.000000000
         0.000000000         0.000000000         0.000000000         0.000000000
         0.000000000         0.000000000        -0.045807145         0.136523162
         0.035349204        -0.016614323        -0.153968089         0.292051688
         0.392261983         0.408158632         0.346527672         0.062387932
        -0.047086361        -0.037445333         0.013099771         0.028203889
         0.016137907        -0.005943371         0.245764022         0.080190684
         0.018621148         0.461770140        -0.002634986         0.011288900
         0.017716908        -0.074599782        -0.020252069         0.182058363
         0.173550929         0.024027372         0.021626679        -0.110111417
        -0.013864065        -0.017886444         0.007624563         0.019589452
         0.023498748         0.038218265         0.029440501         0.000694780
        -0.009444279        -0.020653374        -0.162307605        -0.030004169
         0.001520983         0.152535793         0.001560323        -0.017056244
        -0.007200748         0.015723902        -0.026372703
          27           1.176397673    0    0
         0.000000000         0.000000000         0.000000000         0.000000000
         0.000000000         0.000000000         0.000000000         0.000000000
         0.000000000         0.000000000         0.000000000         0.000000000
         0.000000000         0.000000000         0.000000000         0.000000000
         0.000000000         0.000000000         0.128601468        -0.132804488
         0.031678812         0.322905026         0.176879894         0.038591056
         0.054143650        -0.259122749        -0.190707907         0.045418099
         0.007171401         0.068082244         0.033039292         0.113746033
        -0.049879681        -0.053004908        -0.092254245        -0.054736049
        -0.177304563         0.466263889         0.089678017         0.154472433
         0.033758554         0.110008537         0.000373321        -0.018370744
         0.078900884         0.068539007         0.015090400         0.031761391
         0.025669242        -0.039848887         0.049629144        -0.028860219
         0.465793336        -0.334518974        -0.060924472        -0.055429239
        -0.032642182        -0.014574001         0.006291771        -0.020392453
        -0.037208387         0.044728061         0.113470447        -0.065597373
         0.098878266        -0.053724651        -0.033368629
          28           1.105576634    0    0
         0.000000000         0.000000000         0.000000000         0.000000000
         0.000000000         0.000000000         0.000000000         0.000000000
         0.000000000         0.000000000         0.000000000         0.000000000
         0.000000000         0.000000000         0.000000000         0.000000000
         0.000000000         0.000000000        -0.187089932        -0.534230015
        -0.116428821        -0.320011548        -0.311571352         0.060001244
        -0.016630082        -0.078469829         0.061823592        -0.060150863
         0.251811701         0.039889644         0.072298814         0.030148768
         0.133631816         0.080093622        -0.227597029         0.032957375
        -0.006630095         0.259776615         0.014280696         0.000344174
         0.085849757         0.077059048        -0.081065820         0.092098989
        -0.186634555         0.064009351        -0.020953512        -0.107921629
         0.106444847        -0.094371928        -0.078283025         0.068202053
        -0.075250157         0.053859816        -0.173425510        -0.028145803
        -0.075945096         0.008300265         0.001921844        -0.060786153
         0.068988599        -0.199567203         0.078565298        -0.047064400
         0.116448753         0.056561877         0.062919732
          29           1.007658934    0    0
         0.000000000         0.000000000         0.000000000         0.000000000
         0.000000000         0.000000000         0.000000000         0.000000000
         0.000000000         0.000000000         0.000000000         0.000000000
         0.000000000         0.000000000         0.000000000         0.000000000
         0.000000000         0.000000000         0.084228085         0.016334292
        -0.341591119        -0.253526453        -0.025540549         0.053189350
        -0.109480945        -0.239894846        -0.041955501        -0.167330092
        -0.190115374        -0.008629722        -0.140434149        -0.144066159
         0.003740545         0.299019553         0.286931583        -0.175389836
         0.048686738         0.153512266        -0.306637679        -0.004841934
        -0.168099651        -0.014659651        -0.063321685         0.127280091
         0.050437818        -0.133934164        -0.069978931         0.195546831
         0.018196454        -0.020998610         0.134648421         0.041465021
         0.187661581         0.171860750        -0.018836129        -0.025562114
         0.121095959         0.032393423         0.058182639        -0.137928838
        -0.051922368         0.102154643        -0.110482354        -0.075451435
         0.160583740        -0.117173605        -0.048462424
          30           0.981501869    0    0
         0.000000000         0.000000000         0.000000000         0.000000000
         0.000000000         0.000000000         0.000000000         0.000000000
         0.000000000         0.000000000         0.000000000         0.000000000
         0.000000000         0.000000000         0.000000000         0.000000000
         0.000000000         0.000000000        -0.373881440        -0.130272812
        -0.072868904        -0.116279547         0.220231818         0.035048135
         0.158399812        -0.086736665        -0.423875573        -0.134956763
         0.172616364        -0.202245229         0.033731920         0.007994289
        -0.045318621        -0.138235495         0.355807228         0.206019645
         0.176372550         0.061623713         0.013403746        -0.065609077
         0.073041620        -0.090712126        -0.057490541        -0.166376596
        -0.002496430        -0.112235252         0.073539829         0.090891336
        -0.131703046         0.006723657        -0.029789683         0.036526937
         0.040682843        -0.005002237         0.149082504        -0.054618043
        -0.101702626         0.052427444        -0.285380963         0.096438368
        -0.009748077        -0.009524175        -0.036367842         0.030145738
        -0.047449090         0.129818405        -0.002646024
          31           0.951771439    0    0
         0.000000000         0.000000000         0.000000000         0.000000000
         0.000000000         0.000000000         0.000000000         0.000000000
         0.000000000         0.000000000         0.000000000         0.000000000
         0.000000000         0.000000000         0.000000000         0.000000000
         0.000000000         0.000000000         0.224920895        -0.038395628
        -0.153121621        -0.010883253         0.261486664        -0.103098143
         0.213438148         0.136456428         0.144402484        -0.167454564
         0.012376084        -0.089260436        -0.109112951        -0.138715346
         0.057305962        -0.061399300        -0.040181576        -0.217426797
        -0.157850553         0.250401134         0.038447735        -0.052351371
        -0.151955914         0.035842556        -0.005119133        -0.486029055
        -0.066129572        -0.068669382         0.104406289         0.163344394
         0.089899553         0.145293753        -0.024530027         0.015445698
        -0.198863644         0.044914183        -0.047845850         0.125022233
        -0.083180320        -0.043782764        -0.022354282        -0.005665924
         0.130911967        -0.250415842        -0.055617453         0.091185782
         0.021602809        -0.046665952         0.212535781
          32           0.917687460    0    0
         0.000000000         0.000000000         0.000000000         0.000000000
         0.000000000         0.000000000         0.000000000         0.000000000
         0.000000000         0.000000000         0.000000000         0.000000000
         0.000000000         0.000000000         0.000000000         0.000000000
         0.000000000         0.000000000         0.078333372         0.055775953
         0.262446791        -0.142237764         0.219479255         0.496013024
        -0.101449374         0.013061008         0.066453208        -0.322925926
        -0.115536179        -0.098277540         0.229481430        -0.089280060
         0.031376599        -0.261002416        -0.214616863        -0.057051863
        -0.051728660        -0.050008202         0.050801987        -0.069513924
         0.032537853        -0.003463657        -0.115487222         0.110813005
        -0.033239080        -0.034192270        -0.085948106         0.230638673
        -0.039389703        -0.152462739        -0.023452231        -0.026546522
         0.159708268         0.205289319        -0.042444235        -0.153312939
        -0.043206061        -0.052900751         0.011742980         0.037349360
        -0.059016133        -0.186233922        -0.077713429        -0.087590413
        -0.067302931         0.000561706        -0.049753694
          33           0.890197849    0    0
         0.000000000         0.000000000         0.000000000         0.000000000
         0.000000000         0.000000000         0.000000000         0.000000000
         0.000000000         0.000000000         0.000000000         0.000000000
         0.000000000         0.000000000         0.000000000         0.000000000
         0.000000000         0.000000000        -0.117187473         0.001646722
        -0.064572391         0.172110000        -0.004581278         0.175957331
        -0.348005518        -0.303983751         0.244924841         0.227229640
         0.045704829         0.233628296         0.033963903        -0.106968757
        -0.128569601        -0.051298204         0.017096330        -0.014207712
         0.119280090         0.175405835         0.052233551         0.218896220
        -0.050523726        -0.059695323        -0.102224492        -0.126964789
         0.019009280         0.052534166         0.134572054         0.159369262
        -0.044721817         0.011220440        -0.089151190        -0.038018952
        -0.184737293         0.222705970         0.057295244        -0.012734591
        -0.071465727         0.042482348        -0.293846550        -0.126245860
         0.014555509         0.059373937         0.068441698         0.122487865
        -0.293210673        -0.122997479         0.008180966
          34           0.491534856    0    0
         0.000000000         0.000000000         0.000000000         0.000000000
         0.000000000         0.000000000         0.000000000         0.000000000
         0.000000000         0.000000000         0.000000000         0.000000000
         0.000000000         0.000000000         0.000000000         0.000000000
         0.000000000         0.000000000         0.039726369        -0.328831894
         0.246328309         0.150632066        -0.262768609        -0.020579769
        -0.137856949         0.157688008         0.197956875        -0.162120433
        -0.004691343         0.141898706         0.173753376        -0.072642638
        -0.032842879         0.031463115         0.363005770        -0.094198434
         0.049217387        -0.187994331        -0.014476645        -0.093804013
        -0.033789872        -0.000916365         0.161999834        -0.312192536
         0.034911028        -0.145529379         0.102682009         0.004723595
         0.060533399         0.130494879        -0.003447165         0.099337901
         0.300768068         0.013315149        -0.022488856        -0.145197007
         0.009961793         0.083828295        -0.040102716         0.099720475
        -0.007088405        -0.026949005         0.168501784        -0.153959195
         0.012815490        -0.102999647        -0.007849009
          35           0.420942363    0    0
         0.000000000         0.000000000         0.000000000         0.000000000
         0.000000000         0.000000000         0.000000000         0.000000000
         0.000000000         0.000000000         0.000000000         0.000000000
         0.000000000         0.000000000         0.000000000         0.000000000
         0.000000000         0.000000000        -0.292413708        -0.038550661
         0.262546209         0.217140143         0.167897568        -0.045320520
        -0.197989334         0.187847560        -0.163010014        -0.177885846
        -0.008946455        -0.097970050         0.195452192        -0.111018123
         0.015250295         0.347416595         0.059449085        -0.296782590
        -0.152871894         0.164745464         0.000615366         0.094223952
        -0.103761347         0.024598815         0.207153139         0.191529398
        -0.014478388         0.065675929         0.070181152         0.012248393
        -0.002071342        -0.090255422         0.007991952         0.104857221
        -0.254891912        -0.017139517         0.032107668         0.127745541
        -0.012001434         0.113545367         0.034604458        -0.147534716
         0.156445640        -0.001311251        -0.064048782        -0.028187025
        -0.026695927         0.124130379        -0.134011589
$end
