$coord
    0.01015948359658     -0.08515247365969     -0.06049963419455      ti
    0.74434643211464     -2.64275903348532      2.10023968231276      o
   -2.64907201231292     -0.60022813371363     -1.82785976387961      o
   -4.43198213142766     -0.95149552955498     -1.62026937975724      h
   -0.90734091535990      2.42248519186973      1.79960050621539      o
   -0.35326263073148      4.11585120509551      1.46945798086835      h
    2.65321303408245      0.94994747227240     -1.89472280980382      o
    4.36897267992816      1.96250789872710     -1.90655249539569      h
    2.45494466897360     -3.13498563692132      2.11879131273191      h
$redundant
     number_of_atoms             9
     degrees_of_freedom         21
     internal_coordinates       21
     frozen_coordinates          0
# definitions of redundant internals
   1 k  1.0000000000000 tors    4    3    1    2 val=  63.48069
        1.0000000000000 tors    4    3    1    5
        1.0000000000000 tors    4    3    1    7
   2 k  1.0000000000000 stre    3    4           val=   1.82900
   3 k  1.0000000000000 bend    1    4    3      val= 140.35866
   4 k  1.0000000000000 tors    6    5    1    2 val= 136.56688
        1.0000000000000 tors    6    5    1    3
        1.0000000000000 tors    6    5    1    7
   5 k  1.0000000000000 stre    5    6           val=   1.81204
   6 k  1.0000000000000 bend    1    6    5      val= 121.98920
   7 k  1.0000000000000 tors    8    7    1    2 val=  40.64704
        1.0000000000000 tors    8    7    1    3
        1.0000000000000 tors    8    7    1    5
   8 k  1.0000000000000 stre    7    8           val=   1.99230
   9 k  1.0000000000000 bend    1    8    7      val= 146.34596
  10 k  1.0000000000000 tors    9    2    1    3 val= 127.63207
        1.0000000000000 tors    9    2    1    5
        1.0000000000000 tors    9    2    1    7
  11 k  1.0000000000000 stre    2    9           val=   1.78011
  12 k  1.0000000000000 bend    1    9    2      val= 114.75390
  13 k  1.0000000000000 stre    1    3           val=   3.23425
  14 k  1.0000000000000 stre    1    5           val=   3.25423
  15 k  1.0000000000000 stre    1    7           val=   3.37958
  16 k  1.0000000000000 stre    1    2           val=   3.42771
  17 k -0.0012055747399 bend    5    3    1      val=   0.04603
       -0.5418874258682 bend    7    3    1
       -0.4580157894105 bend    7    5    1
        0.5432278706010 bend    2    3    1
        0.4487063032283 bend    2    5    1
        0.0120097864967 bend    2    7    1
  18 k  0.5794115021766 bend    5    3    1      val=   1.86087
        0.2762470784989 bend    7    3    1
       -0.2088542729049 bend    7    5    1
        0.2773591157353 bend    2    3    1
       -0.1962735189305 bend    2    5    1
       -0.6549033380132 bend    2    7    1
  19 k  0.3862034298230 bend    5    3    1      val=   6.57197
       -0.4143961792499 bend    7    3    1
        0.4780006661639 bend    7    5    1
       -0.3876321343335 bend    2    3    1
        0.4655330874041 bend    2    5    1
       -0.2892375382396 bend    2    7    1
  20 k -0.6166751688745 bend    5    3    1      val=   1.77520
        0.3106040341442 bend    7    3    1
        0.2452624205926 bend    7    5    1
        0.2079110100473 bend    2    3    1
        0.3860212990688 bend    2    5    1
       -0.5204265401365 bend    2    7    1
  21 k -0.0794103267447 bend    5    3    1      val=   0.73128
       -0.4080073849775 bend    7    3    1
        0.5675020339915 bend    7    5    1
        0.4926836957262 bend    2    3    1
       -0.5084757840927 bend    2    5    1
       -0.0622942066534 bend    2    7    1
        21 non zero eigenvalues  of BmBt
           1           9.152519069    1    0
         1
           2           7.556799214    2    0
         2
           3           3.915528792    3    0
         3
           4           3.437518740    4    0
         4
           5           3.338634501    5    0
         5
           6           2.694180814    6    0
         6
           7           2.570471018    7    0
         7
           8           2.341390457    8    0
         8
           9           2.117534913    9    0
         9
          10           1.823973322   10    0
        10
          11           1.631747812   11    0
        11
          12           1.233692060   12    0
        12
          13           0.974670737   13    0
        13
          14           0.790640420   14    0
        14
          15           0.459830676   15    0
        15
          16           0.320095644   16    0
        16
          17           0.153029280   17    0
        17
          18           0.111391378   18    0
        18
          19           0.101443356   19    0
        19
          20           0.084631974   20    0
        20
          21           0.071632330   21    0
        21
$user-defined bonds
$end
