$coord
   -0.01415170017301     -0.32892128648463      0.10404423772951      ti
    1.13190649946054     -2.82476982682671      2.01060106008920      o
   -2.51409946516509     -0.33675010487358     -2.16470042391333      o
   -4.27187583321586     -0.68004972157828     -1.74851939220681      h
   -0.77410312289340      2.63895749081893      1.66221571762073      o
   -1.47042534229342      3.94805515546856      0.93622830282371      h
    2.38044334082870      1.19955115258273     -1.79516724812936      o
    3.15734650165790      2.48127414244698     -1.13219212369504      h
    2.57918058861505     -3.54372521714524      2.95059080985929      h
$redundant
     number_of_atoms             9
     degrees_of_freedom         21
     internal_coordinates       21
     frozen_coordinates          0
# definitions of redundant internals
   1 k  1.0000000000000 tors    4    3    1    2 val= 132.29231
        1.0000000000000 tors    4    3    1    5
        1.0000000000000 tors    4    3    1    7
   2 k  1.0000000000000 stre    3    4           val=   1.83420
   3 k  1.0000000000000 bend    1    4    3      val= 127.40553
   4 k  1.0000000000000 tors    6    5    1    2 val= 107.10556
        1.0000000000000 tors    6    5    1    3
        1.0000000000000 tors    6    5    1    7
   5 k  1.0000000000000 stre    5    6           val=   1.83443
   6 k  1.0000000000000 bend    1    6    5      val= 127.03619
   7 k  1.0000000000000 tors    8    7    1    2 val= 132.29231
        1.0000000000000 tors    8    7    1    3
        1.0000000000000 tors    8    7    1    5
   8 k  1.0000000000000 stre    7    8           val=   1.83420
   9 k  1.0000000000000 bend    1    8    7      val= 127.40553
  10 k  1.0000000000000 tors    9    2    1    3 val= 107.10556
        1.0000000000000 tors    9    2    1    5
        1.0000000000000 tors    9    2    1    7
  11 k  1.0000000000000 stre    2    9           val=   1.83443
  12 k  1.0000000000000 bend    1    9    2      val= 127.03619
  13 k  1.0000000000000 stre    1    3           val=   3.44247
  14 k  1.0000000000000 stre    1    7           val=   3.44247
  15 k  1.0000000000000 stre    1    5           val=   3.44261
  16 k  1.0000000000000 stre    1    2           val=   3.44261
  17 k -0.0188958784236 bend    5    3    1      val=   0.00000
       -0.7068542606355 bend    5    7    1
        0.7068542606355 bend    2    3    1
        0.0188958784236 bend    2    7    1
  18 k -0.7068542606355 bend    5    3    1      val=   0.00000
        0.0188958784236 bend    5    7    1
       -0.0188958784236 bend    2    3    1
        0.7068542606355 bend    2    7    1
  19 k  0.7071296662474 bend    7    3    1      val=   0.00107
       -0.0000040855631 bend    5    3    1
       -0.0000039664716 bend    5    7    1
       -0.0000039664716 bend    2    3    1
       -0.0000040855631 bend    2    7    1
       -0.7070838953392 bend    2    5    1
  20 k -0.5739299218280 bend    7    3    1      val=   2.27998
        0.3044115582980 bend    5    3    1
        0.2791288382320 bend    5    7    1
        0.2791288382320 bend    2    3    1
        0.3044115582980 bend    2    7    1
       -0.5739737228429 bend    2    5    1
  21 k -0.0143443615543 bend    7    3    1      val=   0.19804
       -0.4922929584817 bend    5    3    1
        0.5073872967968 bend    5    7    1
        0.5073872967968 bend    2    3    1
       -0.4922929584817 bend    2    7    1
       -0.0143452936095 bend    2    5    1
        21 non zero eigenvalues  of BmBt
           1           4.876261422    1    0
         1
           2           4.607090803    2    0
         2
           3           4.410040322    3    0
         3
           4           4.357058870    4    0
         4
           5           2.852018264    5    0
         5
           6           2.651243256    6    0
         6
           7           2.642657112    7    0
         7
           8           2.310387670    8    0
         8
           9           2.126545902    9    0
         9
          10           1.805931182   10    0
        10
          11           1.801122993   11    0
        11
          12           1.336150707   12    0
        12
          13           0.827257446   13    0
        13
          14           0.823384128   14    0
        14
          15           0.489386089   15    0
        15
          16           0.307084128   16    0
        16
          17           0.145660338   17    0
        17
          18           0.097774123   18    0
        18
          19           0.097266418   19    0
        19
          20           0.081004047   20    0
        20
          21           0.079703452   21    0
        21
$user-defined bonds
$end
