$coord
   -0.08354309158135     -0.03854379906940      0.05694198372656      ti
    1.03488206050896     -2.62471016788656      1.85059028261881       o
   -2.48114616179033     -0.91815424419846     -2.16570702856543       o
   -4.01282720708643      0.09024972962697     -2.13621501767255       h
   -0.80095966553313      2.71974808558903      1.82263121756493       o
   -0.57694945104212      3.80857143369815      3.35944853849020       h
    2.57375351374069      0.93026360925799     -1.70810682192536       o
    2.52509930191512     -0.15239299556168     -3.27972968568397       h
    1.19734276101621     -3.92635617383478      3.06459173538686       h
$end
