$coord
    0.06849841491961      0.12630646013288     -0.05672258652254      ti
    0.85900165884164     -2.49104398035655      1.87436965141197       o
   -2.43414149190616     -0.98178566946282     -1.82203066259989       o
   -2.85710906565406     -1.44971190661082     -3.52445299934492       h
   -1.13887066603985      2.55827155445179      2.30568168884486       o
   -0.97802454754054      1.56249964393426      3.91638201033279       h
    2.59386964842525      0.66992000835521     -2.15416004600305       o
    4.32510237184703     -0.17628499203237     -1.76015460394037       h
   -0.71825636824523     -3.42744712084767      1.81345508540886       h
$end
