$coord
   -0.79957293071496     -2.52914627236915      0.00000000000000  c
   -2.59757864436458     -0.57568941974621      0.00000000000000  c
    1.79735098437233     -1.96172438447459      0.00000000000000  c
    2.59009138711592      0.57212266600705      0.00000000000000  c
    0.80022765999223      2.53741380422075      0.00000000000000  c
   -1.79051845640090      1.95702360636212      0.00000000000000  c
    3.76154284053740     -3.86658601231877      0.00000000000000  c
    3.62294103168604     -6.35679942030307      0.00000000000000  c
   -0.57414132585253     -7.25191559980934      0.00000000000000  n
   -1.47245891160580     -5.17656006603094      0.00000000000000  c
   -6.18975381949413     -3.90789111605215      0.00000000000000  c
   -5.22933313285436     -1.32429865116947      0.00000000000000  c
   -7.31662030058763      0.04084074029840      0.00000000000000  c
   -5.99327247260945      4.12317877345564      0.00000000000000  n
   -3.74680306559593      3.86346685649486      0.00000000000000  c
   -0.28945607197771      7.31442960887969      0.00000000000000  c
    1.46779029231695      5.19088466348828      0.00000000000000  c
    6.47920989147178     -3.40653849282748      0.00000000000000  c
    5.21926197720173      1.31309320953600      0.00000000000000  c
    6.56741379846175      3.12873682635419      0.00000000000000  n
    3.69367926890160      6.31595868000468      0.00000000000000  c
    4.74904160379539      8.07574801272214      0.00000000000000  h
    7.55009892748429     -3.54123295069456      1.77280500100278  h
    7.55009892748429     -3.54123295069456     -1.77280500100278  h
    4.61928213168144     -8.15066467887715      0.00000000000000  h
   -9.36832373547683      0.07491666615491      0.00000000000000  h
   -6.84184715976217     -4.76796099693985     -1.77280500100278  h
   -6.84184715976217     -4.76796099693985      1.77280500100278  h
   -0.70825176772212      8.30919394763440     -1.77280500100278  h
   -0.70825176772212      8.30919394763440      1.77280500100278  h
$user-defined bonds
$redundant
     number_of_atoms            30
     degrees_of_freedom         18
     internal_coordinates       25
     frozen_coordinates          0
# definitions of redundant internals
   1 k  1.7320508075689 stre   8   25           val=   2.05199
   2 k  2.4494897427832 stre  11   27           val=   2.07552
   3 k -1.2247448713916 bend   7   25    8      val= -20.37824
        1.2247448713916 bend   9   25    8
   4 k -0.0013151990321 bend  28   27   11      val=  -9.19017
        0.8670900181113 bend  10   27   11
        0.8670900181113 bend  10   28   11
       -0.8649589791531 bend  12   27   11
       -0.8649589791531 bend  12   28   11
   5 k -1.5010309100057 bend  28   27   11      val=   4.65970
        0.4310157254056 bend  10   27   11
        0.4310157254056 bend  10   28   11
        0.4332188223713 bend  12   27   11
        0.4332188223713 bend  12   28   11
   6 k  1.7320508075689 stre   1   10           val=   2.73159
   7 k  1.7320508075689 stre   1    2           val=   2.65496
   8 k  1.7320508075689 stre   1    3           val=   2.65819
   9 k  1.7320508075689 stre   2   12           val=   2.73616
  10 k  1.7320508075689 stre   7    8           val=   2.49407
  11 k  1.7320508075689 stre   7   18           val=   2.75633
  12 k  1.7320508075689 stre   8    9           val=   4.29147
  13 k  1.7320508075689 stre   9   10           val=   2.26143
  14 k  1.7320508075689 stre  10   11           val=   4.88491
  15 k -0.5857207455122 bend   2   10    1      val=   0.50015
       -0.8219034615190 bend   3   10    1
        1.4076242070310 bend   3    2    1
  16 k  1.2872183996031 bend   2   10    1      val=   3.06621
       -1.1508582449386 bend   3   10    1
       -0.1363601546645 bend   3    2    1
  17 k  0.5732871874416 bend   1   12    2      val=   0.54053
        0.8329573845463 bend   6   12    2
       -1.4062445719878 bend   6    1    2
  18 k -1.2928038523749 bend   1   12    2      val=   3.17878
        1.1428831941760 bend   6   12    2
        0.1499206581989 bend   6    1    2
  19 k -1.3221521817494 bend   8    3    7      val= -12.06091
        0.2264093148020 bend  18    3    7
        1.0957428669474 bend  18    8    7
  20 k  0.5019099603468 bend   8    3    7      val=  -6.67933
       -1.3959723572374 bend  18    3    7
        0.8940623968906 bend  18    8    7
  21 k  1.7320508075689 bend   9    7    8      val= 105.22488
  22 k  1.7320508075689 bend   8   10    9      val= 101.36621
  23 k  1.3532003416621 bend   9    1   10      val=  11.58942
       -0.3207397677315 bend  11    1   10
       -1.0324605739306 bend  11    9   10
  24 k  0.4109121990470 bend   9    1   10      val=  21.69503
       -1.3773619718126 bend  11    1   10
        0.9664497727656 bend  11    9   10
  25 k  1.7320508075689 bend  12   10   11      val=  84.66091
        18 non zero eigenvalues  of BmBt
           1           2.092112704    1    0
         1
           2           2.000035550    2    0
         2
           3           1.525981093    3    0
         3
           4           1.295769695    4    0
         4
           5           0.774727592    5    0
         5
           6           3.067525597    6    0
         6
           7           2.826314728    7    0
         7
           8           2.494786759    8    0
         8
           9           2.236467403    9    0
         9
          10           1.917261584   10    0
        10
          11           1.373103139   11    0
        11
          12           0.698754417   12    0
        12
          13           0.513992646   13    0
        13
          14           0.194914054   14    0
        14
          15           1.788039204    0    0
         0.000000000         0.000000000         0.000000000         0.000000000
         0.000000000         0.000000000         0.000000000         0.000000000
         0.000000000         0.000000000         0.000000000         0.000000000
         0.000000000         0.000000000         0.168499757         0.588472103
         0.172353255         0.569839016         0.269573060        -0.195522787
         0.104790247        -0.118320751         0.307889234         0.200206518
         0.011324585
          16           1.081238942    0    0
         0.000000000         0.000000000         0.000000000         0.000000000
         0.000000000         0.000000000         0.000000000         0.000000000
         0.000000000         0.000000000         0.000000000         0.000000000
         0.000000000         0.000000000        -0.566621135         0.206193382
        -0.565949056         0.199061286        -0.247341663        -0.260366184
        -0.086554542         0.080832371        -0.215815783         0.294732729
         0.007950275
          17           0.675972834    0    0
         0.000000000         0.000000000         0.000000000         0.000000000
         0.000000000         0.000000000         0.000000000         0.000000000
         0.000000000         0.000000000         0.000000000         0.000000000
         0.000000000         0.000000000        -0.246931649        -0.056853872
        -0.265519791        -0.223794380         0.147775354         0.196917369
         0.489124126        -0.605327842         0.353278511         0.068904351
         0.139197652
          18           0.394999361    0    0
         0.000000000         0.000000000         0.000000000         0.000000000
         0.000000000         0.000000000         0.000000000         0.000000000
         0.000000000         0.000000000         0.000000000         0.000000000
         0.000000000         0.000000000        -0.116493714        -0.278725288
        -0.064700931         0.233370213         0.357268887        -0.434452695
         0.344983516        -0.034291405        -0.220652466        -0.434324450
        -0.419748252
$end
