$dipgrad          cartesian dipole gradients
  -.47210143593184D-01  0.11674562759456D+00  0.10926725342698D-18
  -.11338457835263D+00  -.71135745440928D-03  -.26787416956917D-19
  0.27105051727198D-18  -.38010604800506D-18  0.57198667214922D-01
  0.73231873147178D-01  -.29743912349510D-01  -.44385188180615D-18
  0.46439829101266D-01  -.60468205491036D-01  0.23886329112571D-18
  -.21938153333886D-18  -.11138483256394D-18  0.19953021850894D-01
  -.19813641808456D-01  -.10015968220755D+00  0.43706238333832D-18
  -.23975940756967D-01  0.32577309464480D-01  -.21261519592818D-18
  0.61407820724405D-20  0.10248770374471D-18  0.19953021850902D-01
  -.10880676975660D-01  0.13435940568371D+00  -.20498197323554D-18
  -.95770800263492D-01  -.37040824071855D-01  0.27179169695022D-18
  -.13989278519497D-19  0.13645171384675D-19  0.57198667214955D-01
  -.34272729854693D-01  0.15627982381139D-01  0.33881317890172D-20
  0.91811723831798D-01  0.47036397510742D-01  0.13010426069826D-17
  -.66492086359463D-19  0.33881317890172D-20  0.19953021850889D-01
  -.13791431002592D-01  0.94090275642511D-01  0.54104229505868D-19
  -.13603993030475D+00  -.34130070044956D-01  -.42351647362715D-21
  -.13923104070493D-19  0.48810273585529D-18  0.57198667214967D-01
  0.36202995987609D-01  0.28195404163910D+00  -.16567963414318D-17
  0.15856633230262D+00  0.18142650431733D+00  0.65052128410426D-18
  0.14399560466830D-18  -.52787086430876D-17  -.36796901708328D-01
  0.37692231182417D+00  -.70455507464997D-01  -.17482760548317D-17
  0.17650608916491D+00  -.41596136570734D+00  0.67762118760907D-20
  0.33880251616469D-20  -.20328596860689D-19  -.11582191272258D+00
  -.27379993365265D+00  0.64410884284370D-02  -.20540548970917D-19
  0.61900342969321D-01  -.70631964552493D+00  -.31763735522036D-21
  -.64295094652556D-19  0.33907787669774D-19  -.23589926265162D+00
  0.24360323551878D+00  -.32983075018136D+00  -.21175823681358D-21
  -.59747034312173D-01  0.40701134201594D+00  -.13764283777295D-19
  0.32972080986097D-18  0.20885979614914D-18  0.54369381077684D-01
  -.28320149319524D+00  0.17154206826138D+00  -.89175628686933D-17
  0.84644263467386D-01  -.24710927440529D+00  -.15287250631642D-16
  0.76110992508381D-16  -.87169854667835D-16  0.80256683851936D-01
  -.45630290124465D-01  -.11131986253741D+00  0.86736194478356D-18
  -.23470757187371D+00  0.26325979042906D+00  0.17347234759768D-17
  -.71015236610934D-17  -.17076184475141D-17  -.36796901708411D-01
  -.26366169524429D+00  0.19333525975424D+00  0.43198669970212D-18
  0.44029685638451D+00  0.22462264136039D+00  -.17482758997353D-17
  -.34491182129183D-17  0.87075005718553D-18  -.11582191272258D+00
  -.62778242541811D+00  0.14247154394001D+00  -.64718611126149D-20
  0.19793079847969D+00  -.35233715375921D+00  -.68722165290906D-20
  -.61199784800348D-19  -.98604892099996D-19  -.23589926265151D+00
  0.53485144445231D+00  -.10840519751646D+00  0.10799670077492D-18
  0.16167851835358D+00  0.11576313308161D+00  0.00000000000000D+00
  -.16601845766184D-18  -.20964065444544D-18  0.54369381077724D-01
  -.36706426479243D+00  -.36226069711689D-01  0.55429836068321D-17
  -.12312387450471D+00  -.16324650280826D+00  -.82399365108898D-17
  -.19922214919421D-17  0.16512399086954D-15  0.80256683851935D-01
  0.33587154459404D+00  0.14447384902991D-01  0.16940658945086D-17
  -.10894032443347D+00  -.11824204428874D+00  -.21684043449710D-18
  0.23039296165317D-18  0.33068166260808D-17  -.36796901708369D-01
  -.14520039341230D+00  -.49692913600766D-02  0.24633412172252D-16
  -.91867096153019D-01  -.38511037418781D+00  0.35236570585584D-18
  -.20432636973437D-15  0.46878191432943D-16  0.80256683851905D-01
  0.19746718633199D+00  0.33110373894528D-01  -.22277297385033D-18
  0.30319408976217D+00  0.45314739120331D+00  0.54888065854324D-18
  0.53914805145594D-18  0.23453465498022D-19  0.54369381077750D-01
  -.56859700969750D+00  -.23210151417986D+00  -.33881317890172D-20
  -.17664225963741D+00  -.41152256948083D+00  0.20553783860718D-19
  -.48274260548595D-19  0.33947492339176D-20  -.23589926265151D+00
  -.17181919740569D+00  -.49332214723464D+00  0.33881317890172D-19
  -.24636055060414D+00  0.13278014352229D+00  0.16940658945086D-19
  -.86566767209389D-18  -.34558944247975D-17  -.11582191272261D+00
  0.30289271025223D+00  0.18717450389216D+00  0.00000000000000D+00
  -.38461122648552D-01  0.12061415428333D+00  0.33881317890172D-20
  0.00000000000000D+00  -.21684043449710D-18  0.18358715971534D+00
  0.31771160735147D-01  -.86060726853605D-02  -.18272199339528D-01
  0.75446377844719D-04  0.11466698511530D+00  0.88214189085806D-02
  -.14782909380250D-01  0.49381252371858D-02  -.34234183083595D-02
  0.31771160735147D-01  -.86060726853574D-02  0.18272199339528D-01
  0.75446377845724D-04  0.11466698511530D+00  -.88214189085806D-02
  0.14782909380252D-01  -.49381252371909D-02  -.34234183083592D-02
  0.10178901025585D+00  0.15456839797637D+00  0.00000000000000D+00
  -.71067228564171D-01  0.32171785427986D+00  0.00000000000000D+00
  0.00000000000000D+00  0.00000000000000D+00  0.18358715971536D+00
  0.23057857629546D+00  -.32894620576391D-02  0.00000000000000D+00
  -.22892508859824D+00  0.19292828824020D+00  0.00000000000000D+00
  0.00000000000000D+00  -.54210108624275D-19  0.18358715971537D+00
  0.97636898566361D-01  -.38103047845275D-01  -.16775672542056D-01
  -.29421528781621D-01  0.48801247284165D-01  -.11413479356692D-01
  -.11667996592640D-01  -.10333312446589D-01  -.34234183083667D-02
  0.97636898566358D-01  -.38103047845270D-01  0.16775672542056D-01
  -.29421528781620D-01  0.48801247284167D-01  0.11413479356692D-01
  0.11667996592638D-01  0.10333312446588D-01  -.34234183083667D-02
  0.90249159474026D-01  0.33686841935676D-01  -.14965267975048D-02
  0.42368360998897D-01  0.56188986376671D-01  0.20234898265302D-01
  -.31149127876631D-02  0.15271437683800D-01  -.34234183083679D-02
  0.90249159474027D-01  0.33686841935677D-01  0.14965267975048D-02
  0.42368360998899D-01  0.56188986376674D-01  -.20234898265301D-01
  0.31149127876650D-02  -.15271437683800D-01  -.34234183083681D-02
$end
