$coord
   -0.07670184505450      0.10058864778832     -0.04471955243390      ti
    1.01807262859230     -2.47965909878064      2.13443533421099      o
   -2.56250939429682     -0.88082361179064     -1.79211567038809      o
   -4.15707958043228     -1.44290545350967     -2.38598780792281      h
   -0.76809670118382      2.52929679911721      2.03598041371503      o
   -2.44214782360538      3.13553209193111      1.71671156150923      h
    2.58905582005493      0.45286459046679     -2.20013437658919      o
    3.09253782131101      2.14117690909540     -1.57544156171755      h
    2.76244783035046     -2.60884852510184      1.54184197435039      h
$redundant
     number_of_atoms             9
     degrees_of_freedom         21
     internal_coordinates       21
     frozen_coordinates          0
# definitions of redundant internals
   1 k  1.0000000000000 stre    4    3           val=   1.79200
   2 k  1.0000000000000 linc    4    1    3    7 val= -13.92476
   3 k  1.0000000000000 linp    4    1    3    7 val=  -0.91925
   4 k  1.0000000000000 stre    1    3           val=   3.19309
   5 k -0.7440104419611 bend    5    3    1      val=   0.29415
        0.6529875281587 bend    7    3    1
        0.1416183262223 bend    2    3    1
   6 k -0.2297233621290 bend    5    3    1      val=  13.78793
       -0.4490166615216 bend    7    3    1
        0.8634878195830 bend    2    3    1
   7 k  1.0000000000000 tors    6    5    1    2 val= 175.95201
        1.0000000000000 tors    6    5    1    7
   8 k  1.0000000000000 stre    5    6           val=   1.80884
   9 k  1.0000000000000 bend    1    6    5      val= 109.39584
  10 k  1.0000000000000 tors    8    7    1    2 val= 125.05238
        1.0000000000000 tors    8    7    1    5
  11 k  1.0000000000000 stre    7    8           val=   1.86926
  12 k  1.0000000000000 bend    1    8    7      val=  95.25897
  13 k  1.0000000000000 tors    9    2    1    5 val= 125.92966
        1.0000000000000 tors    9    2    1    7
  14 k  1.0000000000000 stre    2    9           val=   1.84681
  15 k  1.0000000000000 bend    1    9    2      val=  98.34566
  16 k  1.0000000000000 stre    1    5           val=   3.27200
  17 k  1.0000000000000 stre    1    7           val=   3.44618
  18 k  1.0000000000000 stre    1    2           val=   3.55034
  19 k  0.9373639378000 bend    7    5    1      val=  51.62283
       -0.3415186379717 bend    2    5    1
       -0.0686576145092 bend    2    7    1
  20 k  0.2167969633674 bend    7    5    1      val=  20.78160
        0.7261985881775 bend    2    5    1
       -0.6524068417818 bend    2    7    1
  21 k  0.2726681587330 bend    7    5    1      val= 105.31730
        0.5966578839226 bend    2    5    1
        0.7547525718845 bend    2    7    1
        21 non zero eigenvalues  of BmBt
           1           3.453612220    1    0
         1
           2           3.264017707    2    0
         2
           3           2.980879937    3    0
         3
           4           2.221888676    4    0
         4
           5           2.161061002    5    0
         5
           6           2.103609253    6    0
         6
           7           1.919854992    7    0
         7
           8           1.702595838    8    0
         8
           9           1.657915623    9    0
         9
          10           1.425443857   10    0
        10
          11           1.276688213   11    0
        11
          12           1.233033476   12    0
        12
          13           0.981858100   13    0
        13
          14           0.612415038   14    0
        14
          15           0.461808983   15    0
        15
          16           0.282345574   16    0
        16
          17           0.138649980   17    0
        17
          18           0.114040204   18    0
        18
          19           0.092790671   19    0
        19
          20           0.083941107   20    0
        20
          21           0.066187471   21    0
        21
$user-defined bonds
$end
