$energy      SCF               SCFKIN            SCFPOT
     1 -1152.090454350      1148.88807     -2300.97853     0.2100410302343
     2 -1152.092127387      1148.85627     -2300.94840     0.2097682310120
     3 -1152.090147858      1148.85309     -2300.94324     0.2084946737621
     4 -1152.089167991      1148.84601     -2300.93517     0.2062574946303
     5 -1152.093986308      1148.79593     -2300.88992     0.2030159434134
     6 -1152.098595119      1148.71646     -2300.81505     0.1986920970927
     7 -1152.097276069      1148.62399     -2300.72127     0.1932954677593
     8 -1152.093813891      1148.49721     -2300.59102     0.1871570891675
     9 -1152.093613602      1148.31960     -2300.41322     0.1806378940190
    10 -1152.095232848      1148.12493     -2300.22016     0.1739132065867
    11 -1152.093557556      1147.96999     -2300.06355     0.1670486532305
    12 -1152.087053475      1147.87813     -2299.96519     0.1601462466217
    13 -1152.080328414      1147.81726     -2299.89759     0.1532293817414
    14 -1152.078680295      1147.74227     -2299.82095     0.1462242942235
    15 -1152.076358698      1147.66182     -2299.73818     0.1391838373368
    16 -1152.067651759      1147.59203     -2299.65968     0.1322918463194
    17 -1152.057326606      1147.50873     -2299.56605     0.1257909324241
    18 -1152.051109307      1147.39550     -2299.44661     0.1197652247815
    19 -1152.047423770      1147.28679     -2299.33421     0.1141064637942
    20 -1152.041421585      1147.23491     -2299.27633     0.1086048803506
    21 -1152.031741521      1147.25481     -2299.28655     0.1030986424123
    22 -1152.023075545      1147.30561     -2299.32868     0.9745819653490E-01
    23 -1152.020199683      1147.33898     -2299.35918     0.9163549465816E-01
    24 -1152.016416563      1147.36390     -2299.38032     0.8573165917347E-01
    25 -1152.007103258      1147.39100     -2299.39810     0.7989677674779E-01
    26 -1151.997857185      1147.39362     -2299.39148     0.7433923162371E-01
    27 -1151.993485153      1147.36280     -2299.35628     0.6920479952614E-01
    28 -1151.991535607      1147.33942     -2299.33096     0.6442975206815E-01
    29 -1151.987286879      1147.37391     -2299.36120     0.5987433331123E-01
    30 -1151.979794949      1147.47418     -2299.45398     0.5546263180885E-01
    31 -1151.974068355      1147.59410     -2299.56817     0.5117270302626E-01
    32 -1151.973441698      1147.68964     -2299.66308     0.4710233799280E-01
    33 -1151.970647704      1147.77166     -2299.74231     0.4343807554630E-01
    34 -1151.963309458      1147.84293     -2299.80624     0.4031656736181E-01
    35 -1151.957126128      1147.88056     -2299.83768     0.3775811541314E-01
    36 -1151.955349547      1147.88926     -2299.84461     0.3561374430782E-01
    37 -1151.955022374      1147.91620     -2299.87122     0.3368017136747E-01
    38 -1151.952130048      1148.00678     -2299.95891     0.3183195910662E-01
    39 -1151.946392453      1148.15890     -2300.10529     0.3001520211352E-01
    40 -1151.943057243      1148.31803     -2300.26109     0.2822440579733E-01
    41 -1151.944210437      1148.43954     -2300.38375     0.2653098822944E-01
    42 -1151.942890258      1148.53052     -2300.47341     0.2507371147650E-01
    43 -1151.938151761      1148.58960     -2300.52775     0.2392876287548E-01
    44 -1151.934549001      1148.60396     -2300.53851     0.2306451871745E-01
    45 -1151.934374107      1148.58977     -2300.52415     0.2235730761876E-01
    46 -1151.935041441      1148.59568     -2300.53072     0.2169514728718E-01
    47 -1151.933653609      1148.65849     -2300.59214     0.2102722247015E-01
    48 -1151.930109148      1148.76776     -2300.69786     0.2047361191782E-01
    49 -1151.928858450      1148.86340     -2300.79226     0.2006674868242E-01
    50 -1151.931373976      1148.89559     -2300.82696     0.1981737715906E-01
    51 -1151.931982624      1148.86483     -2300.79681     0.1974003345111E-01
    52 -1151.929552521      1148.77854     -2300.70809     0.1981394757064E-01
    53 -1151.927808727      1148.64564     -2300.57345     0.1995953603513E-01
    54 -1151.929085895      1148.49903     -2300.42811     0.2007725308999E-01
    55 -1151.931360394      1148.39042     -2300.32178     0.2006128435694E-01
    56 -1151.932337026      1148.34918     -2300.28151     0.1993715353282E-01
    57 -1151.930882461      1148.35895     -2300.28983     0.1973500686026E-01
    58 -1151.930628225      1148.35451     -2300.28514     0.1945222377962E-01
    59 -1151.933818980      1148.28198     -2300.21580     0.1909071916786E-01
    60 -1151.934691309      1148.15131     -2300.08600     0.1874772686788E-01
    61 -1151.931060121      1147.98877     -2299.91983     0.1849119847922E-01
    62 -1151.927747072      1147.81438     -2299.74213     0.1831615792554E-01
    63 -1151.927005362      1147.66807     -2299.59507     0.1810934415064E-01
    64 -1151.927265450      1147.59123     -2299.51849     0.1797033803767E-01
    65 -1151.925250515      1147.58886     -2299.51411     0.1782836298296E-01
    66 -1151.920194092      1147.64732     -2299.56751     0.1772849333110E-01
    67 -1151.918362050      1147.68719     -2299.60555     0.1765856731730E-01
    68 -1151.921453618      1147.66392     -2299.58537     0.1758667917624E-01
    69 -1151.920137231      1147.61260     -2299.53274     0.1754343896512E-01
    70 -1151.912523697      1147.55871     -2299.47123     0.1756802713156E-01
    71 -1151.907260154      1147.49333     -2299.40059     0.1771039919199E-01
    72 -1151.906979808      1147.44111     -2299.34809     0.1791716537158E-01
    73 -1151.907905355      1147.45181     -2299.35971     0.1805775027076E-01
    74 -1151.906817165      1147.54796     -2299.45477     0.1808238986811E-01
    75 -1151.901438204      1147.70427     -2299.60571     0.1804927331902E-01
    76 -1151.897432878      1147.83784     -2299.73527     0.1794013513992E-01
    77 -1151.900578587      1147.88460     -2299.78518     0.1777473412459E-01
    78 -1151.900821810      1147.88595     -2299.78678     0.1775160805003E-01
    79 -1151.894356577      1147.88520     -2299.77955     0.1801642687942E-01
    80 -1151.890951313      1147.87506     -2299.76601     0.1862440600115E-01
    81 -1151.894114334      1147.87557     -2299.76968     0.1950180385394E-01
    82 -1151.899558992      1147.93420     -2299.83376     0.2056333851806E-01
    83 -1151.903215017      1148.07278     -2299.97600     0.2181179363743E-01
    84 -1151.902591554      1148.26266     -2300.16525     0.2331055084161E-01
    85 -1151.904384988      1148.41508     -2300.31947     0.2509878637702E-01
    86 -1151.915492086      1148.46345     -2300.37894     0.2715602321146E-01
    87 -1151.923841831      1148.46271     -2300.38655     0.2952096995513E-01
    88 -1151.924223135      1148.46600     -2300.39022     0.3228938767914E-01
    89 -1151.926688668      1148.46198     -2300.38867     0.3541110845383E-01
    90 -1151.934931014      1148.46135     -2300.39628     0.3879006496426E-01
    91 -1151.943967238      1148.50699     -2300.45095     0.4237659486763E-01
    92 -1151.949947852      1148.61505     -2300.56500     0.4622112260033E-01
    93 -1151.952149320      1148.75185     -2300.70400     0.5045453743834E-01
    94 -1151.956172293      1148.83961     -2300.79578     0.5512585106673E-01
    95 -1151.966489183      1148.82745     -2300.79394     0.5999950274925E-01
    96 -1151.973238001      1148.76309     -2300.73633     0.6496648786915E-01
    97 -1151.972111897      1148.69352     -2300.66564     0.7026451005473E-01
    98 -1151.973422264      1148.60429     -2300.57772     0.7600731471346E-01
    99 -1151.980706467      1148.50530     -2300.48601     0.8213934503354E-01
   100 -1151.989160296      1148.43735     -2300.42652     0.8863420731130E-01
   101 -1151.997273274      1148.40948     -2300.40675     0.9552379118228E-01
   102 -1152.006087305      1148.39268     -2300.39877     0.1003904893398
   103 -1152.015753968      1148.34650     -2300.36225     0.1044317824682
   104 -1152.027917111      1148.23642     -2300.26433     0.1097139084737
   105 -1152.039290019      1148.07890     -2300.11819     0.1161991645955
   106 -1152.045887674      1147.91770     -2299.96359     0.1243486114259
   107 -1152.053825356      1147.76723     -2299.82106     0.1345735526935
   108 -1152.063044857      1147.66575     -2299.72879     0.1468880060795
   109 -1152.070559601      1147.65231     -2299.72287     0.1608472780429
   110 -1152.077162723      1147.72747     -2299.80463     0.1726506560621
   111 -1152.081938249      1147.87374     -2299.95568     0.1752744115639
   112 -1152.080504612      1148.07246     -2300.15297     0.1743193385227
   113 -1152.074028746      1148.29225     -2300.36628     0.1732288540094
   114 -1152.057247559      1148.54628     -2300.60352     0.1724029851492
   115 -1152.026213995      1148.85339     -2300.87961     0.1715570101751
   116 -1151.988789511      1149.18715     -2301.17594     0.1708352881261
   117 -1151.951262430      1149.523618117     -2301.474880546
$end
