$grad          cartesian gradients
  cycle =     63   ex. state energy =    -1151.9088960178 |dE/dxyz| =  0.787427
    0.46142396839687      0.30103912094634      0.32523245520490      ti
    0.99666478834423     -2.42866147292104      2.19992244789568      o
   -4.15775574934157     -1.69865818960845     -3.02723979600753      o
   -4.88850972584526     -0.83198880628340     -4.63603647521760      h
   -0.74447225539676      2.71379693068113      2.38239271752186      o
   -2.16998100030740      3.33085935028954      3.30782132423438      h
    2.68157694620054      0.57342080630759     -2.33959843276072      o
    3.70219949411920      0.81569509563110     -3.91789206140266      h
    0.85704812887738     -4.28547481197061      2.24330350916539      h
  -.19886582380005D-01  0.69331923094790D-02  0.13876922859884D-01
  0.98750351207149D-02  0.21423004877067D-01  0.58286420439103D-02
  0.10948286434624D-01  -.29342397459845D-01  0.37350230419851D-01
  -.21472077589357D-01  0.24560340976946D-01  -.45963979384120D-01
  -.19235395595721D-02  0.42044170854799D-02  0.17523054655633D-01
  -.52851863782587D-04  -.13866854966032D-02  -.34256373564136D-02
  0.52646910799529D-02  -.51811155168645D-02  0.10767996963734D-01
  0.21980823329389D-01  0.36198718396926D-02  -.37169256827370D-01
  -.47337840155645D-02  -.24830628554772D-01  0.12120264907263D-02
$end
$grad          cartesian gradients
  cycle =     64   ex. state energy =    -1151.9092951120 |dE/dxyz| =  0.799015
    0.46501816157120      0.29529903787481      0.32225447937068      ti
    0.98600351681641     -2.42944451407442      2.21325448518372      o
   -4.17174410605408     -1.70688543632817     -3.04087756041261      o
   -4.86882080341485     -0.78992963981582     -4.56311462892196      h
   -0.74360491988011      2.73333109556568      2.40544870621502      o
   -2.28010150153874      3.35539115740655      3.28810411153239      h
    2.69068067125923      0.57716289862270     -2.35301276580202      o
    3.72067764627117      0.80687053073714     -3.92603217637174      h
    0.99119232196943     -4.29690748080967      2.19156796373391      h
  -.17975173422607D-01  0.12635057710538D-02  0.10283670930346D-01
  0.78062954247748D-02  0.22744445888130D-01  0.75089362607395D-02
  0.27822931641959D-02  -.21708661531299D-01  0.19536705923020D-01
  -.13377959596204D-01  0.16815597107893D-01  -.28077649118621D-01
  0.22885607297568D-01  -.20393724315509D-02  0.53392189140030D-02
  -.28295532193675D-01  0.10859094934113D-01  0.13782052114096D-01
  0.70278148689117D-02  -.40245153560080D-02  0.78248982290097D-02
  0.22053651814072D-01  0.33347358380453D-02  -.36718461080520D-01
  -.29069970017306D-02  -.27244829668247D-01  0.52062814423558D-03
$end
$grad          cartesian gradients
  cycle =     65   ex. state energy =    -1151.9074221520 |dE/dxyz| =  0.820274
    0.46923950742817      0.28825006576991      0.31816780934188      ti
    0.97285456595474     -2.43083307723290      2.22852848074084      o
   -4.18799705250655     -1.71568627700040     -3.05741512637771      o
   -4.82716667188802     -0.74728583024218     -4.44958590174579      h
   -0.74326860005816      2.75629786405507      2.43234372576494      o
   -2.38920388589938      3.37549462228523      3.25275064303719      h
    2.70097456863830      0.58187496186708     -2.36859396201449      o
    3.72328109541197      0.79347671625461     -3.90584615000397      h
    1.15339434619400     -4.28889276556695      2.12788380088316      h
  -.15440503014716D-01  -.49069000511424D-02  0.64495459659720D-02
  0.46649336241590D-02  0.22188248300747D-01  0.97054994279257D-02
  -.14157485858829D-01  0.60368331129725D-03  -.16812895431647D-01
  0.34480049399474D-02  -.56700872863186D-02  0.83553128903604D-02
  0.40307369485728D-01  -.35239422984069D-02  0.12486534128266D-02
  -.49404932133815D-01  0.18794799127291D-01  0.23176002113680D-01
  0.17401600786506D-01  -.88785293224057D-03  -.84078981180594D-02
  0.13445107012837D-01  0.11975243557264D-02  -.23138517807251D-01
  -.26409445498360D-03  -.27795471642048D-01  -.57570197254158D-03
$end
$grad          cartesian gradients
  cycle =     66   ex. state energy =    -1151.9024655987 |dE/dxyz| =  0.825201
    0.47334059193443      0.28113213862196      0.31363228283401      ti
    0.95946825780397     -2.43265666084439      2.24302624740531      o
   -4.20283469575136     -1.72462472122888     -3.07224815998482      o
   -4.78206407343351     -0.69335688789839     -4.34076715799947      h
   -0.74461056782640      2.77895047093638      2.45879180900796      o
   -2.45719453872116      3.37943568734175      3.19735911428349      h
    2.71009942774604      0.58665045017893     -2.38282942165489      o
    3.71390233627069      0.77908342059694     -3.86760798909996      h
    1.31523123981859     -4.25865535792313      2.06322434841255      h
  -.12862663994495D-01  -.10614684700732D-01  0.29845387133496D-02
  0.12254061306674D-02  0.20295147558023D-01  0.11947461247338D-01
  -.31303035364059D-01  0.31197480077798D-01  -.53719496207334D-01
  0.20491603105098D-01  -.36437191041058D-01  0.45365106143475D-01
  0.43471233030350D-01  0.76867642771203D-03  0.57760551403173D-02
  -.55660945696621D-01  0.20214033974348D-01  0.23261171410101D-01
  0.35104565421294D-01  0.34414469479927D-02  -.35306179280525D-01
  -.29341494441272D-02  -.21727243596605D-02  0.15077413239530D-02
  0.24679866469234D-02  -.26692184159452D-01  -.18163985013901D-02
$end
$grad          cartesian gradients
  cycle =     67   ex. state energy =    -1151.9007034827 |dE/dxyz| =  0.789072
    0.47727834834751      0.27404578897771      0.30871559574388      ti
    0.94601926137940     -2.43482160527840      2.25663722857912      o
   -4.21529615038962     -1.73531066786385     -3.08340671569486      o
   -4.74854896413958     -0.60224585131791     -4.26831785572200      h
   -0.74782393735563      2.80106361454106      2.48456146319435      o
   -2.47856305430382      3.36595201375050      3.12175608582646      h
    2.71707746176300      0.59125118055858     -2.39424854053015      o
    3.70684045752073      0.76659717657368     -3.83286023030235      h
    1.47453710286713     -4.20708990068157      1.99856588170704      h
  -.10372992550704D-01  -.15946264342822D-01  -.17620389362576D-03
  -.22469509864985D-02  0.17835392030998D-01  0.14084782358906D-01
  -.32633072637957D-01  0.40162723625675D-01  -.56710409732572D-01
  0.21763775363363D-01  -.45553290641424D-01  0.48472207980209D-01
  0.32484318900998D-01  0.96876058618479D-02  0.16030012977395D-01
  -.47021627463500D-01  0.16168688067060D-01  0.16905804855808D-01
  0.53242668328274D-01  0.74123392210615D-02  -.62176416164156D-01
  -.20249182123599D-01  -.52354415903838D-02  0.26685247287465D-01
  0.50330629257521D-02  -.24531752051223D-01  -.31150260384063D-02
$end
$grad          cartesian gradients
  cycle =     68   ex. state energy =    -1151.9038669388 |dE/dxyz| =  0.718112
    0.48099094082186      0.26711517156441      0.30350273743983      ti
    0.93275294943224     -2.43718843576465      2.26918351119270      o
   -4.22519984737488     -1.74809502928659     -3.09070203373940      o
   -4.72850099878596     -0.46758386272862     -4.23511067241907      h
   -0.75230497115715      2.82205417128753      2.50898358083878      o
   -2.46072354150289      3.33858731005383      3.03172746844648      h
    2.72087029761953      0.59543576051986     -2.40132018145974      o
    3.71725246161310      0.75870777975937     -3.82378695446168      h
    1.62850933588012     -4.13625516232549      1.93528537258557      h
  -.79954118649436D-02  -.20830692127243D-01  -.30378566249598D-02
  -.57767892220630D-02  0.15650570323284D-01  0.16077732146765D-01
  -.18242603792470D-01  0.11905156407760D-01  -.24687150403411D-01
  0.73671049200112D-02  -.17420558077709D-01  0.16574044068866D-01
  0.49038333142558D-02  0.22825766716978D-01  0.30079210427801D-01
  -.20993361392677D-01  0.69267435211783D-02  0.59887732063600D-02
  0.58101496353075D-01  0.87610400923986D-02  -.69333074785026D-01
  -.24829097780667D-01  -.57478458191461D-02  0.32813616255166D-01
  0.74648293601176D-02  -.22070180691167D-01  -.44752944137094D-02
$end
$grad          cartesian gradients
  cycle =     69   ex. state energy =    -1151.9025937920 |dE/dxyz| =  0.640788
    0.48444524652487      0.26040391842167      0.29803799464951      ti
    0.91982884125233     -2.43964479860250      2.28058771613359      o
   -4.23330051293740     -1.76135236708902     -3.09592750029582      o
   -4.71020897796419     -0.31491321939623     -4.21333664807238      h
   -0.75655336835415      2.84126744757779      2.53136615264528      o
   -2.42654177145314      3.30534162329971      2.93652124802163      h
    2.72122380367190      0.59913951467456     -2.40368089615340      o
    3.74911341568960      0.75577665773155     -3.84565139644382      h
    1.77556882745095     -4.04815951588474      1.87439422037453      h
  -.56010683592454D-02  -.25159495114394D-01  -.56632464318904D-02
  -.95671099128081D-02  0.14163124868793D-01  0.18068674452916D-01
  -.48740458400337D-02  -.25774483125928D-01  0.65198349193644D-02
  -.59838163667811D-02  0.20148968365952D-01  -.14492609275810D-01
  -.37455055831202D-01  0.38293691338670D-01  0.44185946584549D-01
  0.20486155923316D-01  -.56247705928839D-02  -.57116447054851D-02
  0.44916776439896D-01  0.72631458697250D-02  -.51075542729026D-01
  -.11895292297009D-01  -.35002582473971D-02  0.14181378485523D-01
  0.99734560514346D-02  -.19809922903376D-01  -.60127911270524D-02
$end
$grad          cartesian gradients
  cycle =     70   ex. state energy =    -1151.8949556699 |dE/dxyz| =  0.574636
    0.48762650314217      0.25392549077537      0.29232520137947      ti
    0.90735023655978     -2.44213215740681      2.29083296044040      o
   -4.24033530017605     -1.77304261609492     -3.10082893079197      o
   -4.68283343846753     -0.17664785432832     -4.17617931419390      h
   -0.75828724632105      2.85803183624225      2.55114251826684      o
   -2.41197717753935      3.27683056518682      2.84541483196957      h
    2.71886278583359      0.60247419440588     -2.40235432024140      o
    3.79140079455623      0.75576031471790     -3.88234846838466      h
    1.91489583770985     -3.94402518576502      1.81673298573982      h
  -.29627516610774D-02  -.28859847055614D-01  -.81485501255654D-02
  -.13841376544920D-01  0.13275719228660D-01  0.20181764452452D-01
  0.11460677795279D-02  -.52047805924560D-01  0.22167695669555D-01
  -.11978858723579D-01  0.46304670722082D-01  -.29993892634602D-01
  -.71436923017620D-01  0.48878300615398D-01  0.50984237449004D-01
  0.54034674463112D-01  -.14167770500525D-01  -.10727037703361D-01
  0.25043757787176D-01  0.50454950143903D-02  -.24279730885136D-01
  0.72121327993243D-02  -.64586040846395D-03  -.12369402319836D-01
  0.12783277264457D-01  -.17782901243585D-01  -.78150840535934D-02
$end
$grad          cartesian gradients
  cycle =     71   ex. state energy =    -1151.8895497548 |dE/dxyz| =  0.521388
    0.49046607602063      0.24777638024454      0.28643933998356      ti
    0.89563194855679     -2.44459298085280      2.29973388625288      o
   -4.24653431186828     -1.78158482016590     -3.10621814126918      o
   -4.64202503349661     -0.07708313051479     -4.11069985486320      h
   -0.75562674953541      2.87167151695932      2.56782958399806      o
   -2.44648726504893      3.26062950044523      2.76317112897891      h
    2.71486913819561      0.60553899273435     -2.39878935397019      o
    3.82729750682444      0.75613945318710     -3.91059722284419      h
    2.04332108715140     -3.82605307195616      1.76425010895525      h
  0.12332271662821D-03  -.31908807642180D-01  -.10586619564747D-01
  -.18374974633689D-01  0.12433294461778D-01  0.22337617164446D-01
  0.16580854728932D-02  -.64308964390762D-01  0.25327639442334D-01
  -.12467180307270D-01  0.58421742586614D-01  -.33023609335504D-01
  -.62623000645661D-01  0.47161353005419D-01  0.48006299928820D-01
  0.44969247181881D-01  -.11101468617923D-01  -.64590744364106D-02
  0.99279415620345D-02  0.36837662139566D-02  -.47659893102237D-02
  0.21083718771737D-01  0.11992370027953D-02  -.31060034740594D-01
  0.15702839285072D-01  -.15580152068994D-01  -.97762293759372D-02
$end
$grad          cartesian gradients
  cycle =     72   ex. state energy =    -1151.8890626426 |dE/dxyz| =  0.478395
    0.49288229991167      0.24205633170849      0.28047291802562      ti
    0.88503067294419     -2.44696842848940      2.30709398635867      o
   -4.25183210647748     -1.78617899900557     -3.11221187302596      o
   -4.58829478114796     -0.02814347066802     -4.01512295214788      h
   -0.74909124353533      2.88217776719723      2.58146307675329      o
   -2.52186816063595      3.25416171288673      2.68664683885603      h
    2.71010367502445      0.60838251251658     -2.39408246969776      o
    3.84440147863767      0.75525772154120     -3.91381611762013      h
    2.15731431137446     -3.69709067162002      1.71914521329013      h
  0.36727002770218D-02  -.34369568346903D-01  -.13127719478864D-01
  -.22461811643124D-01  0.10801728830259D-01  0.24288676675910D-01
  -.11664132480280D-02  -.63607316523342D-01  0.20275814226727D-01
  -.96141464089238D-02  0.57553463208185D-01  -.27845115127648D-01
  -.21614325788582D-01  0.38428504641387D-01  0.43861861429867D-01
  0.37281870173736D-02  -.14758900488210D-02  -.13572425238710D-02
  0.33986768983937D-02  0.34663322016085D-02  0.27570255563114D-02
  0.25976347564763D-01  0.17279621937559D-02  -.37264582686385D-01
  0.18080785362845D-01  -.12525215548139D-01  -.11588718470897D-01
$end
$grad          cartesian gradients
  cycle =     73   ex. state energy =    -1151.8898476047 |dE/dxyz| =  0.441306
    0.49482221531724      0.23677665218956      0.27444713401519      ti
    0.87572722770973     -2.44918951274380      2.31284714093036      o
   -4.25607081608574     -1.78685985229805     -3.11854626748571      o
   -4.52447401413183     -0.02900609503637     -3.89401106631812      h
   -0.74095431686770      2.89010917051462      2.59235949675357      o
   -2.60207887247516      3.24889779342279      2.61095497478707      h
    2.70491084375499      0.61103080149089     -2.38863424067795      o
    3.83865894637619      0.75262142028603     -3.88675752832255      h
    2.25548144178270     -3.55929901799669      1.68280853792743      h
  0.75212609192828D-02  -.36345580874082D-01  -.15930814640223D-01
  -.25289993959472D-01  0.79361931617467D-02  0.25767568930970D-01
  -.62806458177839D-02  -.47382468674427D-01  0.85913432022539D-02
  -.44308713672482D-02  0.41154063789908D-01  -.16010033350621D-01
  0.15750268335304D-01  0.31581552951979D-01  0.43858884458669D-01
  -.33834716415726D-01  0.59792099060111D-02  -.60033878044662D-03
  0.59101413240696D-02  0.42789307817372D-02  -.17564012712076D-02
  0.21514017784249D-01  0.10666708750948D-02  -.30991494375911D-01
  0.19140538802508D-01  -.82685715923683D-02  -.12928714332857D-01
$end
$grad          cartesian gradients
  cycle =     74   ex. state energy =    -1151.8887347751 |dE/dxyz| =  0.402496
    0.49622529636381      0.23193815380148      0.26838086471994      ti
    0.86783303661700     -2.45112023997791      2.31694548926661      o
   -4.25896573021387     -1.78447478875746     -3.12460425593130      o
   -4.45519130865262     -0.06584584468597     -3.75731630421287      h
   -0.73325175488039      2.89590178132018      2.60058935833304      o
   -2.65464212054708      3.23826661026299      2.53498901064762      h
    2.69912515489808      0.61345422616974     -2.38216716637828      o
    3.81401588059522      0.74876670335293     -3.83482663485601      h
    2.33755687324344     -3.41566574522593      1.65624786750832      h
  0.11457124845762D-01  -.37916685186318D-01  -.19071054760155D-01
  -.26432944055748D-01  0.40902868027811D-02  0.26601731254676D-01
  -.12630848798338D-01  -.98744431324718D-02  -.86398399887086D-02
  0.20633506409103D-02  0.34770208797105D-02  0.14036615390007D-02
  0.35890346310506D-01  0.28902954226023D-01  0.46659127702164D-01
  -.53989938119474D-01  0.90422675368226D-02  -.27757092130994D-02
  0.17566563375603D-01  0.60347061344273D-02  -.17923925993047D-01
  0.76188686074538D-02  -.68217482446514D-03  -.12630752099086D-01
  0.18457476945470D-01  -.30739322624451D-02  -.13623238841496D-01
$end
$grad          cartesian gradients
  cycle =     75   ex. state energy =    -1151.8833889307 |dE/dxyz| =  0.353696
    0.49701297207979      0.22757247869600      0.26234110463417      ti
    0.86143774699907     -2.45255123598396      2.31932864608157      o
   -4.26012391348450     -1.78101494043519     -3.12941137439778      o
   -4.38669456787233     -0.10653179280523     -3.62073665052919      h
   -0.72712471292940      2.89969672304317      2.60597978248949      o
   -2.66168303220695      3.21956001946217      2.46075103325000      h
    2.69211122914584      0.61555125224704     -2.37379540728444      o
    3.78261140381554      0.74519535012871     -3.77407177399228      h
    2.40404706624808     -3.27096583265879      1.64019795533445      h
  0.15362410919142D-01  -.39119371090354D-01  -.22510375347099D-01
  -.25889158967235D-01  -.56549348248894D-04  0.26726108439729D-01
  -.17307673641580D-01  0.43160495434578D-01  -.24888177574810D-01
  0.69558110561131D-02  -.49709924841766D-01  0.17853317787484D-01
  0.39647143615026D-01  0.29529366739940D-01  0.49976150770661D-01
  -.57434124363427D-01  0.85312969923250D-02  -.56067104821724D-02
  0.35285514937026D-01  0.83114591186683D-02  -.41242443407597D-01
  -.12664728739330D-01  -.30909479644120D-02  0.13390157266188D-01
  0.16044805043810D-01  0.24441746720897D-02  -.13698028500173D-01
$end
$grad          cartesian gradients
  cycle =     76   ex. state energy =    -1151.8794927429 |dE/dxyz| =  0.299167
    0.49710991055839      0.22369401770084      0.25638890292653      ti
    0.85652322391761     -2.45325603819786      2.31998415192156      o
   -4.25923882278632     -1.77933140749818     -3.13204411130137      o
   -4.32391929475374     -0.10527584669994     -3.49913594367241      h
   -0.72279723632320      2.90146665523803      2.60834763135846      o
   -2.62005092081375      3.19317756313520      2.39068661196153      h
    2.68288903340112      0.61719531189507     -2.36222525281845      o
    3.76215278761071      0.74398626264484     -3.72719398951054      h
    2.45714376778628     -3.13004612572805      1.63478794600111      h
  0.19233559971643D-01  -.39952480366486D-01  -.26165463440248D-01
  -.24161154974868D-01  -.36716963555900D-02  0.26248399904844D-01
  -.16848560606773D-01  0.69855468465842D-01  -.27308230940629D-01
  0.67778250721654D-02  -.76517072257079D-01  0.20489358060138D-01
  0.28074006479189D-01  0.32612608537881D-01  0.51922977596510D-01
  -.45109794572994D-01  0.51496061684813D-02  -.73036864770045D-02
  0.47355690976117D-01  0.97290907573481D-02  -.56527297055307D-01
  -.27763360196133D-01  -.47985923111701D-02  0.32069098598268D-01
  0.12441787861231D-01  0.75930674681321D-02  -.13425157855721D-01
$end
$grad          cartesian gradients
  cycle =     77   ex. state energy =    -1151.8828038529 |dE/dxyz| =  0.263112
    0.49644000300319      0.22033904456113      0.25063359949293      ti
    0.85304588344021     -2.45302610553579      2.31892657703588      o
   -4.25628068299898     -1.78086582800933     -3.13230439238691      o
   -4.26807025717937     -0.03887066662446     -3.39648287614182      h
   -0.71968047962554      2.90103381404738      2.60756629019362      o
   -2.54070201901109      3.16223814471647      2.32679736468990      h
    2.67085654640138      0.61829248558135     -2.34668507589468      o
    3.76601475990289      0.74662882930115     -3.71090004040541      h
    2.49967836000032     -2.99856081198207      1.63988220846088      h
  0.23146376998133D-01  -.40362226095819D-01  -.29881273935184D-01
  -.22092645358515D-01  -.61294488431816D-02  0.25363926958944D-01
  -.14185728478539D-01  0.37244994671607D-01  -.17138905292611D-01
  0.44262198775092D-02  -.43958974239074D-01  0.10522424667003D-01
  -.47890086622304D-03  0.37757317214293D-01  0.50343025490535D-01
  -.15367070586086D-01  -.83270047793517D-03  -.58165687020849D-02
  0.40035255634738D-01  0.87264208818601D-02  -.47027938922261D-01
  -.24052015700415D-01  -.42704287811880D-02  0.26772624068518D-01
  0.85685080457322D-02  0.11825045965166D-01  -.13137314372024D-01
$end
$grad          cartesian gradients
  cycle =     78   ex. state energy =    -1151.8830702019 |dE/dxyz| =  0.254224
    0.49493462383398      0.21751432671086      0.24515847715655      ti
    0.85090888532307     -2.45172401835775      2.31621443551108      o
   -4.25136449380281     -1.78378782599625     -3.13072185061812      o
   -4.21808679258347      0.06386350299295     -3.30506918741212      h
   -0.71621756270975      2.89813699694354      2.60374820561081      o
   -2.45010528616074      3.13210279601394      2.26797364624102      h
    2.65647089059862      0.61889224647138     -2.32775804244403      o
    3.79084705209226      0.75263046138179     -3.72050313885967      h
    2.53506504716006     -2.88075353884243      1.65518733205698      h
  0.27301977713657D-01  -.40264721065219D-01  -.33531367565202D-01
  -.20531577754655D-01  -.72979252800753D-02  0.24306521237200D-01
  -.13807700577845D-01  -.15537327439030D-01  -.94099853445099D-02
  0.43064333137065D-02  0.88201040119232D-02  0.29355809456869D-02
  -.42425060293786D-01  0.43920659186201D-01  0.43701363616940D-01
  0.28025296347001D-01  -.83237510653407D-02  0.38495985006525D-03
  0.17060456795884D-01  0.57588296328265D-02  -.18501765831447D-01
  -.52755992638910D-02  -.19720519516169D-02  0.31798834316491D-02
  0.53457738283131D-02  0.14896183555783D-01  -.13065190334271D-01
$end
$grad          cartesian gradients
  cycle =     79   ex. state energy =    -1151.8763401501 |dE/dxyz| =  0.258529
    0.49248979200484      0.21514390830438      0.23990677537395      ti
    0.84998031447150     -2.44925742770936      2.31186146641476      o
   -4.24438676809564     -1.78524785973792     -3.12767295690415      o
   -4.17336725233007      0.15914013262787     -3.21679754302926      h
   -0.71004116047763      2.89240597785233      2.59721184771622      o
   -2.38433874495894      3.10868943056289      2.20752634551412      h
    2.64071200619256      0.61916926468817     -2.30662840821837      o
    3.82061682513137      0.76008894065382     -3.73541262986132      h
    2.56707480288313     -2.77683623259373      1.68090189781157      h
  0.31982920045787D-01  -.39658399232089D-01  -.37129665630424D-01
  -.20029696578710D-01  -.73665364913878D-02  0.23196014819330D-01
  -.15040350322047D-01  -.52039436421020D-01  -.79267916983566D-02
  0.57081283573517D-02  0.45344189938459D-01  0.15184857974657D-02
  -.74484354187161D-01  0.47744987968620D-01  0.35469558522394D-01
  0.61485439225264D-01  -.13807103138049D-01  0.78865556442800D-02
  -.68920396886872D-02  0.25141645329365D-02  0.10479858903602D-01
  0.13884671956892D-01  0.39378016089099D-03  -.20202665046357D-01
  0.33852807431290D-02  0.16874352455019D-01  -.13291351357648D-01
$end
$grad          cartesian gradients
  cycle =     80   ex. state energy =    -1151.8723269070 |dE/dxyz| =  0.266461
    0.48902655022933      0.21323357692562      0.23498767038673      ti
    0.85026371993812     -2.44562090004111      2.30594720521780      o
   -4.23528875201220     -1.78321668521053     -3.12322565637902      o
   -4.13605120127490      0.21463265664708     -3.13163579551707      h
   -0.69942281329644      2.88365346479638      2.58843950087811      o
   -2.37346202497472      3.09710814383734      2.13946364638468      h
    2.62502393934559      0.61929066955987     -2.28503996957241      o
    3.83837530513349      0.76689984789412     -3.73514842218218      h
    2.59726197181227     -2.68973921676758      1.71715716353889      h
  0.37203991288424D-01  -.38636073866834D-01  -.40613314248209D-01
  -.20680388957452D-01  -.66151382333790D-02  0.21953374524639D-01
  -.16273202066104D-01  -.67669668967487D-01  -.96224780028118D-02
  0.70458752345361D-02  0.60989614092885D-01  0.32212384630461D-02
  -.64311481228675D-01  0.45295110736880D-01  0.35340738427093D-01
  0.52364848449462D-01  -.13115040762821D-01  0.70800152087327D-02
  -.22966155850257D-01  0.47400984082875D-04  0.29326171253484D-01
  0.24724315983474D-01  0.17840942312763D-02  -.33012822491439D-01
  0.28921963452778D-02  0.17919701607975D-01  -.13672922969701D-01
$end
$grad          cartesian gradients
  cycle =     81   ex. state energy =    -1151.8746125301 |dE/dxyz| =  0.277629
    0.48449822772567      0.21178742651280      0.23053984186161      ti
    0.85179865939828     -2.44090347642151      2.29863061087729      o
   -4.22411609807717     -1.77686025104119     -3.11733326026476      o
   -4.10832267748426      0.21606976712217     -3.05274773221154      h
   -0.68509241567023      2.87214775921401      2.57757018083481      o
   -2.40980016950847      3.09702142380031      2.06562937134131      h
    2.61054827506569      0.61938671154353     -2.26436770373481      o
    3.83429277725297      0.77174707179020     -3.70846395526537      h
    2.62574522816960     -2.62188374931263      1.76379036141991      h
  0.42621596365117D-01  -.37229075027612D-01  -.43846849103775D-01
  -.21991093561128D-01  -.53305601576584D-02  0.20355100558104D-01
  -.16801884538772D-01  -.66417005122585D-01  -.11856366406852D-01
  0.76704839889629D-02  0.59712909228223D-01  0.54593934274918D-02
  -.23645552883990D-01  0.38239311948292D-01  0.44209764398152D-01
  0.12357339203550D-01  -.78245996058186D-02  -.29209355027585D-02
  -.29043570109096D-01  -.13219458555306D-02  0.35950285457740D-01
  0.25368925512048D-01  0.19257648133384D-02  -.33454222846109D-01
  0.34637558808890D-02  0.18245200045769D-01  -.13896169746786D-01
$end
$grad          cartesian gradients
  cycle =     82   ex. state energy =    -1151.8789956535 |dE/dxyz| =  0.295839
    0.47878501025567      0.21075463749519      0.22658101681146      ti
    0.85465244329000     -2.43515189391855      2.28996590719082      o
   -4.21075819278622     -1.76625125263302     -3.10982585729466      o
   -4.09082684944490      0.16549455176832     -2.98175014278218      h
   -0.66924795606169      2.85822970553845      2.56405717286208      o
   -2.45799134695006      3.10370906019161      1.99441016347875      h
    2.59750539852534      0.61953259034064     -2.24481359385978      o
    3.80801460749097      0.77457474255220     -3.65510860350810      h
    2.65242238344610     -2.57282991369314      1.82126493206405      h
  0.47745360245343D-01  -.35306867099580D-01  -.46648041776415D-01
  -.23340919056467D-01  -.36680515553318D-02  0.18220218944301D-01
  -.16258299041523D-01  -.48170955063486D-01  -.12899939367743D-01
  0.72666709686250D-02  0.41382901306974D-01  0.65185948932452D-02
  0.13200339019448D-01  0.30892089168043D-01  0.53332918820785D-01
  -.23944514451837D-01  -.24116385911167D-02  -.13466670649759D-01
  -.24834652890582D-01  -.14579062277424D-02  0.30465659482363D-01
  0.15676098161414D-01  0.72226631706806D-03  -.21809513165202D-01
  0.44899175576033D-02  0.18018162082280D-01  -.13713227467750D-01
$end
$grad          cartesian gradients
  cycle =     83   ex. state energy =    -1151.8814032234 |dE/dxyz| =  0.323728
    0.47173528401724      0.21007739047103      0.22311251063464      ti
    0.85891993131434     -2.42839609323875      2.27998026742885      o
   -4.19507185179212     -1.75228093013686     -3.10054081699959      o
   -4.08346058075038      0.07867043247290     -2.91910210286589      h
   -0.65376500615076      2.84215895068759      2.54724926543244      o
   -2.48668049914614      3.11252412268870      1.93433769723111      h
    2.58551119897695      0.61973703228280     -2.22584808549011      o
    3.76780103164608      0.77648380040147     -3.58480234832502      h
    2.67686913538627     -2.54168554575483      1.89008406397841      h
  0.52168665599055D-01  -.32736433018442D-01  -.48813709877651D-01
  -.24348345737048D-01  -.16311272371010D-02  0.15485888916256D-01
  -.14344695901554D-01  -.77756798717945D-02  -.10658352673713D-01
  0.55320102571821D-02  0.85682798086353D-03  0.42831199414459D-02
  0.33872461225758D-01  0.25014559386167D-01  0.57943727067492D-01
  -.43823657275684D-01  0.10983381928765D-02  -.19915441530056D-01
  -.10818563716673D-01  -.28469723000762D-03  0.13912322904473D-01
  -.37925211648195D-02  -.18748595912264D-02  0.80563522829644D-03
  0.55546473589816D-02  0.17333071794443D-01  -.13043190532405D-01
$end
$grad          cartesian gradients
  cycle =     84   ex. state energy =    -1151.8792810032 |dE/dxyz| =  0.354674
    0.46328238352340      0.20970328382786      0.22018374074019      ti
    0.86464360051425     -2.42075908867528      2.26884454660060      o
   -4.17715220329020     -1.73716915041158     -3.08958190252027      o
   -4.08539254070013     -0.00906683749430     -2.86353136830292      h
   -0.63984663038772      2.82429261639247      2.52691131213674      o
   -2.47816231548492      3.12042748876340      1.89143023698025      h
    2.57383612799056      0.61993521886422     -2.20661766360125      o
    3.73065341206756      0.77973727765521     -3.51741487388143      h
    2.69822739164952     -2.52797151411111      1.96959831457726      h
  0.55642500573175D-01  -.29467074071403D-01  -.50130360798545D-01
  -.24977851056700D-01  0.86377264798989D-03  0.12205785288255D-01
  -.11891811500708D-01  0.50678883802785D-01  -.34862586180596D-02
  0.32670628593948D-02  -.57722532115978D-01  -.29270718146896D-02
  0.39505709937908D-01  0.20764805422144D-01  0.57429832151194D-01
  -.48121554610549D-01  0.22646767867576D-02  -.21796263817114D-01
  0.60097300608822D-02  0.14082327679926D-02  -.52504201606512D-02
  -.25994641756152D-01  -.50563475298617D-02  0.25909269243675D-01
  0.65608563936469D-02  0.16265582830988D-01  -.11954512178034D-01
$end
$grad          cartesian gradients
  cycle =     85   ex. state energy =    -1151.8792862016 |dE/dxyz| =  0.367890
    0.45335856905655      0.20956259931562      0.21781468879868      ti
    0.87185048928798     -2.41236742677945      2.25673180757648      o
   -4.15707774364063     -1.72410065154991     -3.07729792791278      o
   -4.09529233902700     -0.04671275416610     -2.80918865237474      h
   -0.62781724193550      2.80485503405138      2.50304988557571      o
   -2.42847743180765      3.12644076385964      1.86748809806581      h
    2.56155295493848      0.62003280049387     -2.18605892694196      o
    3.71590716312129      0.78712827880997     -3.47488413607626      h
    2.71577505449997     -2.53069745422262      2.05895258299033      h
  0.58207878153016D-01  -.25443518900459D-01  -.50480147722720D-01
  -.25512771906370D-01  0.39610019461165D-02  0.84480813144625D-02
  -.11865329164777D-01  0.85212306976658D-01  0.34742525702281D-02
  0.34031245734658D-02  -.92315371597910D-01  -.99732970514185D-02
  0.31569942559335D-01  0.18259589725127D-01  0.51582402125820D-01
  -.38144594460038D-01  0.66299632791834D-03  -.19103659544615D-01
  0.91864262187887D-02  0.13120065322606D-02  -.84263963310142D-02
  -.34554378187649D-01  -.65249117548379D-02  0.35058024479240D-01
  0.77097023523491D-02  0.14875901096005D-01  -.10579261307792D-01
$end
$grad          cartesian gradients
  cycle =     86   ex. state energy =    -1151.8883360628 |dE/dxyz| =  0.348500
    0.44199120301779      0.20957116285641      0.21602344171969      ti
    0.88050067625548     -2.40344196097880      2.24393877017048      o
   -4.13496410591523     -1.71506623160053     -3.06413567691880      o
   -4.11362730200182     -0.00364684787069     -2.75055987535776      h
   -0.61734398026244      2.78413075209736      2.47616290041875      o
   -2.34661120853750      3.13195405879959      1.86046727392684      h
    2.54858095080620      0.62002994451289     -2.16414340716894      o
    3.73115991296895      0.79991836356979     -3.46565076319438      h
    2.72853392948890     -2.54854940387749      2.15628463900466      h
  0.59940499693225D-01  -.20656348831976D-01  -.49722415832935D-01
  -.26312956122348D-01  0.76635166724972D-02  0.43350306206315D-02
  -.14194620936693D-01  0.53801477444275D-01  0.11208154095754D-04
  0.58605851831364D-02  -.60858477536516D-01  -.66320010947748D-02
  0.87648196250253D-02  0.18391948624857D-01  0.39537574251169D-01
  -.12641425639780D-01  -.47335286513583D-02  -.11096270832188D-01
  -.97520581241091D-02  -.21299777572538D-02  0.13040853713977D-01
  -.20937354482556D-01  -.47054284942503D-02  0.19547111856830D-01
  0.92725107206054D-02  0.13226819562468D-01  -.90210922678658D-02
$end
$grad          cartesian gradients
  cycle =     87   ex. state energy =    -1151.8943208610 |dE/dxyz| =  0.312087
    0.42917380282614      0.20962672104898      0.21478379778168      ti
    0.89059545809616     -2.39418313697954      2.23071402197236      o
   -4.11071538505642     -1.70832443711421     -3.04992213867028      o
   -4.14240622135156      0.09229587144147     -2.69050704192099      h
   -0.60717570442908      2.76215089116518      2.44697894269110      o
   -2.25523884210647      3.14171122555650      1.86330381917335      h
    2.53598560931246      0.62010912858923     -2.14207707515255      o
    3.76426863572573      0.81651224584902     -3.47606553160305      h
    2.73532452400792     -2.57983238313341      2.26000183867801      h
  0.60827620585089D-01  -.15141575043643D-01  -.47642781078335D-01
  -.27561011311760D-01  0.11763159202494D-01  0.28243261623092D-05
  -.14258336193544D-01  -.45654775217145D-02  -.10277488296427D-01
  0.60284391762470D-02  -.23339091479539D-02  0.35391578096056D-02
  -.26549798790866D-01  0.21830658738984D-01  0.22046853023308D-01
  0.25742582076847D-01  -.14466742911972D-01  0.14784244497125D-02
  -.37409051886643D-01  -.72699112866102D-02  0.43620026422168D-01
  0.18163128634072D-02  -.11730413964260D-02  -.54860888950834D-02
  0.11363244429348D-01  0.11356839803569D-01  -.72809303774996D-02
$end
$grad          cartesian gradients
  cycle =     88   ex. state energy =    -1151.8919337473 |dE/dxyz| =  0.279433
    0.41465375821437      0.20961448777473      0.21401455838657      ti
    0.90236209667302     -2.38461605312016      2.21704504074931      o
   -4.08388063046032     -1.70051757679270     -3.03383068190901      o
   -4.18183957147663      0.19167501157484     -2.63634788408342      h
   -0.59516305581853      2.73831204194926      2.41592943796430      o
   -2.18633917260637      3.16438469611506      1.86497047203707      h
    2.52504545922393      0.62054460232910     -2.12110088638538      o
    3.79574370965603      0.83416637509263     -3.48435023783455      h
    2.73465444765968     -2.62325327574038      2.37045694864150      h
  0.60818174819042D-01  -.88624407630627D-02  -.43937905697114D-01
  -.29216600901695D-01  0.16107485887495D-01  -.45758160606599D-02
  -.11345997395865D-01  -.46231195953894D-01  -.18617696811132D-01
  0.32437373506195D-02  0.39576431729859D-01  0.11822211729564D-01
  -.54695091091499D-01  0.24775493311428D-01  0.60575059543138D-02
  0.56972936253913D-01  -.24596724498659D-01  0.11620637106198D-01
  -.58925843378098D-01  -.11841732598470D-01  0.67065967356753D-01
  0.19214357739329D-01  0.18554239844354D-02  -.24207534510483D-01
  0.13934325842336D-01  0.92172589598051D-02  -.52273700596143D-02
$end
$grad          cartesian gradients
  cycle =     89   ex. state energy =    -1151.8912775595 |dE/dxyz| =  0.258087
    0.39853500630600      0.20940465407143      0.21364217329171      ti
    0.91578528374543     -2.37503002649068      2.20329587031801      o
   -4.05482109746983     -1.68940647181996     -3.01552029864525      o
   -4.22879079743248      0.25729352699276     -2.59537670869297      h
   -0.57983218206639      2.71263028510050      2.38414745209955      o
   -2.16812192249358      3.20876291549953      1.85656477270710      h
    2.51705773939021      0.62157812445436     -2.10267534306738      o
    3.80993551036345      0.85015374092377     -3.47406750629170      h
    2.72429918883478     -2.67655038944130      2.48491070958776      h
  0.59756744233167D-01  -.18397826007948D-02  -.38311389459023D-01
  -.30826909144560D-01  0.20505998328652D-01  -.93203912686459D-02
  -.74063828094228D-02  -.65375953667945D-01  -.22671065861488D-01
  -.46344317958682D-03  0.58998128166727D-01  0.15911437662904D-01
  -.44660719675203D-01  0.16935348054787D-01  0.17967208405478D-02
  0.49740659191761D-01  -.24647190608345D-01  0.90851376934396D-02
  -.68646464240684D-01  -.14720885938168D-01  0.77603841284877D-01
  0.25973565013982D-01  0.33296157406214D-02  -.31271511672814D-01
  0.16532950636942D-01  0.68147233059143D-02  -.28227795502982D-02
$end
$grad          cartesian gradients
  cycle =     90   ex. state energy =    -1151.8961409490 |dE/dxyz| =  0.246265
    0.38095470097358      0.20885719351080      0.21354980911749      ti
    0.93083477797079     -2.36571042411782      2.18983058552357      o
   -4.02395764560119     -1.67400624067527     -2.99489096385088      o
   -4.27927699624316      0.27176425101265     -2.57112438163247      h
   -0.56184240944906      2.68571563615638      2.35210245908402      o
   -2.19451779839933      3.27458168011174      1.84037863186248      h
    2.51261709560695      0.62335195200231     -2.08749970351371      o
    3.80066976205048      0.86313018564433     -3.43913148385824      h
    2.70205004479686     -2.73711802536687      2.60034902692090      h
  0.57304525547965D-01  0.61305993675972D-02  -.30548210643737D-01
  -.31685950332233D-01  0.24688910803179D-01  -.13945924458246D-01
  -.40895362496763D-02  -.67588130405917D-01  -.23094321061285D-01
  -.34021265583407D-02  0.61451638628277D-01  0.16456570293333D-01
  -.36924537242811D-02  -.42669051185700D-02  0.54008704325151D-02
  0.11367535807732D-01  -.12104022095405D-01  -.23316950159659D-02
  -.65753334020293D-01  -.15453413553002D-01  0.74733749786325D-01
  0.21500858724470D-01  0.28732054508187D-02  -.26433449668194D-01
  0.18450480948875D-01  0.42681173804933D-02  -.23758934441247D-03
$end
$grad          cartesian gradients
  cycle =     91   ex. state energy =    -1151.9015906431 |dE/dxyz| =  0.240472
    0.36186488522392      0.20781468248602      0.21357743935838      ti
    0.94761942284147     -2.35680273126163      2.17682062137153      o
   -3.99128169767313     -1.65411122788314     -2.97178858656997      o
   -4.33068212117376      0.23330897181388     -2.56357394122805      h
   -0.54336662421694      2.65856721800705      2.31939162943878      o
   -2.23177003021640      3.35112216901027      1.82645038502569      h
    2.51149584001451      0.62590391545062     -2.07527823186250      o
    3.77192717262817      0.87366763077115     -3.38383760928113      h
    2.66607271768073     -2.80296463010195      2.71514954946153      h
  0.52993279211845D-01  0.15380088055122D-01  -.20653887387113D-01
  -.31234178957799D-01  0.28367826344401D-01  -.18066779963474D-01
  -.31354213909390D-02  -.54368386417468D-01  -.20110180724212D-01
  -.38584196969768D-02  0.48404376817527D-01  0.13641562521567D-01
  0.35434434783338D-01  -.29561456817463D-01  0.58012879073682D-02
  -.25000145186150D-01  0.35175853601802D-02  -.11577768168916D-01
  -.50027469617029D-01  -.13635367262179D-01  0.58664600908780D-01
  0.56805014149083D-02  0.14565495790124D-03  -.99556392267743D-02
  0.19147419967172D-01  0.17496783058266D-02  0.22568034683598D-02
$end
$grad          cartesian gradients
  cycle =     92   ex. state energy =    -1151.9037267294 |dE/dxyz| =  0.237817
    0.34125012398910      0.20609470221187      0.21352989028932      ti
    0.96618516275222     -2.34843543184746      2.16442015837405      o
   -3.95665323297941     -1.63031680802951     -2.94622508614470      o
   -4.38252334988346      0.15288304702135     -2.57005993120844      h
   -0.52648235148329      2.63241868821962      2.28579593304595      o
   -2.24800531984058      3.42507769717023      1.82296660969344      h
    2.51278790302433      0.62913990213937     -2.06503132143750      o
    3.73746639059568      0.88428665903724     -3.32248901441750      h
    2.61539240756881     -2.87218883479484      2.82770762927449      h
  0.46574601170533D-01  0.26005724311197D-01  -.90553753054779D-02
  -.29282850544232D-01  0.31374771047965D-01  -.21364091886153D-01
  -.78215600111370D-02  -.22004675700918D-01  -.13083133065839D-01
  0.13950874271738D-02  0.16178656191722D-01  0.68069393772095D-02
  0.58974056060967D-01  -.51871669918965D-01  -.18190473199874D-03
  -.45267283606661D-01  0.14995640694131D-01  -.15322316337423D-01
  -.24626014559925D-01  -.94888367151045D-02  0.33201430513160D-01
  -.18424798051048D-01  -.46122270233776D-02  0.14601628889558D-01
  0.18478761869899D-01  -.57738340021269D-03  0.43968220645733D-02
$end
$grad          cartesian gradients
  cycle =     93   ex. state energy =    -1151.9016947826 |dE/dxyz| =  0.234969
    0.31924358445618      0.20349616324681      0.21318035604166      ti
    0.98640032180684     -2.34075468629064      2.15281519077026      o
   -3.91981919580167     -1.60436704392262     -2.91856031168446      o
   -4.43878790716879      0.05800305232406     -2.58450988511445      h
   -0.51252987775247      2.60850799307473      2.25164218960757      o
   -2.22504479786696      3.48624404097732      1.83342551397873      h
    2.51506827088977      0.63282563921915     -2.05534602162932      o
    3.71842113953294      0.89920930520545     -3.27674184186360      h
    2.55032214059964     -2.94269689384669      2.93603122558558      h
  0.38160179850465D-01  0.37809426524462D-01  0.34936244125591D-02
  -.26034999309441D-01  0.33771802320528D-01  -.23751187239780D-01
  -.21933762757970D-01  0.27777956966612D-01  -.29312093101019D-02
  0.16131992786443D-01  -.33416270361117D-01  -.31103904855853D-02
  0.67984427823209D-01  -.69074883406466D-01  -.10880033798746D-01
  -.50274443268833D-01  0.20194979886731D-01  -.15009930862694D-01
  -.36444569609580D-02  -.57234860411542D-02  0.13152879266261D-01
  -.37092271460585D-01  -.87275572728934D-02  0.33003556920381D-01
  0.16703333501476D-01  -.26119686779091D-02  0.60326902482728D-02
$end
$grad          cartesian gradients
  cycle =     94   ex. state energy =    -1151.9010464419 |dE/dxyz| =  0.229924
    0.29599334750228      0.19979995478849      0.21228277416546      ti
    1.00807737259456     -2.33385747939104      2.14212163428987      o
   -3.87999387870524     -1.57895199774180     -2.88931040924396      o
   -4.51136379838472     -0.00869400403515     -2.59795663924981      h
   -0.50201483173737      2.58775777309322      2.21749150182813      o
   -2.15820470116943      3.52994329986133      1.85764843635441      h
    2.51714934786641      0.63674750740122     -2.04508665953753      o
    3.73114500649626      0.92211131845816     -3.26283780292443      h
    2.47205710603259     -3.01272696304966      3.03868681967370      h
  0.28131236141684D-01  0.50366742023378D-01  0.16184028461623D-01
  -.21976198564160D-01  0.35849212767487D-01  -.25485238611078D-01
  -.38564519863931D-01  0.63146783429616D-01  0.33394890743214D-02
  0.33452157197540D-01  -.68491651388076D-01  -.90609189703381D-02
  0.64364942633281D-01  -.79709937721054D-01  -.24479748688344D-01
  -.41910613776767D-01  0.17855170906264D-01  -.12150071286768D-01
  -.48206048432681D-02  -.66176723052154D-02  0.16245015596190D-01
  -.33017435040461D-01  -.79754374080216D-02  0.28127740141598D-01
  0.14341036946148D-01  -.44232095146680D-02  0.72797045195549D-02
$end
$grad          cartesian gradients
  cycle =     95   ex. state energy =    -1151.9064896803 |dE/dxyz| =  0.227744
    0.27170526114457      0.19478680457838      0.21058821486614      ti
    1.03095319206365     -2.32782098833614      2.13242326307073      o
   -3.83633412789976     -1.55603947539884     -2.85884148243230      o
   -4.61376377591199     -0.01676412426185     -2.60447855793877      h
   -0.49471669319582      2.57073117049286      2.18412288945816      o
   -2.05503689567963      3.55811580557995      1.89296563661980      h
    2.51905410430286      0.64093751288983     -2.03439051909910      o
    3.77207777556239      0.95238352269186     -3.27668606539298      h
    2.38236831566596     -3.08062103206185      3.13445632155675      h
  0.17031612417504D-01  0.62792298535801D-01  0.28255089062021D-01
  -.17656775789493D-01  0.37819236118169D-01  -.26875696614836D-01
  -.34454730653582D-01  0.43334241195237D-01  -.70602756868062D-03
  0.30092670145408D-01  -.48280298218030D-01  -.45677225727061D-02
  0.46803582617090D-01  -.80210089787933D-01  -.39528736417703D-01
  -.19254991741518D-01  0.52142296915616D-02  -.75366940382256D-02
  -.24365508042622D-01  -.12082567588904D-01  0.37885560939072D-01
  -.10109381401181D-01  -.24303235387055D-02  0.47045150283848D-02
  0.11913523762151D-01  -.61567256203907D-02  0.83697119629316D-02
$end
$grad          cartesian gradients
  cycle =     96   ex. state energy =    -1151.9082715131 |dE/dxyz| =  0.234167
    0.24654181608545      0.18824022497722      0.20785650877351      ti
    1.05480578422012     -2.32268754749892      2.12374413613740      o
   -3.78904604601477     -1.53454765892845     -2.82689961753544      o
   -4.74140374361747      0.01643832917522     -2.60694983648996      h
   -0.48957332332820      2.55734579336039      2.15231574115751      o
   -1.93588550258551      3.58197620246301      1.93502780935761      h
    2.52181876141170      0.64568505532826     -2.02437760156973      o
    3.82116093154396      0.98526139542773     -3.29788310461035      h
    2.28284066729597     -3.14497251935530      3.22256713318282      h
  0.55790937335878D-02  0.73839749149148D-01  0.39086884380876D-01
  -.13546962260323D-01  0.39692185047884D-01  -.28107394330879D-01
  -.79643886983307D-02  -.57493161043738D-02  -.78521352194435D-02
  0.44475649376038D-02  0.13001062875420D-02  0.32044234326039D-02
  0.16686656531534D-01  -.67860751989957D-01  -.53640130211010D-01
  0.15544233930923D-01  -.19164754900057D-01  -.27123979793465D-02
  -.43450424099854D-01  -.17836601589802D-01  0.58805579687317D-01
  0.12934220760585D-01  0.37044525779904D-02  -.18294083763890D-01
  0.97700060083031D-02  -.79250687699827D-02  0.95092530849564D-02
$end
$grad          cartesian gradients
  cycle =     97   ex. state energy =    -1151.9018473869 |dE/dxyz| =  0.245832
    0.22050636607083      0.17992985381535      0.20385122704354      ti
    1.07957940433081     -2.31845728581194      2.11603451770661      o
   -3.73923226165042     -1.51168801511898     -2.79285482086701      o
   -4.87142350383820      0.04876155028536     -2.61102840413953      h
   -0.48479109794998      2.54671418570621      2.12259663609874      o
   -1.83096807037844      3.62319165676305      1.97953830251200      h
    2.52647088711856      0.65132550543022     -2.01605882225193      o
    3.85854994804199      1.01565710010363     -3.30655199258654      h
    2.17412291947359     -3.20475870132499      3.30280974742756      h
  -.54548751460469D-02  0.82473586068535D-01  0.48378243501053D-01
  -.98962888186312D-02  0.41488496134967D-01  -.29315044803254D-01
  0.20058107555555D-01  -.41507808703183D-01  -.10846327122313D-01
  -.22537658878614D-01  0.37661166662389D-01  0.70618026116377D-02
  -.73910367660930D-02  -.53466275995548D-01  -.62823476984324D-01
  0.43168288705939D-01  -.43454650570885D-01  -.11773970435683D-02
  -.51915826118315D-01  -.20983761741842D-01  0.68930362717824D-01
  0.25982847258726D-01  0.75943546348790D-02  -.31048392848275D-01
  0.79864426439622D-02  -.98051066957353D-02  0.10840229187022D-01
$end
$grad          cartesian gradients
  cycle =     98   ex. state energy =    -1151.8974149493 |dE/dxyz| =  0.258186
    0.19381367725008      0.16972080892720      0.19838312130275      ti
    1.10503123911849     -2.31517744371215      2.10931935605116      o
   -3.68844846636183     -1.48560238816315     -2.75656449519813      o
   -4.97914799613264      0.04953351100895     -2.61903918569802      h
   -0.47897880355312      2.53796798172944      2.09550764677778      o
   -1.76507762156722      3.70315779127719      2.02480550581255      h
    2.53343493046281      0.65801371732824     -2.00995099714826      o
    3.87271352686554      1.04012712491779     -3.29157760047098      h
    2.05738603268266     -3.25826886253466      3.37401856542026      h
  -.15425631299093D-01  0.88035832684621D-01  0.55868252222337D-01
  -.66748170433725D-02  0.43145412997998D-01  -.30400914524463D-01
  0.39341565869271D-01  -.56606320263471D-01  -.98329202084934D-02
  -.40500828289737D-01  0.53461681709083D-01  0.71958136001300D-02
  0.21056858362075D-02  -.62892503905098D-01  -.66076210321428D-01
  0.35714928599273D-01  -.41169882922122D-01  -.36972426110243D-02
  -.48129046065809D-01  -.20617363971274D-01  0.66843680861388D-01
  0.27206261811318D-01  0.83314904464062D-02  -.32119496932114D-01
  0.63618812400796D-02  -.11688347357308D-01  0.12219037519840D-01
$end
$grad          cartesian gradients
  cycle =     99   ex. state energy =    -1151.8985671220 |dE/dxyz| =  0.270090
    0.16672689316363      0.15756738002108      0.19131499141928      ti
    1.13086971827121     -2.31289772410716      2.10362757360820      o
   -3.63787113495415     -1.45562490605181     -2.71818001420336      o
   -5.04775654430624      0.00590499310727     -2.63016448348271      h
   -0.47263702395526      2.53155996439469      2.07130971389255      o
   -1.73215217098730      3.81975654018881      2.07270680295179      h
    2.54243363036033      0.66569246553075     -2.00591573154512      o
    3.86255048381911      1.05793238502290     -3.25219460844674      h
    1.93399239033272     -3.30368345136945      3.43485815534768      h
  -.24108217111166D-01  0.90095396241657D-01  0.60969505959426D-01
  -.36321467437972D-02  0.44355384913486D-01  -.31030243809547D-01
  0.48950294341113D-01  -.57164781417909D-01  -.68129185769046D-02
  -.48502559500165D-01  0.54783506072237D-01  0.56023040259178D-02
  0.35276741161244D-01  -.96769566470419D-01  -.68295037769227D-01
  0.31588101936987D-02  -.11172250910954D-01  -.49398515000319D-02
  -.32092357579486D-01  -.16325335629578D-01  0.52940787186849D-01
  0.16381170438346D-01  0.54594614390921D-02  -.21723841027491D-01
  0.45682650673859D-02  -.13261814760869D-01  0.13289295059999D-01
$end
$grad          cartesian gradients
  cycle =    100   ex. state energy =    -1151.9005260887 |dE/dxyz| =  0.281525
    0.13927514071121      0.14341030686105      0.18250968538064      ti
    1.15700609257664     -2.31162240262286      2.09890909982388      o
   -3.58772675613383     -1.42166890069432     -2.67765905767212      o
   -5.06996652848237     -0.08250680655995     -2.64217046898761      h
   -0.46755752357623      2.52922168771889      2.04998252109540      o
   -1.70335005573124      3.94719687881627      2.12448893123396      h
    2.55256690661363      0.67413904293264     -2.00312271593048      o
    3.83768017876162      1.07170009737269     -3.19761015749389      h
    1.80454530247829     -3.33989730881622      3.48483881388794      h
  -.31427064342799D-01  0.87972475671754D-01  0.62535811230571D-01
  -.64314241103882D-03  0.44916944418816D-01  -.31000246735721D-01
  0.48042501702208D-01  -.46940490007120D-01  -.30475180868398D-02
  -.45784271362111D-01  0.45452549190470D-01  0.35664907767461D-02
  0.62283820421762D-01  -.12888817632119D+00  -.70912407065598D-01
  -.24445199450911D-01  0.20980315477129D-01  -.27265541688393D-02
  -.49648681706352D-02  -.81086823854676D-02  0.29039949454420D-01
  -.55820110790636D-02  -.11339087218435D-02  -.12440039690770D-02
  0.25202349795331D-02  -.14251027955721D-01  0.13788478152154D-01
$end
$grad          cartesian gradients
  cycle =    101   ex. state energy =    -1151.9017494828 |dE/dxyz| =  0.280381
    0.11146702817664      0.12725263532698      0.17187323159993      ti
    1.18334345628728     -2.31132230080502      2.09507835521626      o
   -3.53766571996693     -1.38420255875915     -2.63497576386310      o
   -5.04739390644795     -0.20720874921996     -2.65238379189740      h
   -0.46520831917205      2.53261648779298      2.03156556488135      o
   -1.65433007217402      4.05793519936251      2.17836161752224      h
    2.56232904378844      0.68291204742556     -2.00019622934478      o
    3.81731872013522      1.08728652455663     -3.14574657505974      h
    1.66988492481164     -3.36628826908282      3.52394973731699      h
  -.34080928774046D-01  0.80003962549558D-01  0.57385472081227D-01
  0.15759350728277D-02  0.45466150853743D-01  -.31626926035922D-01
  0.30639291221033D-01  -.25537247234408D-01  0.49201217426771D-03
  -.27924278355790D-01  0.25613115114740D-01  0.19368950874362D-02
  0.74801534102584D-01  -.14407482134753D+00  -.69378094507594D-01
  -.39245476051998D-01  0.41423331076643D-01  -.38544972118681D-04
  0.22787932584954D-01  0.66896138642348D-03  0.61717991957377D-02
  -.29634923363387D-01  -.90552462423177D-02  0.20797695635414D-01
  0.10809129754499D-02  -.14508206731621D-01  0.14259690993691D-01
$end
$grad          cartesian gradients
  cycle =    102   ex. state energy =    -1151.9056968157 |dE/dxyz| =  0.147732
    0.08339846615701      0.10922838939224      0.15940376131257      ti
    1.20968042340711     -2.31192839916655      2.09202691902602      o
   -3.48668616798573     -1.34441329841433     -2.59022972611741      o
   -4.99488466372649     -0.35004209461171     -2.65852983248998      h
   -0.46621068822928      2.54253414360736      2.01609900462698      o
   -1.57398716384823      4.13445107008379      2.23107831533848      h
    2.57004906540421      0.69144681052920     -1.99569593561401      o
    3.82287412020793      1.11168548943628     -3.11611498962059      h
    1.53146527021733     -3.38267838392612      3.55256482489887      h
  -.11057938916026D-01  0.86691944638178D-01  0.67811717680016D-01
  -.30968411180927D-02  0.37138351659489D-01  -.29525881569663D-01
  -.20354149877180D-01  -.23346978592141D-02  -.98895230618815D-02
  0.10145236309737D-01  -.23295959451056D-02  0.17744495832640D-02
  0.56529086568675D-01  -.13236862852421D+00  -.63838807571805D-01
  -.31853050557013D-01  0.38282780202578D-01  0.15568929116738D-02
  0.29643787390501D-01  0.70564605647001D-03  -.86741545531483D-02
  -.35186798460468D-01  -.13352568452756D-01  0.28989557725230D-01
  0.52306680024986D-02  -.12433232535025D-01  0.11795748649708D-01
$end
$grad          cartesian gradients
  cycle =    103   ex. state energy =    -1151.9113221855 |dE/dxyz| =  0.134820
    0.05511455111583      0.08953188619823      0.14514927581852      ti
    1.23585576476182     -2.31333688340096      2.08961900365522      o
   -3.43253516035549     -1.30399118533274     -2.54335411123931      o
   -4.94622968318855     -0.48439677103064     -2.66029078597618      h
   -0.47045255198126      2.55877526876757      2.00340698938080      o
   -1.46217549531110      4.17154668338411      2.28003387077966      h
    2.57502102550050      0.69945208394144     -1.98907986318007      o
    3.86087824441961      1.14752601571284     -3.11420545541762      h
    1.39048137085727     -3.38937694492385      3.57146351044919      h
  -.15374950183763D-01  0.78050455314436D-01  0.65826296267483D-01
  -.13279455409947D-02  0.33609900314489D-01  -.24845042142414D-01
  -.66972537573982D-01  0.23510284407448D-01  -.13799234787872D-01
  0.58354990159629D-01  -.27795727522743D-01  0.59262051232725D-02
  0.41837597350742D-01  -.11565137080493D+00  -.60708083541775D-01
  -.20820240364736D-01  0.30667141169104D-01  0.36860915305722D-02
  0.17645722805902D-01  -.24774334336679D-02  0.13061927049215D-02
  -.17592033502936D-01  -.80596251136937D-02  0.13056765984583D-01
  0.42493966205947D-02  -.11853624060600D-01  0.95508083880917D-02
$end
$grad          cartesian gradients
  cycle =    104   ex. state energy =    -1151.9182032025 |dE/dxyz| =  0.128616
    0.02661145213832      0.06839919043617      0.12919122775664      ti
    1.26175704656512     -2.31543869809580      2.08772675131760      o
   -3.37242205824529     -1.26432418562212     -2.49405790883271      o
   -4.94278436566541     -0.58795604488489     -2.66018354145869      h
   -0.47725667610119      2.58015925225588      1.99305235322178      o
   -1.32725959546078      4.17710314002193      2.32472351287723      h
    2.57795615896023      0.70710807907338     -1.98104824991765      o
    3.91589464824837      1.19000071976199     -3.12608643036357      h
    1.24772176549989     -3.38681324480866      3.58132936508125      h
  -.21017117121368D-01  0.63431832983374D-01  0.56699306652262D-01
  0.93312273926415D-03  0.31987688219865D-01  -.21465470172103D-01
  -.70392667252574D-01  0.23359532458244D-01  -.13569878670298D-01
  0.64950739522793D-01  -.25546606380851D-01  0.81978357641080D-02
  0.22684466294479D-01  -.80617007633675D-01  -.50815610546716D-01
  -.45152060339746D-02  0.74536495796287D-02  0.12600059474365D-02
  -.46366627799349D-02  -.92928903270388D-02  0.21084777424107D-01
  0.89972711978048D-02  0.10903984357158D-02  -.99573876581378D-02
  0.29960526231549D-02  -.11866597204899D-01  0.85664203765940D-02
$end
$grad          cartesian gradients
  cycle =    105   ex. state energy =    -1151.9230908544 |dE/dxyz| =  0.121095
   -0.00209383724244      0.04613049375115      0.11165827213863      ti
    1.28725581499987     -2.31814523858876      2.08626676833238      o
   -3.30585385302260     -1.22529373786111     -2.44218878963273      o
   -4.99058215398729     -0.66298451062692     -2.65950902526772      h
   -0.48548827070439      2.60440285745381      1.98430887654477      o
   -1.18473882256989      4.17445715472850      2.36837861412819      h
    2.58007690975416      0.71478293989424     -1.97271113499479      o
    3.96465540943244      1.23106806030119     -3.13182707175840      h
    1.10397696314081     -3.37517361087751      3.58223978421789      h
  -.27417258746487D-01  0.46132727678568D-01  0.43932485981343D-01
  0.36855176726911D-02  0.31089120693772D-01  -.18789301266548D-01
  -.19872934697350D-01  0.58837788160377D-02  -.52626305623015D-02
  0.18450694754684D-01  -.53754196924234D-02  0.33547361555540D-02
  0.22525726818042D-02  -.29243418321567D-01  -.33746024219179D-01
  0.13550514807420D-01  -.30155581762015D-01  -.66928862076735D-02
  -.20324000764992D-01  -.13976837948548D-01  0.34402102627056D-01
  0.28246316898104D-01  0.81186312651858D-02  -.25721717680177D-01
  0.14285768954500D-02  -.12473000643933D-01  0.85232360058824D-02
$end
$grad          cartesian gradients
  cycle =    106   ex. state energy =    -1151.9215390626 |dE/dxyz| =  0.115269
   -0.03103451580770      0.02300476231446      0.09266307781541      ti
    1.31226321466110     -2.32140797965839      2.08520658567040      o
   -3.23512896598331     -1.18569607709936     -2.38786769194475      o
   -5.04995307741138     -0.72816085493025     -2.65404542110275      h
   -0.49394990183321      2.62849811066080      1.97614247571963      o
   -1.05117515193135      4.19860289910649      2.41877479176699      h
    2.58222985597063      0.72274231859333     -1.96479116782616      o
    3.99042065017303      1.26460298906207     -3.11778185586832      h
    0.95990509692656     -3.35425419448469      3.57351709931368      h
  -.34905584719663D-01  0.27589040753404D-01  0.29027610034602D-01
  0.71235100253338D-02  0.30758490787824D-01  -.16843162246301D-01
  0.35713736810403D-01  -.37592867349554D-02  0.68046857297321D-02
  -.32050203056631D-01  0.74362661170220D-02  -.42001186898220D-02
  -.53481874308908D-02  0.84970318022697D-02  -.17135822015831D-01
  0.19288140539096D-01  -.53520831059565D-01  -.13658010602835D-01
  -.24444014169651D-01  -.14507983137262D-01  0.37648414144908D-01
  0.35322704159333D-01  0.10916656187989D-01  -.30805068590522D-01
  -.70010278842615D-03  -.13409384133306D-01  0.91614723217132D-02
$end
$grad          cartesian gradients
  cycle =    107   ex. state energy =    -1151.9192518033 |dE/dxyz| =  0.113035
   -0.06020014718402     -0.00068433438090      0.07233355126970      ti
    1.33663371962520     -2.32520590481789      2.08455633982119      o
   -3.16287505167158     -1.14475697420899     -2.33140229240382      o
   -5.07758635363796     -0.79602241422331     -2.63769741929324      h
   -0.50216336923042      2.65031355471168      1.96764852384770      o
   -0.93214764647198      4.27091620734703      2.48235407451459      h
    2.58461382207012      0.73101604070212     -1.95745817645085      o
    3.98700005749326      1.28811933030396     -3.07956160711008      h
    0.81674086698901     -3.32362673502523      3.55393405096203      h
  -.43818118404083D-01  0.88629858806715D-02  0.13029982463359D-01
  0.11166719053773D-01  0.30625958911897D-01  -.15392026885161D-01
  0.71495581612470D-01  -.20129252353293D-02  0.18090862148552D-01
  -.61180730316280D-01  0.93988396571024D-02  -.96508165672942D-02
  0.38102733276428D-02  0.13294768601264D-02  -.13290357352471D-01
  0.87850432109855D-02  -.32569586582673D-01  -.83874343993050D-02
  -.16657823894251D-01  -.10445960209813D-01  0.31367986761672D-01
  0.29834295537600D-01  0.89576001483244D-02  -.25659607565142D-01
  -.34352420488424D-02  -.14146388690792D-01  0.98914113468552D-02
$end
$grad          cartesian gradients
  cycle =    108   ex. state energy =    -1151.9161568509 |dE/dxyz| =  0.114380
   -0.08945923335206     -0.02458909083253      0.05085743562224      ti
    1.36010139942001     -2.32951382947577      2.08433695992869      o
   -3.09087974582204     -1.10243074516297     -2.27318499767765      o
   -5.04806014639329     -0.86959503567909     -2.60638374095103      h
   -0.51056400189530      2.67020976097804      1.95870076710525      o
   -0.81930284578761      4.37323782905661      2.55439704660159      h
    2.58675717756516      0.73935380520490     -1.95036998874551      o
    3.95911041396013      1.30321692056832     -3.02180241468995      h
    0.67673535078955     -3.28310457312955      3.52231225137686      h
  -.53402589770765D-01  -.94320837151505D-02  -.34311885947628D-02
  0.15350193096375D-01  0.30226111176451D-01  -.14046417196615D-01
  0.88334108282440D-01  0.58786478437663D-02  0.27102027649196D-01
  -.69860007427933D-01  0.56667947720860D-02  -.11710428463024D-01
  0.14142310261401D-01  -.30323220953559D-01  -.19830432859879D-01
  -.24204671500649D-02  0.11825199301968D-01  0.62875314572961D-02
  0.27185417357843D-02  -.14171651817213D-02  0.16571912758151D-01
  0.11658711740600D-01  0.17488232495842D-02  -.10967107601159D-01
  -.65208003566402D-02  -.14173106713302D-01  0.10024101517900D-01
$end
$grad          cartesian gradients
  cycle =    109   ex. state energy =    -1151.9097123230 |dE/dxyz| =  0.121378
   -0.11875578908930     -0.04847881066142      0.02834600256705      ti
    1.38246184224356     -2.33430102408964      2.08453470176362      o
   -3.01965363983712     -1.05884143131323     -2.21325875978426      o
   -4.95331006101228     -0.94726652755806     -2.55875668750792      h
   -0.51969706456566      2.69002444125237      1.94972717577175      o
   -0.70319039759492      4.46711153446912      2.62203494566115      h
    2.58753170008721      0.74726081525534     -1.94265683281186      o
    3.92242607372899      1.31618634301380     -2.95733627411593      h
    0.54195121034056     -3.23293205234330      3.47801799979769      h
  -.55351728962572D-01  -.25247062843981D-01  -.18260166219006D-01
  0.18177225274982D-01  0.29061446241233D-01  -.13377364418126D-01
  0.85655579127813D-01  0.15078454464770D-01  0.30095120422303D-01
  -.61040686670103D-01  -.13214218171108D-03  -.96098081911286D-02
  0.16918083213001D-01  -.53893721284655D-01  -.26060207736393D-01
  -.59999771266043D-02  0.46909791397485D-01  0.19245883644132D-01
  0.26736456849926D-01  0.10780823058129D-01  -.85183524390184D-03
  -.15588192703053D-01  -.96197601925165D-02  0.95747255386488D-02
  -.95067583629924D-02  -.12937829370315D-01  0.92436517273197D-02
$end
$grad          cartesian gradients
  cycle =    110   ex. state energy =    -1151.9045120669 |dE/dxyz| =  0.148188
   -0.14792478472294     -0.07209831856482      0.00496473876358      ti
    1.40344996241251     -2.33949247166496      2.08507437967589      o
   -2.94901154166270     -1.01432932048205     -2.15165914631001      o
   -4.80057148037283     -1.02563142612290     -2.49651525835667      h
   -0.52969459877976      2.71110180714411      1.94115114966596      o
   -0.58143849862774      4.52258494620707      2.67337632184770      h
    2.58536275799003      0.75401579489811     -1.93317754526185      o
    3.89998446277297      1.33685293937308     -2.90398476582346      h
    0.41473016579949     -3.17419102718468      3.42152302203240      h
  0.79134898707462D-02  -.16012125800540D-01  -.20010572148768D-01
  0.15178632248217D-01  0.25581458533345D-01  -.16025362871159D-01
  0.36447273284160D-01  0.12300071431000D-01  0.80405039109427D-02
  -.33780445226758D-01  -.37099324532916D-02  -.36564819195860D-02
  0.98265899389147D-02  -.64873988046287D-01  -.27564611365585D-01
  -.40008728510550D-02  0.62881648386116D-01  0.24561424524170D-01
  0.18447660287874D-01  0.11512364192027D-01  -.23454051906778D-03
  -.37952326453082D-01  -.18329346743464D-01  0.26010415019330D-01
  -.12079999692078D-01  -.93501499928106D-02  0.88792251288948D-02
$end
$grad          cartesian gradients
  cycle =    111   ex. state energy =    -1151.9066638374 |dE/dxyz| =  0.152438
   -0.17667004607513     -0.09516140199590     -0.01903967085781      ti
    1.42277203843441     -2.34497099608812      2.08581263224641      o
   -2.87790704860141     -0.96931740041899     -2.08841834411212      o
   -4.61642718806613     -1.10207153320551     -2.42551885772475      h
   -0.54040971478432      2.73382320123816      1.93312927492502      o
   -0.45653402067606      4.52579237595884      2.70160597737718      h
    2.57911376437069      0.75903493853978     -1.92120218856344      o
    3.90832600998566      1.37289366087542     -2.87381126141944      h
    0.29728900377874     -3.10884434919896      3.35455727781363      h
  0.49996819650912D-01  0.86481343278506D-03  -.63417450341241D-02
  0.13635426720170D-01  0.24384126293032D-01  -.18304480703454D-01
  -.29260112250323D-01  0.54968211391762D-02  -.11327971913996D-01
  0.19097846095637D-01  0.25932292778737D-03  0.48069553628704D-02
  -.15738407141830D-02  -.69253613415852D-01  -.27967750650409D-01
  0.80938064641573D-03  0.59385832804781D-01  0.23133774141530D-01
  -.64567889979116D-02  -.12934208617479D-02  0.54161181934373D-02
  -.32023695970439D-01  -.14641714057842D-01  0.23664837116686D-01
  -.14225034441024D-01  -.52021678724614D-02  0.69202635724382D-02
$end
$grad          cartesian gradients
  cycle =    112   ex. state energy =    -1151.9061852735 |dE/dxyz| =  0.175008
   -0.20459409569046     -0.11739143331461     -0.04335848501454      ti
    1.44017065296850     -2.35061122243201      2.08656064947762      o
   -2.80417219519122     -0.92399489113535     -2.02346127708072      o
   -4.45009233482228     -1.17899672678633     -2.35672162654976      h
   -0.55165533413967      2.75775887982054      1.92549568134176      o
   -0.33206606779197      4.47753350686428      2.70571644448060      h
    2.56908416525138      0.76236646066123     -1.90708236109973      o
    3.94169038357746      1.42233259328407     -2.86214014964218      h
    0.19125520630766     -3.03938222327924      3.27975400053722      h
  0.19344531298610D-01  -.59709664233748D-02  -.93693731409041D-02
  0.15815540047888D-01  0.22305316920963D-01  -.18932917290671D-01
  -.59897605029349D-01  0.19276080668293D-02  -.79218830729059D-02
  0.74103994330175D-01  0.11654635449116D-01  0.17418950904364D-01
  -.32013256819498D-02  -.53697399059273D-01  -.23486994610771D-01
  0.23335147304006D-02  0.40231600861019D-01  0.15539655075663D-01
  -.27399611737074D-01  -.12985169239796D-01  0.17695827557894D-01
  -.50551978241080D-02  -.18934272395169D-02  0.51661398828702D-02
  -.16043839713083D-01  -.15721982824707D-02  0.38905945561463D-02
$end
$grad          cartesian gradients
  cycle =    113   ex. state energy =    -1151.9007998920 |dE/dxyz| =  0.191658
   -0.23112558330419     -0.13848953347033     -0.06756123830982      ti
    1.45541287964448     -2.35630726385386      2.08711753001009      o
   -2.72619982977286     -0.87825765079128     -1.95705147920827      o
   -4.35033427994873     -1.26595341080936     -2.30197666943912      h
   -0.56339025029058      2.78168744556222      1.91771836210748      o
   -0.20972941202914      4.39276887794607      2.69126292637774      h
    2.55666670439859      0.76460065239287     -1.89192319739622      o
    3.97761341151734      1.47495878202431     -2.85296041089709      h
    0.09782992382395     -2.96852721928891      3.20030191753986      h
  -.34867854945412D-01  -.18845646441201D-01  -.25461381969711D-01
  0.17949853091599D-01  0.19470344060519D-01  -.19907086322362D-01
  -.10583683905037D-01  0.86838903627903D-02  0.20566802164963D-01
  0.67919893590420D-01  0.17055242020335D-01  0.18942204490462D-01
  0.35529874197788D-02  -.21600748865460D-01  -.12818510879434D-01
  -.26870616633766D-02  0.46869083788618D-02  -.91114707042057D-05
  -.44771624893989D-01  -.22449322649252D-01  0.29898645340795D-01
  0.20875583334533D-01  0.10931442084052D-01  -.12059750931780D-01
  -.17388092153864D-01  0.20678906516352D-02  0.84818847780805D-03
$end
$grad          cartesian gradients
  cycle =    114   ex. state energy =    -1151.8848445739 |dE/dxyz| =  0.179521
   -0.25538404587976     -0.15806528469826     -0.09098137779718      ti
    1.46825335404397     -2.36198147812135      2.08729748749495      o
   -2.64672319252956     -0.83263168691337     -1.89084148871132      o
   -4.31245241590997     -1.36731448434575     -2.26280229769828      h
   -0.57592111872155      2.80353510865310      1.90885113407574      o
   -0.08592892613882      4.30086268826144      2.67148111395752      h
    2.54327523282839      0.76637448473931     -1.87680868376836      o
    3.99451928719507      1.52006514958398     -2.83191431438865      h
    0.01815719501796     -2.89919337643031      3.11985467754555      h
  -.11105076373445D+00  -.31127684143097D-01  -.52344661307837D-01
  0.19635322651446D-01  0.15140014456000D-01  -.21938446676905D-01
  0.10860814016745D+00  0.36124980977092D-01  0.74525056562257D-01
  0.11366183519858D-01  0.46126261925559D-02  0.90934214259163D-02
  0.19351710445884D-01  0.11935572984639D-01  -.32352707917457D-02
  -.15666365614292D-01  -.35607172199958D-01  -.18249028010588D-01
  -.49832017655227D-01  -.25380586085621D-01  0.34929132834527D-01
  0.35432841987115D-01  0.18294767959516D-01  -.20880300653035D-01
  -.17845050106356D-01  0.60074800725529D-02  -.18999029109085D-02
$end
$grad          cartesian gradients
  cycle =    115   ex. state energy =    -1151.8546569848 |dE/dxyz| =  0.143883
   -0.27624200307330     -0.17573302064924     -0.11277866773669      ti
    1.47852767112576     -2.36761992114653      2.08694754094104      o
   -2.57205929465811     -0.78873452172690     -1.82769572935780      o
   -4.28747860179045     -1.47221135061303     -2.23047647217231      h
   -0.59005937261770      2.82115907017759      1.89775188349410      o
    0.05046997735061      4.23453705205498      2.66311708031256      h
    2.52972849501985      0.76809118569796     -1.86236272034272      o
    3.98089684526432      1.55143085812455     -2.79205246137583      h
   -0.04717104942817     -2.83401246979465      3.04199240477226      h
  -.20176735239343D+00  -.39921397393324D-01  -.98229472450404D-01
  0.22588707811608D-01  0.98208052013139D-02  -.21333196969171D-01
  0.23467014656036D+00  0.71154700026245D-01  0.14064968208689D+00
  -.34091368672068D-01  -.12907002308235D-01  0.60347269903684D-04
  0.29984289357781D-01  0.16153703019203D-01  -.69232985789779D-02
  -.24309175305853D-01  -.48511811002409D-01  -.23090258083412D-01
  -.45865240886782D-01  -.23698100003628D-01  0.34202582677363D-01
  0.36232889405830D-01  0.18473504542635D-01  -.20594504814466D-01
  -.17442895174965D-01  0.94355980914328D-02  -.47418815309649D-02
$end
$grad          cartesian gradients
  cycle =    116   ex. state energy =    -1151.8179542229 |dE/dxyz| =  0.133671
   -0.29222200463174     -0.19104421338221     -0.13184529862497      ti
    1.48611008385610     -2.37323987920049      2.08594295778491      o
   -2.50906289615119     -0.74871371469335     -1.77125383586171      o
   -4.23592464774912     -1.56511666336289     -2.19717875399453      h
   -0.60645109552137      2.83399352612223      1.88402067351053      o
    0.20786412213752      4.20228617248459      2.67197669967713      h
    2.51621039920925      0.76982752711970     -1.84878446732306      o
    3.93652863748647      1.56840405666964     -2.73415600011287      h
   -0.09789576514149     -2.77554408867187      2.97048623835476      h
  -.29466030524079D+00  -.52946492308443D-01  -.16135773155727D+00
  0.24911928130490D-01  0.70285867755755D-02  -.18462377784511D-01
  0.34241531811901D+00  0.10221693080135D+00  0.20928145253244D+00
  -.51215431560420D-01  -.24278284530086D-01  -.37608698463530D-02
  0.19095841436813D-01  -.15007049968078D-01  -.25908711923644D-01
  -.13025786885840D-01  -.22636035555287D-01  -.78860543318178D-02
  -.33937015952901D-01  -.17994753083467D-01  0.27606198361503D-01
  0.22988432336141D-01  0.11685267856924D-01  -.11540978870151D-01
  -.16572979833582D-01  0.11931830267112D-01  -.79709269059860D-02
$end
