$coord
    0.01811725772949     -0.09234874120878     -0.02272433604416      ti
    1.68906901640373     -2.20526503779148      1.54189137537887      o
   -3.28339135216671     -1.79452265530194     -1.85264405478660      o
   -4.47069909559600     -3.58693879375869     -1.02923801429623      h
   -0.59031790130241      2.80089301818847      2.51690249640394      o
   -2.38329604603605      2.12512989998140      2.09947782759650      h
    2.15672739407032      1.54163390071529     -2.09423802969169      o
    3.00384665305434      2.30784226955337     -3.52444006150863      h
    3.43224562225900     -1.89777035302694      1.75773299376317      h
$redundant
     number_of_atoms             9
     degrees_of_freedom         21
     internal_coordinates       21
     frozen_coordinates          0
# definitions of redundant internals
   1 k  1.0000000000000 tors    4    3    1    2 val= 100.09300
        1.0000000000000 tors    4    3    1    5
        1.0000000000000 tors    4    3    1    7
   2 k  1.0000000000000 stre    3    4           val=   1.63757
   3 k  1.0000000000000 bend    1    4    3      val= 143.64830
   4 k  1.0000000000000 tors    6    5    1    2 val= 135.54941
        1.0000000000000 tors    6    5    1    3
        1.0000000000000 tors    6    5    1    7
   5 k  1.0000000000000 stre    5    6           val=   1.83809
   6 k  1.0000000000000 bend    1    6    5      val= 109.77864
   7 k  1.0000000000000 tors    8    7    1    2 val= 112.39682
        1.0000000000000 tors    8    7    1    3
        1.0000000000000 tors    8    7    1    5
   8 k  1.0000000000000 stre    7    8           val=   1.82517
   9 k  1.0000000000000 bend    1    8    7      val= 140.63878
  10 k  1.0000000000000 tors    9    2    1    3 val=  30.95183
        1.0000000000000 tors    9    2    1    5
        1.0000000000000 tors    9    2    1    7
  11 k  1.0000000000000 stre    2    9           val=   1.78536
  12 k  1.0000000000000 bend    1    9    2      val= 147.41893
  13 k  1.0000000000000 stre    1    2           val=   3.33517
  14 k  1.0000000000000 stre    1    5           val=   3.34609
  15 k  1.0000000000000 stre    1    7           val=   3.40439
  16 k  1.0000000000000 stre    1    3           val=   3.51810
  17 k -0.5085812579451 bend    5    2    1      val=   1.05334
        0.1317103048200 bend    7    2    1
       -0.4587377922458 bend    7    5    1
        0.4303739605142 bend    3    2    1
       -0.1027094907596 bend    3    5    1
        0.5637252453597 bend    3    7    1
  18 k  0.0037626852252 bend    5    2    1      val=   3.78485
        0.5882412550355 bend    7    2    1
        0.3246454979724 bend    7    5    1
       -0.1557838084529 bend    3    2    1
       -0.7142467118076 bend    3    5    1
        0.1189386750237 bend    3    7    1
  19 k  0.5421334954402 bend    5    2    1      val=   6.59941
        0.2469371107649 bend    7    2    1
       -0.4945635820621 bend    7    5    1
        0.4788620908318 bend    3    2    1
       -0.1846689161384 bend    3    5    1
       -0.3702819049363 bend    3    7    1
  20 k  0.4198414475178 bend    5    2    1      val=   2.95348
        0.1092310826565 bend    7    2    1
       -0.4608188976793 bend    7    5    1
       -0.6131366189512 bend    3    2    1
        0.0936162441723 bend    3    5    1
        0.4634081984575 bend    3    7    1
  21 k -0.3526992207397 bend    5    2    1      val=   6.36727
        0.6774743429429 bend    7    2    1
       -0.1536889034293 bend    7    5    1
       -0.2049151765662 bend    3    2    1
        0.4711085131902 bend    3    5    1
       -0.3592743165313 bend    3    7    1
        21 non zero eigenvalues  of BmBt
           1          11.874222709    1    0
         1
           2           8.938023502    2    0
         2
           3           7.437179534    3    0
         3
           4           3.454697131    4    0
         4
           5           3.066618966    5    0
         5
           6           2.913772847    6    0
         6
           7           2.498709544    7    0
         7
           8           2.269852143    8    0
         8
           9           2.079434428    9    0
         9
          10           1.836092376   10    0
        10
          11           1.581556443   11    0
        11
          12           1.349798837   12    0
        12
          13           1.008491921   13    0
        13
          14           0.714416946   14    0
        14
          15           0.636285237   15    0
        15
          16           0.307317515   16    0
        16
          17           0.156000773   17    0
        17
          18           0.120571661   18    0
        18
          19           0.087034277   19    0
        19
          20           0.078369082   20    0
        20
          21           0.071898502   21    0
        21
$user-defined bonds
$end
