$energy      SCF               SCFKIN            SCFPOT
     1 -1152.091013377      1148.67066     -2300.76168     0.1961244007581
     2 -1152.097644379      1148.52801     -2300.62565     0.1960896469215
     3 -1152.098510289      1148.35144     -2300.44995     0.1951995671994
     4 -1152.091427729      1148.22305     -2300.31448     0.1935963356466
     5 -1152.086882451      1148.15740     -2300.24428     0.1914669328639
     6 -1152.088140644      1148.14693     -2300.23507     0.1889085443113
     7 -1152.092324414      1148.17860     -2300.27092     0.1856017285632
     8 -1152.093410002      1148.23083     -2300.32424     0.1814868826047
     9 -1152.084674925      1148.26032     -2300.34499     0.1768351519046
    10 -1152.079072179      1148.15929     -2300.23836     0.1716725385309
    11 -1152.084662190      1147.91176     -2299.99643     0.1661035272434
    12 -1152.080179820      1147.68093     -2299.76111     0.1603131681952
    13 -1152.069124813      1147.52533     -2299.59446     0.1541996749347
    14 -1152.061845218      1147.45000     -2299.51185     0.1480098500190
    15 -1152.060130368      1147.44173     -2299.50186     0.1417955512208
    16 -1152.060813685      1147.48139     -2299.54220     0.1356271248908
    17 -1152.057029634      1147.54541     -2299.60244     0.1296847269805
    18 -1152.043491802      1147.58532     -2299.62881     0.1239775714841
    19 -1152.038636241      1147.48733     -2299.52596     0.1181882679151
    20 -1152.041169690      1147.28839     -2299.32956     0.1124261110510
    21 -1152.032781676      1147.14033     -2299.17311     0.1067874907743
    22 -1152.021263529      1147.08070     -2299.10196     0.1011862223944
    23 -1152.014967889      1147.09973     -2299.11470     0.9562616472564E-01
    24 -1152.014464506      1147.17884     -2299.19331     0.9008156461380E-01
    25 -1152.016317563      1147.29658     -2299.31290     0.8465537898653E-01
    26 -1152.011795781      1147.43506     -2299.44685     0.7952057710410E-01
    27 -1151.997822775      1147.53789     -2299.53572     0.7465116824183E-01
    28 -1151.996972998      1147.48630     -2299.48328     0.6992057169066E-01
    29 -1151.999341666      1147.36022     -2299.35957     0.6548525152737E-01
    30 -1151.990292644      1147.29941     -2299.28970     0.6124066680077E-01
    31 -1151.979642492      1147.32583     -2299.30547     0.5707868828580E-01
    32 -1151.974282846      1147.42174     -2299.39603     0.5292203535004E-01
    33 -1151.974471979      1147.56538     -2299.53985     0.4880012565902E-01
    34 -1151.976144691      1147.73914     -2299.71528     0.4491791518508E-01
    35 -1151.969277072      1147.93203     -2299.90131     0.4149701977781E-01
    36 -1151.955888409      1148.07198     -2300.02787     0.3857190708808E-01
    37 -1151.959756193      1148.04505     -2300.00480     0.3595066399693E-01
    38 -1151.962698607      1147.96955     -2299.93225     0.3362480741646E-01
    39 -1151.954499162      1147.96604     -2299.92054     0.3145427077831E-01
    40 -1151.945953201      1148.04089     -2299.98685     0.2942084224649E-01
    41 -1151.943385583      1148.16944     -2300.11283     0.2751001650035E-01
    42 -1151.947266627      1148.32918     -2300.27645     0.2581072752957E-01
    43 -1151.952298164      1148.51226     -2300.46456     0.2449327113781E-01
    44 -1151.946720242      1148.71635     -2300.66307     0.2367194145648E-01
    45 -1151.935025684      1148.85513     -2300.79015     0.2312491606415E-01
    46 -1151.941858549      1148.80565     -2300.74751     0.2244712990643E-01
    47 -1151.945689337      1148.69807     -2300.64376     0.2157686584909E-01
    48 -1151.938262855      1148.64017     -2300.57843     0.2053557112962E-01
    49 -1151.931110186      1148.63306     -2300.56417     0.1928951687939E-01
    50 -1151.930951596      1148.65072     -2300.58167     0.1779094932302E-01
    51 -1151.938182383      1148.67494     -2300.61312     0.1606567626172E-01
    52 -1151.946783600      1148.70535     -2300.65213     0.1505609190646E-01
    53 -1151.941140481      1148.76744     -2300.70858     0.1489714128058E-01
    54 -1151.929677391      1148.73915     -2300.66883     0.1575663910367E-01
    55 -1151.946475821      1148.48077     -2300.42725     0.1725385449658E-01
    56 -1151.952396806      1148.22106     -2300.17346     0.1922698391833E-01
    57 -1151.944317620      1148.05565     -2299.99996     0.2166272907694E-01
    58 -1151.937622062      1147.97131     -2299.90893     0.2423968359532E-01
    59 -1151.939175284      1147.93179     -2299.87096     0.2690217221455E-01
    60 -1151.949934695      1147.91318     -2299.86311     0.2983137761854E-01
    61 -1151.964220301      1147.91978     -2299.88400     0.3333981335337E-01
    62 -1151.968938828      1147.97274     -2299.94168     0.3775353991207E-01
    63 -1151.960323350      1148.01978     -2299.98011     0.4318930524547E-01
    64 -1151.968978977      1147.89412     -2299.86310     0.4875869857012E-01
    65 -1151.979513062      1147.68822     -2299.66773     0.5349408615063E-01
    66 -1151.973558949      1147.55498     -2299.52854     0.5759696441532E-01
    67 -1151.963609857      1147.50065     -2299.46426     0.6151922578054E-01
    68 -1151.959784356      1147.48936     -2299.44915     0.6537685773133E-01
    69 -1151.965575620      1147.49300     -2299.45857     0.6931599991124E-01
    70 -1151.978227526      1147.51368     -2299.49190     0.7355202209142E-01
    71 -1151.990458104      1147.57538     -2299.56583     0.7829874718522E-01
    72 -1151.990091696      1147.70211     -2299.69220     0.8360039547748E-01
    73 -1151.974422846      1147.83658     -2299.81101     0.8907265973896E-01
    74 -1151.976441046      1147.80185     -2299.77829     0.9413803376760E-01
    75 -1151.982492119      1147.68578     -2299.66828     0.9919380119134E-01
    76 -1151.974890068      1147.63965     -2299.61454     0.1044456481203
    77 -1151.966926700      1147.65725     -2299.62417     0.1094535795312
    78 -1151.968803659      1147.70204     -2299.67084     0.1148952243979
    79 -1151.980888666      1147.77090     -2299.75179     0.1225307471985
    80 -1152.000148405      1147.87807     -2299.87821     0.1330388459661
    81 -1152.021163590      1148.03769     -2300.05885     0.1449305654129
    82 -1152.031081523      1148.25799     -2300.28907     0.1558888602616
    83 -1152.038858290      1148.42848     -2300.46733     0.1648924615003
    84 -1152.066070478      1148.42655     -2300.49262     0.1728618918012
    85 -1152.074322432      1148.44157     -2300.51590     0.1805385982886
    86 -1152.063816880      1148.55812     -2300.62194     0.1879124633077
    87 -1152.051201155      1148.75020     -2300.80140     0.1946945113328
    88 -1152.040392590      1149.01293     -2301.05332     0.1999484726279
    89 -1152.030920182      1149.33938     -2301.37030     0.1993324013574
    90 -1152.025691792      1149.69543     -2301.72112     0.2064214505807
    91 -1152.025777567      1150.05227     -2302.07804     0.2159384805928
    92 -1152.016260725      1150.42779     -2302.44405     0.2178996591109
    93 -1151.982307823      1150.77173     -2302.75403     0.2186010981579
    94 -1151.980503048      1150.77965     -2302.76016     0.2196679437323
    95 -1151.993837149      1150.54206     -2302.53589     0.2214040624925
    96 -1151.993650428      1150.28924     -2302.28289     0.2235806421794
    97 -1151.996319948      1150.05334     -2302.04966     0.2096346957294
    98 -1152.008855251      1149.82961     -2301.83847     0.2075134459738
    99 -1152.033121964      1149.60104     -2301.63416     0.2190263114577
   100 -1152.065176615      1149.38011     -2301.44528     0.2231293330820
   101 -1152.088331427      1149.23001     -2301.31834     0.2174904940743
   102 -1152.081958394      1149.17642     -2301.25838     0.2094186773391
   103 -1152.073963568      1149.01060     -2301.08457     0.1980397393561
   104 -1152.087849115      1148.62458     -2300.71243     0.1827611564337
   105 -1152.078826995      1148.29039     -2300.36922     0.1680461610859
   106 -1152.055517703      1148.07800     -2300.13352     0.1549894050169
   107 -1152.033392477      1147.95473     -2299.98812     0.1439175487081
   108 -1152.019292134      1147.87161     -2299.89091     0.1344482138607
   109 -1152.014964618      1147.79894     -2299.81390     0.1260930250904
   110 -1152.016523909      1147.74554     -2299.76206     0.1186749547536
   111 -1152.017623053      1147.73475     -2299.75237     0.1123710246140
   112 -1152.004921106      1147.79273     -2299.79765     0.1072006409866
   113 -1151.972873964      1147.86945     -2299.84233     0.1023634054184
   114 -1151.968163236      1147.74443     -2299.71259     0.9690330344236E-01
   115 -1151.968924583      1147.55231     -2299.52124     0.9137148810156E-01
   116 -1151.952759591      1147.46395     -2299.41670     0.8635267059200E-01
   117 -1151.936370104      1147.44170     -2299.37807     0.8206740906425E-01
   118 -1151.930756143      1147.41798     -2299.34874     0.7949205096642E-01
   119 -1151.935275088      1147.37637     -2299.31165     0.7900069746487E-01
   120 -1151.946647436      1147.33873     -2299.28537     0.7857933779881E-01
   121 -1151.960769640      1147.34429     -2299.30506     0.7718997241612E-01
   122 -1151.964060631      1147.43933     -2299.40339     0.7707324605923E-01
   123 -1151.956715675      1147.55053     -2299.50725     0.7803741293410E-01
   124 -1151.977286643      1147.47169     -2299.44897     0.7848877007885E-01
   125 -1151.990853856      1147.35678     -2299.34763     0.7818570415574E-01
   126 -1151.982253752      1147.32948     -2299.31174     0.7788091855677E-01
   127 -1151.969973593      1147.34168     -2299.31166     0.7809312547638E-01
   128 -1151.964503924      1147.34307     -2299.30757     0.7893209562510E-01
   129 -1151.967730616      1147.33222     -2299.29995     0.8022841772096E-01
   130 -1151.980066910      1147.33820     -2299.31827     0.8188507661224E-01
   131 -1151.998621832      1147.40803     -2299.40665     0.8392702476153E-01
   132 -1152.011848889      1147.59411     -2299.60595     0.8640139914998E-01
   133 -1152.003128734      1147.88810     -2299.89122     0.8829861479955E-01
   134 -1152.004867952      1148.05697     -2300.06184     0.8852127264650E-01
   135 -1152.021893025      1148.05012     -2300.07201     0.8914047851124E-01
   136 -1152.015908989      1148.07395     -2300.08986     0.9172191642653E-01
   137 -1152.002123049      1148.12884     -2300.13096     0.9623460888093E-01
   138 -1151.993557410      1148.18628     -2300.17984     0.1019575465387
   139 -1151.994843515      1148.25470     -2300.24954     0.1084147552325
   140 -1152.006922826      1148.36541     -2300.37233     0.1155869131137
   141 -1152.025488201      1148.55967     -2300.58516     0.1238349226870
   142 -1152.031733265      1148.87992     -2300.91165     0.1334350462252
   143 -1152.017283256      1149.22581     -2301.24309     0.1440065433253
   144 -1152.038753373      1149.26547     -2301.30422     0.1544398695803
   145 -1152.051791715      1149.16288     -2301.21467     0.1648241313838
   146 -1152.041999285      1149.07916     -2301.12116     0.1756158825830
   147 -1152.030679167      1149.01222     -2301.04290     0.1845670863265
   148 -1152.026023510      1148.98039     -2301.00641     0.1921436561996
   149 -1152.029384372      1149.02224     -2301.05163     0.2008977703900
   150 -1152.039348110      1149.17405     -2301.21339     0.2000375418109
   151 -1152.044130823      1149.46978     -2301.51391     0.1960760912282
   152 -1152.018664830      1149.89792     -2301.91658     0.1915857923270
   153 -1151.991612872      1150.18675     -2302.17836     0.1867210713544
   154 -1151.994307161      1150.15217     -2302.14648     0.1811927695921
   155 -1151.979634530      1150.02366     -2302.00330     0.1734232476591
   156 -1151.959985884      1149.84407     -2301.80405     0.1592918633252
   157 -1151.947710157      1149.63350     -2301.58121     0.1440415327666
   158 -1151.946749081      1149.41952     -2301.36627     0.1384955258776
   159 -1151.958263328      1149.22243     -2301.18069     0.1436848849858
   160 -1151.980167693      1149.05957     -2301.03974     0.1550758714740
   161 -1152.006831653      1148.94643     -2300.95326     0.1633164675645
   162 -1152.029396646      1148.88980     -2300.91919     0.1636299197997
   163 -1152.036459528      1148.87486     -2300.91132     0.1612678419815
   164 -1152.024319260      1148.82423     -2300.84855     0.1589114510659
   165 -1152.034157495      1148.52767     -2300.56183     0.1577441931773
   166 -1152.055482644      1148.06348     -2300.11896     0.1577906109981
   167 -1152.048420354      1147.70433     -2299.75275     0.1582394180223
   168 -1152.030977783      1147.49616     -2299.52714     0.1573897876428
   169 -1152.020550066      1147.41316     -2299.43371     0.1506698472559
   170 -1152.021128045      1147.43016     -2299.45129     0.1412585329045
   171 -1152.029022800      1147.52780     -2299.55682     0.1316973422702
   172 -1152.038675095      1147.67567     -2299.71434     0.1227912336085
   173 -1152.041441544      1147.83985     -2299.88130     0.1147693819952
   174 -1152.022570406      1147.98230     -2300.00487     0.1069975292204
   175 -1152.014214174      1147.91997     -2299.93418     0.9849166708373E-01
   176 -1152.016813581      1147.70985     -2299.72666     0.8977870921863E-01
   177 -1151.998238567      1147.60738     -2299.60562     0.8186362299744E-01
   178 -1151.976823685      1147.62796     -2299.60479     0.7468571107397E-01
   179 -1151.964905498      1147.73137     -2299.69628     0.6810736832320E-01
   180 -1151.961806647      1147.88883     -2299.85063     0.6197636361454E-01
   181 -1151.964005000      1148.07036     -2300.03436     0.5622426772298E-01
   182 -1151.968565366      1148.24528     -2300.21384     0.5095908528868E-01
   183 -1151.959188251      1148.43227     -2300.39146     0.4633057316462E-01
   184 -1151.929654909      1148.57930     -2300.50895     0.4246482228064E-01
   185 -1151.939376094      1148.44236     -2300.38174     0.3971891120239E-01
   186 -1151.943566489      1148.26621     -2300.20978     0.3865156390996E-01
   187 -1151.929394556      1148.20333     -2300.13272     0.3912460618940E-01
   188 -1151.919057538      1148.22526     -2300.14432     0.4101861031209E-01
   189 -1151.919689882      1148.29108     -2300.21077     0.4386348724393E-01
   190 -1151.930480388      1148.37177     -2300.30225     0.4728795369390E-01
   191 -1151.950626596      1148.43896     -2300.38958     0.5127055652433E-01
   192 -1151.973275718      1148.49418     -2300.46745     0.5623531567979E-01
   193 -1151.976761465      1148.58018     -2300.55694     0.6264266240521E-01
   194 -1151.970231848      1148.58804     -2300.55828     0.6940527030385E-01
   195 -1151.990264533      1148.36557     -2300.35583     0.7493344721873E-01
   196 -1151.994051992      1148.16047     -2300.15452     0.7910379648409E-01
   197 -1151.985076646      1148.05232     -2300.03740     0.8297577412925E-01
   198 -1151.979244398      1148.00916     -2299.98841     0.8698755867789E-01
   199 -1151.981213215      1147.99085     -2299.97206     0.9128820000810E-01
   200 -1151.991107044      1147.96892     -2299.96002     0.9570154904991E-01
   201 -1152.008084142      1147.93562     -2299.94370     0.9982915934896E-01
   202 -1152.026142030      1147.92743     -2299.95357     0.1036521589624
   203 -1152.025058963      1148.01874     -2300.04380     0.1075925400567
   204 -1151.999561251      1148.15388     -2300.15344     0.1115240135048
   205 -1152.011441131      1148.05079     -2300.06223     0.1154447569513
   206 -1152.027203643      1147.87962     -2299.90683     0.1194707528824
   207 -1152.024438533      1147.81525     -2299.83968     0.1235166126749
   208 -1152.020567774      1147.82405     -2299.84462     0.1277424644390
   209 -1152.022103183      1147.86173     -2299.88383     0.1338780875531
   210 -1152.029949011      1147.90778     -2299.93773     0.1438950981259
   211 -1152.045452432      1147.96188     -2300.00734     0.1568211364337
   212 -1152.064186318      1148.06479     -2300.12897     0.1655195374180
   213 -1152.075384432      1148.27184     -2300.34723     0.1697434944390
   214 -1152.069768174      1148.57197     -2300.64174     0.1734519671162
   215 -1152.068639693      1148.79187     -2300.86051     0.1781611548709
   216 -1152.071268793      1148.89490     -2300.96617     0.1831123865642
   217 -1152.050750145      1149.03053     -2301.08128     0.1853252097659
   218 -1152.016970974      1149.21717     -2301.23414     0.1767096784159
   219 -1151.985129583      1149.40575     -2301.39088     0.1624849961569
   220 -1151.969376580      1149.53574     -2301.50512     0.1611585172199
   221 -1151.977063370      1149.58441     -2301.56148     0.1771236781338
   222 -1152.002194740      1149.59102     -2301.59321     0.2011017275110
   223 -1152.026912628      1149.61879     -2301.64570     0.2053093391052
   224 -1152.030330788      1149.67450     -2301.70483     0.2054096651483
   225 -1152.045006598      1149.54596     -2301.59097     0.2047699461397
   226 -1152.068026730      1149.24549     -2301.31351     0.2035884314117
   227 -1152.065195325      1149.00386     -2301.06906     0.2011018896516
   228 -1152.051091883      1148.85007     -2300.90116     0.1973382847281
   229 -1152.040112204      1148.74767     -2300.78779     0.1910624448297
   230 -1152.038098507      1148.67148     -2300.70958     0.1845220812178
   231 -1152.043822249      1148.63383     -2300.67765     0.1769094400164
   232 -1152.053459485      1148.66216     -2300.71562     0.1670128920139
   233 -1152.058218052      1148.77911     -2300.83733     0.1575966584245
   234 -1152.042956719      1148.96390     -2301.00685     0.1499161457859
   235 -1152.025914386      1149.03520     -2301.06112     0.1428218724843
   236 -1152.030477038      1148.86839     -2300.89887     0.1348527619532
   237 -1152.018846003      1148.67875     -2300.69760     0.1259068257750
   238 -1151.996602173      1148.52910     -2300.52570     0.1161152656830
   239 -1151.980218687      1148.39662     -2300.37684     0.1069919423512
   240 -1151.972706485      1148.28879     -2300.26150     0.9951680204661E-01
   241 -1151.973551558      1148.22283     -2300.19638     0.9310687358774E-01
   242 -1151.982229482      1148.20750     -2300.18973     0.8680775905199E-01
   243 -1151.992671177      1148.25410     -2300.24677     0.8082458905231E-01
   244 -1151.988349435      1148.36882     -2300.35717     0.7590128742563E-01
   245 -1151.975409493      1148.41326     -2300.38866     0.7206054198964E-01
   246 -1151.991141157      1148.18581     -2300.17695     0.6835268956671E-01
   247 -1151.993010722      1147.90620     -2299.89921     0.6479315689992E-01
   248 -1151.977969166      1147.68876     -2299.66673     0.6192337086579E-01
   249 -1151.962123334      1147.54753     -2299.50965     0.5979866284495E-01
   250 -1151.953484851      1147.47732     -2299.43081     0.5803125505687E-01
   251 -1151.955045557      1147.46552     -2299.42057     0.5642567439796E-01
   252 -1151.966761718      1147.50107     -2299.46783     0.5494796836214E-01
   253 -1151.983382469      1147.58580     -2299.56918     0.5359870149415E-01
   254 -1151.987765815      1147.74152     -2299.72929     0.5218463433615E-01
   255 -1151.967079309      1147.91511     -2299.88219     0.5065129385770E-01
   256 -1151.967636548      1147.84265     -2299.81029     0.4907967552087E-01
   257 -1151.977196981      1147.60859     -2299.58578     0.4849724253258E-01
   258 -1151.965085051      1147.44916     -2299.41425     0.4918274535169E-01
   259 -1151.948443508      1147.38607     -2299.33452     0.5075143076116E-01
   260 -1151.939905970      1147.39043     -2299.33033     0.5270847710514E-01
   261 -1151.942811392      1147.43813     -2299.38095     0.5493625137134E-01
   262 -1151.956570626      1147.52022     -2299.47679     0.5760003734857E-01
   263 -1151.974881183      1147.65051     -2299.62539     0.6125625120440E-01
   264 -1151.981612993      1147.85510     -2299.83671     0.6650302170026E-01
   265 -1151.969354459      1148.05986     -2300.02921     0.7327497558887E-01
   266 -1151.985853658      1148.00150     -2299.98735     0.8080685531893E-01
   267 -1152.003407870      1147.82019     -2299.82359     0.8808641874926E-01
   268 -1151.997294185      1147.73435     -2299.73165     0.9572964959566E-01
   269 -1151.988375328      1147.74558     -2299.73396     0.1037990504404
   270 -1151.988819327      1147.81721     -2299.80603     0.1124537601451
   271 -1152.001189852      1147.92469     -2299.92588     0.1222445645058
   272 -1152.022657067      1148.06232     -2300.08498     0.1336761547004
   273 -1152.046703570      1148.23907     -2300.28577     0.1469894068820
   274 -1152.061199395      1148.47362     -2300.53482     0.1619268157946
   275 -1152.046355792      1148.76509     -2300.81145     0.1772234958447
   276 -1152.037950653      1148.90128     -2300.93923     0.1897932909320
   277 -1152.054573741      1148.84354     -2300.89812     0.1977553317638
   278 -1152.049325406      1148.87070     -2300.92003     0.2014747324597
   279 -1152.034145074      1149.00792     -2301.04206     0.1982016352914
   280 -1152.020116276      1149.20446     -2301.22458     0.1888218672293
   281 -1152.008436183      1149.41946     -2301.42790     0.1828091831388
   282 -1151.999547632      1149.61921     -2301.61876     0.1826188163272
   283 -1151.996049534      1149.78352     -2301.77957     0.1889912727599
   284 -1151.996219644      1149.93207     -2301.92829     0.2005220091686
   285 -1151.993858810      1150.09983     -2302.09368     0.2113348835212
   286 -1151.986516741      1150.26002     -2302.24654     0.2167703551946
   287 -1151.996796335      1150.25583     -2302.25262     0.2175568429137
   288 -1152.021832334      1150.06669     -2302.08853     0.2163997566351
   289 -1152.034537851      1149.83592     -2301.87046     0.2143313059031
   290 -1152.040673716      1149.58589     -2301.62657     0.2120898652655
   291 -1152.050499407      1149.30227     -2301.35277     0.2118726348900
   292 -1152.064984685      1149.01455     -2301.07953     0.2086237357413
   293 -1152.079700081      1148.78589     -2300.86559     0.2041340098993
   294 -1152.089505013      1148.66365     -2300.75315     0.1994614809100
   295 -1152.085022576      1148.65371     -2300.73873     0.1915614107572
   296 -1152.075223183      1148.63768     -2300.71291     0.1792358094888
   297 -1152.077009118      1148.49697     -2300.57398     0.1658381452699
   298 -1152.063655434      1148.34620     -2300.40985     0.1530770593594
   299 -1152.037876154      1148.21961     -2300.25749     0.1411748981341
   300 -1152.015968821      1148.08723     -2300.10320     0.1305300176811
   301 -1152.001495217      1147.96644     -2299.96794     0.1214189457207
   302 -1151.995026288      1147.88977     -2299.88480     0.1139367440592
   303 -1151.997661524      1147.87470     -2299.87237     0.1082257931918
   304 -1152.003504574      1147.93436     -2299.93787     0.1043786901558
   305 -1152.001798406      1148.04883     -2300.05063     0.1019023880780
   306 -1151.999475093      1148.09531     -2300.09478     0.9932032715204E-01
   307 -1152.002002932      1147.99683     -2299.99884     0.9569963938640E-01
   308 -1151.996614790      1147.82651     -2299.82313     0.9150366735108E-01
   309 -1151.985044218      1147.64057     -2299.62562     0.8772289986405E-01
   310 -1151.971610341      1147.48759     -2299.45920     0.8402329699164E-01
   311 -1151.961732487      1147.39631     -2299.35804     0.8022984040390E-01
   312 -1151.960529031      1147.37415     -2299.33468     0.7664142151920E-01
   313 -1151.967487356      1147.43074     -2299.39822     0.7345029930869E-01
   314 -1151.972525804      1147.58466     -2299.55719     0.7056984207578E-01
   315 -1151.960568617      1147.81669     -2299.77726     0.6791876993309E-01
   316 -1151.947418481      1147.95004     -2299.89746     0.6584220243729E-01
   317 -1151.958577987      1147.83398     -2299.79256     0.6497224084949E-01
   318 -1151.963337784      1147.64101     -2299.60435     0.6499378794302E-01
   319 -1151.955350880      1147.49607     -2299.45142     0.6528651073048E-01
   320 -1151.946382333      1147.42960     -2299.37598     0.6611003357212E-01
   321 -1151.945798901      1147.44064     -2299.38644     0.6780957081170E-01
   322 -1151.956276234      1147.53129     -2299.48757     0.7006621924515E-01
   323 -1151.973239869      1147.71219     -2299.68543     0.7229254535726E-01
   324 -1151.985360985      1147.98315     -2299.96851     0.7468313508551E-01
   325 -1151.984969720      1148.27035     -2300.25532     0.7764031724888E-01
   326 -1151.991022013      1148.38538     -2300.37640     0.8058462719190E-01
   327 -1152.005241283      1148.29511     -2300.30036     0.8274963636583E-01
   328 -1152.001781073      1148.18332     -2300.18510     0.8449597945131E-01
   329 -1151.986370580      1148.13379     -2300.12016     0.8620507595834E-01
   330 -1151.973633394      1148.15058     -2300.12421     0.8782141154817E-01
   331 -1151.970254397      1148.22746     -2300.19772     0.8940280905655E-01
   332 -1151.975195009      1148.36276     -2300.33796     0.9100814663281E-01
   333 -1151.983113873      1148.54901     -2300.53213     0.9266427738828E-01
   334 -1151.985871374      1148.76401     -2300.74988     0.9444180605048E-01
   335 -1151.973960988      1148.96000     -2300.93396     0.9622554109158E-01
   336 -1151.965171863      1148.99343     -2300.95860     0.9769123463992E-01
   337 -1151.973995042      1148.82069     -2300.79469     0.9964769034217E-01
   338 -1151.977493593      1148.62426     -2300.60175     0.1041395317155
   339 -1151.979902035      1148.47425     -2300.45416     0.1109282423745
   340 -1151.988751235      1148.38037     -2300.36912     0.1189038306583
   341 -1152.004180988      1148.34660     -2300.35078     0.1273449891485
   342 -1152.024822502      1148.36745     -2300.39227     0.1360451872707
   343 -1152.047905057      1148.43277     -2300.48067     0.1455638007888
   344 -1152.060575280      1148.54775     -2300.60833     0.1567371818028
   345 -1152.065775861      1148.63025     -2300.69602     0.1693111184840
   346 -1152.085544740      1148.56635     -2300.65189     0.1808788044881
   347 -1152.091639598      1148.49897     -2300.59061     0.1868723865154
   348 -1152.082940594      1148.49969     -2300.58263     0.1869660991195
   349 -1152.071016012      1148.56292     -2300.63393     0.1846791737924
   350 -1152.057404103      1148.69538     -2300.75278     0.1820315683211
   351 -1152.044623744      1148.88276     -2300.92738     0.1802913459991
   352 -1152.034809089      1149.10087     -2301.13568     0.1791309796075
   353 -1152.016450740      1149.35799     -2301.37444     0.1777076412766
   354 -1151.985935154      1149.59665     -2301.58258     0.1761752804826
   355 -1151.976948059      1149.64138     -2301.61832     0.1742186749454
   356 -1151.978567913      1149.54519     -2301.52376     0.1716459970346
   357 -1151.976084346      1149.40788     -2301.38397     0.1682517383426
   358 -1151.976691953      1149.23089     -2301.20758     0.1623355796968
   359 -1151.980970682      1149.02599     -2301.00696     0.1595625512954
   360 -1151.991484819      1148.80075     -2300.79223     0.1628147785181
   361 -1152.009645038      1148.58179     -2300.59144     0.1636720131799
   362 -1152.030096297      1148.42861     -2300.45870     0.1616118972760
   363 -1152.044414122      1148.39390     -2300.43831     0.1581399718546
   364 -1152.040123101      1148.48292     -2300.52304     0.1536198092268
   365 -1152.033008849      1148.53266     -2300.56567     0.1485891286188
   366 -1152.045863886      1148.38629     -2300.43216     0.1422695404938
   367 -1152.039112871      1148.21126     -2300.25037     0.1324651816542
   368 -1152.015776587      1148.06805     -2300.08383     0.1209364377630
   369 -1151.995478636      1147.93847     -2299.93395     0.1107277388991
   370 -1151.984924560      1147.83715     -2299.82207     0.1028405459439
   371 -1151.984713595      1147.79707     -2299.78179     0.9707220672128E-01
   372 -1151.994207696      1147.84017     -2299.83438     0.9266715092267E-01
   373 -1152.003550490      1147.98685     -2299.99040     0.8873937282908E-01
   374 -1151.994471423      1148.21845     -2300.21292     0.8437082513629E-01
   375 -1151.989658518      1148.31801     -2300.30767     0.7941293152253E-01
   376 -1152.003841579      1148.17604     -2300.17989     0.7498809079006E-01
   377 -1151.999135018      1147.99771     -2299.99685     0.7233569597822E-01
   378 -1151.984656774      1147.84292     -2299.82758     0.7111224983122E-01
   379 -1151.972299479      1147.74116     -2299.71346     0.7084606557082E-01
   380 -1151.968821877      1147.71215     -2299.68097     0.7135847256159E-01
   381 -1151.978097352      1147.76406     -2299.74216     0.7274180880852E-01
   382 -1151.995887954      1147.91085     -2299.90673     0.7508669688997E-01
   383 -1152.003638782      1148.17201     -2300.17565     0.7831148188920E-01
   384 -1151.989028630      1148.46412     -2300.45314     0.8207938258576E-01
   385 -1151.996786755      1148.48966     -2300.48645     0.8597427711862E-01
   386 -1152.008462989      1148.30886     -2300.31733     0.8998884490993E-01
   387 -1151.998447281      1148.13457     -2300.13302     0.9422309616986E-01
   388 -1151.980777988      1148.02461     -2300.00539     0.9840105912448E-01
   389 -1151.969801453      1147.98438     -2299.95418     0.1023210259755
   390 -1151.973121276      1148.00403     -2299.97715     0.1063418544086
   391 -1151.990488834      1148.08078     -2300.07127     0.1112352772088
   392 -1152.011462604      1148.22643     -2300.23789     0.1174179600625
   393 -1152.014674396      1148.44073     -2300.45541     0.1242708904234
   394 -1152.000921404      1148.57649     -2300.57742     0.1302163983702
   395 -1152.016595214      1148.38624     -2300.40283     0.1350272742046
   396 -1152.022057342      1148.09494     -2300.11700     0.1397092406542
   397 -1152.003207477      1147.89956     -2299.90277     0.1446248453099
   398 -1151.981611447      1147.81456     -2299.79617     0.1489704160683
   399 -1151.971527243      1147.81351     -2299.78504     0.1520984878770
   400 -1151.977824850      1147.87640     -2299.85423     0.1540179974747
   401 -1151.998236867      1147.99968     -2299.99792     0.1554982424953
   402 -1152.022987643      1148.19139     -2300.21437     0.1577590068085
   403 -1152.033543198      1148.44784     -2300.48138     0.1617896714891
   404 -1152.033192858      1148.62732     -2300.66052     0.1675737948383
   405 -1152.059393599      1148.50956     -2300.56896     0.1741793234717
   406 -1152.071577202      1148.30442     -2300.37600     0.1784276560980
   407 -1152.057784700      1148.19901     -2300.25680     0.1790208026772
   408 -1152.037504845      1148.22126     -2300.25877     0.1782773014283
   409 -1152.024945533      1148.34249     -2300.36744     0.1771738360385
   410 -1152.024547394      1148.53002     -2300.55456     0.1774097098111
   411 -1152.036740733      1148.75529     -2300.79203     0.1803886845709
   412 -1152.054780750      1149.01378     -2301.06856     0.1818675027760
   413 -1152.051868299      1149.33793     -2301.38980     0.1817577127561
   414 -1152.029601891      1149.58747     -2301.61708     0.1828292543002
   415 -1152.039876984      1149.49308     -2301.53296     0.1854087316470
   416 -1152.040790624      1149.27541     -2301.31620     0.1871980505233
   417 -1152.024959389      1149.10440     -2301.12935     0.1808608827576
   418 -1152.012440135      1148.98928     -2301.00172     0.1729735187300
   419 -1152.014992518      1148.89677     -2300.91176     0.1769284480430
   420 -1152.036188668      1148.80022     -2300.83641     0.1879051764902
   421 -1152.070628162      1148.71702     -2300.78764     0.1969552987038
   422 -1152.093520400      1148.73289     -2300.82641     0.2008163076174
   423 -1152.083838149      1148.84261     -2300.92645     0.1961487653018
   424 -1152.084156026      1148.76696     -2300.85111     0.1890058632476
   425 -1152.085927342      1148.51898     -2300.60491     0.1805244872938
   426 -1152.064396620      1148.30220     -2300.36659     0.1712278918146
   427 -1152.030001196      1148.18360     -2300.21360     0.1617115156207
   428 -1151.997105718      1148.14232     -2300.13942     0.1516219635673
   429 -1151.977454259      1148.12828     -2300.10574     0.1406108042873
   430 -1151.974306790      1148.13138     -2300.10568     0.1306108796370
   431 -1151.980887313      1148.19725     -2300.17813     0.1239069378981
   432 -1151.982929049      1148.38288     -2300.36581     0.1204816340635
   433 -1151.962215353      1148.67455     -2300.63677     0.1178109273485
   434 -1151.957873378      1148.79142     -2300.74930     0.1138628483510
   435 -1151.984435083      1148.60993     -2300.59436     0.1101229385265
   436 -1151.994013542      1148.36209     -2300.35610     0.1071936796690
   437 -1151.979871743      1148.16059     -2300.14046     0.1046014590186
   438 -1151.963152953      1147.99565     -2299.95881     0.1025972401725
   439 -1151.958082413      1147.86167     -2299.81975     0.1014928824022
   440 -1151.967106433      1147.79077     -2299.75787     0.1010018778261
   441 -1151.989357178      1147.81815     -2299.80751     0.1007323286443
   442 -1152.013219446      1147.98103     -2299.99425     0.1009334048025
   443 -1152.017323405      1148.26329     -2300.28062     0.1018371007482
   444 -1152.023601198      1148.41535     -2300.43895     0.1026035959640
   445 -1152.034046163      1148.31120     -2300.34524     0.1029220545278
   446 -1152.031265046      1148.06255     -2300.09382     0.1041472218318
   447 -1152.011369433      1147.82122     -2299.83259     0.1063404233469
   448 -1151.985368364      1147.66729     -2299.65266     0.1087934854053
   449 -1151.969770161      1147.60852     -2299.57829     0.1111346575742
   450 -1151.973933125      1147.63698     -2299.61091     0.1137137798711
   451 -1151.997593931      1147.75622     -2299.75381     0.1171141234330
   452 -1152.024496768      1147.99830     -2300.02280     0.1215773505339
   453 -1152.024156465      1148.35950     -2300.38365     0.1269359891632
   454 -1152.023140999      1148.54987     -2300.57301     0.1326161130106
   455 -1152.041423846      1148.38338     -2300.42481     0.1388240899951
   456 -1152.043878313      1148.06981     -2300.11369     0.1458286373721
   457 -1152.025523821      1147.80419     -2299.82972     0.1525624805390
   458 -1152.003613075      1147.65828     -2299.66189     0.1565388167608
   459 -1151.995493820      1147.62725     -2299.62274     0.1573355537612
   460 -1152.005929729      1147.70667     -2299.71260     0.1559920769051
   461 -1152.027093926      1147.91246     -2299.93956     0.1536227757584
   462 -1152.034986099      1148.27141     -2300.30640     0.1519332027728
   463 -1152.018929789      1148.66965     -2300.68858     0.1522670788766
   464 -1152.031392669      1148.79021     -2300.82160     0.1553358662957
   465 -1152.021577212      1148.79807     -2300.81965     0.1595439894412
   466 -1152.009247101      1148.70476     -2300.71401     0.1622835347773
   467 -1152.002940397      1148.56560     -2300.56854     0.1620302037374
   468 -1151.986007544      1148.53738     -2300.52339     0.1591133594714
   469 -1151.974172597      1148.61504     -2300.58921     0.1592354489345
   470 -1151.975382417      1148.76479     -2300.74017     0.1610688551275
   471 -1151.983404455      1148.96650     -2300.94990     0.1617391526956
   472 -1151.982161798      1149.19437     -2301.17654     0.1615930985705
   473 -1151.986947643      1149.28830     -2301.27525     0.1613405826090
   474 -1152.028219976      1149.13003     -2301.15825     0.1614300411078
   475 -1152.040001728      1149.03589     -2301.07589     0.1611765308987
   476 -1152.019359112      1149.04513     -2301.06449     0.1600715722741
   477 -1152.017844288      1148.94136     -2300.95920     0.1601591640243
   478 -1152.018346348      1148.82469     -2300.84304     0.1641247284729
   479 -1152.006401236      1148.82186     -2300.82826     0.1693402799817
   480 -1151.999176723      1148.89063     -2300.88981     0.1691603512431
   481 -1152.004752595      1148.97983     -2300.98458     0.1675642360216
   482 -1152.006733973      1149.11329     -2301.12003     0.1729593485335
   483 -1152.002368809      1149.22030     -2301.22267     0.1838692764766
   484 -1152.040541800      1149.07323     -2301.11377     0.1884854111441
   485 -1152.054867083      1148.94473     -2300.99959     0.1833538508313
   486 -1152.033079034      1148.89960     -2300.93268     0.1750229932786
   487 -1152.032023988      1148.70465     -2300.73667     0.1675924744210
   488 -1152.028110712      1148.47687     -2300.50498     0.1619073276176
   489 -1152.016192516      1148.30361     -2300.31980     0.1571919042060
   490 -1152.014532623      1148.16673     -2300.18126     0.1530116978174
   491 -1152.021463677      1148.10286     -2300.12432     0.1500731621194
   492 -1152.017631879      1148.17880     -2300.19644     0.1485033588549
   493 -1151.999386037      1148.31665     -2300.31603     0.1468976933328
   494 -1152.023676965      1148.23240     -2300.25608     0.1441598821979
   495 -1152.036393876      1148.15718     -2300.19357     0.1411717702740
   496 -1152.003816497      1148.25814     -2300.26196     0.1386521422330
   497 -1151.967773578      1148.30173     -2300.26951     0.1376787164665
   498 -1151.971973565      1148.07993     -2300.05190     0.1384432459878
   499 -1151.976294812      1147.818530970     -2299.794825782
$end
