# Electronic CD-spectrum of , IRREP a   
#  excitation energy / nm  rotatory strength (length rep.) / 10^(-40)erg*cm^3
 0.36765692650414E+03   0.10662798644778E+01   0.53169294693335E+00   0.54825504875358E+00   -.13668119758987E-01   0.43591763478760E-02   -.28315251946461E-01   0.33576566498765E-01
 0.36448411251929E+03   -.10414183877672E+01   -.51423662349361E+00   -.50945190030333E+00   -.17729875153395E-01   0.34602276269538E-01   0.79973726077431E-01   0.58561506488450E-01
 0.35610260095601E+03   -.13635111670083E+02   -.53153369555173E+01   -.32222665805733E+01   -.50975082804109E+01   0.68735431584618E+01   -.18964642664068E+01   -.12612606742092E+01
 0.35595385838762E+03   -.13943308738909E+02   -.29384532065696E+01   -.50145868313621E+01   -.59902688507060E+01   -.70253339226046E+01   0.15359407624389E+01   0.78969585127800E+00
 0.34677875596335E+03   0.31455483843897E+01   0.26941381209597E+01   -.17311424279934E+01   0.21825527252014E+01   0.21357442563304E+01   -.58426481598452E+00   -.41785795452816E+01
 0.34675534241815E+03   0.32582577520362E+01   -.64384935145715E+00   0.37284605174078E+01   0.17364662107394E+00   -.21394134458727E+01   0.68208900589382E+00   0.42596031371504E+01
 0.32969800989718E+03   -.32794407202522E+00   -.15331924160028E+00   -.17694601617427E+00   0.23211822277443E-02   -.16016635929131E-01   -.23659872797583E-01   0.80930322456974E-02
 0.32816083037530E+03   -.69336384603487E+01   -.39413344409510E+01   -.27933119191680E-01   -.29643709746619E+01   0.44636795657205E+00   -.49906463244014E+00   -.29923706162165E+00
 0.32814288551025E+03   -.67031554504356E+01   0.11388749289033E+00   -.37823572865511E+01   -.30346857287557E+01   -.34878764618797E+00   0.32816622123580E+00   -.82196769028246E-02
 0.32400893047514E+03   0.83989462937527E+01   0.41567438380844E+01   0.41553151823005E+01   0.86887363558708E-01   -.32010199811496E-01   -.40961537388210E+00   -.44463601227546E+00
 0.31625206127465E+03   -.31923312056090E+01   -.15951459291643E+01   -.15616183375897E+01   -.35566973135490E-01   0.20526500516779E-01   0.18036107315715E+00   0.16028637866334E+00
 0.31247196077280E+03   0.45507337201136E+01   0.18986534452457E+00   0.20101821270296E+01   0.23506862974269E+01   0.39896566241473E+01   -.25166100125238E+01   0.94930566362455E-01
 0.31241279537499E+03   0.47972816235247E+01   0.25048000873227E+01   0.48902030730018E+00   0.18034612804168E+01   -.37837726750914E+01   0.24143748115769E+01   0.57459007577392E-01
 0.30379631687235E+03   0.38236581781299E+02   0.93461396062398E+01   0.84480113808362E+01   0.20442431204821E+02   0.12132765058449E+02   -.17284473261381E+01   -.58138524939022E+01
 0.30378371872106E+03   0.38507548621250E+02   0.10133652913464E+02   0.11334121335617E+02   0.17039774785677E+02   -.12075398413406E+02   0.33998068241448E+01   0.79762492709189E+01
 0.28135572826827E+03   -.52308771586932E+00   -.28574099006188E+00   -.24349912998552E+00   0.61523985609705E-02   -.45841582936422E-02   0.28916481154413E-01   -.30743288428449E-01
 0.27639887362249E+03   -.32001811993850E+02   0.18384806274916E+02   -.48837248685537E+02   -.15493699268758E+01   0.21248494723314E+02   -.92742974938527E+01   -.38041024829655E+02
 0.27638371840451E+03   -.31961279616286E+02   -.38935938006398E+02   0.28295994042292E+02   -.21321335995392E+02   -.21392026685222E+02   0.90667937631042E+01   0.37903635938094E+02
 0.26657754378107E+03   0.21089615757518E+02   -.24106862118339E+01   0.15487041030264E+02   0.80132611655562E+01   0.30939663542040E+01   -.34975512337278E+01   -.26919652298545E+01
 0.26655729112491E+03   0.21307010141471E+02   0.16465036623743E+02   -.13118592563002E+01   0.61538330028303E+01   -.30491350640002E+01   0.29961633121032E+01   0.23173648068389E+01
