$coord
  -10.56145736379522      2.23672178653506     -0.25088815158280  b
   -8.51093995146049      3.16023997198452      0.86631212114728  h
   -9.95084996815337      1.15051836962532     -2.13638137053840  h
  -11.88095920541563      1.26957232633895      1.30838967129348  h
   -9.46978782982901      5.39797329045925      0.25084067503944  b
   -8.15032650965557      6.36446796185041     -1.30886378387849  h
  -11.52077528331457      4.47448416346893     -0.86552067690615  h
  -10.07999112139660      6.48480901940666      2.13611151542565  h
$user-defined bonds
$redundant
     number_of_atoms             8
     degrees_of_freedom         18
     internal_coordinates       18
     frozen_coordinates          0
# definitions of redundant internals
   1 k  1.0000000000000 stre   1    4           val=   2.26005
   2 k  1.0000000000000 stre   1    3           val=   2.26004
   3 k -0.0000017564508 bend   3    4    1      val=  -0.00245
       -0.5458781870045 bend   5    4    1
        0.5458799434587 bend   5    3    1
       -0.3178189065630 bend   2    4    1
        0.3178184565022 bend   2    3    1
       -0.3178158541570 bend   7    4    1
        0.3178171588559 bend   7    3    1
   4 k  0.0000108570452 bend   3    4    1      val=   0.00009
       -0.0000014323054 bend   5    4    1
       -0.0000021611039 bend   5    3    1
       -0.5000010489779 bend   2    4    1
       -0.5000022686875 bend   2    3    1
        0.4999984856382 bend   7    4    1
        0.4999981965599 bend   7    3    1
   5 k -0.7374159353345 bend   3    4    1      val=  39.27072
        0.3687089889043 bend   5    4    1
        0.3687069465137 bend   5    3    1
        0.2146619817504 bend   2    4    1
        0.2146600093482 bend   2    3    1
        0.2146723560394 bend   7    4    1
        0.2146711460317 bend   7    3    1
   6 k -0.0000001766054 bend   3    4    1      val=   0.00002
        0.0000017008500 bend   5    4    1
       -0.0000015242751 bend   5    3    1
       -0.4999996901638 bend   2    4    1
        0.4999996577312 bend   2    3    1
        0.5000007751508 bend   7    4    1
       -0.4999998769482 bend   7    3    1
   7 k  1.0000000000000 stre   5    8           val=   2.26005
   8 k  1.0000000000000 stre   5    6           val=   2.26004
   9 k -0.0000003241791 bend   6    8    5      val=  -0.00236
       -0.5458771501322 bend   1    8    5
        0.5458774743137 bend   1    6    5
       -0.3178198197685 bend   7    8    5
        0.3178190629571 bend   7    6    5
       -0.3178178610146 bend   2    8    5
        0.3178196542127 bend   2    6    5
  10 k -0.0000001708627 bend   6    8    5      val=   0.00033
        0.0000023955329 bend   1    8    5
        0.0000013364411 bend   1    6    5
       -0.4999999737974 bend   7    8    5
       -0.4999989744989 bend   7    6    5
        0.5000021218302 bend   2    8    5
        0.4999989298594 bend   2    6    5
  11 k -0.7374148550404 bend   6    8    5      val=  39.27092
        0.3687078219149 bend   1    8    5
        0.3687070331183 bend   1    6    5
        0.2146691371475 bend   7    8    5
        0.2146683464199 bend   7    6    5
        0.2146666296130 bend   2    8    5
        0.2146669468874 bend   2    6    5
  12 k -0.0000002566551 bend   6    8    5      val=   0.00009
        0.0000008905682 bend   1    8    5
       -0.0000006339320 bend   1    6    5
       -0.4999987543782 bend   7    8    5
        0.5000014791528 bend   7    6    5
        0.4999991499823 bend   2    8    5
       -0.5000006164806 bend   2    6    5
  13 k  1.0000000000000 stre   1    2           val=   2.51110
  14 k  1.0000000000000 stre   2    5           val=   2.51110
  15 k  1.0000000000000 stre   1    7           val=   2.51110
  16 k  1.0000000000000 stre   7    5           val=   2.51110
  17 k  0.5000000000000 tors   2    5    1    7 val= 179.97031
        0.5000000000000 tors   2    5    1    7
  18 k  1.0000000000000 stre   1    5           val=   3.38186
        18 non zero eigenvalues  of BmBt
           1           4.894313268    1    0
         1
           2           4.395451050    2    0
         2
           3           3.668718728    3    0
         3
           4           3.135613570    4    0
         4
           5           3.073809998    5    0
         5
           6           2.476896587    6    0
         6
           7           1.059290449    7    0
         7
           8           0.955012809    8    0
         8
           9           0.944396707    9    0
         9
          10           0.849598246   10    0
        10
          11           0.797025932   11    0
        11
          12           0.764207005   12    0
        12
          13           0.751667712   13    0
        13
          14           0.738767281   14    0
        14
          15           0.402828076   15    0
        15
          16           0.365921511   16    0
        16
          17           0.255484107   17    0
        17
          18           0.214073664   18    0
        18
$end
