$hessapprox internal
  0.401179271886D+00 -0.411639975415D-01  0.402195658998D+00 -0.127744888010D-02
 -0.154487097410D-02  0.350325854751D+00  0.167828674250D-06  0.545963085399D-07
 -0.521321587586D-06  0.316100134723D+00  0.129521919100D-02  0.145066138347D-02
  0.141054815521D-02  0.131802057841D-05  0.214245154968D+00 -0.525058941121D-05
 -0.491941741310D-05  0.138466319495D-06 -0.129673682692D-08  0.955922562100D-06
  0.316100134436D+00 -0.415013772212D-01 -0.411189168484D-01 -0.127659765049D-02
  0.167772191604D-06  0.129304155684D-02 -0.524533367698D-05  0.401273339866D+00
 -0.411724779980D-01 -0.405363502030D-01 -0.154595343105D-02  0.561408788946D-07
  0.145602617759D-02 -0.492059763805D-05 -0.411273885580D-01  0.402182652618D+00
 -0.120288427775D-02 -0.147239478185D-02  0.750372214761D-03 -0.505911582565D-06
  0.139262854306D-02  0.151363666611D-06 -0.120209259305D-02 -0.147346746352D-02
  0.350329216773D+00 -0.129056865308D-05 -0.174991860322D-05  0.360771295167D-06
  0.383123325303D-09 -0.125327742462D-06 -0.984508447881D-09 -0.128792137181D-05
 -0.174954288495D-05  0.368736129780D-06  0.316099217263D+00  0.129103744729D-02
  0.144661401285D-02  0.141093795672D-02  0.131723457863D-05 -0.129753117485D+00
  0.956292686791D-06  0.128886175380D-02  0.145197725966D-02  0.139301785591D-02
 -0.126205817761D-06  0.214244129671D+00  0.391980222422D-05  0.328086556113D-05
  0.564054971306D-06  0.154648465569D-08 -0.207091756912D-05  0.145024049771D-09
  0.391746516030D-05  0.328138774779D-05  0.545788511423D-06  0.160044134253D-08
 -0.207158296395D-05  0.316099216256D+00 -0.450772481548D-02 -0.466689257508D-02
  0.166866160880D-02  0.644511515817D-06 -0.311517939876D-02  0.209139538199D-07
 -0.449565886649D-02 -0.466465077631D-02  0.163289731894D-02 -0.773492422673D-06
 -0.311604992314D-02 -0.230994303142D-05  0.256619094623D+00 -0.452587948377D-02
 -0.468545841814D-02  0.166940054632D-02  0.644542414774D-06 -0.312378527679D-02
  0.175244520983D-07 -0.451379233193D-02 -0.468321670031D-02  0.163366531290D-02
 -0.773639589089D-06 -0.312465797645D-02 -0.230729827475D-05 -0.313840040006D-01
  0.256577118476D+00 -0.451504665610D-02 -0.467429766675D-02  0.166827371705D-02
  0.644591370735D-06 -0.311934848767D-02  0.185412653764D-07 -0.450297276361D-02
 -0.467205447887D-02  0.163253459924D-02 -0.773647445546D-06 -0.312022036785D-02
 -0.230793484637D-05 -0.313735073689D-01 -0.313898727105D-01  0.256604821518D+00
 -0.452917081208D-02 -0.468821087215D-02  0.166897691189D-02  0.643931266913D-06
 -0.312227097293D-02  0.181179422709D-07 -0.451708243287D-02 -0.468597058832D-02
  0.163323996494D-02 -0.775137203003D-06 -0.312314278911D-02 -0.230877946064D-05
 -0.313841093556D-01 -0.314004852642D-01 -0.313899788696D-01  0.256577668138D+00
  0.757129927396D-02  0.456284059486D-02  0.517567118019D-02  0.424743077029D-06
  0.157020353837D-02  0.105306501381D-05  0.756038630030D-02  0.456023828670D-02
  0.514406968497D-02  0.544492997673D-05  0.157189619402D-02  0.325260514317D-05
  0.591636779540D-02  0.592928645128D-02  0.591991892804D-02  0.592470040592D-02
  0.386805281199D-01 -0.362345195287D-02 -0.634491334096D-02  0.302265057878D-02
  0.128060815355D-04  0.130839394174D-01  0.409802893873D-05 -0.362536420831D-02
 -0.635003283826D-02  0.279353373071D-02  0.268063706282D-05  0.130844889723D-01
 -0.136181292714D-04 -0.633711075543D-01 -0.633784851079D-01 -0.633612512840D-01
 -0.633804129037D-01  0.439487298475D-02  0.207701753504D+00
$end
