$hessian (projected)
 1  1   0.5126630425   0.1522765129   0.0835579110  -0.2567268743  -0.1223351926
 1  2  -0.0589414256  -0.0059839813  -0.0095983899  -0.0078063246  -0.0019910316
 1  3   0.0002894722  -0.0003461392  -0.0487723270  -0.0082895187   0.0203121093
 1  4   0.0021592494   0.0012119365  -0.0024866632  -0.0102464782  -0.0107892560
 1  5   0.0005472651  -0.0035764842   0.0018649833   0.0006023919  -0.0005669402
 1  6  -0.0001435534  -0.0001764190  -0.0043431693  -0.0017934837  -0.0020309213
 1  7   0.0002120752  -0.0002180389   0.0005372190  -0.0578579900   0.0162749015
 1  8  -0.0100661793   0.0016025599  -0.0014712240   0.0005564504  -0.0337444336
 1  9  -0.0167372875  -0.0063896318   0.0040663732   0.0098032174  -0.0014801180
 1 10  -0.0154135034  -0.0013523672   0.0016698698  -0.0015067883  -0.0021633960
 1 11  -0.0013575292  -0.0101177533  -0.0017742813  -0.0072730449  -0.0017673628
 1 12  -0.0009705462   0.0007269567  -0.0364616396  -0.0122931038  -0.0210162517
 1 13   0.0043769707   0.0017416471   0.0065968621  -0.0405056975  -0.0033574375
 1 14  -0.0018075621   0.0045021839   0.0098244058   0.0060711746
 2  1   0.1522765129   0.3214317758   0.0496791987  -0.1224832067  -0.1035104593
 2  2  -0.0333446900  -0.0096750126   0.0012020160  -0.0103548159  -0.0008575715
 2  3  -0.0030909368   0.0009904331  -0.0154457712  -0.0169581605  -0.0025129692
 2  4   0.0059107119  -0.0000803289  -0.0021618026  -0.0133590554  -0.0038814944
 2  5   0.0030804006   0.0029014836  -0.0069396689   0.0008916278  -0.0002114875
 2  6  -0.0001571241  -0.0002562300  -0.0068520104  -0.0124579509  -0.0047772449
 2  7  -0.0029354261  -0.0000240975  -0.0001441092   0.0033479990  -0.0456150470
 2  8  -0.0034856656   0.0138941913  -0.0026861423   0.0032130270  -0.0031725734
 2  9  -0.0513269963   0.0191345487  -0.0026154482  -0.0048582714  -0.0003840188
 2 10   0.0013198158   0.0031321382  -0.0055324682   0.0005641206  -0.0002634364
 2 11   0.0018913840  -0.0000692219  -0.0004626331   0.0057681490   0.0015496694
 2 12   0.0008757133  -0.0010361515  -0.0120822085  -0.0217779796   0.0076605871
 2 13   0.0059645562  -0.0003613211   0.0050507806   0.0034123599  -0.0494790689
 2 14  -0.0339864689  -0.0013824271  -0.0027105260   0.0006164980
 3  1   0.0835579110   0.0496791987   0.2677772348  -0.0610817094  -0.0344490569
 3  2  -0.0532033158  -0.0090108833  -0.0119533583  -0.0117223587  -0.0036875997
 3  3  -0.0002662288   0.0007351029   0.0078824792  -0.0098570379  -0.0463046114
 3  4   0.0112303013   0.0036940170  -0.0055022910   0.0063448902   0.0065842194
 3  5  -0.0000181780   0.0017719695   0.0012295295  -0.0072856430   0.0000084860
 3  6  -0.0001027258  -0.0003668241  -0.0033782569  -0.0036518362   0.0064131904
 3  7   0.0003188700   0.0005448624  -0.0022476967  -0.0097030825  -0.0012103254
 3  8  -0.0107410268   0.0022218422  -0.0004284006  -0.0016458265  -0.0133694621
 3  9   0.0138755906  -0.0222824461   0.0046996206   0.0071905245  -0.0028859682
 3 10   0.0037240727  -0.0043739191   0.0053789489   0.0003646552   0.0023226048
 3 11  -0.0012087733  -0.0110483843   0.0027554860  -0.0012310717  -0.0002304809
 3 12  -0.0024063188  -0.0011688492  -0.0111558905   0.0144392955  -0.0688520500
 3 13  -0.0059959392  -0.0012544638  -0.0056364403   0.0088368112  -0.0298273842
 3 14  -0.0349395443  -0.0023002201  -0.0025342724  -0.0030615619
 4  1  -0.2567268743  -0.1224832067  -0.0610817094   0.2650956100   0.1246637500
 4  2   0.0616442387   0.0008976427   0.0020052392   0.0001673325   0.0003261416
 4  3   0.0000767819   0.0001210123  -0.0055176883  -0.0027630392  -0.0039281112
 4  4   0.0009796585   0.0004776994  -0.0003225106  -0.0011386971   0.0004272657
 4  5   0.0009091087  -0.0004239932   0.0004470022   0.0003911851   0.0002502617
 4  6  -0.0003796733  -0.0001761005   0.0007980609   0.0006317393   0.0006934347
 4  7   0.0002619179   0.0001200688   0.0000479387  -0.0065090346  -0.0063162016
 4  8  -0.0016937234   0.0013253525  -0.0000435828   0.0003680204   0.0009225892
 4  9   0.0011943246   0.0009087212   0.0001454595   0.0001697845   0.0001023558
 4 10  -0.0013891585   0.0000509912   0.0001759082  -0.0003037265  -0.0003845964
 4 11  -0.0001992158  -0.0011410485   0.0006636581   0.0004601362  -0.0001006144
 4 12  -0.0002934092  -0.0001140812  -0.0024664256  -0.0002351307   0.0004221856
 4 13   0.0003623995   0.0003523423   0.0002853797   0.0043406919   0.0017615463
 4 14   0.0009043262   0.0000114750  -0.0001433537  -0.0000858318
 5  1  -0.1223351926  -0.1035104593  -0.0344490569   0.1246637500   0.1093481555
 5  2   0.0347297460   0.0006311653  -0.0025777973   0.0002675309  -0.0003224048
 5  3   0.0000996472   0.0000229719   0.0013900954  -0.0009910156   0.0008871192
 5  4   0.0002183736  -0.0002038601   0.0000616837  -0.0006399579  -0.0024424678
 5  5  -0.0001606673   0.0006073305  -0.0009655088   0.0002480208  -0.0004131119
 5  6   0.0007075699  -0.0001390747  -0.0012981709  -0.0016441519   0.0000914815
 5  7  -0.0005861263  -0.0000940715  -0.0002431749   0.0084951819   0.0068671672
 5  8   0.0027221116  -0.0009524100   0.0001814833  -0.0002062162  -0.0101868249
 5  9  -0.0038048692  -0.0050124750   0.0008868083   0.0012038648  -0.0002485621
 5 10   0.0019010220  -0.0004925229   0.0012082520   0.0003673050   0.0003989549
 5 11   0.0000000901   0.0023536221  -0.0000753376  -0.0003296723   0.0003119453
 5 12   0.0004375543   0.0002232914   0.0044517733   0.0008954971   0.0003421978
 5 13   0.0000081178  -0.0001925709  -0.0002211571  -0.0102162009  -0.0039222740
 5 14  -0.0004669621   0.0006639098   0.0007770129   0.0006725215
 6  1  -0.0589414256  -0.0333446900  -0.0532033158   0.0616442387   0.0347297460
 6  2   0.0576761663  -0.0029979400  -0.0011425534  -0.0026786734  -0.0010752667
 6  3  -0.0005467819   0.0001381012   0.0090880822   0.0063564307   0.0048767427
 6  4  -0.0011471859  -0.0002562802   0.0004383895   0.0029740018   0.0012133565
 6  5  -0.0000832530   0.0004037256   0.0002408409  -0.0016988211  -0.0002229648
 6  6  -0.0001417317   0.0008207772   0.0005571776   0.0002134259  -0.0021684277
 6  7  -0.0000606316  -0.0000872492   0.0003057703   0.0002391950  -0.0002000447
 6  8  -0.0016460894   0.0001676989   0.0000651368  -0.0002263780   0.0072992743
 6  9   0.0021686593   0.0013541552  -0.0002782649  -0.0007721092  -0.0000129496
 6 10   0.0010403839   0.0013638480  -0.0013701153   0.0003275389   0.0001150650
 6 11   0.0003608599  -0.0002215905  -0.0010292149  -0.0020046736  -0.0004551558
 6 12  -0.0001783702   0.0001178991  -0.0110284321  -0.0091179601  -0.0001733889
 6 13   0.0010784271   0.0001693193   0.0009048506  -0.0087949102  -0.0006389946
 6 14  -0.0019800055   0.0004040242   0.0008201519   0.0002523792
 7  1  -0.0059839813  -0.0096750126  -0.0090108833   0.0008976427   0.0006311653
 7  2  -0.0029979400   0.2442989737   0.0109097653   0.0244361725  -0.0374921436
 7  3  -0.0053602013  -0.0131883358  -0.0076725251   0.0003977971   0.0008875524
 7  4  -0.0003874926  -0.0001105227   0.0000723171   0.0039889587  -0.0020109540
 7  5   0.0066170729  -0.0475048008  -0.0133847595   0.0072110369  -0.0064270003
 7  6   0.0014684759   0.0092529232  -0.0089385833   0.0042734374  -0.0035399423
 7  7  -0.0021287637  -0.0001881256  -0.0006609474   0.0067959033   0.0002708151
 7  8  -0.0011570955  -0.0023349078   0.0000377778   0.0004964385  -0.0002484304
 7  9   0.0043742381  -0.0087563478  -0.0006073003  -0.0023129290  -0.0006221720
 7 10  -0.0046179946   0.0060749946   0.0065912361   0.0012638268  -0.0002576759
 7 11   0.0025517356  -0.0288053966   0.0232435297  -0.0062499403  -0.0039343467
 7 12   0.0048825356   0.0052685888  -0.0263476139  -0.0268425037   0.0050272862
 7 13  -0.0027974475  -0.0036690715  -0.0035054575  -0.0656355922   0.0085810227
 7 14  -0.0105659748  -0.0053809846  -0.0013337988  -0.0081573235
 8  1  -0.0095983899   0.0012020160  -0.0119533583   0.0020052392  -0.0025777973
 8  2  -0.0011425534   0.0109097653   0.2868142072   0.1314543290  -0.0047120131
 8  3  -0.0721768703  -0.0995448467  -0.0001627435  -0.0074074970   0.0021003639
 8  4  -0.0001215276  -0.0002197882  -0.0001375571  -0.0031655171   0.0019082567
 8  5   0.0046325522  -0.0104264329  -0.0180675961  -0.0092213145  -0.0036366361
 8  6  -0.0014200161   0.0063446447   0.0038644790  -0.0468432416   0.0015709011
 8  7   0.0016717358  -0.0048455304   0.0133409242   0.0002269701  -0.0123874090
 8  8  -0.0083179035  -0.0004183870   0.0004865456  -0.0031236163   0.0063671122
 8  9   0.0015475679   0.0013833121  -0.0015555681   0.0000461244   0.0016302109
 8 10   0.0052371168   0.0047224624  -0.0082100145  -0.0011984291  -0.0024311606
 8 11  -0.0001397314   0.0262904480  -0.0433927937  -0.0061446369   0.0005524277
 8 12  -0.0045032360  -0.0033928378  -0.0299451840  -0.0588265460  -0.0024773246
 8 13   0.0000200289  -0.0047621902  -0.0033794670   0.0054220597  -0.0155901424
 8 14  -0.0096007767   0.0023734460  -0.0012753652   0.0043287006
 9  1  -0.0078063246  -0.0103548159  -0.0117223587   0.0001673325   0.0002675309
 9  2  -0.0026786734   0.0244361725   0.1314543290   0.5731405442  -0.0113626289
 9  3  -0.0980695194  -0.3047129582  -0.0005527423   0.0022807977  -0.0028543353
 9  4  -0.0001008133  -0.0003594901  -0.0005511070   0.0028769686  -0.0011473029
 9  5  -0.0197631217   0.0220618696  -0.0056752733  -0.0460631649  -0.0041973480
 9  6   0.0002219098   0.0044116678  -0.0069761347   0.0176870343  -0.0530090352
 9  7   0.0005377408  -0.0022730200   0.0033555482   0.0009627635  -0.0038100230
 9  8  -0.0065230599   0.0000001668  -0.0001907168  -0.0002229902  -0.0047409171
 9  9  -0.0022752189  -0.0116221729   0.0009667720  -0.0005766725  -0.0014781421
 9 10   0.0030253109  -0.0079237548  -0.0066581514  -0.0004147597   0.0008088878
 9 11  -0.0018324024   0.0029367142  -0.0170132332  -0.0417865879  -0.0040838361
 9 12   0.0086977888   0.0056997971  -0.0049831283  -0.0097433690  -0.0425797164
 9 13   0.0035782040   0.0089705859   0.0059493032  -0.0218031066  -0.0126895230
 9 14  -0.0438783515   0.0054717242   0.0017130687   0.0053794686
10  1  -0.0019910316  -0.0008575715  -0.0036875997   0.0003261416  -0.0003224048
10  2  -0.0010752667  -0.0374921436  -0.0047120131  -0.0113626289   0.0416243722
10  3   0.0049935841   0.0130378892  -0.0015793267  -0.0002048544   0.0002730465
10  4   0.0008809297  -0.0000642909  -0.0000934631  -0.0017057061   0.0011306031
10  5   0.0014167821   0.0028021604   0.0061005182   0.0106757773   0.0006026427
10  6   0.0000061030  -0.0012052670  -0.0018315633  -0.0010180501  -0.0007214148
10  7  -0.0002259497  -0.0000155588   0.0001334998  -0.0025969308   0.0001394993
10  8   0.0004659038   0.0003594481  -0.0000161021   0.0000430780  -0.0015996376
10  9  -0.0010489466  -0.0010378926   0.0001750666  -0.0000993263  -0.0004550209
10 10  -0.0009759416   0.0005226658   0.0022292340   0.0002526281   0.0002869262
10 11   0.0007115949   0.0006201263   0.0011545732   0.0095556227   0.0001747724
10 12  -0.0008587721  -0.0005742981  -0.0011962781   0.0007434042  -0.0076593890
10 13  -0.0000294399   0.0006810179   0.0003676892   0.0027097482  -0.0066859768
10 14  -0.0122068881   0.0006959126   0.0001449725   0.0011690113
11  1   0.0002894722  -0.0030909368  -0.0002662288   0.0000767819   0.0000996472
11  2  -0.0005467819  -0.0053602013  -0.0721768703  -0.0980695194   0.0049935841
11  3   0.0773682440   0.1008762886  -0.0002216073  -0.0013097406   0.0004178320
11  4  -0.0000329406   0.0008175727  -0.0003191435   0.0008186554   0.0000180095
11  5   0.0028576324   0.0012114070   0.0000278074   0.0041341496   0.0003288588
11  6  -0.0002330871  -0.0001590492   0.0004042899   0.0060954553   0.0105774503
11  7  -0.0001674735   0.0003871360  -0.0011607514  -0.0000055995  -0.0014837006
11  8  -0.0016806308  -0.0001039612  -0.0000683416  -0.0007238378  -0.0008035017
11  9  -0.0007312284   0.0020472999   0.0001158812   0.0004264485   0.0003247716
11 10  -0.0000014580  -0.0021403255   0.0000984267  -0.0000109275   0.0002059505
11 11  -0.0003263529  -0.0028150656  -0.0025427267  -0.0102895391  -0.0005067565
11 12   0.0008026287   0.0009039110   0.0013183760  -0.0021573954  -0.0126321754
11 13   0.0004570334   0.0008370510   0.0009004409   0.0001198156  -0.0009182022
11 14   0.0030353449  -0.0001046629  -0.0002333954   0.0000004623
12  1  -0.0003461392   0.0009904331   0.0007351029   0.0001210123   0.0000229719
12  2   0.0001381012  -0.0131883358  -0.0995448467  -0.3047129582   0.0130378892
12  3   0.1008762886   0.3139545093   0.0001705988   0.0005515385  -0.0001638777
12  4  -0.0000454490  -0.0003221522   0.0000801614   0.0002954488   0.0003988998
12  5  -0.0019615252  -0.0018366230  -0.0018763514  -0.0044106352  -0.0004274815
12  6   0.0002084479   0.0008205624  -0.0001460633  -0.0042447936  -0.0058177553
12  7   0.0001179758  -0.0002006934   0.0011770699   0.0000546333   0.0002574294
12  8   0.0008813452   0.0000231384   0.0000748648   0.0001685808   0.0002754292
12  9   0.0006239869  -0.0006878247  -0.0000017514  -0.0002128069  -0.0001235909
12 10   0.0004463183   0.0009445372  -0.0000989243  -0.0001326928  -0.0000918989
12 11   0.0000024691   0.0000554227   0.0009135760   0.0006460676   0.0000068105
12 12   0.0002202572   0.0002982273   0.0001311967   0.0007851432   0.0016334678
12 13  -0.0000167664   0.0000786672   0.0002615059   0.0011131735  -0.0007342822
12 14  -0.0033976507   0.0002922549   0.0002807836   0.0005775713
13  1  -0.0487723270  -0.0154457712   0.0078824792  -0.0055176883   0.0013900954
13  2   0.0090880822  -0.0076725251  -0.0001627435  -0.0005527423  -0.0015793267
13  3  -0.0002216073   0.0001705988   0.2045605423   0.0138126126   0.0554351466
13  4  -0.0321406103  -0.0154931836  -0.0322227698  -0.0249756115  -0.0297258030
13  5  -0.0087948582  -0.0025847095  -0.0065751029  -0.0040277424   0.0002163479
13  6   0.0008507761  -0.0015366787   0.0066161670   0.0008829765  -0.0005880435
13  7  -0.0023089361  -0.0002785268   0.0005230242   0.0002920978   0.0035264147
13  8  -0.0030877299  -0.0018905243   0.0001712924  -0.0003792527  -0.0247518396
13  9   0.0388288189   0.0026263533  -0.0031732573   0.0023482768   0.0038434029
13 10  -0.0571623500   0.0037411359  -0.0267581891  -0.0038525865  -0.0012902104
13 11  -0.0046535200   0.0019604149   0.0030956289  -0.0077727098  -0.0010203639
13 12  -0.0016505650   0.0000948154   0.0069160850  -0.0047782847   0.0059017363
13 13  -0.0016638955   0.0016612283  -0.0003809714  -0.0021138325   0.0058452366
13 14   0.0044462442   0.0006187292  -0.0005326948   0.0007433246
14  1  -0.0082895187  -0.0169581605  -0.0098570379  -0.0027630392  -0.0009910156
14  2   0.0063564307   0.0003977971  -0.0074074970   0.0022807977  -0.0002048544
14  3  -0.0013097406   0.0005515385   0.0138126126   0.2477862800   0.0998671345
14  4  -0.0171275789  -0.0563023378  -0.0769413228  -0.0248613743  -0.0587779558
14  5  -0.0200447709  -0.0065073334   0.0029007464  -0.0065767532   0.0013263867
14  6  -0.0019430311  -0.0002221208  -0.0004277291  -0.0086279828  -0.0063443400
14  7  -0.0001754573   0.0004616951  -0.0016964484   0.0073873014  -0.0414397498
14  8   0.0249341742  -0.0004065868  -0.0028010043   0.0086836936   0.0312727337
14  9  -0.0467346975  -0.0151527454   0.0001768848  -0.0032573922  -0.0019740917
14 10   0.0020617209  -0.0102264952  -0.0051638393   0.0015164190  -0.0011512346
14 11   0.0026716431   0.0051503559   0.0015834375   0.0015721103  -0.0013946003
14 12  -0.0001377059   0.0008888371  -0.0047332350   0.0008487184   0.0011499661
14 13   0.0014410993  -0.0001565865   0.0002372137   0.0030956281   0.0067523113
14 14  -0.0056273592  -0.0007476319  -0.0021106013   0.0004072902
15  1   0.0203121093  -0.0025129692  -0.0463046114  -0.0039281112   0.0008871192
15  2   0.0048767427   0.0008875524   0.0021003639  -0.0028543353   0.0002730465
15  3   0.0004178320  -0.0001638777   0.0554351466   0.0998671345   0.4063599628
15  4  -0.0370622768  -0.0797670954  -0.2014723340  -0.0038420512  -0.0081898326
15  5  -0.0228380387  -0.0033315689  -0.0056007052  -0.0060844291   0.0001641951
15  6   0.0004733659  -0.0009772156  -0.0008556165  -0.0036364364  -0.0050714068
15  7   0.0002022150   0.0001070004  -0.0001735409  -0.0101776273   0.0325776668
15  8  -0.0535202657  -0.0001344123  -0.0014547773   0.0017276709   0.0035386621
15  9  -0.0206460497  -0.0201938154  -0.0028728210   0.0046012559   0.0036863554
15 10  -0.0201146288  -0.0092078472  -0.0345327640   0.0043194225   0.0017911274
15 11   0.0038683323  -0.0044846180  -0.0031756023  -0.0083590950   0.0009247071
15 12  -0.0003570659  -0.0009521437   0.0008167261  -0.0005351208  -0.0103067778
15 13  -0.0003247027  -0.0009036573  -0.0004609788   0.0004148771  -0.0078690559
15 14  -0.0054255087  -0.0001602250   0.0010333493  -0.0008279255
16  1   0.0021592494   0.0059107119   0.0112303013   0.0009796585   0.0002183736
16  2  -0.0011471859  -0.0003874926  -0.0001215276  -0.0001008133   0.0008809297
16  3  -0.0000329406  -0.0000454490  -0.0321406103  -0.0171275789  -0.0370622768
16  4   0.0345611603   0.0158547416   0.0339213540  -0.0010486648  -0.0000246142
16  5  -0.0038061782  -0.0009920341   0.0001315988  -0.0017383677   0.0001953732
16  6  -0.0002990070  -0.0004728161  -0.0019987841   0.0000909739   0.0003530981
16  7   0.0003638445   0.0000384135  -0.0000531565  -0.0017407046  -0.0013940953
16  8  -0.0019436595  -0.0000755277  -0.0000064844   0.0004326460  -0.0005190239
16  9   0.0004268079   0.0053018582   0.0003889087  -0.0002429983  -0.0001054625
16 10   0.0014956186  -0.0039675639  -0.0072023406   0.0005624058   0.0001382615
16 11   0.0007533086  -0.0013801182  -0.0011824052  -0.0002784825   0.0002875009
16 12  -0.0000150027  -0.0004146796  -0.0017330878   0.0013595775   0.0000943863
16 13   0.0003233196  -0.0000331813   0.0002648259  -0.0003552497   0.0000812940
16 14   0.0014972502   0.0001733286   0.0001966451   0.0005218399
17  1   0.0012119365  -0.0000803289   0.0036940170   0.0004776994  -0.0002038601
17  2  -0.0002562802  -0.0001105227  -0.0002197882  -0.0003594901  -0.0000642909
17  3   0.0008175727  -0.0003221522  -0.0154931836  -0.0563023378  -0.0797670954
17  4   0.0158547416   0.0615565862   0.0796263702   0.0002963417  -0.0023064091
17  5  -0.0069321197   0.0008017177  -0.0021081114   0.0000668388  -0.0001098529
17  6   0.0002819724  -0.0003393677  -0.0001805552  -0.0006953809  -0.0013638932
17  7  -0.0000267519  -0.0000530974  -0.0004647987   0.0003191518   0.0032527310
17  8   0.0069419537   0.0002338911   0.0004935514  -0.0006437367  -0.0023942022
17  9  -0.0023075514  -0.0070901790  -0.0005100967   0.0005148777   0.0006912526
17 10  -0.0001917030  -0.0001786868   0.0028452234  -0.0002716810  -0.0002025852
17 11  -0.0001001331  -0.0007126417  -0.0004380440   0.0016155040   0.0001455564
17 12   0.0002705581   0.0001920718   0.0010978435  -0.0003424063   0.0016192506
17 13  -0.0001346020   0.0003333129   0.0003243323  -0.0002468544  -0.0023217919
17 14   0.0003834650   0.0000080585   0.0002392171  -0.0003610335
18  1  -0.0024866632  -0.0021618026  -0.0055022910  -0.0003225106   0.0000616837
18  2   0.0004383895   0.0000723171  -0.0001375571  -0.0005511070  -0.0000934631
18  3  -0.0003191435   0.0000801614  -0.0322227698  -0.0769413228  -0.2014723340
18  4   0.0339213540   0.0796263702   0.2103903923  -0.0007281554  -0.0004113032
18  5   0.0021262271  -0.0001728778   0.0008912025   0.0003288608   0.0000503142
18  6  -0.0001102374   0.0000508324   0.0003094067   0.0004306923   0.0005147736
18  7  -0.0000533842  -0.0000244966   0.0000935996   0.0002007296  -0.0030836263
18  8  -0.0043869847  -0.0000126181   0.0000035963   0.0006564569   0.0003779507
18  9   0.0008789365   0.0001774456   0.0002493794   0.0000271049   0.0001553356
18 10   0.0002916940  -0.0001094247  -0.0013727777  -0.0000339100   0.0001830369
18 11   0.0001379104   0.0005659264   0.0003857670  -0.0004485330  -0.0001141217
18 12  -0.0001689410  -0.0001395304   0.0000380106   0.0002684863  -0.0006560484
18 13   0.0000230021  -0.0002260274  -0.0003835171   0.0001917421   0.0010961418
18 14  -0.0001498207  -0.0000513529  -0.0001591361  -0.0000874413
19  1  -0.0102464782  -0.0133590554   0.0063448902  -0.0011386971  -0.0006399579
19  2   0.0029740018   0.0039889587  -0.0031655171   0.0028769686  -0.0017057061
19  3   0.0008186554   0.0002954488  -0.0249756115  -0.0248613743  -0.0038420512
19  4  -0.0010486648   0.0002963417  -0.0007281554   0.2088121530  -0.0010156895
19  5   0.0039586529  -0.0274706749  -0.0003425665  -0.0305959548  -0.0010510817
19  6   0.0033475072  -0.0061673953  -0.0239649039   0.0097447143   0.0243139938
19  7  -0.0008276019   0.0005622912  -0.0005938359   0.0023711402  -0.0003340102
19  8   0.0033365898  -0.0010766832   0.0000876971  -0.0009317177  -0.0769841567
19  9  -0.0056793783   0.0062154761  -0.0042872449  -0.0006799436   0.0013905417
19 10  -0.0255559354   0.0266057630  -0.0065055117  -0.0011325645   0.0062702176
19 11  -0.0043142379  -0.0012878178   0.0038533378  -0.0050374263   0.0013295309
19 12   0.0005860799  -0.0006592960  -0.0065199691   0.0017321162  -0.0023549218
19 13   0.0000650585  -0.0002697226  -0.0000436179  -0.0067789080  -0.0018819138
19 14   0.0096330559  -0.0005141417  -0.0016755922   0.0004345026
20  1  -0.0107892560  -0.0038814944   0.0065842194   0.0004272657  -0.0024424678
20  2   0.0012133565  -0.0020109540   0.0019082567  -0.0011473029   0.0011306031
20  3   0.0000180095   0.0003988998  -0.0297258030  -0.0587779558  -0.0081898326
20  4  -0.0000246142  -0.0023064091  -0.0004113032  -0.0010156895   0.2050768856
20  5   0.0045054531  -0.0046198180  -0.0118919650   0.0023159002   0.0005797520
20  6   0.0010164730  -0.0045347614   0.0174008649  -0.0331028813  -0.0265895302
20  7   0.0048220527   0.0002122002  -0.0067661186  -0.0037594168  -0.0114308692
20  8   0.0065411299  -0.0011981896  -0.0003946747   0.0018071044   0.0039246421
20  9  -0.0142952647   0.0028531394   0.0032881746   0.0005356574  -0.0028809077
20 10   0.0181249252  -0.0582931316   0.0196066624   0.0008230277  -0.0027840266
20 11   0.0005935078  -0.0007839381  -0.0017960296   0.0075675308  -0.0006197432
20 12  -0.0014306591  -0.0000223833   0.0009176356  -0.0060164570  -0.0025824813
20 13  -0.0002715676   0.0000107026   0.0000197389   0.0038393610  -0.0005193921
20 14   0.0002250841  -0.0004593144   0.0005854930  -0.0011071057
21  1   0.0005472651   0.0030804006  -0.0000181780   0.0009091087  -0.0001606673
21  2  -0.0000832530   0.0066170729   0.0046325522  -0.0197631217   0.0014167821
21  3   0.0028576324  -0.0019615252  -0.0087948582  -0.0200447709  -0.0228380387
21  4  -0.0038061782  -0.0069321197   0.0021262271   0.0039586529   0.0045054531
21  5   0.2056457652  -0.0184650739   0.0055170803  -0.0669230785  -0.0009214030
21  6  -0.0003761969  -0.0012160910   0.0214072044  -0.0149839784  -0.0501164560
21  7  -0.0004159914  -0.0010550817  -0.0005661755   0.0026592068  -0.0001158143
21  8  -0.0004136636  -0.0008420763   0.0002463069   0.0000197112  -0.0033434183
21  9   0.0049275831  -0.0144116248  -0.0045345625  -0.0022870675   0.0025606880
21 10  -0.0014889778   0.0145560977  -0.0172569409  -0.0005159913  -0.0035738156
21 11   0.0018098397   0.0016349294   0.0079845476  -0.0061711114   0.0009897574
21 12  -0.0003570731  -0.0013481009  -0.0017503341  -0.0032000091  -0.0047890399
21 13  -0.0000365177   0.0000161491  -0.0002249082   0.0051966970   0.0049327046
21 14  -0.0030451897  -0.0004212940  -0.0001699129  -0.0010157344
22  1  -0.0035764842   0.0029014836   0.0017719695  -0.0004239932   0.0006073305
22  2   0.0004037256  -0.0475048008  -0.0104264329   0.0220618696   0.0028021604
22  3   0.0012114070  -0.0018366230  -0.0025847095  -0.0065073334  -0.0033315689
22  4  -0.0009920341   0.0008017177  -0.0001728778  -0.0274706749  -0.0046198180
22  5  -0.0184650739   0.3602627852   0.0954356557   0.0892702509  -0.1609751396
22  6  -0.0859031958  -0.0649009457  -0.0591671720   0.0285013509  -0.0158984313
22  7   0.0006877064  -0.0006969065  -0.0000022398  -0.0022135119  -0.0010328553
22  8  -0.0031229208  -0.0001826687  -0.0001978805   0.0005697347  -0.0072053800
22  9  -0.0024581931  -0.0072431276  -0.0011539123  -0.0005113954   0.0011287564
22 10  -0.0232648624   0.0018908445  -0.0002597666   0.0028269258   0.0064436399
22 11   0.0047997363  -0.0171335352  -0.0196259821  -0.0001016124   0.0028151000
22 12   0.0055920514  -0.0015695876  -0.0037338176  -0.0098542125  -0.0016957285
22 13  -0.0013107544   0.0013704170  -0.0000803394  -0.0102685148  -0.0020846462
22 14  -0.0007443426  -0.0002327122  -0.0008370467  -0.0005808572
23  1   0.0018649833  -0.0069396689   0.0012295295   0.0004470022  -0.0009655088
23  2   0.0002408409  -0.0133847595  -0.0180675961  -0.0056752733   0.0061005182
23  3   0.0000278074  -0.0018763514  -0.0065751029   0.0029007464  -0.0056007052
23  4   0.0001315988  -0.0021081114   0.0008912025  -0.0003425665  -0.0118919650
23  5   0.0055170803   0.0954356557   0.2668605949   0.0527182304  -0.0846195555
23  6  -0.0751501353  -0.0414369522   0.0244068194  -0.0322849520   0.0008085461
23  7   0.0088035218  -0.0014160156   0.0011651802  -0.0062280866  -0.0091864387
23  8  -0.0042742038  -0.0016799776   0.0002594325  -0.0000300903  -0.0005308023
23  9  -0.0001962682   0.0041142127   0.0009950290   0.0003714719  -0.0009345308
23 10  -0.0048553567  -0.0466859751  -0.0306463000  -0.0003546328  -0.0013465600
23 11   0.0008929130  -0.0098823222  -0.0635939210   0.0253876313  -0.0019959466
23 12  -0.0032004307  -0.0001210532  -0.0077898631   0.0021981310   0.0028447316
23 13   0.0005377244  -0.0015538192  -0.0010952883  -0.0007267116   0.0027542387
23 14  -0.0056500559   0.0002428310  -0.0007850567   0.0015307061
24  1   0.0006023919   0.0008916278  -0.0072856430   0.0003911851   0.0002480208
24  2  -0.0016988211   0.0072110369  -0.0092213145  -0.0460631649   0.0106757773
24  3   0.0041341496  -0.0044106352  -0.0040277424  -0.0065767532  -0.0060844291
24  4  -0.0017383677   0.0000668388   0.0003288608  -0.0305959548   0.0023159002
24  5  -0.0669230785   0.0892702509   0.0527182304   0.2312975909  -0.0598311399
24  6  -0.0389778600  -0.0543381273  -0.0076442252  -0.0035488859   0.0006745921
24  7   0.0016733931   0.0001458318  -0.0020485523  -0.0036882726  -0.0024772593
24  8   0.0063270882   0.0005892748   0.0002637942  -0.0021620001  -0.0079614334
24  9   0.0021160328   0.0002385351   0.0002919345  -0.0014872464  -0.0012621956
24 10   0.0004020174  -0.0341066389  -0.0317479316  -0.0013818817  -0.0012823795
24 11  -0.0025960015  -0.0047253905   0.0285878910  -0.0148053286   0.0039229135
24 12   0.0037690533  -0.0025631530   0.0020326434   0.0062170422  -0.0007362555
24 13   0.0006158633  -0.0007927657   0.0006140592   0.0042140995  -0.0045562702
24 14   0.0065346109  -0.0002983735   0.0015529606  -0.0012900200
25  1  -0.0005669402  -0.0002114875   0.0000084860   0.0002502617  -0.0004131119
25  2  -0.0002229648  -0.0064270003  -0.0036366361  -0.0041973480   0.0006026427
25  3   0.0003288588  -0.0004274815   0.0002163479   0.0013263867   0.0001641951
25  4   0.0001953732  -0.0001098529   0.0000503142  -0.0010510817   0.0005797520
25  5  -0.0009214030  -0.1609751396  -0.0846195555  -0.0598311399   0.1692746048
25  6   0.0873534061   0.0633646718  -0.0043570908  -0.0038950717  -0.0007949321
25  7   0.0006838236   0.0000151852   0.0000631260   0.0004758390   0.0004618003
25  8   0.0008570030   0.0002006668   0.0000369580  -0.0000935678  -0.0008160266
25  9   0.0002418140   0.0007079209  -0.0000473368  -0.0001766316  -0.0001950654
25 10   0.0036970756   0.0012936476   0.0005229695  -0.0000391744  -0.0003783132
25 11  -0.0003142606   0.0004207266   0.0013578248   0.0007694260   0.0000452448
25 12  -0.0000905854   0.0002833277  -0.0006515652   0.0012133499   0.0005969103
25 13  -0.0000777376  -0.0002657555  -0.0001233003  -0.0007078377  -0.0000759060
25 14  -0.0001475072  -0.0003456757  -0.0003360759  -0.0001193800
26  1  -0.0001435534  -0.0001571241  -0.0001027258  -0.0003796733   0.0007075699
26  2  -0.0001417317   0.0014684759  -0.0014200161   0.0002219098   0.0000061030
26  3  -0.0002330871   0.0002084479   0.0008507761  -0.0019430311   0.0004733659
26  4  -0.0002990070   0.0002819724  -0.0001102374   0.0033475072   0.0010164730
26  5  -0.0003761969  -0.0859031958  -0.0751501353  -0.0389778600   0.0873534061
26  6   0.0801370076   0.0393409739   0.0053796993   0.0039775247   0.0020670399
26  7  -0.0007066546   0.0003200598   0.0002244031  -0.0010602881  -0.0007876652
26  8  -0.0000339335  -0.0004416628  -0.0001361466  -0.0001693371   0.0016077822
26  9   0.0001076217  -0.0001045353   0.0001528772   0.0002659744   0.0001375648
26 10  -0.0060244878  -0.0025337475  -0.0003498625   0.0003696660   0.0004086938
26 11   0.0004863667  -0.0075500442  -0.0032051657  -0.0034276342   0.0006829229
26 12   0.0007319770  -0.0003429419   0.0002160251  -0.0021557026  -0.0003278200
26 13  -0.0005055668   0.0001157468  -0.0000366877   0.0013729952  -0.0007162501
26 14   0.0014084527   0.0002058975   0.0003674505  -0.0000670208
27  1  -0.0001764190  -0.0002562300  -0.0003668241  -0.0001761005  -0.0001390747
27  2   0.0008207772   0.0092529232   0.0063446447   0.0044116678  -0.0012052670
27  3  -0.0001590492   0.0008205624  -0.0015366787  -0.0002221208  -0.0009772156
27  4  -0.0004728161  -0.0003393677   0.0000508324  -0.0061673953  -0.0045347614
27  5  -0.0012160910  -0.0649009457  -0.0414369522  -0.0543381273   0.0633646718
27  6   0.0393409739   0.0575791688  -0.0004402106  -0.0009564362  -0.0023626718
27  7   0.0003976696   0.0001399988   0.0000467678   0.0007281559   0.0004262738
27  8  -0.0019334305  -0.0001734753  -0.0000488433   0.0003572219  -0.0000309639
27  9  -0.0010532574  -0.0014424949  -0.0003774929  -0.0001067878   0.0001953118
27 10  -0.0044850976  -0.0001627121  -0.0012076750   0.0002345128   0.0004684264
27 11   0.0001306857   0.0036235420   0.0010066717  -0.0001092592   0.0000252488
27 12  -0.0002074935   0.0003058524   0.0015419251   0.0000892367   0.0000958563
27 13   0.0003585876   0.0002549037   0.0002368683   0.0004069585   0.0015479714
27 14  -0.0014043443   0.0002086673   0.0000039852   0.0003065609
28  1  -0.0043431693  -0.0068520104  -0.0033782569   0.0007980609  -0.0012981709
28  2   0.0005571776  -0.0089385833   0.0038644790  -0.0069761347  -0.0018315633
28  3   0.0004042899  -0.0001460633   0.0066161670  -0.0004277291  -0.0008556165
28  4  -0.0019987841  -0.0001805552   0.0003094067  -0.0239649039   0.0174008649
28  5   0.0214072044  -0.0591671720   0.0244068194  -0.0076442252  -0.0043570908
28  6   0.0053796993  -0.0004402106   0.2107405755  -0.0174071791  -0.0014650830
28  7  -0.0228725757   0.0139069377   0.0026351511  -0.0069347057   0.0004561455
28  8  -0.0002248179  -0.0009630571   0.0000422139   0.0000023752  -0.0273424061
28  9  -0.0138196393  -0.0264095208  -0.0019643555  -0.0032609876  -0.0012981968
28 10  -0.0030398953   0.0046077520   0.0056919181   0.0002013558   0.0017606324
28 11  -0.0011094181   0.0030062033   0.0036407242  -0.0055966262  -0.0009671253
28 12   0.0005838454   0.0015430159   0.0047494925  -0.0015498977   0.0057533671
28 13  -0.0011592220  -0.0003358308  -0.0013051130  -0.0532800328  -0.0248379988
28 14   0.0177139199  -0.0029872129  -0.0064844047   0.0012357472
29  1  -0.0017934837  -0.0124579509  -0.0036518362   0.0006317393  -0.0016441519
29  2   0.0002134259   0.0042734374  -0.0468432416   0.0176870343  -0.0010180501
29  3   0.0060954553  -0.0042447936   0.0008829765  -0.0086279828  -0.0036364364
29  4   0.0000909739  -0.0006953809   0.0004306923   0.0097447143  -0.0331028813
29  5  -0.0149839784   0.0285013509  -0.0322849520  -0.0035488859  -0.0038950717
29  6   0.0039775247  -0.0009564362  -0.0174071791   0.4483610541   0.0767951945
29  7   0.0147341839  -0.2305964204  -0.0527503684  -0.0013221658  -0.0031803305
29  8   0.0008377925   0.0001794814  -0.0003111736   0.0001115265  -0.0092027344
29  9  -0.0341960469  -0.0150661347   0.0015347990   0.0046829543   0.0036655825
29 10   0.0020981519  -0.0069060884  -0.0020918881  -0.0002413786  -0.0006670213
29 11   0.0003239873   0.0037605627  -0.0067937325  -0.0010323559  -0.0006753078
29 12  -0.0007520545  -0.0000410238  -0.0009344570  -0.0084206194  -0.0008895423
29 13   0.0006472347  -0.0004053221  -0.0001394905  -0.0327586601  -0.0387668619
29 14   0.0041558267   0.0021688824   0.0035352241  -0.0011878922
30  1  -0.0020309213  -0.0047772449   0.0064131904   0.0006934347   0.0000914815
30  2  -0.0021684277  -0.0035399423   0.0015709011  -0.0530090352  -0.0007214148
30  3   0.0105774503  -0.0058177553  -0.0005880435  -0.0063443400  -0.0050714068
30  4   0.0003530981  -0.0013638932   0.0005147736   0.0243139938  -0.0265895302
30  5  -0.0501164560  -0.0158984313   0.0008085461   0.0006745921  -0.0007949321
30  6   0.0020670399  -0.0023626718  -0.0014650830   0.0767951945   0.2043900520
30  7   0.0024446370  -0.0470997001  -0.0366262821  -0.0009447183  -0.0001046345
30  8  -0.0070539406   0.0000706540   0.0000863680  -0.0010555983  -0.0297587371
30  9  -0.0238999670  -0.0397406562   0.0001774530  -0.0031371124  -0.0032823649
30 10   0.0045968804  -0.0026808882   0.0028168255  -0.0008674235  -0.0004412714
30 11  -0.0016146025  -0.0074632598   0.0041298170   0.0034332533   0.0014532844
30 12   0.0008274907  -0.0005944311   0.0072064997   0.0045273149   0.0005348446
30 13  -0.0014809370   0.0006416841  -0.0000872108   0.0238680937   0.0113631050
30 14  -0.0079040436   0.0003758154   0.0029521887  -0.0022726485
31  1   0.0002120752  -0.0029354261   0.0003188700   0.0002619179  -0.0005861263
31  2  -0.0000606316  -0.0021287637   0.0016717358   0.0005377408  -0.0002259497
31  3  -0.0001674735   0.0001179758  -0.0023089361  -0.0001754573   0.0002022150
31  4   0.0003638445  -0.0000267519  -0.0000533842  -0.0008276019   0.0048220527
31  5  -0.0004159914   0.0006877064   0.0088035218   0.0016733931   0.0006838236
31  6  -0.0007066546   0.0003976696  -0.0228725757   0.0147341839   0.0024446370
31  7   0.0272064268  -0.0147541119  -0.0032401108  -0.0009147217   0.0001805811
31  8  -0.0000833734   0.0009165976  -0.0000004703  -0.0000156237   0.0000608833
31  9  -0.0060279304   0.0018341398   0.0000624800   0.0004693650   0.0004036200
31 10  -0.0003570339   0.0015977942  -0.0005353582   0.0001192497   0.0003654810
31 11   0.0001212645  -0.0015576666   0.0007484237   0.0011500954   0.0002145733
31 12   0.0004479661  -0.0000768597  -0.0016968532  -0.0009678175  -0.0012074987
31 13   0.0002580670  -0.0002469117   0.0001144362   0.0014877689  -0.0080714080
31 14  -0.0032073740   0.0003546881   0.0008254344  -0.0004198515
32  1  -0.0002180389  -0.0000240975   0.0005448624   0.0001200688  -0.0000940715
32  2  -0.0000872492  -0.0001881256  -0.0048455304  -0.0022730200  -0.0000155588
32  3   0.0003871360  -0.0002006934  -0.0002785268   0.0004616951   0.0001070004
32  4   0.0000384135  -0.0000530974  -0.0000244966   0.0005622912   0.0002122002
32  5  -0.0010550817  -0.0006969065  -0.0014160156   0.0001458318   0.0000151852
32  6   0.0003200598   0.0001399988   0.0139069377  -0.2305964204  -0.0470997001
32  7  -0.0147541119   0.2397559565   0.0493941013  -0.0000253342  -0.0004256929
32  8   0.0001523042   0.0000432464  -0.0001235167  -0.0001628911   0.0001357679
32  9  -0.0008187718   0.0004172065  -0.0001128549   0.0000924052  -0.0000561410
32 10   0.0000028799   0.0002563334   0.0004000697   0.0000278578  -0.0000226538
32 11  -0.0000803717  -0.0003832575   0.0001082281   0.0002323993   0.0000344955
32 12  -0.0002066096  -0.0000173377   0.0001732158  -0.0000589664   0.0002214023
32 13  -0.0000124350  -0.0002916428  -0.0000041429   0.0016126555  -0.0030468554
32 14  -0.0007117559   0.0000121347   0.0004299280   0.0000177045
33  1   0.0005372190  -0.0001441092  -0.0022476967   0.0000479387  -0.0002431749
33  2   0.0003057703  -0.0006609474   0.0133409242   0.0033555482   0.0001334998
33  3  -0.0011607514   0.0011770699   0.0005230242  -0.0016964484  -0.0001735409
33  4  -0.0000531565  -0.0004647987   0.0000935996  -0.0005938359  -0.0067661186
33  5  -0.0005661755  -0.0000022398   0.0011651802  -0.0020485523   0.0000631260
33  6   0.0002244031   0.0000467678   0.0026351511  -0.0527503684  -0.0366262821
33  7  -0.0032401108   0.0493941013   0.0395598982  -0.0000549219   0.0000762935
33  8  -0.0009279846  -0.0000461799  -0.0001404707   0.0008953609   0.0023326164
33  9  -0.0053117447   0.0001962368   0.0001323707   0.0004529772   0.0002291489
33 10  -0.0007751825  -0.0006005781  -0.0014366678   0.0000832107  -0.0002507792
33 11   0.0002765026   0.0012770078   0.0011024443  -0.0009009923  -0.0001031367
33 12   0.0003460341   0.0002269571  -0.0015879538   0.0010461753  -0.0003440485
33 13   0.0001007211   0.0003304742   0.0002111989  -0.0006635397   0.0020487379
33 14  -0.0014575994  -0.0000846806   0.0000015969   0.0001554808
34  1  -0.0578579900   0.0033479990  -0.0097030825  -0.0065090346   0.0084951819
34  2   0.0002391950   0.0067959033   0.0002269701   0.0009627635  -0.0025969308
34  3  -0.0000055995   0.0000546333   0.0002920978   0.0073873014  -0.0101776273
34  4  -0.0017407046   0.0003191518   0.0002007296   0.0023711402  -0.0037594168
34  5   0.0026592068  -0.0022135119  -0.0062280866  -0.0036882726   0.0004758390
34  6  -0.0010602881   0.0007281559  -0.0069347057  -0.0013221658  -0.0009447183
34  7  -0.0009147217  -0.0000253342  -0.0000549219   0.1971933584   0.0217264420
34  8   0.0003459640  -0.0267597447  -0.0124045795  -0.0023455065   0.0042437782
34  9   0.0065953497  -0.0068526468  -0.0011285406   0.0003575698   0.0017223589
34 10  -0.0463359218  -0.0213448760   0.0145270471  -0.0039151448  -0.0062221672
34 11   0.0007766453  -0.0288970614  -0.0136006698  -0.0306558324  -0.0025547163
34 12  -0.0039506571  -0.0011337439  -0.0191695333   0.0134229547   0.0368285193
34 13  -0.0024637771   0.0025526762   0.0006256744  -0.0014021182   0.0044856778
34 14   0.0070352372   0.0000220405   0.0010065663  -0.0011497781
35  1   0.0162749015  -0.0456150470  -0.0012103254  -0.0063162016   0.0068671672
35  2  -0.0002000447   0.0002708151  -0.0123874090  -0.0038100230   0.0001394993
35  3  -0.0014837006   0.0002574294   0.0035264147  -0.0414397498   0.0325776668
35  4  -0.0013940953   0.0032527310  -0.0030836263  -0.0003340102  -0.0114308692
35  5  -0.0001158143  -0.0010328553  -0.0091864387  -0.0024772593   0.0004618003
35  6  -0.0007876652   0.0004262738   0.0004561455  -0.0031803305  -0.0001046345
35  7   0.0001805811  -0.0004256929   0.0000762935   0.0217264420   0.4672519020
35  8   0.0352813635  -0.0171364060  -0.2423753206  -0.0252741296   0.0015503537
35  9  -0.0071583953   0.0003310304  -0.0002687873  -0.0005258555  -0.0003532248
35 10  -0.0211182750  -0.0419555203   0.0055288062   0.0037595525   0.0042191974
35 11  -0.0007273374  -0.0078591255  -0.0354500075  -0.0185881573   0.0022801569
35 12   0.0047191869   0.0033490340   0.0077750093  -0.0297371584  -0.0236906257
35 13  -0.0030287858   0.0043426440   0.0031209179  -0.0000024830  -0.0073833363
35 14  -0.0018547406   0.0000893531  -0.0001303318   0.0005411274
36  1  -0.0100661793  -0.0034856656  -0.0107410268  -0.0016937234   0.0027221116
36  2  -0.0016460894  -0.0011570955  -0.0083179035  -0.0065230599   0.0004659038
36  3  -0.0016806308   0.0008813452  -0.0030877299   0.0249341742  -0.0535202657
36  4  -0.0019436595   0.0069419537  -0.0043869847   0.0033365898   0.0065411299
36  5  -0.0004136636  -0.0031229208  -0.0042742038   0.0063270882   0.0008570030
36  6  -0.0000339335  -0.0019334305  -0.0002248179   0.0008377925  -0.0070539406
36  7  -0.0000833734   0.0001523042  -0.0009279846   0.0003459640   0.0352813635
36  8   0.2155706715  -0.0029021169  -0.0253298917  -0.0255740450  -0.0050800326
36  9   0.0015775249   0.0024752707   0.0014449581   0.0009505096  -0.0007056065
36 10   0.0124543988   0.0087941761  -0.0134150911   0.0008483190   0.0019025134
36 11  -0.0016684927  -0.0250431719  -0.0203939216  -0.0406056992  -0.0002884421
36 12  -0.0027662212  -0.0022153087   0.0286528676  -0.0167855139  -0.0551127058
36 13   0.0020570884  -0.0048230177  -0.0032949945   0.0053167510  -0.0024999110
36 14   0.0060400866  -0.0010865801  -0.0002447393  -0.0015560730
37  1   0.0016025599   0.0138941913   0.0022218422   0.0013253525  -0.0009524100
37  2   0.0001676989  -0.0023349078  -0.0004183870   0.0000001668   0.0003594481
37  3  -0.0001039612   0.0000231384  -0.0018905243  -0.0004065868  -0.0001344123
37  4  -0.0000755277   0.0002338911  -0.0000126181  -0.0010766832  -0.0011981896
37  5  -0.0008420763  -0.0001826687  -0.0016799776   0.0005892748   0.0002006668
37  6  -0.0004416628  -0.0001734753  -0.0009630571   0.0001794814   0.0000706540
37  7   0.0009165976   0.0000432464  -0.0000461799  -0.0267597447  -0.0171364060
37  8  -0.0029021169   0.0286717987   0.0129711814   0.0021427967  -0.0013571850
37  9   0.0005816185   0.0013108890   0.0001841275   0.0003792527  -0.0000413454
37 10   0.0017476911  -0.0073165046  -0.0020947448   0.0004799337   0.0007583573
37 11  -0.0001771975   0.0006084639  -0.0049746505   0.0014438452   0.0000654885
37 12   0.0003502690   0.0002373630  -0.0014919909   0.0035400775  -0.0006660100
37 13   0.0002122779  -0.0000832117  -0.0001270754  -0.0003650211   0.0013367958
37 14  -0.0011230470   0.0001229043   0.0004435853   0.0001326301
38  1  -0.0014712240  -0.0026861423  -0.0004284006  -0.0000435828   0.0001814833
38  2   0.0000651368   0.0000377778   0.0004865456  -0.0001907168  -0.0000161021
38  3  -0.0000683416   0.0000748648   0.0001712924  -0.0028010043  -0.0014547773
38  4  -0.0000064844   0.0004935514   0.0000035963   0.0000876971  -0.0003946747
38  5   0.0002463069  -0.0001978805   0.0002594325   0.0002637942   0.0000369580
38  6  -0.0001361466  -0.0000488433   0.0000422139  -0.0003111736   0.0000863680
38  7  -0.0000004703  -0.0001235167  -0.0001404707  -0.0124045795  -0.2423753206
38  8  -0.0253298917   0.0129711814   0.2501359316   0.0254930499  -0.0001538730
38  9   0.0000456979   0.0001903831   0.0000757016  -0.0002116690  -0.0000517217
38 10   0.0007999311  -0.0014575521  -0.0005761051  -0.0000655177   0.0002381615
38 11   0.0000953602   0.0003598013  -0.0006215525   0.0006616269  -0.0001184215
38 12   0.0000950799  -0.0001263079  -0.0003403982  -0.0012219257   0.0009374403
38 13   0.0001078289   0.0002860637  -0.0000327394   0.0000953416   0.0003248929
38 14   0.0003131538   0.0000328090  -0.0001378205  -0.0000511066
39  1   0.0005564504   0.0032130270  -0.0016458265   0.0003680204  -0.0002062162
39  2  -0.0002263780   0.0004964385  -0.0031236163  -0.0002229902   0.0000430780
39  3  -0.0007238378   0.0001685808  -0.0003792527   0.0086836936   0.0017276709
39  4   0.0004326460  -0.0006437367   0.0006564569  -0.0009317177   0.0018071044
39  5   0.0000197112   0.0005697347  -0.0000300903  -0.0021620001  -0.0000935678
39  6  -0.0001693371   0.0003572219   0.0000023752   0.0001115265  -0.0010555983
39  7  -0.0000156237  -0.0001628911   0.0008953609  -0.0023455065  -0.0252741296
39  8  -0.0255740450   0.0021427967   0.0254930499   0.0294718836   0.0008725335
39  9   0.0014137393  -0.0010151965  -0.0001495752   0.0003998078   0.0002616190
39 10  -0.0008366103   0.0039066064  -0.0003272866  -0.0003420485  -0.0004048746
39 11  -0.0000586623   0.0029288094  -0.0061741783  -0.0000517636   0.0002936184
39 12   0.0005387328   0.0001745667  -0.0023965403  -0.0085081326   0.0001393778
39 13  -0.0005876967   0.0007028124   0.0003585353  -0.0007449686  -0.0005714088
39 14  -0.0021260741   0.0001166069  -0.0002776508   0.0002348362
40  1  -0.0337444336  -0.0031725734  -0.0133694621   0.0009225892  -0.0101868249
40  2   0.0072992743  -0.0002484304   0.0063671122  -0.0047409171  -0.0015996376
40  3  -0.0008035017   0.0002754292  -0.0247518396   0.0312727337   0.0035386621
40  4  -0.0005190239  -0.0023942022   0.0003779507  -0.0769841567   0.0039246421
40  5  -0.0033434183  -0.0072053800  -0.0005308023  -0.0079614334  -0.0008160266
40  6   0.0016077822  -0.0000309639  -0.0273424061  -0.0092027344  -0.0297587371
40  7   0.0000608833   0.0001357679   0.0023326164   0.0042437782   0.0015503537
40  8  -0.0050800326  -0.0013571850  -0.0001538730   0.0008725335   0.3364868594
40  9  -0.0808920173   0.1164991156  -0.1317251599   0.0574755620  -0.0913331605
40 10  -0.0075075658   0.0059350175  -0.0007262659  -0.0007702896  -0.0000511246
40 11  -0.0015642652  -0.0050366696  -0.0013918074   0.0001046657  -0.0008415546
40 12  -0.0001245803   0.0003562005  -0.0031666607  -0.0001648615   0.0021858343
40 13   0.0006295408  -0.0000533676   0.0000713702  -0.0189975469   0.0049610240
40 14   0.0173133463   0.0002703156  -0.0041077247   0.0066816572
41  1  -0.0167372875  -0.0513269963   0.0138755906   0.0011943246  -0.0038048692
41  2   0.0021686593   0.0043742381   0.0015475679  -0.0022752189  -0.0010489466
41  3  -0.0007312284   0.0006239869   0.0388288189  -0.0467346975  -0.0206460497
41  4   0.0004268079  -0.0023075514   0.0008789365  -0.0056793783  -0.0142952647
41  5   0.0049275831  -0.0024581931  -0.0001962682   0.0021160328   0.0002418140
41  6   0.0001076217  -0.0010532574  -0.0138196393  -0.0341960469  -0.0238999670
41  7  -0.0060279304  -0.0008187718  -0.0053117447   0.0065953497  -0.0071583953
41  8   0.0015775249   0.0005816185   0.0000456979   0.0014137393  -0.0808920173
41  9   0.2277310488  -0.0485551932   0.0617616790  -0.0579094828   0.0521984717
41 10   0.0064033384   0.0019713762   0.0029984108  -0.0007042622  -0.0019298282
41 11   0.0004416140  -0.0015838442  -0.0066170486  -0.0013198918  -0.0002071188
41 12  -0.0009641567  -0.0002255054   0.0029923500   0.0028844199   0.0099379519
41 13   0.0005808800  -0.0016952318  -0.0011035998   0.0059674831  -0.0038849218
41 14   0.0151939967  -0.0007900847   0.0002830270  -0.0039620708
42  1  -0.0063896318   0.0191345487  -0.0222824461   0.0009087212  -0.0050124750
42  2   0.0013541552  -0.0087563478   0.0013833121  -0.0116221729  -0.0010378926
42  3   0.0020472999  -0.0006878247   0.0026263533  -0.0151527454  -0.0201938154
42  4   0.0053018582  -0.0070901790   0.0001774456   0.0062154761   0.0028531394
42  5  -0.0144116248  -0.0072431276   0.0041142127   0.0002385351   0.0007079209
42  6  -0.0001045353  -0.0014424949  -0.0264095208  -0.0150661347  -0.0397406562
42  7   0.0018341398   0.0004172065   0.0001962368  -0.0068526468   0.0003310304
42  8   0.0024752707   0.0013108890   0.0001903831  -0.0010151965   0.1164991156
42  9  -0.0485551932   0.2975723012  -0.0947503148   0.0504559280  -0.1006864325
42 10   0.0017102204   0.0019080842  -0.0017462097   0.0000365378  -0.0008192864
42 11   0.0006146464   0.0020234624  -0.0017056093  -0.0056403619   0.0002531384
42 12  -0.0001460548  -0.0005773254  -0.0022399767   0.0074060269  -0.0029628515
42 13  -0.0008959819  -0.0005984163  -0.0005986792   0.0159580150   0.0029368825
42 14  -0.0767602489  -0.0008104073   0.0010725750  -0.0022602507
43  1   0.0040663732  -0.0026154482   0.0046996206   0.0001454595   0.0008868083
43  2  -0.0002782649  -0.0006073003  -0.0015555681   0.0009667720   0.0001750666
43  3   0.0001158812  -0.0000017514  -0.0031732573   0.0001768848  -0.0028728210
43  4   0.0003889087  -0.0005100967   0.0002493794  -0.0042872449   0.0032881746
43  5  -0.0045345625  -0.0011539123   0.0009950290   0.0002919345  -0.0000473368
43  6   0.0001528772  -0.0003774929  -0.0019643555   0.0015347990   0.0001774530
43  7   0.0000624800  -0.0001128549   0.0001323707  -0.0011285406  -0.0002687873
43  8   0.0014449581   0.0001841275   0.0000757016  -0.0001495752  -0.1317251599
43  9   0.0617616790  -0.0947503148   0.1367760990  -0.0618306238   0.0940361309
43 10  -0.0008016620  -0.0001032044  -0.0009539909  -0.0001133100   0.0002746034
43 11  -0.0002257586  -0.0006835771  -0.0000969623   0.0001029293   0.0005238579
43 12   0.0002718033  -0.0004355571   0.0010525592  -0.0005418765   0.0005284276
43 13   0.0001971054  -0.0000594163   0.0000966897   0.0018623693  -0.0020095118
43 14   0.0021028471   0.0002512505   0.0001701090  -0.0002494236
44  1   0.0098032174  -0.0048582714   0.0071905245   0.0001697845   0.0012038648
44  2  -0.0007721092  -0.0023129290   0.0000461244  -0.0005766725  -0.0000993263
44  3   0.0004264485  -0.0002128069   0.0023482768  -0.0032573922   0.0046012559
44  4  -0.0002429983   0.0005148777   0.0000271049  -0.0006799436   0.0005356574
44  5  -0.0022870675  -0.0005113954   0.0003714719  -0.0014872464  -0.0001766316
44  6   0.0002659744  -0.0001067878  -0.0032609876   0.0046829543  -0.0031371124
44  7   0.0004693650   0.0000924052   0.0004529772   0.0003575698  -0.0005258555
44  8   0.0009505096   0.0003792527  -0.0002116690   0.0003998078   0.0574755620
44  9  -0.0579094828   0.0504559280  -0.0618306238   0.0631588422  -0.0536013292
44 10  -0.0006119673  -0.0014955353  -0.0002656885   0.0001886734   0.0002330572
44 11   0.0000914617  -0.0001616326  -0.0009646247  -0.0000905712   0.0003081651
44 12   0.0006927582   0.0002660954   0.0003047729  -0.0018356589  -0.0013055825
44 13   0.0001858460   0.0001131083   0.0003130614  -0.0020631663  -0.0011545875
44 14  -0.0011333767  -0.0000388839  -0.0001244670   0.0002276242
45  1  -0.0014801180  -0.0003840188  -0.0028859682   0.0001023558  -0.0002485621
45  2  -0.0000129496  -0.0006221720   0.0016302109  -0.0014781421  -0.0004550209
45  3   0.0003247716  -0.0001235909   0.0038434029  -0.0019740917   0.0036863554
45  4  -0.0001054625   0.0006912526   0.0001553356   0.0013905417  -0.0028809077
45  5   0.0025606880   0.0011287564  -0.0009345308  -0.0012621956  -0.0001950654
45  6   0.0001375648   0.0001953118  -0.0012981968   0.0036655825  -0.0032823649
45  7   0.0004036200  -0.0000561410   0.0002291489   0.0017223589  -0.0003532248
45  8  -0.0007056065  -0.0000413454  -0.0000517217   0.0002616190  -0.0913331605
45  9   0.0521984717  -0.1006864325   0.0940361309  -0.0536013292   0.1068460142
45 10   0.0007573758  -0.0008902315   0.0007438286   0.0001108705  -0.0000686125
45 11   0.0002534728   0.0002629577  -0.0002160479  -0.0006079794  -0.0004585180
45 12   0.0003047621   0.0004758528  -0.0004853058  -0.0006287143  -0.0013228051
45 13  -0.0002224122   0.0003496989  -0.0001314184  -0.0071771767   0.0035286045
45 14  -0.0037201356   0.0001155839  -0.0005427857   0.0008119619
46  1  -0.0154135034   0.0013198158   0.0037240727  -0.0013891585   0.0019010220
46  2   0.0010403839  -0.0046179946   0.0052371168   0.0030253109  -0.0009759416
46  3  -0.0000014580   0.0004463183  -0.0571623500   0.0020617209  -0.0201146288
46  4   0.0014956186  -0.0001917030   0.0002916940  -0.0255559354   0.0181249252
46  5  -0.0014889778  -0.0232648624  -0.0048553567   0.0004020174   0.0036970756
46  6  -0.0060244878  -0.0044850976  -0.0030398953   0.0020981519   0.0045968804
46  7  -0.0003570339   0.0000028799  -0.0007751825  -0.0463359218  -0.0211182750
46  8   0.0124543988   0.0017476911   0.0007999311  -0.0008366103  -0.0075075658
46  9   0.0064033384   0.0017102204  -0.0008016620  -0.0006119673   0.0007573758
46 10   0.3847999995  -0.0820880540  -0.0772338490  -0.1774341149   0.0684248085
46 11   0.0691534198  -0.0206096852   0.0070585871   0.0092493155   0.0034313494
46 12  -0.0008775173  -0.0055761295  -0.0051197208   0.0041744434   0.0058266034
46 13  -0.0008276150  -0.0000640032  -0.0006726752  -0.0042012564  -0.0016834609
46 14  -0.0012252854  -0.0005575170  -0.0000904580  -0.0002695751
47  1  -0.0013523672   0.0031321382  -0.0043739191   0.0000509912  -0.0004925229
47  2   0.0013638480   0.0060749946   0.0047224624  -0.0079237548   0.0005226658
47  3  -0.0021403255   0.0009445372   0.0037411359  -0.0102264952  -0.0092078472
47  4  -0.0039675639  -0.0001786868  -0.0001094247   0.0266057630  -0.0582931316
47  5   0.0145560977   0.0018908445  -0.0466859751  -0.0341066389   0.0012936476
47  6  -0.0025337475  -0.0001627121   0.0046077520  -0.0069060884  -0.0026808882
47  7   0.0015977942   0.0002563334  -0.0006005781  -0.0213448760  -0.0419555203
47  8   0.0087941761  -0.0073165046  -0.0014575521   0.0039066064   0.0059350175
47  9   0.0019713762   0.0019080842  -0.0001032044  -0.0014955353  -0.0008902315
47 10  -0.0820880540   0.2377342139   0.0429401176   0.0667998044  -0.0526731108
47 11  -0.0314834989   0.0031863950  -0.0140080487   0.0084143665  -0.0030827470
47 12  -0.0005289624   0.0031156932  -0.0003721807  -0.0011800130   0.0056251319
47 13  -0.0011980170   0.0004752255  -0.0006484393  -0.0013682230  -0.0068495875
47 14   0.0007467775  -0.0001130679  -0.0006864464  -0.0001275034
48  1   0.0016698698  -0.0055324682   0.0053789489   0.0001759082   0.0012082520
48  2  -0.0013701153   0.0065912361  -0.0082100145  -0.0066581514   0.0022292340
48  3   0.0000984267  -0.0000989243  -0.0267581891  -0.0051638393  -0.0345327640
48  4  -0.0072023406   0.0028452234  -0.0013727777  -0.0065055117   0.0196066624
48  5  -0.0172569409  -0.0002597666  -0.0306463000  -0.0317479316   0.0005229695
48  6  -0.0003498625  -0.0012076750   0.0056919181  -0.0020918881   0.0028168255
48  7  -0.0005353582   0.0004000697  -0.0014366678   0.0145270471   0.0055288062
48  8  -0.0134150911  -0.0020947448  -0.0005761051  -0.0003272866  -0.0007262659
48  9   0.0029984108  -0.0017462097  -0.0009539909  -0.0002656885   0.0007438286
48 10  -0.0772338490   0.0429401176   0.2369230769   0.0703095552  -0.0327336729
48 11  -0.0553763278   0.0101912679   0.0088195770  -0.0660609637   0.0028350027
48 12  -0.0002641023  -0.0029331364   0.0091018027   0.0020707992  -0.0016928751
48 13   0.0000916420  -0.0015221314  -0.0008101099  -0.0014135751   0.0009813082
48 14  -0.0070989961  -0.0002538613  -0.0001415806  -0.0007197356
49  1  -0.0015067883   0.0005641206   0.0003646552  -0.0003037265   0.0003673050
49  2   0.0003275389   0.0012638268  -0.0011984291  -0.0004147597   0.0002526281
49  3  -0.0000109275  -0.0001326928  -0.0038525865   0.0015164190   0.0043194225
49  4   0.0005624058  -0.0002716810  -0.0000339100  -0.0011325645   0.0008230277
49  5  -0.0005159913   0.0028269258  -0.0003546328  -0.0013818817  -0.0000391744
49  6   0.0003696660   0.0002345128   0.0002013558  -0.0002413786  -0.0008674235
49  7   0.0001192497   0.0000278578   0.0000832107  -0.0039151448   0.0037595525
49  8   0.0008483190   0.0004799337  -0.0000655177  -0.0003420485  -0.0007702896
49  9  -0.0007042622   0.0000365378  -0.0001133100   0.0001886734   0.0001108705
49 10  -0.1774341149   0.0667998044   0.0703095552   0.1847263861  -0.0699830105
49 11  -0.0720166221  -0.0000521202  -0.0008954746  -0.0006589244   0.0000156043
49 12  -0.0001615359   0.0001911595  -0.0008228245  -0.0006588785  -0.0006805117
49 13  -0.0000357364   0.0001528442   0.0002268486  -0.0006158049  -0.0003143325
49 14  -0.0003544432   0.0001458693   0.0002907904   0.0003465782
50  1  -0.0021633960  -0.0002634364   0.0023226048  -0.0003845964   0.0003989549
50  2   0.0001150650  -0.0002576759  -0.0024311606   0.0008088878   0.0002869262
50  3   0.0002059505  -0.0000918989  -0.0012902104  -0.0011512346   0.0017911274
50  4   0.0001382615  -0.0002025852   0.0001830369   0.0062702176  -0.0027840266
50  5  -0.0035738156   0.0064436399  -0.0013465600  -0.0012823795  -0.0003783132
50  6   0.0004086938   0.0004684264   0.0017606324  -0.0006670213  -0.0004412714
50  7   0.0003654810  -0.0000226538  -0.0002507792  -0.0062221672   0.0042191974
50  8   0.0019025134   0.0007583573   0.0002381615  -0.0004048746  -0.0000511246
50  9  -0.0019298282  -0.0008192864   0.0002746034   0.0002330572  -0.0000686125
50 10   0.0684248085  -0.0526731108  -0.0327336729  -0.0699830105   0.0572310679
50 11   0.0322341774  -0.0024540484   0.0002075357   0.0008759933   0.0000682859
50 12  -0.0000938707  -0.0002662817  -0.0017294936   0.0003045770  -0.0005302691
50 13  -0.0000587979   0.0002213384   0.0001713098  -0.0001014328  -0.0009017213
50 14  -0.0002398608   0.0002830532   0.0007986750  -0.0001701395
51  1  -0.0013575292   0.0018913840  -0.0012087733  -0.0001992158   0.0000000901
51  2   0.0003608599   0.0025517356  -0.0001397314  -0.0018324024   0.0007115949
51  3  -0.0003263529   0.0000024691  -0.0046535200   0.0026716431   0.0038683323
51  4   0.0007533086  -0.0001001331   0.0001379104  -0.0043142379   0.0005935078
51  5   0.0018098397   0.0047997363   0.0008929130  -0.0025960015  -0.0003142606
51  6   0.0004863667   0.0001306857  -0.0011094181   0.0003239873  -0.0016146025
51  7   0.0001212645  -0.0000803717   0.0002765026   0.0007766453  -0.0007273374
51  8  -0.0016684927  -0.0001771975   0.0000953602  -0.0000586623  -0.0015642652
51  9   0.0004416140   0.0006146464  -0.0002257586   0.0000914617   0.0002534728
51 10   0.0691534198  -0.0314834989  -0.0553763278  -0.0720166221   0.0322341774
51 11   0.0592172891   0.0074982269  -0.0053394703  -0.0015201271  -0.0007139560
51 12   0.0000409382   0.0007381067   0.0000636000  -0.0013287059  -0.0014145979
51 13   0.0003725410   0.0000088237   0.0001074207  -0.0005071705  -0.0000710646
51 14  -0.0009459572   0.0003510788  -0.0001756013   0.0007184092
52  1  -0.0101177533  -0.0000692219  -0.0110483843  -0.0011410485   0.0023536221
52  2  -0.0002215905  -0.0288053966   0.0262904480   0.0029367142   0.0006201263
52  3  -0.0028150656   0.0000554227   0.0019604149   0.0051503559  -0.0044846180
52  4  -0.0013801182  -0.0007126417   0.0005659264  -0.0012878178  -0.0007839381
52  5   0.0016349294  -0.0171335352  -0.0098823222  -0.0047253905   0.0004207266
52  6  -0.0075500442   0.0036235420   0.0030062033   0.0037605627  -0.0074632598
52  7  -0.0015576666  -0.0003832575   0.0012770078  -0.0288970614  -0.0078591255
52  8  -0.0250431719   0.0006084639   0.0003598013   0.0029288094  -0.0050366696
52  9  -0.0015838442   0.0020234624  -0.0006835771  -0.0001616326   0.0002629577
52 10  -0.0206096852   0.0031863950   0.0101912679  -0.0000521202  -0.0024540484
52 11   0.0074982269   0.2959697182  -0.0551511831   0.1110335752  -0.0943150507
52 12   0.0526312323  -0.0915907205  -0.0831696878  -0.0117956669   0.0043927419
52 13  -0.0025300889   0.0010972922  -0.0008448154  -0.0055614936   0.0066502755
52 14  -0.0019679545  -0.0003068824  -0.0002779931  -0.0010346785
53  1  -0.0017742813  -0.0004626331   0.0027554860   0.0006636581  -0.0000753376
53  2  -0.0010292149   0.0232435297  -0.0433927937  -0.0170132332   0.0011545732
53  3  -0.0025427267   0.0009135760   0.0030956289   0.0015834375  -0.0031756023
53  4  -0.0011824052  -0.0004380440   0.0003857670   0.0038533378  -0.0017960296
53  5   0.0079845476  -0.0196259821  -0.0635939210   0.0285878910   0.0013578248
53  6  -0.0032051657   0.0010066717   0.0036407242  -0.0067937325   0.0041298170
53  7   0.0007484237   0.0001082281   0.0011024443  -0.0136006698  -0.0354500075
53  8  -0.0203939216  -0.0049746505  -0.0006215525  -0.0061741783  -0.0013918074
53  9  -0.0066170486  -0.0017056093  -0.0000969623  -0.0009646247  -0.0002160479
53 10   0.0070585871  -0.0140080487   0.0088195770  -0.0008954746   0.0002075357
53 11  -0.0053394703  -0.0551511831   0.2433842440  -0.0816902907   0.0531782124
53 12  -0.0623891424   0.0662210876  -0.0004695499  -0.0065175405   0.0115664981
53 13  -0.0055353659   0.0007458776  -0.0014491812   0.0075776123   0.0047629430
53 14   0.0049284078  -0.0008737801  -0.0019239170  -0.0002150215
54  1  -0.0072730449   0.0057681490  -0.0012310717   0.0004601362  -0.0003296723
54  2  -0.0020046736  -0.0062499403  -0.0061446369  -0.0417865879   0.0095556227
54  3  -0.0102895391   0.0006460676  -0.0077727098   0.0015721103  -0.0083590950
54  4  -0.0002784825   0.0016155040  -0.0004485330  -0.0050374263   0.0075675308
54  5  -0.0061711114  -0.0001016124   0.0253876313  -0.0148053286   0.0007694260
54  6  -0.0034276342  -0.0001092592  -0.0055966262  -0.0010323559   0.0034332533
54  7   0.0011500954   0.0002323993  -0.0009009923  -0.0306558324  -0.0185881573
54  8  -0.0406056992   0.0014438452   0.0006616269  -0.0000517636   0.0001046657
54  9  -0.0013198918  -0.0056403619   0.0001029293  -0.0000905712  -0.0006079794
54 10   0.0092493155   0.0084143665  -0.0660609637  -0.0006589244   0.0008759933
54 11  -0.0015201271   0.1110335752  -0.0816902907   0.3397198270  -0.0880413184
54 12   0.0629554053  -0.1380160058   0.0091330116   0.0086705668  -0.0142464723
54 13   0.0062700302  -0.0028691205   0.0003525961   0.0024236749   0.0026523571
54 14  -0.0021385198  -0.0000304105  -0.0005917709   0.0005528012
55  1  -0.0017673628   0.0015496694  -0.0002304809  -0.0001006144   0.0003119453
55  2  -0.0004551558  -0.0039343467   0.0005524277  -0.0040838361   0.0001747724
55  3  -0.0005067565   0.0000068105  -0.0010203639  -0.0013946003   0.0009247071
55  4   0.0002875009   0.0001455564  -0.0001141217   0.0013295309  -0.0006197432
55  5   0.0009897574   0.0028151000  -0.0019959466   0.0039229135   0.0000452448
55  6   0.0006829229   0.0000252488  -0.0009671253  -0.0006753078   0.0014532844
55  7   0.0002145733   0.0000344955  -0.0001031367  -0.0025547163   0.0022801569
55  8  -0.0002884421   0.0000654885  -0.0001184215   0.0002936184  -0.0008415546
55  9  -0.0002071188   0.0002531384   0.0005238579   0.0003081651  -0.0004585180
55 10   0.0034313494  -0.0030827470   0.0028350027   0.0000156043   0.0000682859
55 11  -0.0007139560  -0.0943150507   0.0531782124  -0.0880413184   0.1001248274
55 12  -0.0544631137   0.0914258487  -0.0031769241   0.0043850896  -0.0067009343
55 13   0.0007922922  -0.0004092199   0.0001160138  -0.0009453691  -0.0003585755
55 14  -0.0007741764  -0.0001967139   0.0003346236  -0.0002822674
56  1  -0.0009705462   0.0008757133  -0.0024063188  -0.0002934092   0.0004375543
56  2  -0.0001783702   0.0048825356  -0.0045032360   0.0086977888  -0.0008587721
56  3   0.0008026287   0.0002202572  -0.0016505650  -0.0001377059  -0.0003570659
56  4  -0.0000150027   0.0002705581  -0.0001689410   0.0005860799  -0.0014306591
56  5  -0.0003570731   0.0055920514  -0.0032004307   0.0037690533  -0.0000905854
56  6   0.0007319770  -0.0002074935   0.0005838454  -0.0007520545   0.0008274907
56  7   0.0004479661  -0.0002066096   0.0003460341  -0.0039506571   0.0047191869
56  8  -0.0027662212   0.0003502690   0.0000950799   0.0005387328  -0.0001245803
56  9  -0.0009641567  -0.0001460548   0.0002718033   0.0006927582   0.0003047621
56 10  -0.0008775173  -0.0005289624  -0.0002641023  -0.0001615359  -0.0000938707
56 11   0.0000409382   0.0526312323  -0.0623891424   0.0629554053  -0.0544631137
56 12   0.0674218807  -0.0667519323  -0.0013044549   0.0001099730  -0.0037848472
56 13   0.0004321333  -0.0001941504  -0.0000750869  -0.0012088687  -0.0019315162
56 14  -0.0003957580   0.0001916922   0.0001751847   0.0001588025
57  1   0.0007269567  -0.0010361515  -0.0011688492  -0.0001140812   0.0002232914
57  2   0.0001178991   0.0052685888  -0.0033928378   0.0056997971  -0.0005742981
57  3   0.0009039110   0.0002982273   0.0000948154   0.0008888371  -0.0009521437
57  4  -0.0004146796   0.0001920718  -0.0001395304  -0.0006592960  -0.0000223833
57  5  -0.0013481009  -0.0015695876  -0.0001210532  -0.0025631530   0.0002833277
57  6  -0.0003429419   0.0003058524   0.0015430159  -0.0000410238  -0.0005944311
57  7  -0.0000768597  -0.0000173377   0.0002269571  -0.0011337439   0.0033490340
57  8  -0.0022153087   0.0002373630  -0.0001263079   0.0001745667   0.0003562005
57  9  -0.0002255054  -0.0005773254  -0.0004355571   0.0002660954   0.0004758528
57 10  -0.0055761295   0.0031156932  -0.0029331364   0.0001911595  -0.0002662817
57 11   0.0007381067  -0.0915907205   0.0662210876  -0.1380160058   0.0914258487
57 12  -0.0667519323   0.1407596328   0.0017385505  -0.0016498521   0.0005052091
57 13  -0.0001506726  -0.0000166836   0.0002590808   0.0003103418  -0.0011137973
57 14   0.0007043015   0.0001194572  -0.0000359320   0.0002425011
58  1  -0.0364616396  -0.0120822085  -0.0111558905  -0.0024664256   0.0044517733
58  2  -0.0110284321  -0.0263476139  -0.0299451840  -0.0049831283  -0.0011962781
58  3   0.0013183760   0.0001311967   0.0069160850  -0.0047332350   0.0008167261
58  4  -0.0017330878   0.0010978435   0.0000380106  -0.0065199691   0.0009176356
58  5  -0.0017503341  -0.0037338176  -0.0077898631   0.0020326434  -0.0006515652
58  6   0.0002160251   0.0015419251   0.0047494925  -0.0009344570   0.0072064997
58  7  -0.0016968532   0.0001732158  -0.0015879538  -0.0191695333   0.0077750093
58  8   0.0286528676  -0.0014919909  -0.0003403982  -0.0023965403  -0.0031666607
58  9   0.0029923500  -0.0022399767   0.0010525592   0.0003047729  -0.0004853058
58 10  -0.0051197208  -0.0003721807   0.0091018027  -0.0008228245  -0.0017294936
58 11   0.0000636000  -0.0831696878  -0.0004695499   0.0091330116  -0.0031769241
58 12  -0.0013044549   0.0017385505   0.2826458937   0.0653387320  -0.1018429009
58 13  -0.0779544286  -0.0561849224   0.0781640287  -0.0184857241   0.0250751961
58 14   0.0033477064  -0.0019992859   0.0062250178  -0.0044981066
59  1  -0.0122931038  -0.0217779796   0.0144392955  -0.0002351307   0.0008954971
59  2  -0.0091179601  -0.0268425037  -0.0588265460  -0.0097433690   0.0007434042
59  3  -0.0021573954   0.0007851432  -0.0047782847   0.0008487184  -0.0005351208
59  4   0.0013595775  -0.0003424063   0.0002684863   0.0017321162  -0.0060164570
59  5  -0.0032000091  -0.0098542125   0.0021981310   0.0062170422   0.0012133499
59  6  -0.0021557026   0.0000892367  -0.0015498977  -0.0084206194   0.0045273149
59  7  -0.0009678175  -0.0000589664   0.0010461753   0.0134229547  -0.0297371584
59  8  -0.0167855139   0.0035400775  -0.0012219257  -0.0085081326  -0.0001648615
59  9   0.0028844199   0.0074060269  -0.0005418765  -0.0018356589  -0.0006287143
59 10   0.0041744434  -0.0011800130   0.0020707992  -0.0006588785   0.0003045770
59 11  -0.0013287059  -0.0117956669  -0.0065175405   0.0086705668   0.0043850896
59 12   0.0001099730  -0.0016498521   0.0653387320   0.2729453596  -0.0975673590
59 13  -0.0587817811  -0.0777036627   0.0803140022   0.0334544721  -0.0593923859
59 14   0.0220885913  -0.0009002024  -0.0028422581   0.0011420561
60  1  -0.0210162517   0.0076605871  -0.0688520500   0.0004221856   0.0003421978
60  2  -0.0001733889   0.0050272862  -0.0024773246  -0.0425797164  -0.0076593890
60  3  -0.0126321754   0.0016334678   0.0059017363   0.0011499661  -0.0103067778
60  4   0.0000943863   0.0016192506  -0.0006560484  -0.0023549218  -0.0025824813
60  5  -0.0047890399  -0.0016957285   0.0028447316  -0.0007362555   0.0005969103
60  6  -0.0003278200   0.0000958563   0.0057533671  -0.0008895423   0.0005348446
60  7  -0.0012074987   0.0002214023  -0.0003440485   0.0368285193  -0.0236906257
60  8  -0.0551127058  -0.0006660100   0.0009374403   0.0001393778   0.0021858343
60  9   0.0099379519  -0.0029628515   0.0005284276  -0.0013055825  -0.0013228051
60 10   0.0058266034   0.0056251319  -0.0016928751  -0.0006805117  -0.0005302691
60 11  -0.0014145979   0.0043927419   0.0115664981  -0.0142464723  -0.0067009343
60 12  -0.0037848472   0.0005052091  -0.1018429009  -0.0975673590   0.3527882275
60 13   0.0799590921   0.0783615106  -0.1428728755  -0.0041572226   0.0298097736
60 14  -0.0080339585   0.0004642788  -0.0042884148   0.0003994838
61  1   0.0043769707   0.0059645562  -0.0059959392   0.0003623995   0.0000081178
61  2   0.0010784271  -0.0027974475   0.0000200289   0.0035782040  -0.0000294399
61  3   0.0004570334  -0.0000167664  -0.0016638955   0.0014410993  -0.0003247027
61  4   0.0003233196  -0.0001346020   0.0000230021   0.0000650585  -0.0002715676
61  5  -0.0000365177  -0.0013107544   0.0005377244   0.0006158633  -0.0000777376
61  6  -0.0005055668   0.0003585876  -0.0011592220   0.0006472347  -0.0014809370
61  7   0.0002580670  -0.0000124350   0.0001007211  -0.0024637771  -0.0030287858
61  8   0.0020570884   0.0002122779   0.0001078289  -0.0005876967   0.0006295408
61  9   0.0005808800  -0.0008959819   0.0001971054   0.0001858460  -0.0002224122
61 10  -0.0008276150  -0.0011980170   0.0000916420  -0.0000357364  -0.0000587979
61 11   0.0003725410  -0.0025300889  -0.0055353659   0.0062700302   0.0007922922
61 12   0.0004321333  -0.0001506726  -0.0779544286  -0.0587817811   0.0799590921
61 13   0.0818157260   0.0564550542  -0.0800489661   0.0013697400   0.0028530131
61 14  -0.0045613455   0.0004476451  -0.0001636312  -0.0001832610
62  1   0.0017416471  -0.0003613211  -0.0012544638   0.0003523423  -0.0001925709
62  2   0.0001693193  -0.0036690715  -0.0047621902   0.0089705859   0.0006810179
62  3   0.0008370510   0.0000786672   0.0016612283  -0.0001565865  -0.0009036573
62  4  -0.0000331813   0.0003333129  -0.0002260274  -0.0002697226   0.0000107026
62  5   0.0000161491   0.0013704170  -0.0015538192  -0.0007927657  -0.0002657555
62  6   0.0001157468   0.0002549037  -0.0003358308  -0.0004053221   0.0006416841
62  7  -0.0002469117  -0.0002916428   0.0003304742   0.0025526762   0.0043426440
62  8  -0.0048230177  -0.0000832117   0.0002860637   0.0007028124  -0.0000533676
62  9  -0.0016952318  -0.0005984163  -0.0000594163   0.0001131083   0.0003496989
62 10  -0.0000640032   0.0004752255  -0.0015221314   0.0001528442   0.0002213384
62 11   0.0000088237   0.0010972922   0.0007458776  -0.0028691205  -0.0004092199
62 12  -0.0001941504  -0.0000166836  -0.0561849224  -0.0777036627   0.0783615106
62 13   0.0564550542   0.0834730176  -0.0813680406  -0.0042807491  -0.0041133706
62 14   0.0047068800  -0.0001091556   0.0004757798  -0.0002171845
63  1   0.0065968621   0.0050507806  -0.0056364403   0.0002853797  -0.0002211571
63  2   0.0009048506  -0.0035054575  -0.0033794670   0.0059493032   0.0003676892
63  3   0.0009004409   0.0002615059  -0.0003809714   0.0002372137  -0.0004609788
63  4   0.0002648259   0.0003243323  -0.0003835171  -0.0000436179   0.0000197389
63  5  -0.0002249082  -0.0000803394  -0.0010952883   0.0006140592  -0.0001233003
63  6  -0.0000366877   0.0002368683  -0.0013051130  -0.0001394905  -0.0000872108
63  7   0.0001144362  -0.0000041429   0.0002111989   0.0006256744   0.0031209179
63  8  -0.0032949945  -0.0001270754  -0.0000327394   0.0003585353   0.0000713702
63  9  -0.0011035998  -0.0005986792   0.0000966897   0.0003130614  -0.0001314184
63 10  -0.0006726752  -0.0006484393  -0.0008101099   0.0002268486   0.0001713098
63 11   0.0001074207  -0.0008448154  -0.0014491812   0.0003525961   0.0001160138
63 12  -0.0000750869   0.0002590808   0.0781640287   0.0803140022  -0.1428728755
63 13  -0.0800489661  -0.0813680406   0.1467287159   0.0004317104  -0.0007295887
63 14  -0.0018253440  -0.0002291977  -0.0001688883   0.0003423420
64  1  -0.0405056975   0.0034123599   0.0088368112   0.0043406919  -0.0102162009
64  2  -0.0087949102  -0.0656355922   0.0054220597  -0.0218031066   0.0027097482
64  3   0.0001198156   0.0011131735  -0.0021138325   0.0030956281   0.0004148771
64  4  -0.0003552497  -0.0002468544   0.0001917421  -0.0067789080   0.0038393610
64  5   0.0051966970  -0.0102685148  -0.0007267116   0.0042140995  -0.0007078377
64  6   0.0013729952   0.0004069585  -0.0532800328  -0.0327586601   0.0238680937
64  7   0.0014877689   0.0016126555  -0.0006635397  -0.0014021182  -0.0000024830
64  8   0.0053167510  -0.0003650211   0.0000953416  -0.0007449686  -0.0189975469
64  9   0.0059674831   0.0159580150   0.0018623693  -0.0020631663  -0.0071771767
64 10  -0.0042012564  -0.0013682230  -0.0014135751  -0.0006158049  -0.0001014328
64 11  -0.0005071705  -0.0055614936   0.0075776123   0.0024236749  -0.0009453691
64 12  -0.0012088687   0.0003103418  -0.0184857241   0.0334544721  -0.0041572226
64 13   0.0013697400  -0.0042807491   0.0004317104   0.4064237743  -0.0657782506
64 14  -0.1094079799  -0.1879740931   0.0527818163   0.0859867041
65  1  -0.0033574375  -0.0494790689  -0.0298273842   0.0017615463  -0.0039222740
65  2  -0.0006389946   0.0085810227  -0.0155901424  -0.0126895230  -0.0066859768
65  3  -0.0009182022  -0.0007342822   0.0058452366   0.0067523113  -0.0078690559
65  4   0.0000812940  -0.0023217919   0.0010961418  -0.0018819138  -0.0005193921
65  5   0.0049327046  -0.0020846462   0.0027542387  -0.0045562702  -0.0000759060
65  6  -0.0007162501   0.0015479714  -0.0248379988  -0.0387668619   0.0113631050
65  7  -0.0080714080  -0.0030468554   0.0020487379   0.0044856778  -0.0073833363
65  8  -0.0024999110   0.0013367958   0.0003248929  -0.0005714088   0.0049610240
65  9  -0.0038849218   0.0029368825  -0.0020095118  -0.0011545875   0.0035286045
65 10  -0.0016834609  -0.0068495875   0.0009813082  -0.0003143325  -0.0009017213
65 11  -0.0000710646   0.0066502755   0.0047629430   0.0026523571  -0.0003585755
65 12  -0.0019315162  -0.0011137973   0.0250751961  -0.0593923859   0.0298097736
65 13   0.0028530131  -0.0041133706  -0.0007295887  -0.0657782506   0.2275203112
65 14   0.0332006721   0.0555083364  -0.0412224312  -0.0327969783
66  1  -0.0018075621  -0.0339864689  -0.0349395443   0.0009043262  -0.0004669621
66  2  -0.0019800055  -0.0105659748  -0.0096007767  -0.0438783515  -0.0122068881
66  3   0.0030353449  -0.0033976507   0.0044462442  -0.0056273592  -0.0054255087
66  4   0.0014972502   0.0003834650  -0.0001498207   0.0096330559   0.0002250841
66  5  -0.0030451897  -0.0007443426  -0.0056500559   0.0065346109  -0.0001475072
66  6   0.0014084527  -0.0014043443   0.0177139199   0.0041558267  -0.0079040436
66  7  -0.0032073740  -0.0007117559  -0.0014575994   0.0070352372  -0.0018547406
66  8   0.0060400866  -0.0011230470   0.0003131538  -0.0021260741   0.0173133463
66  9   0.0151939967  -0.0767602489   0.0021028471  -0.0011333767  -0.0037201356
66 10  -0.0012252854   0.0007467775  -0.0070989961  -0.0003544432  -0.0002398608
66 11  -0.0009459572  -0.0019679545   0.0049284078  -0.0021385198  -0.0007741764
66 12  -0.0003957580   0.0007043015   0.0033477064   0.0220885913  -0.0080339585
66 13  -0.0045613455   0.0047068800  -0.0018253440  -0.1094079799   0.0332006721
66 14   0.2632962735   0.0840999471  -0.0307195380  -0.0703439800
67  1   0.0045021839  -0.0013824271  -0.0023002201   0.0000114750   0.0006639098
67  2   0.0004040242  -0.0053809846   0.0023734460   0.0054717242   0.0006959126
67  3  -0.0001046629   0.0002922549   0.0006187292  -0.0007476319  -0.0001602250
67  4   0.0001733286   0.0000080585  -0.0000513529  -0.0005141417  -0.0004593144
67  5  -0.0004212940  -0.0002327122   0.0002428310  -0.0002983735  -0.0003456757
67  6   0.0002058975   0.0002086673  -0.0029872129   0.0021688824   0.0003758154
67  7   0.0003546881   0.0000121347  -0.0000846806   0.0000220405   0.0000893531
67  8  -0.0010865801   0.0001229043   0.0000328090   0.0001166069   0.0002703156
67  9  -0.0007900847  -0.0008104073   0.0002512505  -0.0000388839   0.0001155839
67 10  -0.0005575170  -0.0001130679  -0.0002538613   0.0001458693   0.0002830532
67 11   0.0003510788  -0.0003068824  -0.0008737801  -0.0000304105  -0.0001967139
67 12   0.0001916922   0.0001194572  -0.0019992859  -0.0009002024   0.0004642788
67 13   0.0004476451  -0.0001091556  -0.0002291977  -0.1879740931   0.0555083364
67 14   0.0840999471   0.1928788767  -0.0562611930  -0.0862928357
68  1   0.0098244058  -0.0027105260  -0.0025342724  -0.0001433537   0.0007770129
68  2   0.0008201519  -0.0013337988  -0.0012753652   0.0017130687   0.0001449725
68  3  -0.0002333954   0.0002807836  -0.0005326948  -0.0021106013   0.0010333493
68  4   0.0001966451   0.0002392171  -0.0001591361  -0.0016755922   0.0005854930
68  5  -0.0001699129  -0.0008370467  -0.0007850567   0.0015529606  -0.0003360759
68  6   0.0003674505   0.0000039852  -0.0064844047   0.0035352241   0.0029521887
68  7   0.0008254344   0.0004299280   0.0000015969   0.0010065663  -0.0001303318
68  8  -0.0002447393   0.0004435853  -0.0001378205  -0.0002776508  -0.0041077247
68  9   0.0002830270   0.0010725750   0.0001701090  -0.0001244670  -0.0005427857
68 10  -0.0000904580  -0.0006864464  -0.0001415806   0.0002907904   0.0007986750
68 11  -0.0001756013  -0.0002779931  -0.0019239170  -0.0005917709   0.0003346236
68 12   0.0001751847  -0.0000359320   0.0062250178  -0.0028422581  -0.0042884148
68 13  -0.0001636312   0.0004757798  -0.0001688883   0.0527818163  -0.0412224312
68 14  -0.0307195380  -0.0562611930   0.0465156245   0.0306195634
69  1   0.0060711746   0.0006164980  -0.0030615619  -0.0000858318   0.0006725215
69  2   0.0002523792  -0.0081573235   0.0043287006   0.0053794686   0.0011690113
69  3   0.0000004623   0.0005775713   0.0007433246   0.0004072902  -0.0008279255
69  4   0.0005218399  -0.0003610335  -0.0000874413   0.0004345026  -0.0011071057
69  5  -0.0010157344  -0.0005808572   0.0015307061  -0.0012900200  -0.0001193800
69  6  -0.0000670208   0.0003065609   0.0012357472  -0.0011878922  -0.0022726485
69  7  -0.0004198515   0.0000177045   0.0001554808  -0.0011497781   0.0005411274
69  8  -0.0015560730   0.0001326301  -0.0000511066   0.0002348362   0.0066816572
69  9  -0.0039620708  -0.0022602507  -0.0002494236   0.0002276242   0.0008119619
69 10  -0.0002695751  -0.0001275034  -0.0007197356   0.0003465782  -0.0001701395
69 11   0.0007184092  -0.0010346785  -0.0002150215   0.0005528012  -0.0002822674
69 12   0.0001588025   0.0002425011  -0.0044981066   0.0011420561   0.0003994838
69 13  -0.0001832610  -0.0002171845   0.0003423420   0.0859867041  -0.0327969783
69 14  -0.0703439800  -0.0862928357   0.0306195634   0.0734615747
$end
