$hessapprox internal
  0.389443153498D+00  0.510704107140D-03  0.326321183515D+00  0.294591102240D-02
 -0.116925044760D-01  0.289790006731D+00  0.194009649995D-02  0.506318183107D-03
  0.295945034750D-02  0.389436843935D+00 -0.660383035526D-03  0.786386616073D-03
  0.547699937211D-02 -0.681558665626D-03  0.327538016587D+00  0.317515999551D-02
 -0.127598576431D-01 -0.458226535075D-01  0.320446570582D-02  0.697597875039D-02
  0.278156304094D+00 -0.709936554688D-03 -0.669414296493D-03 -0.412308933191D-02
 -0.638006862702D-03  0.133422257366D-02 -0.475166000688D-02  0.565361584059D+00
  0.186398774905D-03  0.476245893997D-02  0.120024736997D-01  0.218594725033D-03
  0.105066292732D-03  0.136018733937D-01 -0.116774517063D-03  0.330265251424D+00
 -0.407931904913D-03 -0.947042068858D-03 -0.122586367232D-02 -0.416707895152D-03
 -0.100447028723D-02 -0.615935742947D-03  0.833010302374D-03 -0.320252014112D-02
  0.384016508331D+00 -0.667346082765D-03 -0.691907891729D-03 -0.428744105035D-02
 -0.593620260151D-03  0.138388085406D-02 -0.493554430321D-02 -0.368513471159D-01
 -0.301119677438D-03  0.841100687231D-03  0.565216493165D+00  0.157529813618D-03
  0.454572988679D-02  0.111569189223D-01  0.191776982032D-03  0.264117159647D-03
  0.126371708209D-01 -0.834756260089D-04 -0.467662532831D-01 -0.326796571924D-02
 -0.270606395640D-03  0.330423984024D+00  0.574124256324D-04  0.177265940103D-02
  0.569796247843D-02  0.527300153293D-04 -0.549610527366D-03  0.631847827968D-02
  0.122323765116D-03 -0.250880830367D-02  0.283581040664D-03  0.120577258348D-03
 -0.240127315976D-02  0.384891752863D+00 -0.572174608649D-03 -0.748568224064D-03
 -0.393749307024D-02 -0.503752913378D-03  0.101646635640D-02 -0.434652813403D-02
 -0.367045733630D-01 -0.224470141932D-03  0.590865365409D-03 -0.368847422972D-01
 -0.173368181161D-03  0.923784961100D-04  0.565330377112D+00 -0.110794577412D-02
 -0.549514507327D-02 -0.142241103392D-01 -0.110066611163D-02 -0.130366622539D-02
 -0.132462374338D-01  0.205718939601D-02 -0.316844069818D-01 -0.780781861725D-02
  0.195767600465D-02 -0.324739440192D-01  0.191391767803D-02  0.128487355711D-02
  0.327395806058D+00  0.123418931642D-02  0.733096168765D-02  0.170566948588D-01
  0.126487874909D-02  0.199170538823D-02  0.170917141879D-01 -0.196004834311D-02
 -0.203451303593D-01  0.268042911540D-02 -0.208291393935D-02 -0.202735899663D-01
 -0.314543635970D-02 -0.139831783883D-02  0.512309048884D-02  0.365125954043D+00
 -0.176938286294D-03 -0.948107898307D-03 -0.316551679186D-02 -0.124641795849D-03
  0.534307881548D-04 -0.295087903218D-02 -0.368098672420D-01 -0.273153423235D-03
 -0.127502173023D-03 -0.370021271634D-01 -0.174542238242D-03  0.427061744370D-04
 -0.372010566641D-01 -0.915172533163D-03  0.468951849003D-03  0.563985908408D+00
 -0.456095794177D-03 -0.249547535740D-03 -0.105387786571D-02 -0.434366628359D-03
 -0.364278363322D-03  0.165736028377D-04  0.823468892161D-03 -0.353272778609D-01
 -0.481308254989D-02  0.694242177655D-03 -0.358680089921D-01 -0.299018824471D-03
  0.460583884699D-03 -0.365208376508D-01 -0.738310481271D-02 -0.463835168898D-03
  0.345095229027D+00  0.213181305619D-02  0.114022069268D-01  0.262156012025D-01
  0.217692492748D-02  0.349476710189D-02  0.257361677512D-01 -0.354222435417D-02
 -0.197003168641D-01  0.594436863904D-02 -0.369549697020D-02 -0.194203029557D-01
 -0.474656767111D-02 -0.251314516649D-02  0.206246197444D-01 -0.320986658201D-01
  0.797370762078D-03 -0.456447500998D-03  0.336126104394D+00 -0.398150778951D-03
 -0.832988749828D-03 -0.470977623888D-02 -0.327301157419D-03  0.137093763926D-02
 -0.535578228035D-02 -0.367863774040D-01 -0.183297628446D-03  0.784352138881D-03
 -0.369763664147D-01 -0.153318764889D-03  0.160505048891D-03 -0.368672834297D-01
  0.168428387351D-02 -0.178720980717D-02 -0.370848620539D-01  0.627278941355D-03
 -0.322196199896D-02  0.565285221813D+00 -0.879837572138D-03 -0.559689915664D-02
 -0.167899764838D-01 -0.853259888749D-03  0.233800165537D-03 -0.168028525131D-01
  0.123160012577D-02 -0.319826650648D-01 -0.689024025492D-02  0.110837853340D-02
 -0.328589433783D-01  0.210384507887D-02  0.731210536953D-03 -0.483021372016D-01
  0.277275362379D-02 -0.687698619614D-03 -0.358556584165D-01  0.165611013018D-01
  0.878595729825D-03  0.330341805883D+00  0.133351098300D-02  0.758575166765D-02
  0.175510229413D-01  0.136493672012D-02  0.214954978577D-02  0.174965034757D-01
 -0.211582093573D-02 -0.196609397486D-01  0.300682382253D-02 -0.224017243615D-02
 -0.195696501858D-01 -0.323203524796D-02 -0.151033834806D-02  0.683724843215D-02
 -0.225989563500D-01  0.490736951945D-03 -0.633248963701D-02 -0.333711137940D-01
 -0.193184411035D-02  0.432506099570D-02  0.364306656466D+00 -0.114916103291D-02
 -0.502000498050D-03 -0.586401220463D-02 -0.105442463390D-02  0.292361024878D-02
 -0.754844910581D-02 -0.366051733341D-01  0.590652133998D-03  0.201740093979D-02
 -0.367686691053D-01  0.549318095114D-03  0.269016888745D-03 -0.362322929535D-01
  0.585156339516D-02 -0.458496461769D-02 -0.352750225959D-01  0.270712285445D-02
 -0.842667855307D-02 -0.365677556414D-01  0.376149420886D-02 -0.496043246869D-02
  0.564066094310D+00 -0.720509410979D-04  0.621416623166D-03  0.275218932880D-02
 -0.795401695011D-04 -0.715577541846D-03  0.332235767758D-02  0.366332531932D-03
 -0.155524351285D-02 -0.328363751165D-03  0.371034254164D-03 -0.150213605458D-02
 -0.355940589631D-03  0.255171410407D-03 -0.907991444327D-03 -0.425768792613D-03
 -0.502617597244D-04 -0.107106417227D-02 -0.219771137332D-03  0.367293266211D-03
 -0.440555793922D-03 -0.375536672223D-03  0.891062482992D-03  0.384960004202D+00
  0.665333951099D-03  0.534328552110D-02  0.127679219028D-01  0.688558376545D-03
  0.117767512657D-02  0.130519713506D-01 -0.977444194387D-03 -0.184593953734D-01
  0.131107984808D-02 -0.106909873920D-02 -0.184531473173D-01 -0.234796816115D-02
 -0.625806788450D-03 -0.379322794399D-03 -0.164739758250D-01  0.558030792758D-03
 -0.883473421820D-02 -0.228323305395D-01 -0.850893410718D-03 -0.185590983870D-02
 -0.167570743915D-01 -0.255415481967D-02 -0.488829051969D-03  0.370250298436D+00
 -0.174630837565D-03 -0.943416347856D-03 -0.360132227814D-02 -0.118778977458D-03
  0.367018049514D-03 -0.359452121967D-02 -0.367387861725D-01 -0.210298205909D-03
  0.830206033757D-04 -0.369323395236D-01 -0.128304104095D-03  0.793951050708D-04
 -0.370630543744D-01 -0.324252305139D-03 -0.114744047542D-04 -0.379276240490D-01
 -0.198270255991D-03 -0.754758106722D-04 -0.369982640515D-01 -0.338391969331D-03
 -0.276584944650D-04 -0.355013643296D-01  0.504487441038D-04  0.265600676304D-03
  0.564688478174D+00 -0.207222927952D-03 -0.113323064266D-02 -0.472742438614D-02
 -0.179061367642D-03  0.468765573855D-03 -0.433460134458D-02  0.357686660689D-03
 -0.335692348481D-01 -0.452068813749D-02  0.215091569413D-03 -0.341807546381D-01
  0.177758141781D-03  0.943011537887D-04 -0.359960273216D-01 -0.658371498956D-02
 -0.535908968639D-03 -0.312695426064D-01  0.353313171044D-03  0.130161865122D-03
 -0.358467871845D-01 -0.557039435089D-02  0.171776005130D-02 -0.713084542628D-03
 -0.806833032763D-02 -0.375961929596D-03  0.346876491921D+00 -0.211686169499D-02
 -0.112637236147D-01 -0.254785381144D-01 -0.216613495323D-02 -0.370772245309D-02
 -0.248765346178D-01  0.358657483069D-02  0.207219933241D-01 -0.588627097985D-02
  0.374631676786D-02  0.204756870759D-01  0.468367437847D-02  0.253632041981D-02
 -0.195971465418D-01  0.324440193104D-01 -0.832951739509D-03  0.138833299861D-02
  0.506068624984D-01  0.327644760963D-02 -0.154072455646D-01  0.336982765968D-01
  0.856128119797D-02  0.176969663469D-03  0.231600982425D-01  0.621575098462D-04
  0.640307968375D-03  0.335860396051D+00  0.188711761384D-03 -0.102433973431D-02
 -0.192840264159D-02  0.225120994259D-03 -0.101306301624D-02 -0.987671256690D-03
 -0.363819661184D-01 -0.976242945906D-03 -0.923591206263D-03 -0.365846468420D-01
 -0.825644041275D-03 -0.867324883492D-04 -0.370564502662D-01 -0.353118327099D-02
  0.207478935277D-02 -0.388490862874D-01 -0.186270028650D-02  0.387724149405D-02
 -0.367759002427D-01 -0.244859117405D-02  0.224291394885D-02 -0.336853429907D-01
 -0.418594962783D-03  0.149375542184D-02 -0.383229559392D-01 -0.157262443291D-02
 -0.397099534108D-02  0.561971076369D+00 -0.329798366448D-04  0.708498250107D-03
  0.270387596702D-02 -0.388433771375D-04 -0.477983886300D-03  0.307980080152D-02
  0.150895782710D-03  0.429726440733D-03  0.120870241494D-03  0.160933534459D-03
  0.506103247081D-03 -0.344732526066D-03  0.109102034716D-03  0.172417743470D-02
 -0.490031921323D-03 -0.651333108597D-05  0.979123015170D-03 -0.104595951781D-02
  0.176238658458D-03  0.197730980904D-02 -0.532676057145D-03  0.351866574907D-03
 -0.179223795210D-03 -0.293598996953D-03  0.401135726859D-04  0.121890327452D-02
  0.963809186614D-03 -0.146807591894D-03  0.374976925920D+00 -0.198956113685D-02
 -0.908054507995D-02 -0.237217294146D-01 -0.198471085182D-02 -0.138724136677D-02
 -0.234726878789D-01  0.308115035877D-02 -0.155741071915D-01 -0.774828617120D-02
  0.307007567252D-02 -0.163471833391D-01  0.359123904781D-02  0.227880567250D-02
 -0.450876570959D-01  0.158318141824D-01 -0.215501361980D-03 -0.266990212549D-01
  0.340284145238D-01  0.270262497405D-02 -0.425898110144D-01  0.175432668250D-01
  0.709462605131D-02 -0.260859606766D-03  0.837726506148D-02  0.424347710547D-03
 -0.270117396343D-01 -0.332824370660D-01 -0.286463992093D-02  0.191079257947D-02
  0.340305088599D+00  0.321942852000D-03 -0.100908372187D-02 -0.143690432793D-02
  0.353672075058D-03 -0.134584608556D-02 -0.266701539729D-03 -0.364211605353D-01
 -0.962293083792D-03 -0.111714815479D-02 -0.366276171569D-01 -0.787687865061D-03
 -0.146920064526D-03 -0.371848864299D-01 -0.397373406433D-02  0.254160877567D-02
 -0.392111514100D-01 -0.202767735394D-02  0.469113271011D-02 -0.368549936668D-01
 -0.262903486464D-02  0.274290948364D-02 -0.333648073275D-01 -0.532098655825D-03
  0.179332485965D-02 -0.386225177121D-01 -0.162506897272D-02 -0.481233674786D-02
 -0.408816132787D-01 -0.206794867835D-03 -0.334586947370D-02  0.560597857207D+00
 -0.588026169017D-04 -0.188990378314D-03 -0.697027045000D-03 -0.564213734957D-04
  0.103030071348D-03 -0.764529594792D-03  0.263954149157D-04 -0.887643653190D-03
 -0.147327197848D-03  0.235428016205D-04 -0.919762964668D-03  0.844386897030D-04
  0.338541447137D-04 -0.127831576549D-02 -0.130153605760D-04  0.488434870883D-04
 -0.973281651690D-03  0.303348568746D-03  0.232694021598D-04 -0.132176627444D-02
  0.230045840512D-04  0.102568549698D-04  0.207946549688D-04 -0.106811120018D-03
  0.427032533276D-04 -0.100923850673D-02 -0.262937502412D-03  0.607447903433D-04
  0.758079005144D-04 -0.111738692820D-02  0.757970264164D-04  0.374805748723D+00
 -0.134706767332D-02 -0.682020435062D-02 -0.185772592252D-01 -0.133639807920D-02
 -0.666003633893D-03 -0.184461703829D-01  0.227466120078D-02 -0.192998815099D-01
 -0.652909075897D-02  0.222447723127D-02 -0.200144913451D-01  0.265354823274D-02
  0.166112657905D-02 -0.407942321039D-01  0.949341418210D-02 -0.187687151731D-03
 -0.266259693874D-01  0.240122647738D-01  0.193675164782D-02 -0.391228462403D-01
  0.109455413063D-01  0.532849846870D-02 -0.293174372140D-03  0.389513480479D-02
  0.278510396955D-03 -0.267943579425D-01 -0.232164989919D-01 -0.224106785297D-02
  0.170500594380D-02 -0.395966692880D-01 -0.257032535106D-02 -0.105186692329D-02
  0.352352314385D+00 -0.353223044063D-03  0.740109883541D-03  0.238388411228D-02
 -0.346240407716D-03 -0.285766013780D-03  0.274625217985D-02  0.325517402335D-03
 -0.258145391297D-02 -0.802464138308D-04  0.332359478496D-03 -0.254951453859D-02
 -0.413973163695D-03  0.301150903868D-03 -0.592682563540D-03 -0.176628738967D-02
  0.193371876792D-03 -0.141571272561D-02 -0.221816628495D-02  0.338506236897D-03
 -0.434560735857D-03 -0.176600937278D-02  0.531063310684D-03 -0.223755471956D-03
 -0.144740498550D-02  0.227705505900D-03 -0.115112028003D-02  0.221027448979D-02
  0.425664746853D-04 -0.132982501033D-03  0.667137624705D-03  0.969922967720D-06
  0.643958394651D-05  0.212619361039D-03  0.355347905608D+00 -0.517251051483D-04
 -0.203240595452D-04 -0.168212704758D-02 -0.325399883228D-04  0.104848574469D-02
 -0.230577568650D-02 -0.175966098897D-03 -0.876187625062D-03  0.598851221531D-03
 -0.188181597233D-03 -0.933185763498D-03  0.606544218828D-04  0.326109880201D-06
  0.111455977049D-02 -0.201901811123D-02  0.478405070754D-03  0.286838709201D-04
 -0.326006342383D-02 -0.178346927338D-03  0.361111215542D-03 -0.212906283484D-02
 -0.959590134195D-03  0.278725976716D-03 -0.134497453041D-02  0.319767611449D-03
 -0.293400166334D-03  0.334624607464D-02  0.100167134311D-02  0.159817902090D-03
  0.175247903668D-02  0.116546427244D-02 -0.310262016220D-04  0.106858996450D-02
 -0.181432465027D-02  0.358534260326D+00  0.106172412090D-02  0.614254824314D-02
  0.776663034789D-02  0.116095767598D-02  0.560992584008D-02  0.593287237722D-02
 -0.203430813683D-02 -0.432784337931D-01  0.156169320937D-02 -0.227968962788D-02
 -0.438085678560D-01 -0.256016496136D-02 -0.104566912702D-02 -0.147334211838D-01
 -0.312283276339D-01  0.205738097622D-02 -0.268687837245D-01 -0.401659338564D-01
 -0.195745779521D-02 -0.193850100553D-01 -0.314630275978D-01 -0.644040358815D-02
  0.106061432474D-03 -0.248688322338D-01  0.116239882896D-02 -0.268336803272D-01
  0.414320363697D-01  0.479287645544D-02  0.880278772525D-03  0.285543012174D-02
  0.579309872150D-02 -0.783967328966D-03 -0.505041462199D-02 -0.212670850628D-02
 -0.281994528491D-02  0.314932235515D+00  0.130510531903D-03 -0.198688392475D-03
 -0.175779456696D-03  0.125110524173D-03 -0.252183925661D-03 -0.465245006934D-04
 -0.205528844176D-03  0.189128493889D-03 -0.254658761505D-03 -0.207873914494D-03
  0.190550854975D-03  0.697627031690D-04 -0.271080829231D-03 -0.902860812013D-03
  0.878768190727D-03 -0.440276654932D-03 -0.295791599064D-03  0.149045549027D-02
 -0.225396740092D-03 -0.690197324085D-03  0.931139858741D-03  0.609303569299D-04
 -0.562890497019D-04  0.580119735454D-03 -0.390238504317D-03 -0.244892258097D-03
 -0.149880380339D-02 -0.618943825784D-03  0.221068390282D-06 -0.117649667522D-02
 -0.672609980142D-03 -0.805188259124D-05 -0.872394516021D-03  0.103127319681D-02
 -0.198381039522D-02  0.450091288247D-03  0.341343081908D+00  0.134466073029D-03
  0.115475481936D-02  0.281710173769D-02  0.139227345386D-03  0.219734797282D-03
  0.287902839993D-02 -0.547335851885D-04 -0.252582237098D-02  0.459038592663D-03
 -0.688967969423D-04 -0.249530663321D-02 -0.515354665449D-03  0.150478382033D-04
  0.140870282549D-02 -0.321987788309D-02  0.246144155003D-03 -0.573538804489D-03
 -0.485311247632D-02 -0.368090353470D-04  0.111319436992D-02 -0.332265460892D-02
 -0.382926534732D-03 -0.854250387426D-04 -0.235601268540D-02  0.184321215993D-03
 -0.431427134095D-03  0.487656653480D-02  0.439500782170D-03 -0.119129218175D-03
  0.292938844071D-02  0.489558727053D-03  0.238744127431D-04  0.195796238416D-02
  0.425788079939D-03  0.196859501216D-03 -0.264233253290D-02  0.634555961965D-03
  0.347783225763D+00 -0.296185990424D-03  0.628802273420D-03  0.332796188505D-02
 -0.305912563810D-03 -0.107046406200D-02  0.411707707445D-02  0.495107417657D-03
 -0.141149146337D-02 -0.545556759019D-03  0.513000632811D-03 -0.134179726772D-02
 -0.381841929895D-03  0.344286999586D-03 -0.138473782387D-02  0.172521560316D-03
 -0.102680202269D-03 -0.118565958592D-02  0.800074688467D-03  0.519134580215D-03
 -0.660380594098D-03  0.261396981801D-03  0.125860437165D-02 -0.401715288289D-03
 -0.111042673183D-03  0.483836934848D-04 -0.711700954151D-03 -0.874503486651D-03
 -0.620627253560D-03 -0.234333103788D-03 -0.877575771643D-03 -0.776867562235D-03
  0.277589762444D-04 -0.695750260134D-03  0.351107151811D-02 -0.389183852959D-02
  0.118109629063D-02 -0.479387505874D-02  0.918544829376D-03  0.336484354073D+00
  0.532165359517D-03  0.222293684011D-02  0.658145815639D-02  0.521775172660D-03
 -0.330715518035D-03  0.714642543213D-02 -0.192301550618D-04 -0.450163645411D-02
  0.403623760192D-03 -0.501567292446D-04 -0.440713530237D-02 -0.102391586100D-02
 -0.376673968256D-04  0.152331674257D-02 -0.471582542809D-02  0.371980271708D-04
 -0.142963292731D-02 -0.686217070166D-02 -0.933030465241D-05  0.149739633254D-02
 -0.482125032383D-02 -0.433107704127D-04 -0.369609631989D-03 -0.357520235390D-02
  0.381110672216D-04 -0.923496518254D-03  0.686191183880D-02 -0.828993591336D-05
 -0.326098622698D-03  0.401280096579D-02 -0.439933432556D-04  0.578082952768D-04
  0.266749542181D-02 -0.410231263923D-04 -0.226128465951D-03 -0.602083706091D-02
 -0.902771738817D-04  0.460442250176D-03 -0.197280791116D-02  0.364714525794D+00
  0.172441437825D-03 -0.162253548354D-03 -0.156156299296D-02  0.180397349714D-03
  0.736208850069D-03 -0.204020936691D-02 -0.245546261179D-03 -0.509244120269D-03
  0.331711551209D-03 -0.261157474578D-03 -0.563410145251D-03  0.135222592593D-03
 -0.132560523515D-03  0.279138744311D-03 -0.985093127141D-03  0.205177164873D-03
 -0.164501080135D-03 -0.156549771975D-02 -0.252063845963D-03 -0.245337588489D-03
 -0.103805142574D-02 -0.793008222185D-03  0.219925700707D-03 -0.656501582349D-03
  0.968906344880D-04 -0.417829531254D-03  0.164309967940D-02  0.569705297861D-03
  0.153490209579D-03  0.510075246600D-03  0.685693521171D-03 -0.393829437886D-04
  0.191159180306D-03  0.804706627160D-03 -0.446882194971D-04 -0.172845698545D-02
 -0.633647499006D-03 -0.456299365863D-03  0.601829768757D-02  0.587487247680D-03
  0.373749036163D+00 -0.455375798678D-03 -0.848541177340D-03  0.597969876198D-02
 -0.531727212428D-03 -0.554721612150D-02  0.926179726015D-02  0.119909347955D-02
  0.791198166406D-02 -0.309190483409D-02  0.128694213901D-02  0.825744742870D-02
 -0.109657869213D-03  0.156697043178D-03 -0.431700540145D-02  0.124598266429D-01
 -0.283241715779D-02  0.214306572543D-02  0.192950035071D-01  0.106634298018D-02
 -0.905760532706D-04  0.130050037020D-01  0.590450847489D-02 -0.142762481187D-02
  0.870941352315D-02 -0.193040924249D-02  0.367122534897D-02 -0.198688024048D-01
 -0.597744711233D-02 -0.880232545357D-03 -0.851963858098D-02 -0.697481561834D-02
  0.253464967514D-03 -0.465143265208D-02 -0.910664779075D-03  0.161148275866D-02
  0.256251057983D-01 -0.886793305445D-03  0.278167280914D-02 -0.238867554697D-02
  0.176078468931D-02  0.188187411703D-02  0.357121872986D+00  0.456938638321D-03
  0.870908238237D-03 -0.135578013556D-02  0.494345840805D-03  0.241132589139D-02
 -0.262356089779D-02 -0.222430329047D-02 -0.595691954688D-02  0.134095918821D-02
 -0.229214154044D-02 -0.609541780996D-02 -0.248768213366D-03 -0.182541828721D-02
  0.111077692359D-02 -0.711627604470D-02 -0.638119716097D-03 -0.243102611592D-02
 -0.105415472475D-01 -0.222758405179D-02 -0.740965293870D-03 -0.735699995690D-02
 -0.409231290238D-02  0.492701105657D-03 -0.514019626911D-02 -0.100742692626D-02
 -0.296266954719D-02  0.108254176307D-01  0.591643406685D-03  0.336465106167D-03
  0.409151348756D-02  0.977333821193D-03 -0.119656454432D-03  0.195831727970D-02
 -0.607998583155D-03 -0.122114510003D-02 -0.172157734809D-01  0.138921668289D-02
  0.386980300550D-02  0.671295309230D-03 -0.689239326182D-02 -0.608740822045D-03
  0.894706725798D-02  0.362529131717D+00  0.468277588743D-03 -0.107096916115D-02
 -0.710317517184D-02  0.499645188190D-03  0.280338990549D-02 -0.907471708477D-02
 -0.142222020451D-02  0.222428346495D-02  0.154767330852D-02 -0.146066120708D-02
  0.205225180571D-02  0.749416415716D-03 -0.967891302911D-03  0.388346519708D-02
 -0.192113361164D-02  0.333060336552D-03  0.254015150240D-02 -0.417901963693D-02
 -0.142392951339D-02  0.190924830381D-02 -0.218365538462D-02 -0.358744370147D-02
  0.982591650350D-03 -0.840379741680D-03 -0.852338664709D-04  0.141337600640D-02
  0.438050842012D-02  0.180931093960D-02  0.548468654587D-03  0.332626125118D-02
  0.225937807515D-02 -0.718566193605D-04  0.244884835411D-02  0.960333861032D-03
 -0.237193311322D-02 -0.525647088180D-02  0.136965009299D-01 -0.184133575567D-02
 -0.371287137887D-02  0.209046320595D-03 -0.203772323428D-02  0.703035669173D-02
 -0.220704684272D-02  0.349777389896D+00 -0.527747395338D-03  0.348214376359D-02
  0.162736336464D-01 -0.579889739907D-03 -0.448310258060D-02  0.196593587473D-01
  0.293687360596D-02 -0.513056344222D-02 -0.172735688838D-02  0.299336647306D-02
 -0.476487469390D-02 -0.196814911809D-02  0.229035213970D-02 -0.249649910715D-02
 -0.675339034219D-03  0.488181205197D-03 -0.318465056356D-02  0.531838541037D-03
  0.299177996657D-02  0.422151929726D-03 -0.429191254697D-03  0.601154708049D-02
 -0.172906575361D-02 -0.126558571480D-02  0.109375673150D-02 -0.111519201481D-02
 -0.896293759186D-03 -0.164890275109D-02 -0.115887425477D-02 -0.998475958250D-04
 -0.232601821771D-02  0.210288569760D-03  0.813317353161D-04  0.429932162738D-03
  0.264265421509D-02  0.457259915548D-02  0.903647587895D-03  0.107459335984D-01
 -0.291159197917D-02  0.943459848010D-02  0.106981694611D-02 -0.123477029421D-01
  0.716855938488D-02  0.561604612561D-02  0.348628459290D+00 -0.702493281205D-03
  0.101091538213D-02  0.495879495678D-02 -0.716090205795D-03 -0.169975113967D-02
  0.655592695324D-02  0.296060735566D-02 -0.164884161761D-01 -0.265670723034D-02
  0.293582970473D-02 -0.165958691369D-01 -0.756177880523D-03  0.259816401157D-02
 -0.163597524785D-01 -0.313545778278D-02  0.162472980436D-02 -0.146547595439D-01
  0.313294723359D-03  0.290736371627D-02 -0.150688736910D-01 -0.260192738546D-02
  0.476993582517D-02 -0.103338636238D-02 -0.401968010282D-02  0.193456787261D-02
 -0.135407161639D-01 -0.478549218387D-04  0.321066266167D-03  0.267248331113D-04
 -0.115067830691D-01  0.299329800867D-04 -0.343498647339D-03 -0.113443681711D-01
 -0.156221628041D-02 -0.712195807679D-04 -0.186823687553D-02 -0.365626114007D-04
  0.591447799115D-02 -0.963536130470D-03 -0.626012688137D-02  0.123561489697D-02
 -0.295141334477D-02 -0.578972382317D-02  0.395747044721D-03  0.751366705595D-02
  0.333441262176D+00  0.291992802858D-03  0.187713458725D-02  0.715867054103D-02
  0.273672361516D-03 -0.140715543953D-02  0.841181336271D-02  0.395019335829D-03
 -0.543805054959D-02 -0.593040642702D-03  0.379390377708D-03 -0.532435232053D-02
 -0.100800790735D-02  0.154799883095D-03 -0.222749189905D-02 -0.261383468459D-02
 -0.433586793524D-03 -0.341759181231D-02 -0.277755010790D-02  0.367867226958D-03
 -0.137407932459D-02 -0.252775501565D-02  0.143531279364D-02 -0.708869167656D-03
 -0.237173369953D-02 -0.237989772170D-03 -0.257217811850D-02  0.273305354912D-02
 -0.119517709947D-02 -0.403551919124D-03  0.945572753954D-04 -0.143295529106D-02
  0.297430873854D-04 -0.430248149883D-03 -0.584196439501D-03  0.117405209634D-02
 -0.153402755557D-02 -0.125351250425D-02 -0.188443412247D-01 -0.914530988126D-03
  0.300913194250D-02  0.236412274501D-03 -0.212155572475D-02  0.347631343837D-02
  0.223253080300D-02  0.403029246635D-04 -0.208226144346D-02  0.351254653192D+00
 -0.505911552172D-04  0.302135147627D-02  0.208729735152D-01 -0.164700464939D-03
 -0.863422640038D-02  0.270312481655D-01  0.214955236150D-02 -0.111658403535D-01
 -0.544591298871D-02  0.217970090152D-02 -0.107027488125D-01 -0.225872033887D-02
  0.534233563347D-03 -0.171670636664D-01  0.556534974871D-02 -0.384897800660D-02
 -0.121377194785D-01  0.137127659888D-01  0.194505817157D-02 -0.109830788352D-01
  0.653304512802D-02  0.941521205812D-02 -0.314844269401D-02  0.192312548719D-02
 -0.247732992076D-02 -0.860615030748D-02 -0.141754024381D-01 -0.885870650777D-02
 -0.150812764611D-02 -0.144565341498D-01 -0.103806820199D-01  0.944180574449D-04
 -0.115816173038D-01 -0.152388850806D-02  0.424195968267D-02  0.174663670508D-01
 -0.369454274764D-03 -0.244195303260D-02 -0.412492299941D-02  0.362410890232D-02
  0.269844169669D-02 -0.252792674791D-01  0.100306689186D-01  0.102617967197D-01
 -0.179613367247D-01 -0.152360661167D-01 -0.841632583235D-02  0.305963937689D+00
 -0.136033750695D-03  0.480731869365D-03  0.246541304109D-02 -0.144107029028D-03
 -0.775048004907D-03  0.304662061126D-02  0.333873508651D-03 -0.121034456505D-02
 -0.402583072516D-03  0.342441026629D-03 -0.115950484036D-02 -0.293207415675D-03
  0.213967660286D-03 -0.110548004847D-02  0.302916615374D-04 -0.125947004503D-03
 -0.992384396751D-03  0.473307218781D-03  0.339050915998D-03 -0.579982062944D-03
  0.962395690242D-04  0.911693430781D-03 -0.300206008478D-03 -0.159761852353D-03
 -0.138358537703D-04 -0.641590090034D-03 -0.522610592115D-03 -0.523089933267D-03
 -0.169904376519D-03 -0.665659102014D-03 -0.644053150520D-03  0.184894763658D-04
 -0.557003008388D-03  0.130952666685D-02 -0.185951751326D-02  0.785245764429D-03
 -0.960179907873D-02  0.136122562636D-02 -0.322084974976D-02  0.851055164877D-04
 -0.344237871680D-02 -0.251611721597D-02  0.718904651734D-03  0.204749815591D-03
 -0.289019488664D-02 -0.664093925421D-03  0.130944488417D-03 -0.389477438918D-02
  0.347816720916D+00  0.587129473265D-03 -0.261874236508D-02 -0.120557833943D-01
  0.621836626197D-03  0.311752410382D-02 -0.142588031897D-01 -0.148493091232D-02
 -0.403896828700D-02  0.125107871961D-03 -0.156345943989D-02 -0.442479828588D-02
  0.138758427453D-02 -0.112853916328D-02 -0.652857386472D-02 -0.883356243244D-03
 -0.621988925163D-04 -0.492317035169D-02 -0.576086737929D-04 -0.159361217664D-02
 -0.845952253414D-02 -0.814667559988D-03 -0.323526029614D-02  0.100842863317D-02
 -0.865063993491D-03 -0.433022713530D-03 -0.619908451813D-02  0.535051042133D-03
  0.112058340980D-02  0.106579282823D-02 -0.621440184799D-02  0.155467878783D-02
 -0.372608153937D-03 -0.623571523867D-02 -0.115120119189D-02 -0.218882567133D-02
 -0.760770055146D-02  0.127462589229D-02 -0.228371654460D-03  0.722324686984D-03
 -0.159330303599D-03 -0.124579912605D-02  0.582346810772D-02  0.716882909471D-03
 -0.286827141950D-02  0.123487106398D-01  0.351865111386D-03 -0.113195079113D-03
  0.358081285674D-02  0.189317495291D-02  0.366413268091D+00  0.883293700287D-03
 -0.580728273354D-02 -0.248938963399D-01  0.947610788906D-03  0.584979491013D-02
 -0.292847552386D-01 -0.463116340743D-02 -0.264216249203D-02  0.339143808040D-03
 -0.475465534141D-02 -0.336295935701D-02  0.309369342398D-02 -0.391735092172D-02
 -0.102521433945D-01  0.138799276044D-02 -0.185703185805D-02 -0.608563010375D-02
  0.356856979600D-02 -0.476667031219D-02 -0.138354792073D-01  0.150447542767D-02
 -0.805234646032D-02  0.211753518037D-02  0.895444696571D-03 -0.255393270253D-02
 -0.872369317866D-02 -0.275030385743D-02  0.528055271194D-03  0.205169696556D-02
 -0.117405016247D-01  0.138110000956D-02 -0.654191222331D-03 -0.110280143902D-01
  0.104562777461D-04 -0.244216270680D-02 -0.191268853961D-01  0.236609306424D-02
  0.630248964886D-02  0.352572519686D-02  0.284747820532D-02 -0.193012750488D-02
  0.830022753569D-02 -0.989135502591D-02 -0.628527350715D-02  0.155400720905D-01
 -0.847593971818D-02  0.870763821536D-02  0.178737542120D-01  0.195439212171D-02
 -0.122242260620D-01  0.341127250124D+00  0.212014076014D-03 -0.109552766616D-03
 -0.269923475482D-02  0.232059263807D-03  0.162445610798D-02 -0.376389859031D-02
 -0.731592392524D-03  0.474437169903D-03  0.106939533297D-02 -0.752264623308D-03
  0.395183364984D-03  0.207359380635D-03 -0.437017037827D-03  0.298749525911D-02
 -0.230288837998D-02  0.403100969967D-03  0.141672910283D-02 -0.425382059214D-02
 -0.706466393600D-03  0.177758053532D-02 -0.249638973474D-02 -0.210061735931D-02
  0.514679799265D-03 -0.135354217887D-02  0.142798791128D-03  0.851752910094D-03
  0.436496852913D-02  0.133071335653D-02  0.244227104152D-03  0.321645608974D-02
  0.160984178975D-02 -0.238738384707D-04  0.234589561832D-02  0.311011885948D-02
 -0.270279989102D-02 -0.408803410683D-02 -0.623293579440D-03  0.987350061423D-03
  0.785931611044D-03  0.234700957994D-03 -0.571734590916D-02  0.358398692685D-02
 -0.315500216305D-03 -0.706832276319D-02  0.242914320277D-02  0.224364165656D-02
  0.178039118193D-03  0.560202175007D-02 -0.103005652434D-01 -0.257782414864D-02
 -0.360820891489D-02  0.359954106091D+00 -0.362979122354D-03 -0.334944830011D-02
 -0.171692230501D-01 -0.284874210937D-03  0.525937874936D-02 -0.208751040667D-01
 -0.638670296434D-03 -0.130869954546D-02  0.150423715126D-02 -0.683742089073D-03
 -0.180882675799D-02  0.191458299363D-02  0.196320879695D-03 -0.200885681763D-02
 -0.253050911974D-02  0.242895934512D-02 -0.177638341561D-02 -0.386606733348D-02
 -0.619994942272D-03 -0.546551060402D-02 -0.271700210351D-02 -0.430747265537D-02
  0.178140546387D-02 -0.153899033022D-02  0.169766512555D-02 -0.391283839375D-02
  0.442980038688D-02  0.495495761648D-02  0.141250531370D-02 -0.219301349364D-02
  0.581215209595D-02 -0.389895490838D-03 -0.302357932589D-02 -0.308392067226D-02
 -0.660127445979D-02 -0.102771679921D-01  0.910440815983D-03  0.553755000258D-02
  0.215138536586D-02 -0.176473596720D-02 -0.191375172246D-02  0.136112247087D-01
 -0.752684532113D-02 -0.763817023356D-02  0.746458650126D-02  0.861581090408D-03
  0.161048100160D-01  0.202491302167D-01  0.999574809165D-03 -0.825544075368D-02
 -0.168099572619D-01 -0.326787223945D-02  0.351911925132D+00  0.133801375383D-03
 -0.144088911670D-02 -0.999099402753D-02  0.185807807178D-03  0.405740701401D-02
 -0.127444057400D-01 -0.194720908240D-02 -0.163815051577D-02  0.165619104203D-02
 -0.200008823977D-02 -0.196854948283D-02  0.103545334412D-02 -0.124828178024D-02
  0.961709752744D-03 -0.406989969742D-02  0.709194498482D-03 -0.600810853635D-03
 -0.657815471679D-02 -0.188016832283D-02 -0.189613460551D-02 -0.432068143937D-02
 -0.509737332441D-02  0.130798075517D-02 -0.263581204433D-02  0.105576173733D-03
 -0.209356489757D-02  0.699644189876D-02  0.287217262793D-02  0.925160601416D-03
  0.152163629007D-02  0.357439406537D-02 -0.244599133847D-03  0.201527770887D-03
  0.272773989386D-02 -0.378107597963D-03 -0.110787082747D-01  0.353818232296D-03
 -0.487251498881D-02  0.398211205586D-02 -0.549012260221D-02 -0.193628721730D-02
  0.181772492440D-01 -0.107738689662D-01 -0.464310309327D-02  0.226526488120D-01
 -0.607352314693D-02 -0.190963294486D-02  0.229196783852D-01  0.189658746582D-02
 -0.765027494583D-02 -0.901701701360D-02 -0.234957929987D-02 -0.105384574142D-01
  0.348316331056D+00  0.297755751631D-03 -0.281513469600D-02 -0.163938187199D-01
  0.372420658186D-03  0.580714595590D-02 -0.204858001121D-01 -0.231803205334D-02
  0.190130885983D-02  0.253788815540D-02 -0.238172365123D-02  0.145728992730D-02
  0.179403300743D-02 -0.136422526276D-02  0.357933944855D-02 -0.352759420356D-02
  0.128150474663D-02  0.208308149965D-02 -0.683271226399D-02 -0.228390949211D-02
 -0.410181181547D-03 -0.392430657598D-02 -0.667909064629D-02  0.201049052085D-02
 -0.178000394535D-02  0.434912978674D-03 -0.254443247530D-03  0.734176909878D-02
  0.427878771347D-02  0.132082232303D-02  0.284921400734D-02  0.523519698207D-02
 -0.275872154125D-03  0.141983219555D-02  0.196361663225D-02 -0.257546622134D-02
 -0.115257057812D-01  0.949413218912D-02 -0.276543649991D-02 -0.128562476174D-01
 -0.146230155326D-03  0.796607110065D-03  0.149554983805D-01 -0.551525652187D-02
 -0.195144103431D-01  0.130074675824D-01  0.373150374197D-02  0.279620207430D-02
  0.229391950840D-01  0.194016663021D-02 -0.846994562728D-02 -0.141106409059D-01
 -0.431390240652D-02 -0.153501574548D-01 -0.984741431881D-02  0.352374148937D+00
 -0.336273449643D-03  0.999769900966D-03  0.558132868967D-02 -0.357396570950D-03
 -0.189579739859D-02  0.694539383105D-02  0.929787251139D-03 -0.164544593268D-02
 -0.919940247879D-03  0.956790901806D-03 -0.151474218749D-02 -0.620880981453D-03
  0.642649492843D-03 -0.196107616793D-02  0.749919159333D-03 -0.179696651464D-03
 -0.149530079819D-02  0.189375314106D-02  0.948600214686D-03 -0.667580098799D-03
  0.898587278324D-03  0.231306187329D-02 -0.683349099060D-03  0.194060305185D-03
  0.916133973907D-04 -0.694309616728D-03 -0.203898056978D-02 -0.112432851490D-02
 -0.415989863058D-03 -0.138791545097D-02 -0.141604256607D-02  0.646552158703D-04
 -0.976798351035D-03  0.217874905969D-02 -0.206524829645D-03  0.366362037792D-02
 -0.971927186511D-02  0.993624781236D-03 -0.807513623880D-02 -0.199000120763D-02
  0.247299082123D-02 -0.383286134429D-02  0.777682833740D-03  0.625318177885D-02
 -0.303321440045D-02 -0.244084706536D-02 -0.613002370228D-03 -0.618576506701D-02
 -0.161089223693D-02  0.195738064061D-02  0.379445089426D-02  0.607837700916D-02
  0.472055679593D-02  0.310695049213D-02  0.421599840879D-02  0.359348353353D+00
  0.949183589252D-03  0.640671174331D-02  0.275492135630D-01  0.852384692308D-03
 -0.661945253266D-02  0.325749662175D-01  0.990994257798D-03 -0.132287949465D-02
 -0.104544372458D-02  0.102302948420D-02 -0.578208872567D-03 -0.344128204486D-02
 -0.316240144760D-04  0.640041372101D-02 -0.188249386997D-02 -0.267661410535D-02
  0.254179599212D-02 -0.315714362620D-02  0.950587703102D-03  0.105079420323D-01
 -0.184983817671D-02  0.537842947902D-02 -0.249874487104D-02 -0.165437026528D-02
 -0.180472224059D-02  0.559280191902D-02  0.240969474441D-02 -0.576891871958D-02
 -0.212758052905D-02  0.895221772179D-02 -0.685617908431D-02  0.604231354918D-03
  0.836467334884D-02 -0.646154975812D-03  0.334603120065D-02  0.101101872148D-01
  0.363565617442D-02  0.447404413453D-02 -0.584497138555D-02 -0.147194475617D-02
  0.255171389386D-02 -0.145070719418D-01  0.448697008963D-02  0.518346036754D-02
 -0.161369830341D-01 -0.720813553810D-02 -0.125826764827D-02 -0.232973461721D-01
 -0.252337068533D-02  0.138780234443D-01  0.198663191789D-01  0.557622185321D-02
  0.208309032145D-01  0.438520863125D-02  0.193748445110D-01 -0.616397817216D-02
  0.336732326775D+00 -0.220759839212D-03  0.122937691184D-04 -0.169649698205D-02
 -0.200638375740D-03  0.118032785009D-02 -0.243961441871D-02 -0.263742885321D-03
 -0.563971530738D-03  0.710291978802D-03 -0.266538778727D-03 -0.632983498870D-03
  0.107650642502D-03 -0.132155591395D-04  0.156645527571D-02 -0.210294004921D-02
  0.652208845004D-03  0.355868077679D-03 -0.351188579886D-02 -0.203595695272D-03
  0.677363664378D-03 -0.223114941581D-02 -0.132077459763D-02  0.348457797254D-03
 -0.137761379611D-02  0.454734592550D-03 -0.163796614871D-04  0.360560831629D-02
  0.137966157230D-02  0.183344534716D-03  0.206562974745D-02  0.160961528953D-02
 -0.376529587505D-04  0.135783980540D-02  0.918506702095D-04 -0.111114297107D-03
 -0.367692942785D-02  0.326091722019D-02 -0.169993200910D-02  0.568456119037D-02
  0.303836825271D-03 -0.191040599208D-02  0.312780319485D-02 -0.115738304568D-02
 -0.890026290615D-03  0.158944381572D-02  0.965960141465D-03  0.809342470564D-03
  0.377258521610D-02  0.135187666754D-01 -0.692141159085D-03 -0.125156894709D-02
  0.912709602596D-02 -0.308154407338D-02 -0.192255480893D-02 -0.270138294342D-02
  0.568610358064D-02  0.258844159709D-02  0.355381197819D+00  0.614427729512D-03
  0.409824556710D-02  0.105113840750D-01  0.627472644706D-03  0.486513930004D-03
  0.108074438591D-01 -0.688797236323D-03 -0.303224605315D-02  0.221618946466D-02
 -0.718205565038D-03 -0.280598906978D-02 -0.184029264733D-02 -0.479314097802D-03
  0.106009256711D-01 -0.967640048784D-02  0.213530341010D-03  0.318303576393D-02
 -0.162416745105D-01 -0.639246796803D-03  0.973981533036D-02 -0.101817353424D-01
 -0.174107453257D-02 -0.249903295829D-03 -0.654624381254D-02  0.224811684534D-04
  0.363873376474D-02  0.161331192875D-01  0.841501375706D-03 -0.653002506698D-03
  0.143512975607D-01  0.951237017762D-03  0.266193348285D-03  0.110485453389D-01
 -0.125948446943D-02 -0.555876965623D-03 -0.772197919750D-02  0.199611408356D-02
  0.285701060643D-02 -0.353662170266D-03  0.589859361111D-02 -0.870662634957D-03
  0.606929430897D-02 -0.525541516820D-02  0.158839077183D-03 -0.816634018063D-02
  0.341848327430D-02  0.217854543451D-02 -0.328240603895D-04  0.644260153096D-03
  0.260568727545D-02  0.614684108158D-02 -0.199300997287D-02  0.227071730401D-02
 -0.785087468242D-03  0.988806498012D-03 -0.535820924240D-03 -0.785595454411D-02
  0.663212900415D-03  0.356826178493D+00 -0.824928693993D-04  0.107422109392D-03
  0.175145763367D-02 -0.962823781777D-04 -0.960877207016D-03  0.236444915916D-02
  0.252307600058D-03  0.162230929281D-04 -0.587046794096D-03  0.264818293059D-03
  0.654969070074D-04 -0.118072673824D-03  0.914305728155D-04 -0.144479840041D-02
  0.142210832560D-02 -0.362612920108D-03 -0.567260193259D-03  0.251256155628D-02
  0.253684059106D-03 -0.749961442834D-03  0.152875955020D-02  0.999622227252D-03
 -0.289676075860D-03  0.868158965327D-03 -0.215067007756D-03 -0.237657500641D-03
 -0.258197878769D-02 -0.864578968018D-03 -0.150454679612D-03 -0.169628397256D-02
 -0.101692071382D-02  0.191327620011D-04 -0.117101484043D-02  0.433338978994D-03
 -0.180600750975D-02  0.225191928419D-02  0.514772279633D-02 -0.139297439359D-02
 -0.145906940951D-01 -0.869472207684D-03 -0.609797126781D-03 -0.314394434302D-02
  0.150690095245D-02 -0.777111704165D-02 -0.259154192671D-02 -0.257095357875D-03
 -0.962498494631D-03 -0.455550271669D-02  0.576863871292D-02  0.183238478307D-02
  0.133230518086D-02 -0.231286130925D-02  0.208776421551D-02  0.198937731045D-02
  0.160725519885D-02  0.427666137613D-05 -0.265937707039D-02  0.314897768358D-02
  0.903522945586D-03  0.353216964590D+00 -0.232402746803D-03 -0.443174005691D-02
 -0.161267941438D-01 -0.202772089288D-03  0.261593127231D-02 -0.183970329011D-01
 -0.722826249928D-03  0.242020970450D-02 -0.394187925409D-03 -0.742470193660D-03
  0.202473177219D-02  0.222431605378D-02 -0.420660582344D-03 -0.653651188514D-02
  0.499153486496D-02  0.350611214561D-03 -0.188151914291D-02  0.815512714626D-02
 -0.778630521282D-03 -0.792407847396D-02  0.517131674074D-02 -0.206933309812D-02
  0.117555085486D-02  0.361947630033D-02  0.701860581500D-04 -0.338810179693D-02
 -0.780111621559D-02  0.133619392754D-02  0.116057565110D-02 -0.935637322897D-02
  0.171809187782D-02 -0.346465427593D-03 -0.773195277797D-02  0.111982561110D-02
 -0.601793214652D-03 -0.194903231014D-03 -0.224357863198D-02  0.250318409573D-02
  0.729557641964D-03 -0.347941161834D-02 -0.209561484958D-02  0.578710341498D-02
 -0.898248972374D-02 -0.170243988767D-02  0.842296192962D-02 -0.327702407274D-02
  0.447491892973D-02  0.945971170456D-02  0.312110392601D-02 -0.592300845672D-02
 -0.117414641627D-01 -0.191504773956D-02 -0.831540384575D-02 -0.463213847664D-02
 -0.878570884214D-02  0.334403433712D-02  0.174019969183D-01  0.833465530413D-04
  0.992567040906D-02 -0.284341784471D-02  0.351904680039D+00  0.457123051956D-03
  0.367997940484D-03 -0.579498895057D-03  0.468573854182D-03  0.105407547510D-02
 -0.121097072129D-02 -0.558815362216D-03  0.910625866129D-03  0.103097309733D-02
 -0.581955813266D-03  0.907977282772D-03 -0.837313378366D-04 -0.385863514112D-03
  0.399412220078D-02 -0.227255185164D-02  0.147331294183D-03  0.209304517481D-02
 -0.438589693541D-02 -0.580015427018D-03  0.316417448013D-02 -0.247652399188D-02
 -0.145361765029D-02  0.302622545746D-03 -0.129382710384D-02 -0.278921462764D-04
  0.176909317282D-02  0.441618743565D-02  0.731304131691D-03  0.459715341359D-04
  0.431400788370D-02  0.885711519667D-03  0.482787935751D-04  0.339700271528D-02
  0.411789741493D-03 -0.292306946974D-03 -0.244960773853D-02 -0.794338430199D-02
 -0.140753696322D-02  0.245398683902D-02  0.174458639551D-02 -0.549667545551D-02
  0.162669151014D-02  0.186125607615D-02  0.428286525635D-02  0.130205134645D-02
  0.252279875817D-02 -0.179046271350D-03  0.443650160549D-02  0.761926698478D-02
  0.473241541314D-03 -0.756530474062D-03 -0.447455500941D-02 -0.173661596494D-02
 -0.165832519775D-02 -0.105804326127D-02  0.186930935875D-02  0.937997749135D-03
  0.450926260878D-02 -0.221478993213D-02 -0.684474412510D-02 -0.972450359453D-03
  0.356447259864D+00  0.575005126378D-05 -0.663436929919D-03 -0.518034283825D-02
  0.382221489974D-04  0.224757105086D-02 -0.670552708620D-02 -0.628672476891D-03
  0.128353174189D-02  0.130505757500D-02 -0.646447026818D-03  0.115570543254D-02
  0.485041689285D-03 -0.238548373283D-03  0.338589452641D-02 -0.217961045101D-02
  0.828447060102D-03  0.194368291705D-02 -0.429250996751D-02 -0.609389228049D-03
  0.179415714877D-02 -0.241067244067D-02 -0.239587542014D-02  0.750958670342D-03
 -0.114679831940D-02  0.484964877653D-03  0.108524108109D-02  0.444163943461D-02
  0.203591470563D-02  0.398783160957D-03  0.330859578253D-02  0.240651625107D-02
 -0.478387598858D-04  0.240308039671D-02  0.238105077331D-03  0.295123802408D-03
 -0.421700857599D-02  0.783745248354D-02 -0.582135891466D-03  0.909892179648D-02
  0.101562327081D-03  0.640702410266D-02  0.548909083776D-02 -0.141607663457D-02
 -0.818449881075D-02  0.454690816298D-02  0.132976129765D-02  0.217537303432D-02
  0.924886151123D-02  0.331568353232D-02 -0.303614293822D-02 -0.478872045132D-02
 -0.226753707219D-02 -0.471826753359D-02 -0.373024431479D-02 -0.642337203941D-02
 -0.783305029482D-02  0.660053381268D-02  0.218925579258D-02  0.550052407455D-03
 -0.125844153361D-02 -0.130590801329D-02  0.109520093589D-02  0.347000407174D+00
$end
