$vibrational normal modes
 1  1  -0.0431103806  -0.1215336488   0.0941385424   0.0589084099   0.1140718182
 1  2  -0.0306089159  -0.0065299291   0.0040062019  -0.0109806620  -0.0221485761
 1  3  -0.0917955017  -0.0633898255   0.1161090248   0.0671628406  -0.2370081896
 1  4  -0.0033078964   0.0074711100  -0.0301474987  -0.0070456732   0.0613394542
 1  5  -0.0041182842  -0.1423164025  -0.0247150964  -0.0263604643  -0.0826482155
 1  6  -0.0210319776   0.0101892253  -0.0840253060   0.0823859288  -0.0004706812
 1  7  -0.0008941577  -0.1721073526  -0.0804695416  -0.0218532344   0.0132020825
 1  8   0.0158204918  -0.0176121671   0.0062020567  -0.0037029847  -0.0057517002
 1  9   0.0050277214  -0.0124532993  -0.0001124805   0.0008162521  -0.0021335137
 1 10   0.0113228270   0.0124774955   0.0242595088  -0.0095648053  -0.0567869347
 1 11  -0.0398183593  -0.0380265428   0.0927481557   0.0760907424  -0.0242936702
 1 12   0.0604835761  -0.0368564282   0.0152801195  -0.0003703069  -0.0004029010
 1 13  -0.0001099632  -0.0001455982  -0.0002471288   0.0002039623  -0.0005540823
 1 14  -0.0005783370  -0.0007531279  -0.0736056486  -0.0036471889
 2  1   0.0859021915   0.1525641583  -0.0245730112  -0.0101322088   0.1770584586
 2  2   0.0198520242   0.0291454007  -0.0051217663   0.0018233418   0.0424020050
 2  3   0.1849929170   0.1102234510   0.0154518484   0.1858865353  -0.0310235050
 2  4  -0.1081184648   0.0107814662  -0.0230055712   0.0778444809  -0.1015667427
 2  5  -0.0130591756  -0.0480662544   0.0274737655  -0.0507256529  -0.0420182026
 2  6  -0.0229806824  -0.0179449259  -0.0669601381  -0.1475553275  -0.0651623057
 2  7  -0.0770659202   0.0855028419  -0.1298812688   0.0397479071   0.0117087626
 2  8   0.0131893843   0.0041971080  -0.0172840709   0.0078551952   0.0058506788
 2  9   0.0184790290  -0.0039079462  -0.0183362357   0.0065851159  -0.0007616847
 2 10  -0.0124659385   0.0174382594  -0.0088818023   0.0300205591  -0.0293997866
 2 11  -0.0322453584   0.0138144553   0.0416993496   0.0574522012   0.0696451998
 2 12  -0.0055431203   0.0825065000  -0.0227611729   0.0000214705   0.0000957600
 2 13   0.0003360166   0.0002664581   0.0008623694  -0.0007070067   0.0007271767
 2 14   0.0014324801   0.0002671124  -0.0408472241  -0.0019490003
 3  1   0.0195047696  -0.0701364389  -0.1460066370   0.0566668036  -0.0029567964
 3  2   0.1783802920   0.0733488139   0.0595033950   0.1241234618   0.0361347248
 3  3  -0.0510343934  -0.0543045858  -0.1489065883  -0.0596546055  -0.0020650699
 3  4  -0.1650529255  -0.1056172229   0.1271722626   0.0360374898   0.0163349526
 3  5   0.0106458387   0.0159759272  -0.0211842864  -0.0337382475  -0.0280200000
 3  6  -0.0542412991   0.0092793885   0.0108957502   0.0227570015   0.0467321618
 3  7  -0.1495271504  -0.0757868481   0.0345184624   0.1436880396  -0.0043581336
 3  8  -0.0113362607   0.0089673102   0.0020606987  -0.0145414652   0.0311044369
 3  9   0.0014911376  -0.0030043847   0.0019672977  -0.0017752424  -0.0043559511
 3 10   0.0033244028  -0.0099694432  -0.0176274884  -0.0167818620  -0.0252613534
 3 11  -0.0079653982  -0.0131017640  -0.0001760735   0.0773831901  -0.0300381423
 3 12  -0.0689514801  -0.0279414262  -0.0864595596   0.0000319346   0.0005020793
 3 13   0.0005711075  -0.0005656779  -0.0007657759  -0.0004184711   0.0004657342
 3 14  -0.0004979143   0.0014532617  -0.0207343990  -0.0006459699
 4  1  -0.0732332878  -0.1626847341   0.1029961727   0.0197338818   0.1168389279
 4  2  -0.0533547454  -0.0312670773   0.0159114128  -0.0188853748  -0.0691895063
 4  3  -0.1215131881  -0.0379109419   0.0968531444   0.1434775601  -0.1786077947
 4  4  -0.1336017160   0.0407431666  -0.0363564613  -0.0164284279   0.0758990574
 4  5   0.0165662322  -0.1758203248  -0.0569606691   0.0174707961  -0.0685893034
 4  6   0.0033332177   0.0100443802  -0.0929922963   0.1587596543   0.0187871131
 4  7   0.0258150747  -0.2637264907  -0.0820623905  -0.1006914890   0.0024191498
 4  8   0.0304713188   0.0866466409  -0.0818015110   0.0767363954   0.0763933117
 4  9  -0.0067475577  -0.0312942964  -0.0023241270  -0.0404569226   0.0278568864
 4 10   0.0125334583   0.0487073481   0.0220318734   0.0141688206  -0.0323720339
 4 11  -0.1492759711   0.0861936764  -0.0243914252   0.2100518030   0.2531610058
 4 12  -0.2136758074   0.2533334098  -0.2367270039   0.0002406760  -0.0001836632
 4 13   0.0000938416   0.0029217874   0.0026561637   0.0013879964  -0.0003822023
 4 14   0.0006911784   0.0080835345   0.8458179264   0.0437047916
 5  1   0.0965712308   0.2463526835  -0.0247762644   0.0488624770   0.1920065479
 5  2   0.0286362599   0.0616287114  -0.0447989675  -0.0047393817   0.1445887711
 5  3   0.2516702108   0.0128756909   0.0284550342  -0.0060193758  -0.1579020558
 5  4  -0.0237144919  -0.0149987791  -0.0387837912   0.0872437165  -0.1286671809
 5  5  -0.0493819126  -0.0316492714   0.1163209447  -0.1040358181  -0.0403382694
 5  6  -0.0447820482  -0.0167591600  -0.0865631733  -0.3048728899  -0.1333911938
 5  7  -0.0982198969   0.2315213776  -0.1877234177   0.0793127248   0.0520343245
 5  8   0.0112194035  -0.1967398537   0.1581065655  -0.1876500310  -0.0140219555
 5  9   0.0253101825   0.0356341588  -0.0127475295   0.1018091863  -0.0359930288
 5 10   0.0178832275  -0.0500009556   0.0100184366  -0.0014567501  -0.0151415310
 5 11   0.1092751945  -0.2819222574   0.0833492978   0.0184681044  -0.5715331038
 5 12   0.1816248583  -0.5388929957   0.1001322921   0.0004512183  -0.0016571127
 5 13  -0.0010688290  -0.0005445340  -0.0011679290   0.0040513986  -0.0029808127
 5 14  -0.0040099322   0.0028270694   0.4692854533   0.0243634069
 6  1   0.1090272151  -0.1101231623  -0.1783414843   0.0806535143  -0.0438122363
 6  2   0.2444872358   0.1019075056   0.0990837565   0.1704610935   0.0040956134
 6  3  -0.0785467670   0.0440067262  -0.1017321671   0.0601919823   0.0213848158
 6  4   0.1255029725  -0.1759406796   0.1810182217   0.0585588156   0.0200517833
 6  5   0.0016340525   0.0750988598  -0.0876011981  -0.1022023677  -0.0896533337
 6  6  -0.1019974747   0.0068300387   0.0620874020   0.0730547496   0.0956466629
 6  7  -0.2206278389  -0.0573657617   0.1418197626   0.3651750515  -0.0443664176
 6  8  -0.0579684302   0.0328119112  -0.0327040909   0.0864250642  -0.2256460645
 6  9   0.0323569653  -0.0166717570  -0.0026395182  -0.0434515776  -0.0421462093
 6 10  -0.0608295731  -0.0039139351  -0.0487344017  -0.0391763467  -0.1507480434
 6 11   0.0961975495   0.1268142965   0.3656805155  -0.3006863039   0.2555777728
 6 12   0.5607056257   0.1700302955   0.5701519642   0.0004603528  -0.0021099382
 6 13  -0.0021213749   0.0025261003   0.0031705255   0.0015752174  -0.0023222312
 6 14   0.0009998821  -0.0020490533   0.2327212153   0.0123042591
 7  1   0.1108315225  -0.0377359842   0.0838994016   0.1615876722   0.0631587250
 7  2   0.1357402858   0.0709958388   0.0537041775  -0.0963280432  -0.0551604222
 7  3   0.0848998312  -0.0377853869   0.1627594667  -0.0053771538   0.1422856852
 7  4   0.1146089146  -0.0993103220  -0.0676076648   0.0763669536   0.0684480844
 7  5   0.0013217482   0.0443199862  -0.0157252983   0.0441134542  -0.0001280196
 7  6  -0.0384047732   0.0122932818  -0.0133213379   0.0889691670   0.0042752448
 7  7  -0.1511066633   0.0800465055   0.0183045051  -0.1324194750   0.0055216593
 7  8  -0.0065137703  -0.0095556642  -0.0162259512   0.0042262517   0.0269190375
 7  9   0.0070999412  -0.0006917534   0.0072228237   0.0026702676  -0.0052327934
 7 10  -0.0140980632  -0.0027747897   0.0223937393   0.0145797077  -0.0052864611
 7 11   0.0087697433  -0.0134419406   0.0194386779   0.0532382605   0.0245780603
 7 12  -0.0777601606  -0.0378415476   0.0841290615  -0.0001953776   0.0005192722
 7 13  -0.0007074916  -0.0002613842   0.0000058919  -0.0006719037  -0.0010099738
 7 14  -0.0006165507  -0.0015097896   0.0005455469  -0.0042055788
 8  1   0.1471574599  -0.0615582509  -0.1398239703  -0.0448194804   0.1361549155
 8  2  -0.0479281428   0.0306486423   0.0463421486  -0.0713322130   0.0107223096
 8  3  -0.1887213142   0.1317327863   0.0217947750  -0.1109504216  -0.0790535393
 8  4   0.0866964028  -0.0908435317  -0.0632640643  -0.0052557059  -0.0988508489
 8  5  -0.0117588472  -0.0302140781   0.0470026304   0.0125750857  -0.0474232975
 8  6  -0.0388069300  -0.0172117499  -0.0003995631  -0.1382833083  -0.0505268948
 8  7   0.0010402031  -0.0452617365   0.1968407511  -0.0615772079   0.0075149859
 8  8  -0.0030402123  -0.0041490471   0.0155778587   0.0144401376   0.0147603493
 8  9  -0.0082371352   0.0075238872  -0.0128034147  -0.0053809191  -0.0028861892
 8 10   0.0069651858   0.0171886491   0.0096190804  -0.0313754289  -0.0280389992
 8 11   0.0174012070   0.0328169009  -0.0249775768   0.0591388524  -0.0660266098
 8 12  -0.0106275813   0.0852138149   0.0401341395   0.0001740257   0.0000316354
 8 13  -0.0001065959  -0.0007459413   0.0010161314   0.0002031360   0.0003922575
 8 14   0.0014149444  -0.0004434717   0.0018179838  -0.0301885454
 9  1  -0.1409462773   0.0151665913  -0.0577726157   0.0023492664   0.0645117007
 9  2   0.0984626271   0.0094684824  -0.0028820068   0.0074540631  -0.0113495205
 9  3   0.0652877252  -0.0383350826  -0.1025319387   0.1616862428  -0.1359242023
 9  4   0.1742302882   0.0228957967   0.0448291564   0.0372254779   0.0265683834
 9  5   0.0173636732  -0.1325139331   0.0187592770   0.0576332142  -0.0803791813
 9  6  -0.0150264043   0.0019858290   0.1089273512   0.0471140748   0.0439575041
 9  7   0.0382032986   0.1501801358   0.0793350486  -0.0056275972  -0.0210368036
 9  8   0.0171086491   0.0134351492   0.0018687741  -0.0017946678   0.0036982797
 9  9   0.0164735899   0.0127528651   0.0139404674   0.0043084445  -0.0049593387
 9 10   0.0155512750  -0.0131016182  -0.0097602576   0.0122715414  -0.0399106727
 9 11   0.0665322390   0.0173449502  -0.0957989938   0.0961196130   0.0297487186
 9 12   0.0443075458  -0.0290693386  -0.0000542812   0.0002529204  -0.0002389149
 9 13  -0.0001146501   0.0001420951  -0.0003955461  -0.0002975413  -0.0000744489
 9 14  -0.0005356908   0.0004502249   0.0043772298  -0.0811879529
10  1   0.1888156129  -0.0200310258   0.0855641753   0.1945270178   0.0301741363
10  2   0.2298112456   0.1228924233   0.0529594674  -0.1335964256  -0.1046106602
10  3   0.1136500846  -0.0479100220   0.1070607924  -0.0124480993  -0.0482782144
10  4  -0.1377058039  -0.1829380976  -0.0795875509   0.0990396498   0.0874874684
10  5   0.0421863620   0.1022589772  -0.0371618907   0.1480267689  -0.0330388802
10  6  -0.0921147451   0.0161829652  -0.0459506115   0.1669972061   0.0149085633
10  7  -0.2811554220   0.0877744037  -0.0495708479  -0.3440229872   0.0189989960
10  8  -0.0431099188   0.0699461727   0.1327502797   0.0753915120  -0.2025175319
10  9   0.0311557467  -0.0236166744  -0.0001894407   0.0386482558  -0.0645449779
10 10  -0.0606809274  -0.0140240119   0.0254101982  -0.0299914348  -0.1504162511
10 11  -0.1565863160   0.0817251249  -0.3305259074  -0.3000865884  -0.2164970047
10 12   0.5870308294   0.2635801249  -0.5913479157  -0.0004709019  -0.0020152801
10 13   0.0024546539   0.0005628260  -0.0006853410   0.0023571726   0.0033007406
10 14   0.0016413125   0.0035803765  -0.0020128873   0.0444360659
11  1   0.2008517167  -0.1181033665  -0.2209688487  -0.0101569828   0.1223834975
11  2  -0.0867420696   0.0191253467   0.0988938827  -0.0949464044   0.1128044140
11  3  -0.2536019697  -0.0083129169   0.0152479801   0.1115260940  -0.0037020424
11  4  -0.0121132295  -0.1150036096  -0.0985829917   0.0068022269  -0.1231023355
11  5  -0.0319974728   0.0020513945   0.1497473636   0.0139654556  -0.0957724109
11  6  -0.0538869086  -0.0129871420  -0.0397599602  -0.2970698993  -0.1201146795
11  7  -0.0085979339  -0.1384028463   0.3166977350  -0.1423946616   0.0729132955
11  8  -0.0102507841  -0.0638731437  -0.1957285113  -0.2002458005  -0.1102230645
11  9   0.0200045304   0.0391436014  -0.0106876347  -0.0888984612   0.0000792369
11 10  -0.0024749803  -0.0787637518   0.0297096250  -0.0046306272  -0.0577989616
11 11   0.0931089013  -0.2789060178  -0.1912928377  -0.0857641064   0.5893566377
11 12   0.1669169830  -0.5569195023  -0.2266270452  -0.0002062549  -0.0003839016
11 13   0.0006335348   0.0040642095  -0.0036310664  -0.0004830904   0.0001487599
11 14  -0.0030871377  -0.0012197874  -0.0174756904   0.3434612266
12  1  -0.1640809190   0.0350836421  -0.0281333393  -0.0118103088   0.0710234504
12  2   0.1084859589   0.0122393717  -0.0214490324   0.0168996413  -0.0473272708
12  3   0.0876015526   0.0149561040  -0.0986181334   0.0822039405  -0.1576956102
12  4   0.2282605427   0.0354528755   0.0588425707   0.0335634149   0.0342255985
12  5   0.0245434246  -0.1543229649  -0.0157288387   0.0563145843  -0.0622709203
12  6  -0.0070597954   0.0003659991   0.1302026298   0.0993907541   0.0739449732
12  7   0.0477489792   0.1891132893   0.0448878703   0.0306939652  -0.0462626472
12  8   0.0221132474   0.0323610524   0.0728847464   0.0739255153   0.0612728584
12  9   0.0053737616   0.0028476072   0.0138902341   0.0334011314  -0.0033364727
12 10   0.0218003472   0.0229225929  -0.0168585563   0.0047874924  -0.0232395954
12 11   0.0491811531   0.1287718401  -0.0238722047   0.1741515926  -0.1997205204
12 12  -0.0498447678   0.1933154681   0.1331883076  -0.0005058612  -0.0010171495
12 13   0.0005938802   0.0019397769  -0.0009569323   0.0034866199   0.0025667290
12 14   0.0023698340  -0.0077874485  -0.0477367871   0.9326292749
13  1  -0.1198185801  -0.0920435373   0.0795133977   0.0626670557   0.1601511779
13  2  -0.1417198701   0.1540387287   0.1009414085  -0.2244263753  -0.1107690683
13  3   0.0996474084  -0.0601524997   0.0532203990  -0.0155166429  -0.0859599368
13  4  -0.1380384860   0.0670280472   0.0663142560  -0.0382108417  -0.0851099872
13  5   0.0393880628   0.0529282966   0.0309997058   0.0406708556   0.0161333578
13  6  -0.0998383772  -0.0255332894   0.0378934446   0.0135870960   0.0077240092
13  7  -0.0595910255  -0.0085339430   0.0077694052   0.0616836217  -0.0046290923
13  8   0.0410044215  -0.0273533495  -0.0571854012  -0.0356721277   0.0764710755
13  9  -0.0189099103   0.0149116230  -0.0029827680  -0.0245170564  -0.0180814587
13 10   0.0839444794   0.0021485705  -0.0828309900  -0.0280995879   0.0345323177
13 11  -0.0437326590   0.0501418764  -0.0653324197  -0.0679730243  -0.0031602784
13 12   0.0098059286  -0.0093533526   0.0383723150   0.0006708544  -0.0117381459
13 13  -0.0105079856   0.0028185822   0.0031514392   0.0024295479  -0.0031391268
13 14  -0.0003798390   0.0002171972   0.0005145468   0.0000479130
14  1  -0.0101584937   0.1088009495   0.0986291444  -0.1440480371   0.1772928998
14  2   0.0665275040   0.0320293165   0.0764675798  -0.0982181114   0.1063459776
14  3  -0.2214760334  -0.0239257056   0.0478895638   0.0199583595   0.0929582344
14  4  -0.1435253128   0.0783167511   0.0708935667   0.0234152102   0.1154402940
14  5   0.0123464334   0.0007934697   0.0247419655   0.0411798193  -0.0817788816
14  6   0.0218825429   0.0527818239   0.0031254221  -0.0165203236  -0.0988964600
14  7  -0.0276828446   0.0037568236   0.0462142283   0.0191553005  -0.0593631595
14  8   0.0365356977   0.0459386521   0.0833370025   0.0806805229   0.0394338587
14  9   0.0779505299  -0.0180502704   0.0097112229   0.0431044760   0.0596167054
14 10   0.0265829731  -0.0513563525  -0.0243726158   0.0653765213   0.0647127520
14 11  -0.0006340347  -0.0889784571  -0.0219631574  -0.0268379898   0.0095269143
14 12   0.0167462007   0.0191754748   0.0258470893   0.0038287192  -0.0263747351
14 13  -0.0230205614   0.0080321251   0.0093623012   0.0055317071  -0.0059523911
14 14  -0.0000282574   0.0013219880  -0.0000565963   0.0000151150
15  1  -0.0686909716  -0.0454093453  -0.1467235721   0.0452191568   0.0434856647
15  2   0.0717677183  -0.0910160398  -0.0668983879   0.1585195362  -0.0081970976
15  3   0.0905139491  -0.0085837395   0.0977280792  -0.1713238472   0.1538316132
15  4  -0.2211248040   0.0199376794  -0.0036000960   0.0032040775  -0.0488488209
15  5  -0.0160298769  -0.1436986934   0.0162472831   0.0451045814  -0.0188919569
15  6  -0.0214784953  -0.0392206179  -0.0194591938   0.1161459342  -0.1873901779
15  7   0.0497749512   0.0641517987   0.0746551905  -0.0254599477  -0.0090962923
15  8   0.0384828694  -0.0037173992  -0.0238910722  -0.0311728986  -0.0127595285
15  9  -0.0361308001  -0.0005774215  -0.0061946878  -0.0193858079   0.0009760830
15 10  -0.0154509693   0.0213078360   0.0149427634  -0.0102312346   0.0937788898
15 11  -0.0786634440   0.0091887466   0.0153894886   0.0094486695   0.0001745886
15 12   0.0374035150  -0.0063599482   0.0226303038   0.0083632642  -0.0608316866
15 13  -0.0529840725   0.0176894297   0.0192694617   0.0143456807  -0.0154368787
15 14  -0.0014806448   0.0036623389  -0.0008158111  -0.0000070890
16  1  -0.2042939719  -0.1173948144   0.0794191720   0.0222274767   0.1940871227
16  2  -0.2411762434   0.1159977576   0.1301542229  -0.2607509644  -0.1139590266
16  3   0.1370475041  -0.1341132489   0.2162317942  -0.0237754383   0.1894305596
16  4   0.0816193219   0.2686342441   0.1568948008  -0.1249954068  -0.2804569024
16  5   0.0335991049   0.1687532577   0.0888264547   0.2473543953   0.1371003436
16  6  -0.3611987384  -0.1458773087   0.1865942729   0.0608183017  -0.0199381279
16  7   0.0505748792  -0.1107454832   0.1157505718   0.1760267023  -0.3776286333
16  8   0.0483209995  -0.0050200340   0.1061651930   0.0664922157  -0.3027272152
16  9   0.1020075211  -0.1658711023  -0.0013946467   0.1208691832  -0.0266479207
16 10  -0.5458807932   0.0747036482   0.3483972279   0.0676218631   0.0566625680
16 11   0.1528946566  -0.2149381700   0.2344340466   0.2656902954  -0.0049057068
16 12  -0.0249168813   0.0407609672  -0.1613488435  -0.0154886094   0.1189705456
16 13   0.1035228819  -0.0341600712  -0.0370909511  -0.0266103245   0.0290236413
16 14   0.0025427609  -0.0058223610   0.0004728455   0.0000244388
17  1  -0.0628368065   0.1824427043   0.1809924871  -0.1690414403   0.1938627196
17  2   0.1074605268   0.0484853072   0.0474390106  -0.1022859121   0.0274850089
17  3  -0.2670563153   0.1940562847   0.0452980478  -0.2720734876  -0.0296845378
17  4  -0.0854552107   0.1396820035   0.1535904024   0.0385201750   0.3436789322
17  5   0.1149313302   0.1042610232   0.1976523109   0.0617111700  -0.2343110262
17  6   0.2246195135   0.2930247143   0.0546438989  -0.0384562487  -0.2571681485
17  7  -0.1195316695   0.2300034353  -0.0125241456   0.0713832798  -0.0034751326
17  8   0.4422521212  -0.2460682515  -0.0279048217  -0.2275306358  -0.1486781365
17  9  -0.3260189586   0.0137852224  -0.2010107909  -0.3075523701  -0.0441315415
17 10  -0.1140067571   0.1699573709   0.1673158591  -0.1624755866  -0.0752851186
17 11  -0.1535997381   0.3503234993   0.0808190307   0.0766510022   0.0027816465
17 12   0.0016632398  -0.0845418005  -0.0419655383  -0.0393153686   0.2725879444
17 13   0.2365731776  -0.0790638358  -0.0860181527  -0.0604002339   0.0640973092
17 14   0.0046640361  -0.0139540259   0.0012313000   0.0000933801
18  1  -0.0295569708  -0.0727010267  -0.1826485853   0.0638552101   0.0297686389
18  2   0.0729133671  -0.0916474812  -0.0591727017   0.1686414443   0.0272478417
18  3   0.1038874968  -0.0920902554   0.0693294743  -0.0467763620   0.1591578978
18  4  -0.2956874706  -0.0422740239  -0.0550972144   0.0148970133  -0.1125642521
18  5  -0.0610318548  -0.2188087366  -0.0684069875   0.0007661844   0.0244122831
18  6  -0.0617047784  -0.1223172203  -0.0733163307   0.1243654232  -0.1284074498
18  7   0.0703303565  -0.0126530002   0.0845461622  -0.0696545203   0.0346097952
18  8  -0.1352449528   0.1195074144  -0.0064315659   0.0837635171   0.1425597721
18  9   0.1164788084   0.0196656542   0.0850924792   0.1051818523   0.0488018818
18 10   0.1649328836  -0.0885847573  -0.1504813414   0.0710779208   0.1616237093
18 11  -0.0560558338  -0.1330878555  -0.0869146339  -0.0981926752   0.0038048138
18 12   0.0591779741   0.0290487918   0.0978752687  -0.0892769821   0.6256107636
18 13   0.5428195784  -0.1803486458  -0.1949171974  -0.1391425096   0.1479681875
18 14   0.0124556113  -0.0325185045   0.0030123648   0.0001424338
19  1  -0.0544413274   0.0336858898   0.0502057119   0.1757632560   0.1647312979
19  2  -0.1067781835  -0.0109350586   0.0797906283  -0.0046199261   0.1705019590
19  3  -0.0283631035   0.0159687855  -0.1566258988  -0.0926469249  -0.0012229277
19  4  -0.1368301541   0.0249046915  -0.0828281723   0.0720289476   0.0604597685
19  5  -0.1791955174   0.0036287726  -0.0409902380  -0.0143174561  -0.0209852595
19  6   0.0119968188   0.0165176439   0.0171445235  -0.0003001883   0.0304587867
19  7   0.0450840714   0.0619950684   0.0178740412  -0.0425045325  -0.1942466450
19  8  -0.1616525836  -0.0065485797  -0.0461527259   0.0101184927  -0.0226509792
19  9  -0.0101486373   0.0127647518  -0.0234148396  -0.0027674171  -0.0192920606
19 10  -0.0148542225   0.0508164302  -0.0714634504  -0.0497340692  -0.0589344755
19 11  -0.0220783750   0.0204087810   0.0249690327   0.0026996762  -0.0010704034
19 12  -0.0091451998  -0.0220678298  -0.0004676155  -0.0003876804   0.0004684005
19 13  -0.0005601250  -0.0005650346  -0.0008907225  -0.0002994056  -0.0001336861
19 14  -0.0002975640  -0.0002504657   0.0001437069   0.0000946316
20  1  -0.0100513009   0.0185492127   0.0848033219  -0.1887008709   0.1620873796
20  2   0.0522915374  -0.0078753978   0.0838584397  -0.0301801104  -0.0518933628
20  3  -0.0316339469  -0.2549756586   0.0948968597  -0.0990190431  -0.0041210264
20  4  -0.1038309895   0.0316113058   0.0222456858   0.0674260691  -0.0571144588
20  5  -0.1977886739   0.0076002767  -0.0383326110  -0.0685191612  -0.0190284496
20  6   0.0147144007   0.0088649760   0.0592281073   0.0013154612   0.0378101034
20  7   0.0482740436   0.0748597879   0.0299019351   0.0036958724   0.2120314834
20  8  -0.0959077641   0.0398217323  -0.0276243736   0.0078370916  -0.0199522103
20  9  -0.0126281584   0.0502118016   0.0403671501  -0.0039270582  -0.0257879587
20 10  -0.0201122945   0.0166241249   0.0790940887  -0.0249354517  -0.0364931554
20 11   0.0433152891   0.0208031954   0.0340574050   0.0020174234  -0.0006603949
20 12  -0.0079736580   0.0076123839  -0.0184013684   0.0004156749   0.0004354870
20 13   0.0007323096  -0.0005602227   0.0004742180  -0.0002656319   0.0003239612
20 14   0.0001744124   0.0001427486   0.0000692389   0.0001276911
21  1  -0.2033016565   0.0438738832  -0.0333510803  -0.0150686770   0.0926078120
21  2   0.0548358416  -0.0182162601   0.1141298676   0.0317333425  -0.0925450304
21  3  -0.0472746146   0.1749146973   0.0429326581  -0.1453018716   0.0557377994
21  4   0.1369178073   0.0506699511   0.0502221591   0.0961152954   0.0007996044
21  5   0.2734022967   0.0122868888   0.0521410056   0.0579911276  -0.0091190573
21  6   0.0233004867  -0.0206780361  -0.0536174816   0.0031797531  -0.0563407103
21  7   0.0056339052  -0.0469581459  -0.1091958524   0.0265655598   0.0577053568
21  8  -0.1734845375   0.0080442217  -0.0524292797  -0.0132244291  -0.0264314049
21  9  -0.0093189616  -0.0478065583  -0.0198464202   0.0014658319  -0.0225839411
21 10   0.0086817606  -0.0662664337   0.0149210064  -0.0449594074  -0.0633454604
21 11   0.0050493767  -0.0324174878  -0.0452518773   0.0040198536  -0.0000298369
21 12  -0.0109337983   0.0112233472   0.0136429812  -0.0000556499   0.0006338607
21 13  -0.0001017194  -0.0008014004   0.0002710581  -0.0003535357  -0.0001486848
21 14   0.0000891304   0.0000780238   0.0001268775   0.0001663142
22  1   0.0489391622  -0.0001772396   0.0682877890   0.1752313284   0.1043391256
22  2   0.0406378257  -0.1204902700  -0.0412896242  -0.1602564095  -0.0999644027
22  3  -0.0872391634  -0.0019655476  -0.0722838983  -0.1188749123   0.2517997620
22  4   0.0484056760   0.0275793518  -0.0059367146   0.0390155635  -0.0595308799
22  5   0.0200383746  -0.1298359617   0.0053805082  -0.0387109624  -0.0619321215
22  6   0.0369055690  -0.0101402490   0.0284442194  -0.0679306714   0.1943718154
22  7  -0.0000469138  -0.0745618541  -0.0786272300   0.0369027183   0.0253687752
22  8   0.0349021492  -0.0537570673   0.0280757232  -0.0340797115  -0.0274979342
22  9   0.0225485410   0.0180396459   0.0080915060   0.0174715480   0.0381203365
22 10  -0.0257553691  -0.0054036329  -0.0576245847   0.0258229939   0.0895770372
22 11   0.0143693375   0.0652318615  -0.0259541765   0.0235318547   0.0054105779
22 12   0.0312881796  -0.0089316135  -0.0142596003  -0.0079645026  -0.0462359922
22 13   0.0518639018   0.0216292335  -0.0171866621   0.0103756412   0.0139787090
22 14   0.0009812341  -0.0033048586   0.0000689146  -0.0008447656
23  1   0.0569904378  -0.1259314741  -0.0277119157  -0.1820768409   0.1324524380
23  2  -0.0077754169  -0.0027766843  -0.0344392479  -0.0515956162   0.1171573038
23  3   0.2361347782   0.0363113631  -0.0548325665  -0.1432664937   0.0685833631
23  4   0.1079951803   0.0068020090   0.0011714641  -0.0386300952   0.1356436075
23  5   0.0030751636  -0.0750236007   0.0017330487  -0.0314909793   0.0342697159
23  6  -0.0844151416   0.0675678758   0.0012098449  -0.0856517810   0.0675562347
23  7  -0.0001808096  -0.0237274689  -0.0422148757  -0.0035057340  -0.0259643051
23  8   0.0154211429   0.0824524412  -0.0615365569   0.0731155633   0.0148462456
23  9  -0.0781668241  -0.0273539823  -0.0031197221  -0.0492880633  -0.0364335502
23 10   0.0306459110  -0.0321964582   0.0373323411  -0.0442762890   0.0736892000
23 11   0.0564237508  -0.0786161398   0.0141295821  -0.0150707794  -0.0060788616
23 12   0.0205486390   0.0193412241  -0.0218746856  -0.0039999895  -0.0286174518
23 13   0.0323035123   0.0125034344  -0.0094813404   0.0067068617   0.0094458803
23 14   0.0012000215  -0.0018919497   0.0000338250  -0.0002340449
24  1  -0.2445887591   0.0481060576  -0.0499947810  -0.0143277251   0.1174493248
24  2  -0.0158431503   0.1367740584   0.1173830339   0.2447557871   0.0164334219
24  3  -0.0678931038   0.0633699246  -0.0742692312  -0.0103602613   0.0732783455
24  4   0.1770218540   0.0776934169  -0.1143906300   0.0016702795  -0.0164771343
24  5  -0.0353206794   0.0400063294  -0.0456611702  -0.0452333960  -0.0476762063
24  6  -0.0630485565  -0.0160390251  -0.0320248895   0.0030510064   0.0631788625
24  7  -0.0652327337  -0.0030757844   0.0308147293  -0.0574897541   0.0262316814
24  8   0.0641450635  -0.0201904650   0.0087813397  -0.0269672339   0.0751578941
24  9   0.0350512915   0.0073055208   0.0027645669   0.0105579241   0.0206276310
24 10   0.0280667818   0.0930081242   0.0837964444   0.0425459639   0.0692247525
24 11   0.0122387011   0.0264783720   0.0659997255  -0.0703032354   0.0024855236
24 12   0.0153039624  -0.0071280268  -0.0462774439  -0.0027867846  -0.0210363327
24 13   0.0239369412   0.0094536170  -0.0077635207   0.0040954944   0.0061168764
24 14   0.0002512222  -0.0009202669   0.0000065922   0.0003670443
25  1   0.0930769028   0.0444948411   0.0596354303   0.2205869795   0.0957428118
25  2   0.0801551816  -0.0952866195  -0.0587201973  -0.1836166561  -0.0884245536
25  3  -0.1220673363  -0.0834569492   0.0042522241  -0.2019629122   0.1361152925
25  4   0.2284807946  -0.0662345252   0.0564357244   0.1002373669  -0.2080117492
25  5  -0.0077918764  -0.1870632018   0.0073447708   0.0675328927  -0.1459775947
25  6   0.2320422976  -0.1233533066   0.0897724519  -0.0571300872   0.2202786178
25  7  -0.0852995925   0.0299470520  -0.1410240669   0.0915053664  -0.2128206195
25  8   0.0455754027   0.0595115403  -0.0440611978   0.0706893192   0.1521565660
25  9  -0.1451930348  -0.1031479471   0.0317683716  -0.1358737628   0.0134786372
25 10   0.1920250362   0.2106017927   0.2585750107  -0.0039973058   0.1185242520
25 11   0.1603412265  -0.1780468246   0.1292569249  -0.1534055141   0.0052575439
25 12   0.0508431784   0.0385752229  -0.1238980957   0.0807430882   0.4771500841
25 13  -0.5342257971  -0.2160354621   0.1678555567  -0.1024265957  -0.1382407345
25 14  -0.0108244245   0.0288210139  -0.0001230120   0.0026642034
26  1   0.0554903098  -0.2311635428  -0.0416360915  -0.2360395243   0.1148516796
26  2  -0.0234683961  -0.0337037540  -0.0016442904  -0.0368824418   0.0570241200
26  3   0.2881003901   0.2360211124  -0.0938653597   0.1090102739   0.2506294588
26  4   0.0126362861   0.0445210005   0.0169595843  -0.1059651530   0.3862340369
26  5   0.0971956376  -0.0933724668   0.1328782648  -0.0989526458   0.1889388895
26  6  -0.3451745850   0.3082188286   0.0111077590  -0.1048670900  -0.0362894124
26  7   0.1523479095  -0.1796796688   0.1123196547  -0.0093812091   0.2611576886
26  8  -0.2354354000  -0.2125476461  -0.0279014027  -0.1871500314  -0.0013466398
26  9   0.3192796927   0.1122509344  -0.1325154860   0.3033513633   0.0576668266
26 10  -0.1467342697   0.0647666419  -0.0809754641   0.1559910103   0.1046167456
26 11  -0.1607384679   0.4044654471  -0.0131436806   0.0303960419  -0.0066326982
26 12   0.0251123500  -0.0852927383  -0.0063785019   0.0481027605   0.2932760543
26 13  -0.3285802473  -0.1321980383   0.1023661949  -0.0631935151  -0.0859790823
26 14  -0.0074201043   0.0176163876  -0.0001087537   0.0016085912
27  1  -0.3395021348   0.0920869339  -0.0121901278  -0.0410765093   0.1600953265
27  2  -0.0814444407   0.1213051142   0.1131552519   0.2728550192   0.0710989473
27  3  -0.0602072673  -0.0204518262  -0.1937576191  -0.1807591768   0.0985463780
27  4  -0.0807529090   0.2396748429  -0.2785898668  -0.0369155932  -0.0251596128
27  5  -0.0984302036   0.1704877510  -0.2285304124  -0.1983097005  -0.0731336459
27  6  -0.1445974257  -0.0891574545  -0.1722822138  -0.0128670612   0.1853383265
27  7  -0.0856680108  -0.0319380575  -0.0498460520  -0.1703150120   0.1665825598
27  8   0.3922764778   0.1289422362   0.1217198853   0.0937422047  -0.2965749120
27  9  -0.1348339454   0.0853727224   0.1269208104  -0.1308895652  -0.0499242468
27 10  -0.2128398080  -0.5154037594  -0.4550221224  -0.1624025802  -0.0057791665
27 11  -0.0068990561  -0.0873127495  -0.2366360114   0.2603965094   0.0040505648
27 12  -0.0131600073   0.0307128294   0.1542948816   0.0354085964   0.2163819462
27 13  -0.2426361559  -0.0981858586   0.0766400245  -0.0464424874  -0.0633774102
27 14  -0.0047329183   0.0126497617  -0.0000328094   0.0010568745
28  1   0.0560997427   0.0805924898   0.0465265044   0.2392674896   0.1243159809
28  2   0.0179268141  -0.0241105444  -0.1733146605   0.0572677828  -0.0204546369
28  3  -0.1131442837  -0.1161191446  -0.1107176715  -0.0135140291   0.0374446575
28  4   0.0994281857   0.0871632569   0.0544179085  -0.1674959268  -0.0534509812
28  5  -0.0014835951  -0.0068229634   0.0056718278   0.0009953071   0.0507206920
28  6  -0.0366172212   0.0651537043  -0.0440445294  -0.0289955816  -0.0233938880
28  7  -0.0114446062   0.0567743945   0.0273581654   0.0097887005   0.0336198827
28  8   0.0175216601   0.1237776971  -0.0577726636   0.0347792189   0.0137537620
28  9   0.0201201005  -0.0130521663  -0.0602087140   0.0441581578  -0.0861227521
28 10   0.0169299623  -0.0591625233   0.0966313357  -0.0160835752  -0.0762228638
28 11  -0.0995724405  -0.0014080292  -0.0160040046  -0.0194182505  -0.0027657833
28 12  -0.0121771953  -0.0115176244   0.0184675819  -0.0000156242  -0.0011775249
28 13   0.0010130464  -0.0050413220   0.0035801911  -0.0004879951  -0.0010332174
28 14  -0.0004383974  -0.0004753341   0.0002207589   0.0001304336
29  1   0.0838205187   0.0190853475  -0.0419929916  -0.0787886694   0.1547474046
29  2   0.0000463983   0.1004868043  -0.0329660762   0.1174011265   0.0710253183
29  3  -0.0169104938  -0.0043797414   0.1709119939  -0.1916651007  -0.1565371117
29  4   0.0368276623   0.0106140172   0.0466302471   0.0111992403  -0.0448305170
29  5   0.1542177334  -0.0250590750  -0.0911382536  -0.0004087283   0.2407563291
29  6   0.0700093970   0.0102745593   0.0465898518  -0.0111830175   0.1215180951
29  7  -0.0168069564   0.0546964803  -0.0148197517  -0.0225052549  -0.0537968003
29  8   0.0144866798   0.0249751711   0.0101437244  -0.0187496733  -0.0045046564
29  9   0.0453010079  -0.0315076694  -0.0134908143  -0.0060287567   0.0434776297
29 10  -0.0102276789   0.0010852435  -0.0498438541   0.0614924921  -0.0020681555
29 11  -0.0745699605   0.0289857264   0.0045987079   0.0224827150   0.0253561150
29 12   0.0174693663  -0.0406143336  -0.0045815655  -0.0010861171   0.0225086411
29 13  -0.0270727763   0.0652655388  -0.0570157803   0.0028179024   0.0102395564
29 14  -0.0049843015  -0.0087282157   0.0001773965  -0.0007623303
30  1  -0.1905254530   0.0714522102   0.0359537374  -0.0392945644   0.0727240271
30  2   0.1584161466  -0.2568724894   0.0165782279  -0.1117842502  -0.1982578253
30  3   0.0795493064   0.0167560293  -0.0100835562  -0.0321282870  -0.0964684372
30  4   0.0917861496  -0.1190748224   0.0817074974  -0.0201106499  -0.0196613366
30  5  -0.0104241911   0.0386038457  -0.0489574441  -0.0643221847   0.0171349306
30  6  -0.0208799543   0.0010745371  -0.0373810928  -0.0814459326  -0.0370967539
30  7   0.0292997463  -0.0214476448   0.0980478162  -0.0448289220  -0.0555998224
30  8   0.0161871103  -0.0116867802   0.0567558334   0.0873631385   0.0375683192
30  9  -0.0538886527   0.0290835023  -0.0166482776   0.0219360912  -0.0142143984
30 10  -0.0401996788   0.0268734027  -0.0840440440   0.0075111088  -0.0029478872
30 11  -0.0825259418  -0.0101147686   0.0607623037  -0.0522228305   0.0199937510
30 12  -0.0169130264  -0.0393898884  -0.0296057974  -0.0001614151   0.0054168777
30 13  -0.0067158887   0.0146652846  -0.0141069440   0.0003764480   0.0024696864
30 14  -0.0010014616  -0.0012765062   0.0000532929   0.0005799832
31  1   0.1046568099   0.1779748107   0.0236513933   0.3263503246   0.1288805717
31  2   0.0422941901  -0.0185140034  -0.1976046232   0.1569780446  -0.1411381183
31  3  -0.1238924548   0.0655824440  -0.0322040588   0.2540509819  -0.0767062361
31  4  -0.0944967982   0.1789924545   0.2223989182  -0.4038579999  -0.2131037479
31  5   0.1284926031   0.0681081986  -0.0133424285   0.1911552721   0.0718433694
31  6  -0.2073458794   0.4265136068  -0.2844144340   0.0783875500   0.0727753187
31  7  -0.0168491461   0.1647942719   0.1228025327  -0.1195672125   0.1538991945
31  8  -0.4086565312  -0.1436276473   0.1848283616  -0.0263529943  -0.0453050279
31  9  -0.2205982897  -0.0892779244   0.2738303472  -0.3354415724   0.2774424866
31 10   0.0428579553   0.1635265599  -0.2560465024   0.0582759551   0.2623657037
31 11   0.3527888384  -0.0442613147   0.1364259143   0.1294398221  -0.0017196275
31 12   0.0511811699   0.0528773993  -0.0620175970  -0.0007683218   0.0159998431
31 13  -0.0186577764   0.0469746865  -0.0392985702   0.0021957300   0.0075693409
31 14  -0.0023607482  -0.0044381910   0.0000424365  -0.0002995171
32  1   0.1006939558   0.0122123842  -0.0658410552  -0.0624897845   0.1522545149
32  2  -0.0104393549   0.1183774043  -0.0355745178   0.1112545422   0.0540552359
32  3  -0.0335676263   0.0605560790   0.1438173079  -0.1831428363  -0.1939480295
32  4   0.0670084870   0.0356624272   0.0225059174   0.0009051867  -0.0576477336
32  5   0.1801508324  -0.0666295081  -0.0440185896   0.0685376757   0.2402959033
32  6   0.0625068849   0.0214178361   0.0651344681   0.0190444285   0.1438312216
32  7  -0.0338507218   0.0848211510  -0.0015402020  -0.0103641608   0.0269220562
32  8  -0.0327873449  -0.0117469228   0.1223345469   0.1007338747   0.0613620290
32  9  -0.0633436543  -0.0003000176  -0.0026125755  -0.0009177880   0.0127006879
32 10  -0.0835118455   0.0213535274  -0.1680256224   0.0808221041  -0.0007448773
32 11  -0.1093350613   0.0161360772   0.0831114329  -0.0302406054   0.0558287886
32 12   0.0065330928  -0.0859607756  -0.0410992476   0.0116180508  -0.2332125180
32 13   0.2813828284  -0.6685743963   0.5777621097  -0.0274068135  -0.1025964632
32 14   0.0450317681   0.0799197994  -0.0001588665   0.0033108223
33  1  -0.2474163639   0.1300452912   0.1301925098  -0.0821013445   0.0846778783
33  2   0.2102594420  -0.3278183623   0.0187848365  -0.0494421322  -0.1656209435
33  3   0.1427916549  -0.2019247805   0.1467854148  -0.0124730307   0.0137214432
33  4  -0.0864611973  -0.2004107694   0.2474086964  -0.0417031546  -0.0250102047
33  5  -0.0531059805   0.2273028398  -0.2785787494  -0.3011870147   0.0741108980
33  6  -0.0228805660   0.0631527809  -0.1729645810  -0.1878551438  -0.0563639646
33  7   0.0971996747  -0.1035706608   0.0721633916  -0.1480144639  -0.3867737845
33  8   0.0972216211   0.0707734231  -0.3447035167  -0.4394404662  -0.2616087224
33  9   0.3488191692  -0.1360135937   0.0301353152  -0.1138648000   0.2400483162
33 10   0.2765080030   0.0063282035   0.2985149823  -0.0338334402   0.0933175892
33 11   0.1634878768   0.0468745424  -0.2238603305   0.2275889109  -0.0911517370
33 12   0.0607028991   0.1314469393   0.0964198703   0.0026713209  -0.0543935973
33 13   0.0659964852  -0.1566122679   0.1369257223  -0.0061957099  -0.0243773382
33 14   0.0110586807   0.0185305115  -0.0000328894   0.0006201702
34  1  -0.0551316776  -0.2073364011   0.1168840938  -0.0102100583   0.0950086602
34  2  -0.0122048541  -0.0456245903  -0.2423266820   0.1687792429  -0.1148942636
34  3  -0.1261007410   0.0535292765   0.0172255386   0.0853211197  -0.0298673274
34  4  -0.0710865645  -0.0585128258  -0.0091851621   0.1006651776   0.0380242004
34  5  -0.0269390154   0.0362550700  -0.0437618533   0.0760223773  -0.0150056783
34  6  -0.0436035008  -0.0202484307   0.0010077850  -0.1369214630  -0.0187311248
34  7  -0.0083659454   0.0582774231  -0.0801660232   0.0334475040   0.0102423658
34  8   0.0075238470   0.0941788357  -0.0452493675   0.0219990547   0.0167188554
34  9  -0.0151320793   0.0021849767  -0.0134162767  -0.0078359576   0.0713675006
34 10  -0.0832752276   0.0748893386  -0.0109318699   0.0039491389   0.0124125457
34 11   0.0461493857   0.0094118437  -0.0780303166  -0.0546964708  -0.0214944665
34 12  -0.0165334289  -0.0261200901   0.0329079648  -0.0004179094   0.0009100534
34 13   0.0007485808  -0.0006159617  -0.0012360724   0.0034863054  -0.0045797518
34 14  -0.0004016708  -0.0000214076   0.0007326761  -0.0000123729
35  1   0.0595163750   0.0199611270  -0.0090106427  -0.1067424083   0.1568186227
35  2   0.0137324365   0.0237811696   0.0519314903  -0.0921026924   0.0078517162
35  3  -0.0453501849  -0.0396625805  -0.1845482784   0.2439062141   0.1111716719
35  4   0.0056202828  -0.0067136527  -0.0305613876   0.0585715227  -0.0305123490
35  5   0.1185937158  -0.0223330503  -0.1138475382   0.0418532456   0.2119870616
35  6   0.0549745374  -0.0223743073  -0.0473626150   0.0647440495  -0.0972476590
35  7  -0.0034315851  -0.0866188642   0.0252866187   0.0103292395  -0.0144686266
35  8   0.0017587160   0.0073466979  -0.0130636978   0.0157676100   0.0053002148
35  9  -0.0640916144   0.0375234746   0.0274785996   0.0055573660  -0.0354694449
35 10  -0.0110185392   0.0208815719   0.0478110165  -0.0593376292   0.0562816270
35 11   0.0157006460   0.0593135734  -0.0122359426   0.0230714875  -0.0250755082
35 12   0.0267034684  -0.0436246941   0.0101613703   0.0054722469   0.0120866081
35 13   0.0120576708  -0.0070816112  -0.0175297565   0.0690820504  -0.0606808416
35 14  -0.0125459908   0.0111694633  -0.0006654443   0.0000674703
36  1  -0.0233901214  -0.0985311804  -0.2361224111   0.0846759789   0.0366969050
36  2   0.0121984155  -0.1832371002   0.0021212134   0.0028669188  -0.0634328124
36  3   0.0786598221  -0.1394585078   0.1042643649   0.0392640878  -0.0115108171
36  4  -0.0611056710   0.1574228562  -0.1152031632   0.0211220456   0.0013064180
36  5   0.0353964610   0.0488379917  -0.0355749983   0.0134267623  -0.0018369450
36  6   0.0566789958   0.0549672838   0.0347039340  -0.0749548786  -0.0499206878
36  7  -0.0570367856  -0.0521396741  -0.0054696410   0.0071322247  -0.0253477440
36  8  -0.0016171146  -0.0357168157   0.0602066557   0.0989431943   0.0326524770
36  9   0.0786796727  -0.0254464646  -0.0602700156  -0.0577296088   0.0013375623
36 10   0.0177545508  -0.0666289194   0.0192530961  -0.0189940887  -0.0521459385
36 11   0.1127523726   0.0767304610   0.0128145829  -0.0225328359  -0.0077663996
36 12  -0.0102415111  -0.0239466625  -0.0151160479   0.0009167582   0.0019527878
36 13   0.0020808364  -0.0010638534  -0.0025473323   0.0073198273  -0.0072703618
36 14  -0.0023614634   0.0021841937   0.0000953429   0.0002789322
37  1  -0.0948995610  -0.3088782552   0.1416510782  -0.0983252951   0.0849374253
37  2  -0.0235320151  -0.0812725015  -0.3367418393   0.1447971134  -0.0660919507
37  3  -0.2256800594  -0.1679536719  -0.1035260204  -0.0728685016   0.1415160367
37  4   0.1123019900  -0.1511230689  -0.0295535043   0.1989870391   0.1118446848
37  5  -0.1345993312   0.1948165112  -0.2142326991   0.4575475774   0.1156727878
37  6  -0.1542271427  -0.0695695106   0.0329937682  -0.3865420232  -0.0784416316
37  7   0.1593686115   0.2033888302  -0.1351087486   0.0587386136  -0.0189585963
37  8  -0.0186243306  -0.3314920669   0.3091448967  -0.2160651753  -0.1207128738
37  9   0.0486645353   0.1136880343   0.0761346816   0.0088952191  -0.4261852341
37 10   0.4243416096  -0.2624255024  -0.0205894380   0.0840342274   0.1233159751
37 11  -0.1610548674  -0.0080586510   0.3172059489   0.2221242600   0.1181178972
37 12   0.0391895570   0.1240587281  -0.1128205064  -0.0026361850  -0.0074819991
37 13  -0.0075019803   0.0047054594   0.0108615412  -0.0419771678   0.0381632078
37 14   0.0077561472  -0.0062753124   0.0000389468   0.0000671481
38  1   0.0542638713   0.0331494594   0.0000878380  -0.1063342132   0.1594550919
38  2   0.0187320186   0.0256012585   0.0577114786  -0.0842613648   0.0247886014
38  3  -0.0406257539  -0.0504791311  -0.1678793627   0.2663997507   0.1297896231
38  4  -0.0308099988  -0.0136767334  -0.0038806198   0.0585266435  -0.0315320893
38  5   0.1215901052  -0.0556091436  -0.0891823542   0.0319960422   0.2398307448
38  6   0.0467108577  -0.0520935607  -0.0893212257   0.0857097153  -0.0783600454
38  7   0.0094225366  -0.0967754799   0.0328545849  -0.0053610163  -0.0186895542
38  8   0.0086655167   0.0260268298  -0.0089714107   0.0544792829   0.0362795688
38  9  -0.0257266180   0.0314164854  -0.0188992112  -0.0498161358  -0.0160738174
38 10  -0.0483814442   0.0101648487   0.0527627416  -0.0809926721   0.0249489380
38 11   0.0819318022   0.1046984721  -0.0223519038  -0.0103263445  -0.0412679447
38 12   0.0207076073  -0.0735841007   0.0123078927  -0.0616254792  -0.1288015866
38 13  -0.1302643795   0.0757234635   0.1804593318  -0.7056786347   0.6116776103
38 14   0.1218383560  -0.1075704784   0.0034633212   0.0002588341
39  1   0.0451824306  -0.1606358764  -0.3307913979   0.1291954528   0.0186915317
39  2  -0.0261927801  -0.1869623331   0.0047911441  -0.0661696558  -0.2378990684
39  3   0.0853064369   0.0565942958  -0.0128709493  -0.0210862275  -0.2330357250
39  4   0.1591164754   0.2732395966  -0.3569176943  -0.0019390915  -0.0459677088
39  5   0.0880862425   0.2327133526  -0.2346452872  -0.0708008284  -0.2213529971
39  6   0.2111316536   0.3299314990   0.3549429025  -0.0824730479  -0.2728066484
39  7  -0.2679035292  -0.1000310318  -0.0369788093   0.1486469546   0.0141681132
39  8  -0.0494479884   0.0359615861  -0.1600399526  -0.0952082177  -0.1613538338
39  9  -0.3243447568  -0.0065908218   0.3126805275   0.4190237560   0.0688839297
39 10   0.0744722101   0.2109429963   0.0150373205   0.0901236143   0.2139758964
39 11  -0.3355993476  -0.2395228536  -0.1177924291   0.1523094758   0.0253612310
39 12   0.0548860429   0.0680430108   0.0555656354  -0.0075789257  -0.0149297152
39 13  -0.0153222326   0.0086337001   0.0214186127  -0.0796632573   0.0703158989
39 14   0.0150420565  -0.0132803949   0.0003546581   0.0000059489
40  1  -0.0483781889   0.0237058904   0.0534796486   0.1695695598   0.1588656901
40  2  -0.0949660303  -0.1289562351   0.0627788840   0.0468318026   0.1020397618
40  3   0.1127339088  -0.0509216434  -0.1377241132  -0.1152369055  -0.1671227850
40  4   0.0160160052  -0.1315392401  -0.0286673223   0.0655011991   0.0170590093
40  5  -0.0865232468   0.0358621745   0.0836493509   0.0386063093   0.1113712612
40  6   0.0407749893   0.0244864050  -0.0174003691   0.0473473865  -0.0449222711
40  7  -0.0009709938  -0.0605460943   0.0030960887   0.0482842307   0.0710236383
40  8   0.0279261955   0.0011492343   0.0882481529  -0.0442419733   0.0214113483
40  9  -0.0218056381  -0.0081888119   0.0024684334  -0.0018825246   0.0480797216
40 10  -0.0304314552  -0.0676862817   0.0957070558   0.0797854342   0.0564469303
40 11   0.0413094058  -0.0060283665  -0.0532652486  -0.0189468450   0.0315257947
40 12   0.0038634243   0.0435789160   0.0315837889   0.0006587027   0.0169339247
40 13   0.0141368171   0.0420223480   0.0474806554   0.0040001247  -0.0076955315
40 14   0.0032461846   0.0053324071  -0.0000330458   0.0000185541
41  1   0.0422582240   0.1644286161   0.0362148675  -0.0552236796   0.1825108133
41  2   0.0460451884  -0.2382657726  -0.0706998233   0.1050159463   0.1798709799
41  3  -0.0069794592   0.0401900609   0.1632720310   0.0761101120  -0.0149406038
41  4  -0.0864425191  -0.0536498327  -0.0575694989  -0.0999846057   0.0091982989
41  5   0.1011924196   0.0307952148  -0.0240441900   0.0519588584  -0.0762764493
41  6  -0.0611113495  -0.0291386209   0.0754907296   0.0666983367   0.1089549457
41  7  -0.0132934914  -0.0891340084   0.0051722023   0.0149467095  -0.0074507852
41  8   0.0083378531  -0.0386172826  -0.0155820933  -0.0889573237   0.0304664127
41  9  -0.0455869069  -0.0318707448   0.0197297815   0.0422762044  -0.0826938804
41 10  -0.0076876589  -0.0032598697  -0.0146153585  -0.0407710437  -0.0207850247
41 11   0.0764450538   0.0216137355  -0.0298714366  -0.0559185621  -0.0006554372
41 12  -0.0262829164   0.0102993373   0.0081289767  -0.0004463571  -0.0093069665
41 13  -0.0073927741  -0.0247463542  -0.0261322868  -0.0026293181   0.0043488605
41 14  -0.0018356456  -0.0035927407   0.0008205409   0.0001464880
42  1  -0.0816024521   0.0135462211  -0.0239390371  -0.0024228264   0.0269216839
42  2   0.2126754507   0.0576545176  -0.1469771012  -0.1313112272  -0.0456771461
42  3  -0.0984195859   0.0858570998  -0.0463517804  -0.1215665221  -0.1034189919
42  4  -0.0613137007   0.0552962501  -0.0994829396  -0.1141883389   0.0637237363
42  5  -0.1162054733  -0.0105505354   0.0659801688  -0.0208159184   0.1872238343
42  6   0.0183302500  -0.0543205587   0.0002591871   0.0201114358  -0.0728518880
42  7  -0.0548533610   0.0105830575  -0.0577722718   0.0065396234   0.0015206802
42  8   0.0200386305  -0.0715502367  -0.0816264138  -0.0036338293  -0.0031021234
42  9   0.0417519465   0.0324167716   0.0490466426   0.0236175827  -0.0469396609
42 10  -0.0074385313   0.0444201376  -0.0461800543   0.0162725757  -0.0206872544
42 11   0.1333387926  -0.0198427484   0.0101954447   0.0022562642   0.0155665901
42 12   0.0033987862   0.0338673376  -0.0117811075   0.0007191756   0.0148898786
42 13   0.0127711377   0.0357823736   0.0404641894   0.0032323323  -0.0061806314
42 14   0.0037446324   0.0062561060  -0.0004693437   0.0002229481
43  1  -0.0835846714   0.0754609482   0.0361844619   0.2007582742   0.1911243545
43  2  -0.1611010761  -0.1751745589   0.0686579531   0.0475533500   0.0342818445
43  3   0.1556866365   0.1642859874  -0.2013308674  -0.2005599241  -0.0547520877
43  4  -0.0231998659  -0.2240897334  -0.0416894483   0.1494678884  -0.0360690869
43  5  -0.0196721797   0.1397083621   0.2050659337   0.2570742934   0.1728732162
43  6   0.1351143156   0.1292811609  -0.0315588307   0.1485018245  -0.0058819818
43  7   0.0934687554  -0.0437087701   0.0513303693   0.0644009462   0.2512189306
43  8   0.3031528423   0.0686151677  -0.2856178710   0.2973476068  -0.1426242777
43  9   0.2953704342   0.0735756363   0.1230778230   0.0423084611   0.0456658883
43 10   0.1100051396   0.1695081460  -0.1773188030  -0.0711366945  -0.0304379046
43 11   0.1075318671  -0.0625741733   0.1800688304   0.0947187868  -0.0406735990
43 12   0.0224005815  -0.0272132707  -0.0761197118  -0.0081032098  -0.1766166254
43 13  -0.1481730305  -0.4344064998  -0.4792903738  -0.0401237097   0.0757564860
43 14  -0.0336319150  -0.0578085375   0.0022931365   0.0001352571
44  1   0.0258221738   0.2741052571   0.0750554014  -0.0200060435   0.2022796762
44  2   0.0724349142  -0.2964855405  -0.0766228696   0.0072966439   0.2100565098
44  3   0.0465467803   0.1233314951   0.0224281216   0.1992047767   0.1277547282
44  4   0.1221958391  -0.1271215776  -0.2708751052  -0.2073760521   0.0753734435
44  5   0.0861654433   0.2489948357   0.1338714679   0.1568148102  -0.0315321832
44  6  -0.1214805193  -0.2448930479   0.2997181130   0.0993391925   0.0832223995
44  7   0.0056369811  -0.1283727842   0.0071496026   0.1530582117   0.2322531129
44  8  -0.0716150366   0.1304726092  -0.1683626996   0.3749368212  -0.2215181513
44  9   0.1374181017   0.1379002299  -0.1176089285  -0.2636508814   0.3343113030
44 10   0.2413134195   0.1338993570  -0.0445827154  -0.0659000744   0.0773616305
44 11  -0.3980716755   0.0039891124   0.1267510281   0.2390356164  -0.1002181385
44 12   0.0604429920  -0.1566385219  -0.0532712170   0.0046446621   0.1005087202
44 13   0.0837444860   0.2469682765   0.2701418928   0.0230139177  -0.0427280649
44 14   0.0183320718   0.0327212586  -0.0014775691  -0.0000848895
45  1  -0.0511341493   0.0256988452   0.0222679267  -0.0156589001   0.0021400805
45  2   0.3080410613   0.0744405702  -0.1584197756  -0.1996322054   0.0552390614
45  3  -0.1145989223  -0.1123947647  -0.0732723430   0.0518117098  -0.1464511765
45  4   0.1221865157   0.1130455550  -0.2308059502  -0.2822668837   0.1751055966
45  5  -0.2173189628   0.0106601328   0.0385079847  -0.2091087338   0.1618712145
45  6  -0.1263190003  -0.3212703233   0.1600718762  -0.0739515923  -0.1544094605
45  7  -0.1566343196  -0.0355303596  -0.1168870432   0.0843796290  -0.0432927742
45  8  -0.3517947290  -0.0409761924   0.2559734019  -0.0955076298   0.0209675770
45  9  -0.2044282882   0.0533943046  -0.1800678170  -0.2322445609   0.2380519224
45 10  -0.0086316712  -0.1426415083   0.2572569939   0.1853551301   0.1520172646
45 11  -0.2467564411   0.0291698224  -0.1609655801   0.0690817720   0.0416596851
45 12   0.0442773936   0.0214795765   0.0756474623  -0.0070004928  -0.1512686962
45 13  -0.1273706291  -0.3703520533  -0.4089998651  -0.0340131559   0.0639621102
45 14  -0.0292230222  -0.0506989464   0.0019755103   0.0001459645
46  1  -0.0602758489  -0.1067401297   0.0885968590   0.0660664654   0.1267652049
46  2  -0.0587186514   0.0777730931  -0.0420236941  -0.0025773935  -0.0921812233
46  3   0.0526974938   0.1121105297  -0.0792721000   0.0424663402   0.0692621004
46  4  -0.2332658040  -0.0728746830  -0.0510898479  -0.0898604849   0.0413632946
46  5   0.2995079619  -0.0069241425  -0.0157556273  -0.1025648647  -0.0163710563
46  6   0.0622980205  -0.0242963448   0.0496346748  -0.0053873281   0.0283739269
46  7   0.0349543154   0.0881709344   0.1038539627  -0.0245944640   0.0328417840
46  8   0.0060129294  -0.0234460947   0.0386530884   0.0142776604  -0.0339433415
46  9  -0.0228663866  -0.0074626238   0.0114175137   0.0187116148   0.0293274458
46 10   0.0316239395  -0.0467173487   0.0680845083   0.0456601980  -0.0921717091
46 11   0.0450498385  -0.0314262876   0.0586029986  -0.0094391924  -0.0007888010
46 12  -0.0151928162   0.0098922606  -0.0165377130   0.0804984392   0.0012872213
46 13   0.0089293360   0.0003007906  -0.0032727683  -0.0012620377   0.0104403618
46 14   0.0016795340  -0.0023586936   0.0002356972   0.0000230857
47  1  -0.0017875313  -0.0710887110   0.0600460782  -0.2235219419   0.1463395973
47  2   0.0336050573   0.0715645608  -0.0356458697   0.1340505010  -0.0915358091
47  3   0.0573553354  -0.2233564022  -0.1024974835   0.0126907537   0.1280965848
47  4   0.0735266724  -0.0721698446  -0.0818520001  -0.0768584787  -0.0848708872
47  5  -0.0685260877   0.0000578300   0.0939718394   0.0221142289  -0.0202799973
47  6   0.0554075999   0.0298866656  -0.0255120126   0.0467331764  -0.0010476072
47  7  -0.0133326249  -0.0322964524  -0.0249473526   0.0084227363  -0.0564789434
47  8  -0.0080613088  -0.1184728447   0.0095671434   0.0104780862  -0.0337699202
47  9  -0.0182755330  -0.1180720255  -0.0550281068   0.0210988717   0.0359158836
47 10   0.0234157149   0.0295721539  -0.0808276090   0.0212317301  -0.1021136806
47 11  -0.0271910579  -0.0252141885  -0.0416104678  -0.0078930758  -0.0001642409
47 12  -0.0136472867   0.0160950744   0.0205149938  -0.0353938015   0.0003782926
47 13  -0.0045199139  -0.0006055802   0.0020052939  -0.0004722630  -0.0036393827
47 14  -0.0003149592   0.0006750626   0.0000487823   0.0001616539
48  1  -0.1700618813  -0.0239391860  -0.1629839705   0.0378352788   0.0998006201
48  2  -0.0704314002   0.1038720510  -0.0524898815  -0.0954392774   0.1351598844
48  3   0.0646351387   0.0690772824   0.1496566641   0.0256840328   0.1655280987
48  4   0.0561839109  -0.0828442003   0.1015391427  -0.1278182398   0.0171727278
48  5  -0.1751323855  -0.0194833740  -0.0531778460   0.0552957951  -0.0171049945
48  6   0.0774236023  -0.0021374880  -0.0244046870  -0.0327241703  -0.0200669823
48  7  -0.0217453622  -0.0573393753  -0.0517434417   0.0129659312   0.0138534669
48  8  -0.0014142805   0.0746659160   0.0716458590  -0.0169957658  -0.0468538560
48  9  -0.0333704038   0.0936560567   0.0391034415   0.0191188748   0.0313116515
48 10   0.0212354516   0.0340729757   0.0048218306   0.0427687391  -0.1311100223
48 11   0.0222059479   0.0357665698  -0.0193790914  -0.0107607886  -0.0017480956
48 12  -0.0198177339  -0.0186348000  -0.0011381114  -0.0368472083   0.0007409446
48 13  -0.0037622332  -0.0006558132   0.0011044859  -0.0006876464  -0.0055137857
48 14  -0.0010655836   0.0013294274   0.0000952322   0.0002070235
49  1  -0.1027349241  -0.1392436319   0.0940212288   0.0305067405   0.1380778733
49  2  -0.1008800382   0.1317333841  -0.0602817093   0.0109070027  -0.1064803599
49  3   0.0503453920   0.1211634493  -0.0643062426   0.0778296884  -0.1227947330
49  4  -0.1831426655  -0.2165554205  -0.0544643495  -0.2585821494   0.0289481140
49  5   0.3352910982   0.0785019849   0.0073997638  -0.1117339786  -0.2431179879
49  6   0.2783509947  -0.0179722919   0.0444344508  -0.0137196006   0.0360771686
49  7  -0.0521935598   0.1569177825   0.0666112485  -0.0271104673   0.0185550522
49  8  -0.1251702009   0.0424101252  -0.0363813583   0.0059227138   0.0911059662
49  9   0.1815476914   0.0342257285   0.0175082798  -0.0618610779  -0.1758633644
49 10  -0.1494187400  -0.1296508330   0.0608516429  -0.0851671647   0.3535573220
49 11  -0.0089305443  -0.0047564343   0.0821905853   0.0868017474  -0.0001808384
49 12   0.0624218078   0.0050644917  -0.0262682425  -0.8282145717  -0.0065370427
49 13  -0.0891628022  -0.0056690679   0.0313531454   0.0059354582  -0.0981339042
49 14  -0.0143994446   0.0223257850   0.0002139518  -0.0002112256
50  1  -0.0528670518  -0.1356986490   0.1192914026  -0.3152409154   0.1395033611
50  2   0.0519310629   0.1214183451  -0.0512934836   0.2899381030  -0.2227013088
50  3   0.0494214387  -0.1429482395   0.1322146542   0.0394314520  -0.0497452153
50  4   0.1441022246  -0.2097705370  -0.1659984812  -0.2205873418  -0.1956701543
50  5   0.0875943004   0.1070039633   0.4610197780  -0.0354817983  -0.2441984838
50  6   0.2540958141   0.1254420486  -0.0192541673   0.0692092651  -0.0084381643
50  7  -0.1307978100  -0.0705347371  -0.1649756820   0.0057627241  -0.4013830887
50  8  -0.1791434277   0.4419205483   0.0532531509  -0.1226951046   0.0879784454
50  9   0.1626710122   0.4584567540   0.2106924429  -0.0748994080  -0.1876433244
50 10  -0.1131174105  -0.1829611489  -0.0392701681  -0.0987194924   0.3142771831
50 11  -0.0359964281   0.2076285078   0.0892292274   0.0813513215  -0.0022401911
50 12   0.0564530251  -0.0668434198  -0.0318854249   0.3669152863   0.0017642234
50 13   0.0401200723   0.0029286001  -0.0143806825  -0.0014360851   0.0424821890
50 14   0.0058725179  -0.0095593328  -0.0000318760   0.0000259645
51  1  -0.2135135699  -0.0322867156  -0.2089300569   0.0492490760   0.1313494049
51  2  -0.1810248776   0.1738497602  -0.0772756038  -0.2212668854   0.2369566180
51  3   0.0670277829  -0.0009128724  -0.0384461904   0.0760643973  -0.0808466647
51  4   0.1090299063  -0.2641503375   0.1824727116  -0.3585933433   0.0904501737
51  5  -0.2830509828   0.0633637482  -0.3607692408   0.1092653741  -0.2966561714
51  6   0.3583046556  -0.0791108010  -0.0537810413  -0.0666887466  -0.0103117846
51  7  -0.1054031432   0.1143273306  -0.0147331135   0.0148231351   0.3125196883
51  8  -0.1243979137  -0.3236002258  -0.1355657488   0.0915776900   0.1087951128
51  9   0.2391179800  -0.3714239927  -0.2059937841  -0.0646464282  -0.2020998496
51 10  -0.2458814436   0.0715021778  -0.0649727377  -0.1302723147   0.4398088476
51 11  -0.0984021224  -0.1212964919  -0.1144695039   0.1139946231   0.0015107140
51 12   0.0824370737   0.0433319059   0.0407103810   0.3772541807   0.0014172903
51 13   0.0403084384   0.0030419662  -0.0139524532  -0.0012130420   0.0454900270
51 14   0.0069256970  -0.0103987265  -0.0001542528   0.0001382658
52  1   0.0493334217  -0.1504554020   0.1099314196   0.0594803799   0.0604635976
52  2   0.1006735751  -0.1023252333   0.1249178581   0.1248393677  -0.0000000530
52  3   0.0884187748   0.1457639077   0.0417476436   0.1233831266   0.0614588957
52  4  -0.0060654408   0.1556343105   0.0608917200  -0.0111613064   0.0295657622
52  5  -0.1163843021   0.0240835879   0.0650750925  -0.0091482885   0.1104302930
52  6   0.0892858796  -0.0353101386  -0.0054077032  -0.0504587137   0.0819989301
52  7  -0.0058707718  -0.0337938092   0.1100190403   0.0035975561   0.0290366760
52  8   0.0047869985   0.0219641501   0.0771181606  -0.0656539999   0.0182185826
52  9   0.0323202972  -0.0020423640   0.0153015620  -0.0357915401  -0.0541424185
52 10   0.0052452862   0.0873247956  -0.0176168106  -0.0616599348  -0.0361254607
52 11  -0.0642751233  -0.0851667291  -0.0385906110   0.0209548238  -0.0071115989
52 12   0.0148373190   0.0294300067   0.0207395388  -0.0036185412   0.0060272428
52 13  -0.0077990855  -0.0056116835   0.0086584170   0.0367421792   0.0377928068
52 14   0.0082604332  -0.0074928277   0.0003068036  -0.0006206598
53  1   0.1010832379  -0.1253305297  -0.0872168526  -0.1302764553   0.1290635432
53  2  -0.0322607933  -0.1647131682  -0.1533025100  -0.1476414354   0.0983166130
53  3   0.0180729306   0.0426888625  -0.1743548022  -0.0595418305  -0.0315809442
53  4   0.1008367848   0.0950811724   0.0540059653   0.0333466535  -0.0327019517
53  5   0.0575930408   0.0661591581  -0.0300978581  -0.0120777438  -0.1121885098
53  6  -0.0077955145  -0.0395781210  -0.0529128402   0.1551686869  -0.0068175117
53  7  -0.0343873146   0.0751868707  -0.0157190415  -0.0168294167   0.0030537900
53  8   0.0041942639  -0.0344015527   0.0096907819  -0.0670173650   0.0247012541
53  9   0.0791534833   0.0411480049   0.0729252087  -0.0459767940   0.0397233222
53 10  -0.0316799593   0.0010342253   0.0121807503   0.0210965605  -0.0808574736
53 11  -0.0692394285  -0.0280153552   0.0204677677  -0.0553107530  -0.0024610434
53 12  -0.0292882981   0.0057472001  -0.0008506393   0.0024553459  -0.0038407541
53 13   0.0048138059   0.0036341808  -0.0056809612  -0.0279141684  -0.0273366669
53 14  -0.0050319749   0.0045636022   0.0000598103   0.0008017338
54  1  -0.1322749262  -0.0406371418  -0.1762320835   0.0478102300   0.0824796589
54  2  -0.0420182283  -0.0117895440  -0.1392817215  -0.0619130205   0.0717858089
54  3  -0.1346040020  -0.0341806170   0.1192438892   0.2155431901   0.0656715753
54  4   0.0490501212  -0.0438712540   0.0411531550   0.1139325636   0.0001011420
54  5  -0.0685390623   0.0349977513   0.1091495772  -0.0900605287   0.1110642846
54  6   0.0057816729   0.0337369002   0.0354239421   0.0516053195   0.0710159657
54  7   0.0136924759   0.0412324262   0.0124950104  -0.0309605979  -0.0018128035
54  8   0.0072559271  -0.0449202385  -0.0744159824  -0.0315366357   0.0178284207
54  9  -0.0462485566  -0.0291388398  -0.0087991138   0.0062753700   0.0378944564
54 10  -0.0133047492  -0.1080947030  -0.0265060796  -0.0372412249   0.0370921335
54 11  -0.0510519266  -0.0425921411   0.0658092052  -0.0247401943  -0.0310732271
54 12   0.0053722506   0.0483758983  -0.0313581950  -0.0033215744   0.0072509678
54 13  -0.0089942682  -0.0068803073   0.0105012533   0.0454080585   0.0479787529
54 14   0.0089457992  -0.0075854037   0.0000115212   0.0000878179
55  1   0.0929095465  -0.2066283604   0.1291546889   0.0269563092   0.0228283258
55  2   0.1794073603  -0.0876916268   0.1699164127   0.1591940718   0.1418753737
55  3   0.1440165326  -0.0908457337   0.0594021567   0.1456249006  -0.1631319669
55  4   0.0493238185   0.2996800074   0.1810175659  -0.0917992597   0.0944906553
55  5  -0.2007933731   0.0685576459   0.1031956680   0.2386626558  -0.0516037064
55  6   0.2451738078  -0.2420362117  -0.2190890250  -0.1883236378   0.2183648733
55  7  -0.1411029594   0.0506798912   0.3125156575  -0.0732610906   0.0002503462
55  8  -0.0246976833  -0.0055818412  -0.2974799280  -0.0755998599  -0.0423928088
55  9  -0.2454711612   0.0577092257  -0.1507455323   0.2892826795   0.2708681542
55 10   0.0298606275  -0.3201756311  -0.0728379142  -0.0082993558   0.1465610705
55 11   0.1080702248   0.1314317318   0.2407738061   0.0106554586  -0.0550648903
55 12   0.0311329006   0.0431097618  -0.0964880244   0.0358514369  -0.0614504147
55 13   0.0786033630   0.0577502538  -0.0863275752  -0.3765886764  -0.3830910003
55 14  -0.0727435854   0.0637054725  -0.0001030112   0.0020433140
56  1   0.1289898084  -0.2280819786  -0.1405112294  -0.1486601388   0.1095528505
56  2  -0.0639570541  -0.1829476890  -0.2095180723  -0.0872494541   0.1939935749
56  3  -0.0412113265   0.0231979042  -0.0327900065  -0.1698281394  -0.2103355142
56  4  -0.1154027569   0.1725232841   0.2325713182   0.0552947038  -0.0337645251
56  5   0.0796587909   0.3312709474   0.1589761351  -0.1469536799  -0.2160035072
56  6   0.0306984311  -0.2116536937  -0.3131894338   0.2893339286   0.1850718015
56  7  -0.0776958842   0.1495403630  -0.0392047129  -0.1298521110  -0.0057333549
56  8  -0.0387629452   0.1490259861   0.1324591530   0.2222097127  -0.1895779456
56  9  -0.1965639955  -0.0380753312  -0.2792221857   0.3092360650  -0.1133814050
56 10   0.2253212654   0.2086507650   0.0221541854   0.1581676619   0.2758531884
56 11   0.2766716257   0.2379917295  -0.0737769147   0.2231087957   0.0923730287
56 12   0.0456192038  -0.1485350610   0.0241266753  -0.0259449333   0.0451525692
56 13  -0.0573816933  -0.0423738208   0.0625526800   0.2786007750   0.2813924074
56 14   0.0521366470  -0.0457399724   0.0000611028  -0.0015961385
57  1  -0.1505819036  -0.0565559513  -0.2231320436   0.0629210102   0.1010078459
57  2  -0.1236915408  -0.0353757179  -0.2080735304  -0.0515781074   0.0145998908
57  3  -0.2152107164   0.1463203404   0.1947574427   0.1410306637   0.1447754532
57  4  -0.1241286851  -0.1120344236   0.0531385017   0.1958135287  -0.0496566466
57  5   0.0074914390   0.1544849941   0.2028869715  -0.3746132666   0.1930467686
57  6  -0.0926897654   0.0999815497   0.0580543616   0.2337456213   0.0890007497
57  7   0.0990913861   0.0165043321  -0.1551680880  -0.0388320780   0.0180135725
57  8   0.0058890764   0.0837475135   0.2981051685   0.1439908667  -0.0592591393
57  9   0.0091432952  -0.1282699068  -0.0868812884  -0.0439187671  -0.3162036219
57 10   0.1198367171   0.3402381157   0.0197632654  -0.0062926843   0.1080438426
57 11   0.0093676473  -0.0704456742  -0.2121449668   0.1526418483   0.0583927429
57 12   0.0433818157  -0.0389428686   0.0754753206   0.0428001459  -0.0761585090
57 13   0.0970174221   0.0720076270  -0.1067812426  -0.4694597428  -0.4787295959
57 14  -0.0901296089   0.0781923769  -0.0000142401   0.0023876008
58  1   0.0560305170  -0.1622795882   0.1137693780   0.0520218321   0.0537519438
58  2   0.1140379468  -0.0209999962   0.1646759871   0.0804043732   0.1331608711
58  3  -0.0524318349   0.1883900204   0.0400980941   0.0599419974  -0.0211019666
58  4   0.0731274984  -0.0122534377   0.0611307869  -0.0475360931  -0.1105489524
58  5  -0.1174904005  -0.0024705905  -0.0196795271  -0.0555960777  -0.0169579834
58  6  -0.0088687975   0.0175990880   0.0524480205   0.0356882555  -0.0997227106
58  7   0.0565752959   0.0253420117  -0.0919695208  -0.0007204264  -0.0243192855
58  8   0.0145690600  -0.0833509222  -0.0473416824   0.1062874996  -0.0438204541
58  9  -0.0054899340  -0.0458584350   0.0623577225  -0.0156973597  -0.0264461609
58 10   0.0168548170  -0.0905647136   0.0286082297   0.0716927252   0.0323597900
58 11   0.0002929064   0.0740497984  -0.0269768519  -0.0531446857  -0.0187871629
58 12  -0.0355639316  -0.0416929620  -0.0207453259   0.0000195502   0.0000600604
58 13  -0.0003128106  -0.0001620574   0.0003265071  -0.0009081034   0.0105337696
58 14  -0.0360877337   0.0301614134   0.0000088766   0.0006809161
59  1   0.1544123720   0.0201133899  -0.1372494289   0.0041756185   0.1493329426
59  2  -0.0391439322  -0.0198057379   0.1643725603  -0.0243976079  -0.2802082733
59  3  -0.0485355152   0.0915041335   0.0302823441   0.0544062642  -0.0145415260
59  4   0.0627937561  -0.0271377068  -0.0668104766  -0.0470260727   0.0840941230
59  5  -0.1211741366  -0.0022092839  -0.0441232366   0.0002001201  -0.0063830412
59  6  -0.0065927471  -0.0097787625  -0.0212999907   0.1128431984  -0.0077414643
59  7   0.0816486538   0.0874912770  -0.0230768600   0.1089612971  -0.0021857340
59  8   0.0178134447   0.1137803252   0.0054015420  -0.0963422789  -0.0363890754
59  9   0.0047727796  -0.0322439100  -0.0733702552  -0.0130332890  -0.0110263651
59 10   0.0094806390  -0.0240229137  -0.0712997542   0.0487284128   0.0300071410
59 11   0.0363861255  -0.0282659208   0.0274465871  -0.0455923929  -0.0162810083
59 12  -0.0320865849  -0.0031197783  -0.0426576112   0.0003070964   0.0000520902
59 13  -0.0002304234  -0.0001752022   0.0009098038  -0.0009115682   0.0121114850
59 14  -0.0351833874   0.0317397496  -0.0003330249   0.0008664534
60  1  -0.0092677217  -0.0719796473  -0.1682487642   0.0611642396   0.0163784001
60  2   0.1155693112  -0.0295627987   0.2256638341  -0.0313308515   0.1031610194
60  3  -0.0633566700  -0.2100925444  -0.0602965304   0.0781703699  -0.0533298470
60  4  -0.0702816579  -0.0247805094  -0.0006390496  -0.0626195269   0.0237272982
60  5   0.1799768085   0.0006143221   0.0470381924   0.0432800747  -0.0050214944
60  6  -0.0105397390  -0.0122105711  -0.0207756093  -0.0962079603   0.0693387063
60  7   0.0840009339   0.0438682742  -0.1198354719  -0.0784005806   0.0108859105
60  8   0.0269093527   0.0076636850  -0.0330977035  -0.0146638741  -0.0630674684
60  9  -0.0071561857   0.0515699317  -0.0001363166  -0.0219188597  -0.0329373420
60 10  -0.0302413645   0.0791956053  -0.0046970707   0.0804110988   0.0328462901
60 11  -0.0404315396  -0.0361799213   0.0001803485  -0.0689706769  -0.0217834218
60 12  -0.0445858090   0.0336225340   0.0469943569  -0.0002380682   0.0000952177
60 13   0.0004180775  -0.0002187610  -0.0008779915  -0.0003599224  -0.0165931913
60 14   0.0520914225  -0.0452796109   0.0010839936  -0.0001129778
61  1   0.0979434316  -0.2262970653   0.1350246513   0.0130390484   0.0146496750
61  2   0.1937230495  -0.0380349026   0.2122381410  -0.0050366947   0.1002833908
61  3  -0.0732645008   0.3121151791  -0.2234803851  -0.0977685399   0.0896678433
61  4   0.0017017485  -0.0631417850   0.1108321115  -0.1647444122  -0.3108390899
61  5  -0.1180001252   0.1413034892  -0.1590741281  -0.0063667433   0.0295900887
61  6  -0.0419291849   0.1132415776   0.3271881277   0.1995661037  -0.2998439948
61  7   0.1423924076   0.0043912496  -0.4419746471  -0.2564418123   0.0760799893
61  8   0.0848912441   0.1398046458   0.1284716648  -0.1894185581   0.2334577978
61  9  -0.0061122202   0.1127942678  -0.3748540724   0.1277168784   0.2219842438
61 10   0.0211079120  -0.0746506058  -0.1206515728  -0.3097677745  -0.0629726749
61 11   0.2161410375  -0.1252772475   0.1543465596   0.1516522135   0.0870743688
61 12   0.1405460113   0.0444686522  -0.0395632959  -0.0007962022  -0.0001187727
61 13   0.0039045228   0.0005466018  -0.0079295713   0.0034812462  -0.1185174110
61 14   0.3589963782  -0.3056747329   0.0020843837  -0.0019908042
62  1   0.2156478750   0.0268421010  -0.2189956356   0.0790396631   0.1456189723
62  2  -0.0722230873  -0.0332624220   0.2089589894   0.0684535970  -0.2466395994
62  3  -0.0785242032  -0.0177135628   0.3054033305  -0.1104795333   0.0858284719
62  4   0.0624438988  -0.0886539434  -0.1184892079  -0.1529213418   0.2815760030
62  5  -0.1271192516   0.1426870082   0.0726598167  -0.0557725962   0.0257674178
62  6  -0.0574459265  -0.1117076403  -0.3006343985  -0.0349166244   0.1744182385
62  7   0.2889083257   0.3408104443  -0.0573336753   0.3699435481  -0.1327599743
62  8   0.0435935430  -0.2119750911   0.0297430549   0.2214781854   0.2153369562
62  9  -0.0381915232  -0.1762599026   0.4188704178   0.1152797142   0.1346818523
62 10  -0.0163419105  -0.0540917491   0.2132776861  -0.2465299664  -0.1019874863
62 11  -0.1385331594   0.1871059157  -0.1544975530   0.1389858976   0.0762314886
62 12   0.1278152771  -0.1034548098  -0.0417615665  -0.0012617526  -0.0000849423
62 13   0.0036479313   0.0005744976  -0.0092580506   0.0035748756  -0.1220558548
62 14   0.3626841094  -0.3093187212   0.0022471751  -0.0021244590
63  1   0.0613676283  -0.1108680978  -0.2100579126   0.0861858191  -0.0127593938
63  2   0.1469740167  -0.0504162862   0.2886023170  -0.0260850448   0.1096964073
63  3  -0.0979566329  -0.2133090837  -0.0538093723  -0.1423660348   0.0897023618
63  4  -0.1262720539  -0.1013888608  -0.0003000021  -0.2151825547   0.0260785718
63  5   0.1914003999   0.1984509518   0.0408797963   0.0447790870   0.0493866374
63  6  -0.0679287555  -0.0193299248  -0.0264177868  -0.1037910168   0.0726292029
63  7   0.2848368777   0.2030058732  -0.3827920392  -0.0864624989  -0.0087363652
63  8   0.0927340537  -0.0654555106   0.1028485536   0.0020669521   0.2979309216
63  9  -0.0377202573   0.0675129556   0.0431454158   0.1636894173   0.2354614243
63 10  -0.0492081678   0.0824091560   0.0925642970  -0.3820301482  -0.1238266921
63 11  -0.0218968319  -0.0309491020  -0.0042620404   0.1969789899   0.1142300446
63 12   0.1854581864   0.0364527847   0.0542318776   0.0014924417  -0.0004841026
63 13  -0.0055117904   0.0002359873   0.0125704916  -0.0045725044   0.1758577287
63 14  -0.5276827200   0.4497042524  -0.0033134955   0.0028224533
64  1   0.0604012579  -0.0200438681   0.0747538781   0.1627516180   0.0929598085
64  2   0.0633642294   0.1482668448  -0.0872912879   0.0371382872   0.1433911096
64  3   0.0584269559  -0.1679473324   0.0971564908  -0.0199116443  -0.0175723194
64  4   0.2176608012   0.0199572260  -0.0011147954   0.0394862575   0.0350105141
64  5   0.1503258028   0.0250652273  -0.0156566698  -0.0878801516  -0.0522762615
64  6   0.0061440070  -0.0383988758  -0.0107013883  -0.0116661927  -0.1610311145
64  7   0.1009969058  -0.0219757323   0.0577574270   0.0860046013   0.0080308099
64  8   0.0052239079  -0.0166117894   0.0363102450  -0.0142854896  -0.0335080164
64  9   0.0108945931   0.0405449829  -0.0050134142   0.0077083628   0.0177944758
64 10   0.0019654367   0.0525864360  -0.0913632916  -0.0801094341   0.0439023450
64 11   0.0517343453  -0.0052829673  -0.0075749601  -0.0490733526   0.0090689751
64 12  -0.0358986988   0.0370531942  -0.0521408561   0.0003416170  -0.0000072030
64 13  -0.0016988052  -0.0000529450  -0.0099178239  -0.0005563074   0.0025169694
64 14   0.0534778221   0.0632973486  -0.0004707634   0.0010494824
65  1   0.1440392618   0.1092008247  -0.1097246374   0.0362597689   0.1651549918
65  2  -0.0193680563   0.1382690034  -0.0846566552   0.1521324463  -0.2296306203
65  3   0.0607556925   0.0409074608  -0.0396925655   0.0071852064  -0.0642434548
65  4  -0.0388422526   0.0346668477   0.1389518575   0.0234973070   0.0595504549
65  5  -0.0760739588   0.0210673360   0.0044864744   0.0096361485  -0.0445759938
65  6   0.0079207116  -0.0179340874   0.0510012420   0.0209459141   0.0339656282
65  7   0.0493768629  -0.1147887201  -0.0496026738  -0.0972753003  -0.0325828459
65  8  -0.0022384792  -0.1346238401   0.0015873871   0.0649359271  -0.0351537952
65  9   0.0056563646   0.1177802417  -0.0040568270   0.0083105069   0.0115435931
65 10   0.0048387474  -0.0191131175   0.0662680894  -0.0484312070   0.0420651675
65 11   0.0005168402  -0.0438221432  -0.0331748474  -0.0473080853   0.0081719842
65 12  -0.0317967260   0.0102068773   0.0317843013  -0.0001358058   0.0000018794
65 13   0.0007164163  -0.0006821744   0.0040765015  -0.0000783484  -0.0009121254
65 14  -0.0175419019  -0.0223212586   0.0007227896  -0.0000165007
66  1  -0.0448992963  -0.0030068849  -0.0375490917   0.0075435364   0.0102385690
66  2   0.2393287491   0.1979607619  -0.1187293015  -0.1452300784   0.0450828419
66  3   0.0783364313   0.0985955587  -0.0434530100   0.0109225196  -0.1001078022
66  4  -0.0926797898   0.0173705943  -0.0969394582   0.0545427602  -0.0620439985
66  5  -0.0565928683   0.0306006746   0.0004563020   0.0666500432  -0.0592719317
66  6   0.0109672354   0.0382258346  -0.0253389380   0.0003515813   0.0998418041
66  7   0.1238571541  -0.0625262705   0.0271315984   0.0005687963   0.0149449036
66  8   0.0056052277   0.0791601183   0.0706623428  -0.0318154275  -0.0400639181
66  9   0.0171904249  -0.1114235350   0.0100570742   0.0152417097   0.0242265183
66 10   0.0106162227  -0.0238796012   0.0496851516  -0.0792259775   0.0419711618
66 11  -0.0543267908   0.0355605601   0.0281425322  -0.0666258204   0.0105631979
66 12  -0.0464022396  -0.0361461525   0.0184635399  -0.0001648725  -0.0000059903
66 13   0.0008464429  -0.0009161782   0.0046559684  -0.0001277082  -0.0013192091
66 14  -0.0286609158  -0.0328507299   0.0007409649   0.0002163791
67  1   0.1049292145   0.0023186778   0.0723116533   0.1910055178   0.0776877751
67  2   0.1122241239   0.1752894196  -0.1142097062   0.0378437419   0.1459716616
67  3   0.0980169450  -0.1679854417   0.1126172700  -0.0551041345   0.1746290707
67  4   0.1737068852   0.0618449018  -0.0067707096   0.0895619562   0.0380565400
67  5   0.1592119794   0.2278738269  -0.0383460742  -0.0888194226  -0.1259200770
67  6   0.0438597116  -0.0407665297  -0.0162596816  -0.0100808672  -0.1701494557
67  7   0.2932609115  -0.1603130530   0.0960066772   0.0961398372   0.0046359441
67  8   0.0203431070   0.0207358062  -0.1542749820  -0.0219696645   0.2101751830
67  9  -0.0883040661   0.0508467731  -0.0196297823  -0.0908908084  -0.0827615354
67 10  -0.0677882448   0.0372325989  -0.1646993996   0.3186287269  -0.1070658789
67 11   0.0779065882  -0.0126950108  -0.0095263880   0.1599131452  -0.0495712447
67 12   0.1538346041   0.0485932954  -0.0646907347  -0.0020956387  -0.0000992487
67 13   0.0202611375  -0.0052620801   0.1115705607   0.0039157836  -0.0261979422
67 14  -0.5456237466  -0.6323245284   0.0033369302  -0.0030824020
68  1   0.1989226603   0.1699844817  -0.1746913130   0.1305234364   0.1710458509
68  2  -0.0404155638   0.1611372519  -0.1084882145   0.0702876010  -0.2087473086
68  3   0.1079058454  -0.1529875043  -0.3201250579  -0.0271386756   0.1312386923
68  4  -0.0460677995   0.0859789296   0.2574813860   0.0576886337   0.2211124584
68  5  -0.0856051014   0.2239698892   0.1462881167  -0.0211791376  -0.1236733479
68  6   0.0433116999  -0.2214868681   0.2602352023  -0.1849134459  -0.2694231352
68  7   0.1655551266  -0.3600161613  -0.1192730804  -0.3943648329   0.0867398379
68  8   0.0234798386   0.3214987077  -0.0672983138  -0.1184809990   0.1999194172
68  9  -0.0734429407  -0.5236676664   0.2900027574  -0.0807441892  -0.0865846370
68 10  -0.0471097065  -0.0040051859  -0.1896940825   0.2800019904  -0.1237633757
68 11  -0.0008253523   0.2324577487   0.2017839775   0.1423324703  -0.0485470855
68 12   0.1391287938  -0.1099207542   0.0128381512   0.0008595801  -0.0001907508
68 13  -0.0069881140   0.0020405746  -0.0392558562  -0.0009412020   0.0087388447
68 14   0.1861531752   0.2161061899  -0.0013659080   0.0010511202
69  1   0.0040433652   0.0000000000   0.0000000000   0.0000000000  -0.0225968055
69  2   0.3458083246   0.2344533347  -0.1545472772  -0.0903096440   0.0279092626
69  3   0.1229973703   0.2362198812   0.1614162472  -0.0321005947   0.1346745981
69  4  -0.1879269948   0.0640845667  -0.1815209218   0.1270268503  -0.1676273821
69  5  -0.0469346464   0.2837319971  -0.1336233924   0.1027103414  -0.1466052638
69  6   0.0602647072   0.1747477874  -0.1648127700   0.1392937690   0.3152576682
69  7   0.4117611590  -0.1711417102   0.1381972440   0.1911201662  -0.0708536178
69  8   0.0172226728  -0.1453057168  -0.2467072041   0.0745431769   0.2700046039
69  9  -0.1198802513   0.3178844988  -0.2086861673  -0.1136620525  -0.1033013231
69 10  -0.0875662979  -0.0736383593   0.1005007089   0.4686624725  -0.1387518359
69 11  -0.0208364172  -0.1562455900  -0.1289646419   0.2065293252  -0.0642135770
69 12   0.2032168764   0.0428720042   0.0371464432   0.0010048427  -0.0003253440
69 13  -0.0105826192   0.0029680994  -0.0579655379  -0.0014610446   0.0139810509
69 14   0.2875456403   0.3329784393  -0.0018247208   0.0013749301
$end
