$hessapprox internal
  0.420911378514D+00  0.177876019793D-03  0.422472803853D+00 -0.896142800705D-04
 -0.110041974212D-02  0.283557700782D+00  0.114690328819D+00  0.109577366641D-02
  0.156149518291D-02  0.341983902462D+00  0.102561127155D-02  0.114958602461D+00
  0.422942946403D-03 -0.189013310710D-02  0.341552403189D+00  0.157345995625D-02
 -0.219088729330D-03 -0.354338618908D-01  0.105541296772D-02  0.478860126580D-03
  0.313368683488D+00 -0.109251245030D+00  0.775763348345D-02  0.900416175411D-03
  0.472822307120D-01 -0.114814227623D-01  0.105753404185D-02  0.364714296370D+00
  0.641979432850D-02  0.109355242301D+00 -0.169105937788D-02 -0.130804538094D-01
 -0.481605876213D-01 -0.187307746956D-02  0.128474017508D-03  0.365074848702D+00
 -0.185254149109D-03  0.186029619492D-02 -0.485087840911D-01 -0.352117575122D-03
 -0.797123221655D-03 -0.165113269344D-01  0.596326059775D-03  0.215186506552D-02
  0.278513007434D+00 -0.848307496008D-02  0.729453805804D-01 -0.190390732280D-02
 -0.283299670129D-01 -0.334359116708D-01 -0.257227697252D-02 -0.108744288404D-01
  0.335411782689D-01 -0.118555534631D-02  0.281469376764D+00 -0.732096071729D-01
 -0.805975779306D-02  0.114595412712D-02  0.309538345018D-01 -0.296571288762D-01
 -0.196016621288D-02  0.347208701350D-01  0.957560487902D-02  0.388339211793D-02
 -0.153263625443D-02  0.281750173630D+00  0.383611997810D-02  0.186773033505D-03
  0.130857956473D-01  0.386751216253D-02 -0.283005936510D-02 -0.680953054371D-01
  0.105455985004D-02 -0.128957379117D-02  0.544174986998D-01 -0.548114873439D-02
  0.823601039275D-03  0.352555903072D+00  0.640452135743D-02 -0.292900032978D-01
  0.361063454218D-02 -0.721898471461D-01  0.609739819454D-02 -0.110876225996D-02
 -0.476382976715D-01 -0.363604384576D-01  0.145370602024D-02  0.601869952693D-01
  0.938802966446D-01 -0.962293375438D-02  0.456034633774D+00  0.298992060799D-01
  0.556027501397D-02 -0.271794197224D-02 -0.684988097690D-02 -0.715945345678D-01
  0.205395662251D-02 -0.367873002443D-01  0.480025140446D-01 -0.222802079697D-02
 -0.952111270735D-01  0.627962421882D-01  0.523746183338D-02  0.698605149706D-03
  0.455442776282D+00 -0.892885725690D-03 -0.157387277550D-02 -0.987814816728D-01
  0.116480681531D-02 -0.551425397144D-03 -0.703036760347D-01  0.215208103245D-03
  0.552271627616D-03 -0.986214239520D-01  0.286145658453D-02  0.548506834588D-02
  0.125878334465D+00  0.562829575508D-02 -0.170294156680D-02  0.339278654451D+00
  0.180244957900D-03  0.178999705427D-02  0.628147463561D-02 -0.103980620536D-02
 -0.784611430244D-03  0.177369533775D-01 -0.339260772042D-04 -0.240279694477D-03
 -0.207176162379D-01  0.967420954866D-04  0.267367991883D-02  0.679565132206D-01
  0.261697745896D-03 -0.241640268007D-03 -0.369853823755D-02  0.333250719025D+00
  0.168404876891D-01  0.327531413059D-02 -0.980420750615D-03  0.157454775132D-01
 -0.423974695484D-03  0.164211862997D-03  0.156179294189D-01 -0.170745111155D-01
 -0.300408208251D-04 -0.280076594362D-01  0.310366347964D-01  0.445035950549D-02
 -0.611725592469D-01  0.326772322208D-01  0.589172396471D-03  0.825384696221D-03
  0.385029142264D+00  0.402908476320D-02 -0.173920259934D-01  0.229182586599D-02
 -0.578861602499D-03 -0.158884305196D-01  0.499276719780D-04  0.155124042794D-01
  0.159603220797D-01 -0.598661589056D-03  0.325750892142D-01  0.276804888207D-01
  0.998425925807D-03  0.342824828492D-01  0.632556599267D-01  0.134112981087D-02
 -0.195841576170D-02 -0.118023881737D-03  0.384324238235D+00 -0.158809535469D-02
 -0.296951976635D-02 -0.259785039177D-02  0.290619445835D-02  0.348030813162D-02
 -0.644413098786D-01 -0.808556752303D-03 -0.125510287959D-02  0.221842401680D-01
  0.463703124032D-03  0.178880461943D-03  0.877721866798D-01  0.784494918855D-02
 -0.712029091855D-02  0.111239144175D+00 -0.223202004704D-01 -0.261132063287D-02
  0.124849546688D-02  0.397607111090D+00 -0.499060179240D-01  0.298611781267D-01
  0.105725912836D-02  0.552649226538D-01 -0.460150618586D-02  0.123425388467D-03
  0.145612112565D-01  0.158202335859D-01 -0.891161716596D-03 -0.142956289639D-02
 -0.294634916229D-01  0.449630265254D-02  0.840523855260D-02  0.266149210998D-01
 -0.655731568321D-03 -0.149955217441D-03  0.200694260071D-01  0.312430587227D-01
 -0.183952517848D-02  0.323313863256D+00  0.304630215028D-01  0.506502981442D-01
 -0.108960930061D-02 -0.521556305797D-02 -0.548187017071D-01  0.104050042440D-03
 -0.154727249060D-01  0.124649995347D-01  0.109496652763D-02 -0.294850014508D-01
  0.260370339348D-03  0.796019976266D-03  0.261293397300D-01 -0.781058568347D-02
  0.100394179014D-02  0.278903426121D-02 -0.300921988652D-01  0.204312666120D-01
 -0.382820568800D-02 -0.349247887799D-03  0.323801420270D+00  0.830136007010D-03
 -0.540228245528D-03  0.454404252880D-01 -0.100730437269D-02  0.482233885639D-03
 -0.142260889621D-01 -0.829118401269D-03 -0.160539385849D-02 -0.595965803257D-01
  0.182728235260D-03  0.163197199224D-02  0.442916484197D-01  0.304047574150D-02
 -0.404222127266D-02 -0.574857507755D-01 -0.187713209404D-01 -0.236136944709D-02
  0.130256050351D-02 -0.493071837463D-02 -0.333095354178D-03 -0.169367096147D-02
  0.326034754398D+00 -0.238078427767D-01  0.579302282780D-01  0.629637957357D-03
 -0.208226027840D-01 -0.462886036763D-01  0.409962672012D-03 -0.162349799576D-01
 -0.476107516221D-02  0.816165895515D-03 -0.701703689541D-01 -0.615441881362D-01
  0.327733013383D-02  0.148650861907D-01  0.338367356024D-01  0.260164479867D-02
 -0.638577176236D-03 -0.169528053656D-01  0.879337245429D-01  0.643175156012D-03
  0.530701747915D-02 -0.218924845924D-01  0.186222431685D-03  0.332866729481D+00
 -0.583927046644D-01 -0.227133192971D-01 -0.745902906516D-03  0.468960929595D-01
 -0.214227748218D-01  0.101228340767D-02 -0.374347057761D-02  0.152475124454D-01
  0.184596214438D-02  0.605725200594D-01 -0.720006835865D-01  0.267987693504D-02
 -0.318077207576D-01  0.168831479436D-01  0.706537873955D-04  0.305811262145D-02
  0.878929402431D-01  0.163993473848D-01 -0.160143745319D-02 -0.219952877763D-01
 -0.587504014606D-02  0.159653104036D-03 -0.311806516294D-04  0.334888657000D+00
 -0.733295958889D-03  0.148943141441D-02 -0.117843064463D+00 -0.421438650318D-03
 -0.136856598151D-02  0.499385478144D-01 -0.248724334361D-03  0.119690052003D-02
  0.415937378456D-01 -0.311056252956D-03  0.124212135431D-03  0.172624179039D-01
 -0.153985783063D-02  0.162419328582D-02  0.643681934102D-02  0.568370222505D-01
  0.378540102051D-03 -0.793130877262D-03 -0.499862247538D-01 -0.404524846244D-03
  0.177988145526D-02  0.387219693677D-01 -0.676261027578D-03  0.829347224657D-03
  0.315066446339D+00  0.104413305408D-02  0.935829424512D-03 -0.986418461363D-01
 -0.285209608226D-02  0.142941061550D-02  0.822017073074D-02 -0.127820667894D-02
 -0.165441387535D-02  0.268134242267D-01  0.170422361460D-02  0.943087136232D-03
 -0.814792122824D-02  0.227335268609D-03 -0.212973278621D-02 -0.242294954534D-01
 -0.648321929311D-01 -0.129815763826D-02 -0.572421043423D-03  0.277236063415D-01
  0.305981107273D-05 -0.331878339096D-03  0.379356494431D-01 -0.772338976885D-03
 -0.167662082330D-04 -0.854115118078D-01  0.284681050810D+00 -0.142695383409D-01
  0.244986025164D-01  0.407680770604D-03  0.536070866525D-02 -0.179184158377D-01
  0.198482330559D-02 -0.656258885102D-02 -0.522360207934D-01 -0.124330900223D-03
 -0.257013141877D-01 -0.348326188241D-01  0.118757334185D-02  0.329578033271D-01
  0.304578850960D-01  0.134358992230D-02  0.582421000700D-03  0.233257041587D-01
  0.385025567961D-01  0.593643730929D-03 -0.122885132682D-01 -0.504267172761D-02
 -0.954899630868D-03  0.278035625316D-01 -0.139784914384D-01 -0.256265912759D-03
 -0.693953851069D-03  0.437899629723D+00 -0.233804166970D-01 -0.149742616749D-01
 -0.234438781096D-03  0.178321571205D-01  0.723242291468D-02 -0.179815716193D-04
 -0.508388393771D-01  0.664671705776D-02  0.129708430801D-02  0.346486992223D-01
 -0.234134879776D-01  0.420284717116D-02 -0.304181414279D-01  0.326766884617D-01
 -0.170944650000D-02  0.468574683718D-03  0.377284113076D-01 -0.239225839603D-01
 -0.172460935212D-02 -0.388596197777D-02  0.146489907485D-01  0.124603867756D-02
  0.140683913766D-01  0.259036282212D-01  0.205233195645D-06 -0.843938654710D-03
 -0.329571103555D-03  0.437958113677D+00  0.575131834270D-02  0.264415740446D-02
  0.196783334168D-02 -0.190155228042D-01 -0.720146220647D-02  0.262151639168D-03
  0.312060392339D-01  0.236509187345D-01  0.233241293351D-03 -0.792405770220D-03
 -0.368673808033D-01  0.219171650634D-02  0.304475866992D-01  0.636310395403D-01
  0.364672233052D-03 -0.927287672759D-03 -0.133429852588D-01  0.205274711025D-01
  0.389201310215D-02 -0.173598287588D-01  0.399481895232D-01  0.129692354088D-02
  0.295158620696D-01  0.135450238247D-01 -0.880504824864D-03  0.125284904976D-03
 -0.179184036219D-01  0.779321552477D-02  0.282835214070D+00  0.137387522999D-02
 -0.599667130385D-02  0.351158568525D-03 -0.342408009934D-02  0.195054705076D-01
 -0.304611979136D-03 -0.239032580425D-01  0.335273775451D-01 -0.645822867031D-03
 -0.390360009994D-01 -0.365717574053D-03 -0.515483412461D-02  0.641627153321D-01
 -0.282672398380D-01 -0.119114360852D-03 -0.131711341755D-02 -0.205916760794D-01
 -0.147458982151D-01  0.280444169169D-02 -0.409663580111D-01 -0.181068783147D-01
  0.147134155676D-02  0.143033595505D-01 -0.268883098485D-01 -0.230799757307D-02
  0.119633690568D-02  0.117073642094D-01  0.177249916008D-01  0.958742408303D-03
  0.283718644678D+00 -0.674174755780D-02 -0.131331811519D-02  0.330086268019D-03
  0.600000849796D-02 -0.492009156352D-01 -0.100329967888D-02  0.226181408793D-03
  0.627182757770D-01  0.226757764204D-03 -0.316225651449D-01  0.464226854729D-01
  0.204298805418D-02 -0.575601684859D-02  0.465683481194D-01  0.147886851682D-02
 -0.729982053123D-03  0.159203004513D-02  0.134908783741D-01 -0.178599075955D-02
 -0.142767849262D-01  0.110829699036D-01  0.721530411252D-03  0.830029521279D-01
  0.804697672505D-02  0.602099776546D-03 -0.291695770920D-04 -0.185631699597D-01
 -0.433735150030D-01 -0.128008761664D-01 -0.240799355436D-01  0.350396821704D+00
 -0.142348991027D-03  0.732952805425D-02 -0.168292311563D-03 -0.480121307775D-01
 -0.586639714533D-02 -0.384811982305D-04 -0.607905083409D-01  0.786692083273D-03
  0.109202984506D-02  0.435603247536D-01  0.321859719503D-01 -0.443507751087D-02
  0.488590047553D-01  0.545707947286D-02 -0.805727043261D-03  0.196923977278D-02
 -0.130266609200D-01  0.142564009023D-02  0.111175071254D-02 -0.102428194516D-01
 -0.144002713162D-01  0.857659152140D-03  0.844877217911D-02 -0.807441037682D-01
  0.611862461718D-03  0.782659420006D-03 -0.419363086552D-01  0.183993727491D-01
  0.221453741737D-01 -0.116854193058D-01 -0.135462819172D-02  0.350978701312D+00
 -0.357540328879D-03 -0.271738465399D-02  0.274846146563D-01  0.289801970377D-02
 -0.395905787534D-03  0.212718662918D-01  0.101789688157D-02  0.146568144053D-02
 -0.195660695076D-02 -0.799052501393D-03  0.309666823314D-02  0.920104728025D-01
  0.513504249437D-02 -0.374790594269D-02 -0.498885728802D-02  0.551850881125D-01
  0.874892981851D-03  0.241282442857D-02  0.179055180620D-01 -0.188658311833D-04
 -0.290980041631D-02 -0.255604831515D-01  0.131430468324D-02  0.917749149113D-03
  0.239349716501D-01 -0.125629705155D+00  0.189082070780D-02 -0.325537373140D-02
  0.364016281767D-02  0.119379643972D-02  0.433799680001D-04 -0.149805461467D-02
  0.467460216053D+00  0.154056175922D-01 -0.663319324829D-02 -0.850092470661D-03
  0.364555098410D-02  0.179067940186D-01  0.121155606171D-03 -0.103082439130D-01
  0.383105558018D-01 -0.306106319935D-03 -0.389581640833D-01  0.347055758585D-01
  0.764185039570D-03 -0.398939868426D-01  0.145495250002D-01  0.145330932062D-03
  0.534039179115D-03  0.296603018529D-01 -0.603580640465D-01 -0.237253158760D-02
 -0.132127804086D-01 -0.545296866574D-01 -0.578884139946D-03  0.160741637051D-01
 -0.326748934007D-01  0.717237237421D-03 -0.658829775367D-03 -0.408033063112D-01
 -0.720208436109D-01 -0.121842526016D-01 -0.140401702644D+00  0.112526514703D-01
 -0.551181166475D-01  0.237905785302D-03  0.277262379300D+00 -0.499725608727D-02
 -0.152450620414D-01 -0.191654295364D-02  0.147314883075D-01 -0.351474079292D-02
 -0.839704407420D-04 -0.372779421778D-01 -0.103751623176D-01  0.154059627368D-03
  0.333705561307D-01  0.375929346550D-01 -0.104191053408D-02  0.149635278048D-01
  0.394515181359D-01  0.110585037644D-02  0.437239733902D-03  0.599888739142D-01
  0.300762137960D-01 -0.785182223285D-03  0.564857112182D-01 -0.128955567210D-01
 -0.296855350225D-02 -0.362061139766D-01 -0.163404385488D-01  0.127277028709D-02
 -0.143590472910D-02 -0.713216003777D-01  0.436510374179D-01  0.139320391908D+00
 -0.115378252366D-01  0.571129818818D-01  0.130955436842D-01 -0.746304008628D-03
  0.120351293132D-02  0.276028072941D+00  0.921722034282D-03 -0.134360424768D-02
 -0.184699294676D-01  0.115221705861D-02  0.113892299507D-02  0.693924431825D-04
 -0.500824224444D-04 -0.168994237144D-02 -0.219624841474D-01  0.101833992286D-02
 -0.607716468280D-03 -0.145042659369D-01  0.825135918733D-05 -0.243330491768D-02
  0.818945151178D-02  0.549260359048D-01 -0.183429252990D-02  0.264416878573D-02
  0.118422788412D-01 -0.869955136661D-03 -0.186430174892D-02 -0.469256769040D-01
  0.149821088080D-02 -0.548804400821D-03  0.531838722296D-02 -0.475205977251D-01
 -0.665997055428D-05  0.630874364603D-03  0.138859181401D-02  0.752393303530D-03
  0.115166436315D-03 -0.107633409680D-02  0.835439199159D-01 -0.127871214330D-02
 -0.146633492639D-02  0.284740081767D+00 -0.796162998569D-03 -0.659405206233D-03
 -0.334915915267D-01  0.193618799742D-02  0.210867045845D-03  0.287735662313D-01
 -0.390847827586D-03  0.850794008836D-03  0.153498665217D-01  0.610192065128D-03
  0.351103159852D-02  0.761167577616D-01  0.220957263321D-02 -0.168903832969D-02
  0.548394249654D-01 -0.444189567520D-01  0.189293430548D-02  0.612714318208D-04
 -0.228724790580D-01  0.153980172302D-02 -0.627964686221D-04  0.163960083126D-01
  0.712902486354D-03  0.909172375190D-06  0.323649212492D-01  0.506272599010D-02
  0.411889215302D-03 -0.867652759875D-03 -0.233585500992D-03  0.363252061670D-03
 -0.861337394952D-03 -0.865141539909D-03 -0.152947282400D-01 -0.353705180211D-03
  0.112762361027D-02  0.455101884621D-01  0.238228450081D+00  0.190329769066D-01
 -0.479110683715D-01  0.826197431796D-03 -0.304067709284D-01 -0.953160550139D-02
 -0.182809004238D-02 -0.694327069490D-02  0.381923752658D-01 -0.174321295151D-03
 -0.385156812574D-01  0.121374902543D-02 -0.210334682357D-02  0.405649063018D-01
 -0.755788862243D-02  0.849306849556D-03 -0.101670506681D-02  0.338260421940D-01
 -0.533074504718D-01  0.283349021266D-02  0.189942393375D-01  0.403220737068D-01
 -0.307572637297D-03 -0.242644991967D-01 -0.259238425148D-01 -0.181395041285D-02
  0.231718509013D-03 -0.669330265475D-01  0.269606377037D-02 -0.159449281058D-02
 -0.645433511337D-01 -0.453399568807D-01  0.124915146302D+00  0.664194157746D-03
  0.427780541244D-01 -0.192009847795D-01  0.135907307266D-02  0.117261191231D-02
  0.273141909638D+00 -0.478358812920D-01 -0.201958715399D-01 -0.329514573226D-03
 -0.705035060992D-02  0.335072744485D-01 -0.403504336055D-03 -0.374242369669D-01
 -0.643794541269D-02 -0.208987615138D-03  0.250671623785D-03  0.376138445627D-01
 -0.295647187214D-02 -0.710328288190D-02 -0.392570189175D-01  0.196973027538D-03
  0.115882935204D-02  0.511066793163D-01  0.342150936213D-01 -0.148480517361D-02
 -0.404832701970D-01  0.216148110510D-01  0.894866985593D-04 -0.246843125457D-01
  0.281676790884D-01  0.357321272643D-03  0.338718856893D-03  0.617099063971D-02
  0.665758355898D-01  0.661785979941D-01 -0.193631988601D-02 -0.125420433641D+00
 -0.447046975981D-01 -0.200901646174D-02  0.188762064754D-01  0.446805176878D-01
 -0.125606924111D-02 -0.369418337965D-03 -0.654173219688D-03  0.273928292770D+00
  0.714096551310D-03 -0.728934024609D-03 -0.687247461969D-01 -0.103072187649D-02
  0.121999576849D-02  0.206177701702D-01 -0.472513132195D-03 -0.401949196582D-04
  0.377163851554D-01  0.290595417374D-03  0.153338073438D-02  0.153198403135D-01
 -0.971308010446D-03  0.908062306848D-03  0.179448225906D-01  0.538762984609D-01
 -0.133076458215D-02  0.899736325159D-03  0.288124554030D-02  0.451705386639D-03
  0.436466188481D-03  0.271950384063D-02  0.182867139302D-03 -0.363787978827D-03
  0.130371837807D-01  0.387382609188D-01  0.178684912621D-02  0.400465796230D-03
  0.544459350461D-03 -0.121921429560D-02  0.112146884811D-02 -0.100717859036D-02
  0.415768699984D-01  0.132290052382D-02  0.157383466472D-02 -0.189888169636D-01
  0.913701568674D-01 -0.154660413139D-03 -0.569858127960D-03  0.334807219937D+00
 -0.189255568298D-02  0.120208812778D-02 -0.398335820710D-01 -0.159618493555D-03
 -0.163157435505D-02 -0.934426754385D-01 -0.136086532295D-02 -0.220522053504D-02
  0.955451342693D-02  0.886306532573D-03 -0.163139988157D-02 -0.418863906974D-01
 -0.633709035433D-03  0.911150801717D-03  0.293852086333D-01 -0.162121884837D-01
 -0.161897955371D-03  0.894988796733D-03  0.318020210422D-01  0.600840113839D-03
 -0.321826798241D-04  0.865279523968D-02  0.714294917216D-03  0.111155942260D-02
 -0.123943699029D-01  0.317968921699D-01 -0.322689740536D-03  0.281656573485D-02
  0.956334809496D-03  0.127682752774D-02 -0.927248041921D-03 -0.125859683612D-02
 -0.171038466617D-01  0.414887495916D-03  0.728797371279D-03 -0.112979121546D-01
  0.395022342086D-01 -0.668810464241D-03 -0.541034464493D-03 -0.273212124390D-02
  0.390861762946D+00  0.706660591430D-02 -0.685224585254D-01 -0.768577563655D-04
  0.448579867346D-01 -0.118725431350D-01  0.157776806699D-03  0.296263477108D-01
  0.671351720536D-02  0.220579964959D-03 -0.161095114167D-01  0.289953717259D-01
 -0.867741221975D-03 -0.116148639886D-02  0.826140780893D-02  0.191955750592D-02
  0.365486485469D-03  0.248061544106D-01 -0.211750180788D-01  0.189613472852D-02
  0.315952456394D-02 -0.385467045169D-01 -0.242678158215D-03 -0.452088995003D-01
  0.291740347350D-01  0.126733496368D-03 -0.356851390323D-03 -0.727376388407D-01
 -0.348443810547D-01  0.440689666734D-01 -0.272679348123D-01 -0.338094216064D-02
  0.425135700612D-01 -0.808958215221D-03  0.296409782220D-01 -0.198801942415D-01
 -0.109643454545D-03  0.406549951278D-03  0.389265452668D-02  0.432746447643D-01
 -0.697277655517D-03 -0.406447238376D-04  0.363076360560D+00  0.688913960845D-01
  0.674505655999D-02 -0.159052999542D-02  0.112916788423D-01  0.454631049178D-01
 -0.880231228345D-03  0.863778556495D-02 -0.279147817838D-01  0.131226650889D-02
 -0.324693945948D-01 -0.194032560660D-01 -0.165556714439D-02 -0.683045805160D-02
  0.130183893528D-02 -0.495049797523D-03  0.100286508829D-02 -0.199398235938D-01
 -0.258790241329D-01 -0.104487685653D-02 -0.391695680572D-01 -0.224422099685D-02
 -0.225101085483D-03 -0.284211758098D-01 -0.458661090811D-01  0.204388687501D-03
  0.942441448490D-03  0.364530095329D-01 -0.724188335751D-01 -0.302603831834D-01
 -0.402643220721D-01  0.402327267612D-01  0.675977811633D-02 -0.221595622449D-02
 -0.158977073169D-01 -0.283306658797D-01 -0.245693259525D-02  0.132909042704D-02
  0.395424314206D-01  0.197079158411D-02  0.687391690197D-03 -0.756817090758D-03
  0.573550859545D-03  0.368218386203D+00  0.933346831697D-03 -0.250603400830D-02
  0.710961360908D-02  0.262158554356D-02 -0.140717371990D-02 -0.195223874917D-01
 -0.796142085505D-03 -0.133372758218D-02 -0.177207900335D-01  0.114222017758D-02
 -0.940747439265D-04  0.745383332023D-02 -0.279847934016D-02  0.194446274773D-02
  0.176347485343D-01  0.803260980356D-02  0.204183700193D-02  0.256815085080D-02
 -0.136394080644D-01  0.121052812124D-02  0.349469045522D-03 -0.159906138870D-01
 -0.815563352927D-03  0.192152030268D-02  0.281793481351D-02  0.282811892732D-01
 -0.175534244758D-02  0.544762507564D-03 -0.324847990520D-03  0.967127944032D-03
  0.175569230481D-03  0.463357435815D-04 -0.146787530396D-01 -0.113644362659D-02
  0.575281401888D-03  0.799522769912D-02  0.266834953410D-01 -0.110713441115D-02
  0.225918017236D-02 -0.772127975554D-02  0.166120272864D-01  0.142168090516D-02
  0.291679713020D-02  0.322840940357D+00  0.369193832944D-01 -0.168183102999D-01
 -0.123655548294D-02  0.372006836184D-01 -0.496022395361D-02  0.181938847201D-03
 -0.385677585681D-01  0.405412561782D-02  0.170970549210D-02 -0.498886702191D-02
  0.106333629068D-01 -0.124154863002D-02 -0.144818585462D-01  0.404511427924D-02
 -0.719902529802D-03  0.986852133733D-03  0.442423804430D-01  0.146936965931D-01
  0.595140631354D-03 -0.387714980096D-02 -0.120557740274D-01  0.171880066236D-03
 -0.237242130038D-01  0.136899385918D-03  0.396017760302D-03 -0.726458722296D-03
 -0.297707326375D-01 -0.292558217158D-01  0.207677246183D-01  0.141765899503D-01
 -0.180091854747D-01  0.207348606203D-01  0.171778777692D-03 -0.738317550653D-02
  0.191587944760D-01 -0.288868218151D-02 -0.760983125710D-03  0.149619328707D-01
  0.305380786667D-01 -0.480515011033D-03 -0.122297739370D-02 -0.625170443508D-02
  0.308442181233D-01 -0.116129179433D-02  0.318400271116D+00 -0.182195467027D-01
 -0.388183684853D-01  0.352983123725D-03 -0.449343516198D-02 -0.341229840049D-01
 -0.748777315030D-03 -0.559136759282D-02 -0.356362337339D-01  0.704773781176D-03
  0.106554675188D-01  0.671694935611D-02  0.757154585765D-03  0.375792307102D-02
  0.150795171351D-01 -0.240109914799D-02 -0.384128580075D-02 -0.148679329830D-01
  0.445230305432D-01  0.567502692870D-02  0.838745714144D-02 -0.292975637137D-03
  0.121940844682D-02 -0.167759996787D-02  0.236958527560D-01 -0.195262261354D-02
 -0.249826245650D-04 -0.267819106855D-01  0.306774446344D-01 -0.130959702495D-01
  0.156228493120D-01 -0.178742691237D-01 -0.192512337035D-01  0.245380025429D-02
 -0.240333580528D-01 -0.950866623114D-02 -0.509286359930D-03 -0.128732353718D-02
 -0.280855123928D-01  0.974173542368D-02 -0.170053529660D-02 -0.661737684450D-03
  0.319257870579D-01  0.621015782598D-02 -0.219255032580D-02 -0.114085237638D-02
  0.317161163221D+00  0.272895223881D-01 -0.205626019834D-01 -0.179974444873D-03
  0.153304875272D-03 -0.203798728275D-01 -0.173318847950D-02 -0.194378341090D-01
  0.181965577705D-01 -0.140907626096D-02 -0.266893356324D-01  0.461955231229D-02
  0.648707686236D-02 -0.117157897217D-01  0.271017233403D-01  0.535165453285D-03
 -0.242464737015D-02 -0.260071736803D-01 -0.156840480253D-01 -0.683800943850D-03
 -0.123182952061D-02 -0.174510801150D-01  0.174935275458D-02  0.372457380877D-02
 -0.309707807421D-01 -0.122304086486D-02  0.124983584025D-02 -0.743249670276D-01
 -0.154831845479D-02 -0.235091940272D-01  0.265619540394D-01  0.234667395583D-02
 -0.582096523264D-01 -0.579326104147D-03 -0.308759578657D-01 -0.280454888746D-01
  0.900942484128D-03  0.151839589201D-03  0.130659610620D-01  0.374708970698D-01
 -0.178839061668D-02 -0.660526340298D-03  0.507870591229D-01  0.738102182737D-01
 -0.395531017504D-02 -0.301902868067D-01 -0.424703100173D-01  0.237496689374D+00
 -0.177824300397D-01 -0.279413393621D-01  0.389396564311D-03 -0.260108754888D-01
  0.505593574890D-02  0.146530919005D-02 -0.159234108974D-01 -0.165222449291D-01
  0.141263139072D-02  0.156907429497D-02  0.298174073369D-01  0.111827034097D-02
  0.280197957870D-01  0.105960863276D-01  0.130650297053D-02  0.139896747406D-04
  0.175792666881D-01 -0.249968727536D-01 -0.226177186404D-02  0.200620836758D-01
  0.514239090993D-03 -0.249592967979D-02 -0.312418897879D-01 -0.897995407932D-02
 -0.902283032471D-03 -0.489488978263D-04 -0.361218650219D-02  0.776453442834D-01
 -0.346539805024D-01 -0.261304959708D-01  0.541725561511D-01 -0.750533102110D-03
  0.846894271863D-05  0.274057031514D-01 -0.206516876655D-01 -0.333862410707D-03
 -0.822116149541D-03 -0.455673958720D-01  0.109483736342D-01  0.311357133153D-03
  0.878703738098D-03  0.752966776296D-01 -0.467294224371D-01  0.125446733523D-02
  0.362260716919D-01 -0.258725361227D-01  0.206789855230D-02  0.246730009263D+00
  0.171732150499D-03 -0.979545067573D-03  0.846450486325D-01  0.476762671496D-03
 -0.161603445580D-02 -0.376261348921D-01 -0.805972979846D-03  0.108369613995D-02
 -0.653181360267D-01 -0.863330958490D-03 -0.108737116086D-03  0.179366134867D-01
  0.217485224481D-02 -0.763346859873D-03  0.650774268477D-02 -0.237688992343D-02
  0.523951695637D-03  0.114628474060D-02 -0.341236624075D-01 -0.211919720718D-02
 -0.911940020492D-03  0.148132883941D-01  0.143581876415D-02 -0.936902704301D-03
 -0.219993687344D-01 -0.220511919863D-01  0.477621573226D-03 -0.644472825759D-03
 -0.543393686321D-03  0.161024639260D-02 -0.155745146077D-03 -0.100681996196D-02
 -0.456404054025D-01  0.445410303123D-05 -0.180421665530D-03  0.143306173805D-01
  0.495852242822D-01 -0.715351348768D-03 -0.127089354030D-02  0.309080761432D-01
  0.117768422101D-02  0.621186768282D-03 -0.202444907869D-02  0.230193584190D-01
 -0.151608147033D-02  0.367715701078D-03  0.326404861074D-02  0.129920216736D-02
  0.197008578919D+00  0.234470917475D-01 -0.684312878916D-02 -0.595969443036D-03
  0.235383064523D-01 -0.286629799389D-01  0.148860647426D-02 -0.733858800958D-01
 -0.245146461079D-01 -0.267448492396D-03  0.185279546839D-01  0.150266579206D-01
 -0.208978221317D-02 -0.948738008071D-02  0.175958168295D-01 -0.142368156802D-02
 -0.828122770903D-03 -0.320262311921D-01  0.375419165068D-01  0.466613725264D-02
 -0.373088802654D-01  0.302566484053D-01 -0.100144891080D-02 -0.205990244332D-02
 -0.946825561280D-02 -0.157575613481D-02 -0.156909519225D-02  0.232837659161D-01
  0.903925077268D-02 -0.189213129243D-01  0.188049177232D-01 -0.358165236138D-02
  0.572710084353D-01  0.493824684296D-02 -0.138002452218D-01  0.206387524648D-01
  0.141326036188D-02  0.625518510307D-03 -0.240138908986D-01 -0.297815371914D-01
 -0.158941322205D-02  0.171405921256D-02 -0.417205748548D-01 -0.638255945976D-01
 -0.139321782920D-02 -0.319097191251D-01 -0.175775033408D-02 -0.115024400299D-01
 -0.177069697724D-01  0.124087767612D-02  0.248992072516D+00 -0.763355372807D-02
 -0.244411671268D-01 -0.509699161329D-03 -0.254170616713D-01 -0.205685826673D-01
 -0.117233943850D-02  0.240093231407D-01 -0.725609407250D-01 -0.788666740947D-03
  0.160884423065D-01 -0.198791476322D-01  0.133717044225D-02  0.183715818423D-01
  0.113619905327D-01 -0.223748364978D-03  0.219970567502D-03 -0.394753123933D-01
 -0.332859346477D-01 -0.474567137054D-03 -0.315484228418D-01 -0.374637828468D-01
 -0.133838046190D-02 -0.101864636989D-01  0.602582075585D-02 -0.700241629423D-03
 -0.124477709521D-02  0.128872307317D-01 -0.240674159105D-01 -0.125218482873D-01
 -0.206178605468D-01 -0.549823882206D-01 -0.408002842123D-03 -0.503259359180D-03
 -0.220077670519D-01 -0.139974957124D-01  0.197829708947D-03  0.178781725781D-02
  0.347676350826D-01 -0.242715664650D-01 -0.882230751159D-03 -0.430245404195D-03
 -0.618746480998D-01  0.428179308257D-01 -0.678876983781D-03  0.106527992902D-03
 -0.321156558621D-01  0.134900150095D-01 -0.140487895717D-01 -0.940943823028D-03
  0.258146663174D-02  0.249251037528D+00  0.100573520310D-01  0.908363282686D-02
 -0.580054712287D-03  0.148060661957D-01 -0.104790604336D-01 -0.307368481069D-03
  0.872868010554D-01 -0.124450862023D-01 -0.582009424052D-04  0.178470662243D-01
 -0.155265888665D-01  0.196308809896D-02 -0.570887483640D-01  0.201209964864D-02
 -0.842077961305D-03 -0.343123300945D-03  0.283298284821D-01 -0.113811133706D-01
 -0.830577421170D-04  0.151763503682D-02 -0.225481856842D-01 -0.109337919563D-02
 -0.138398677507D-01  0.132672472588D-01 -0.477593628561D-03 -0.605399075224D-03
 -0.135872318475D-02  0.173561178760D-01 -0.638412637066D-02 -0.262577471131D-01
  0.797311389369D-02 -0.386605845492D-01  0.152816903301D-02  0.239741646681D-01
 -0.127141170224D-01  0.227654136805D-03 -0.517039117607D-03 -0.565821293116D-01
 -0.151511871432D-01  0.904722037592D-03  0.654116021786D-03  0.154318922046D-01
 -0.163331917105D-01 -0.331392207161D-03  0.267452239424D-01 -0.236252274212D-01
  0.474169184462D-02 -0.186522026084D-01  0.693935548730D-03 -0.200861116125D-01
 -0.486444104080D-01  0.373352124375D+00 -0.116065735655D-01  0.899728227599D-02
  0.811356046577D-04  0.127487437442D-01  0.184841577655D-01 -0.718921564309D-04
 -0.125281692607D-01 -0.836647882300D-01 -0.281992519159D-03  0.147188958296D-01
  0.159083560645D-01 -0.442638321919D-02 -0.110366381471D-02 -0.549405711671D-01
 -0.676067510284D-03 -0.140939908750D-02 -0.128299582403D-01 -0.276018672210D-01
  0.318686462913D-02 -0.230172692465D-01 -0.179618613838D-02  0.803404675247D-03
 -0.144248719703D-01 -0.137266107746D-01 -0.659581173568D-03  0.261578299854D-03
 -0.167342608388D-01 -0.489121031022D-03 -0.256383722042D-01  0.727326082026D-02
 -0.370346530904D-01 -0.808561145082D-02  0.153029786433D-02 -0.150460609240D-01
 -0.241177083704D-01 -0.672055948815D-03  0.938684284737D-03 -0.132145854450D-01
  0.556682051366D-01 -0.154910713897D-02 -0.210537319841D-02  0.174869141863D-01
  0.190816118210D-01 -0.281100578310D-02 -0.245128161491D-01 -0.286755058173D-01
 -0.226687362761D-01 -0.284505607671D-02  0.371882666351D-02 -0.463476925523D-01
  0.197872724869D-01  0.106847329242D-02  0.376651952145D+00  0.122092266207D-02
 -0.353262699743D-03  0.793788978827D-02 -0.896767962952D-03  0.510456812169D-03
 -0.425691892340D-01  0.222273553937D-02 -0.357926555905D-02  0.273271010822D-02
 -0.517927784916D-04  0.489745050956D-03  0.312609973459D-02  0.169678830945D-02
 -0.386665189580D-03  0.129669817455D-01 -0.799213159533D-01 -0.755097735079D-03
  0.614452125309D-03  0.821285159805D-02  0.872632931667D-03  0.851070235505D-03
  0.155193978263D-01  0.528386038727D-03 -0.362774853509D-02 -0.243799823984D-01
  0.256791547936D-01 -0.432572890853D-03  0.254318746989D-02 -0.717089394112D-03
 -0.853432089193D-03 -0.147383505630D-03  0.997112761548D-03 -0.835005830391D-01
 -0.119334779630D-02  0.135659740823D-03 -0.396141995148D-01 -0.408774690682D-01
 -0.231042518785D-02  0.953387961140D-03 -0.106321936852D+00  0.897731274242D-01
 -0.391723428623D-03  0.170498093182D-02 -0.600667664519D-02 -0.158773150852D-02
 -0.784628180794D-04  0.372982615270D-02  0.426061534734D-02  0.655398148206D-02
 -0.318879891625D-02 -0.413866699271D-03 -0.143095277817D-02 -0.232805401147D-03
  0.249918074228D+00 -0.855982034393D-03 -0.703967896315D-02 -0.438787697454D-03
  0.326177911162D-01 -0.166432982738D-01  0.472879692715D-03  0.140017047743D-01
 -0.371240888923D-02  0.795535595933D-03 -0.910152402666D-02 -0.151077696453D-01
  0.132024165516D-02 -0.432356873406D-01 -0.670432048134D-02 -0.324032437874D-03
 -0.994909887207D-03  0.332393731683D-01 -0.480926071415D-03  0.206179710915D-03
  0.994836246350D-02  0.142495335433D-01 -0.580785862534D-03  0.127029942455D-01
  0.339708665164D-01 -0.490138416845D-03  0.379507965291D-03 -0.117657854254D-01
 -0.365247183212D-02  0.107318375614D-02  0.408553191320D-02 -0.142430444229D-02
 -0.192217629278D-01 -0.177487025666D-03  0.214504358818D-02 -0.616457169202D-02
 -0.242514410994D-02 -0.962020168892D-03  0.789367566981D-03 -0.415689576593D-02
  0.173557161513D-04  0.217867998162D-02  0.217522088776D-01 -0.131743455155D-01
 -0.319873651241D-03 -0.141170815808D-01  0.299323943652D-01  0.224621973527D-02
 -0.137593551926D-01 -0.138706179680D-02 -0.328457409471D-01  0.971648264248D-02
  0.112633265306D-01  0.193979252772D-01 -0.277116089930D-02  0.350322299707D+00
 -0.660336435977D-02  0.240827896818D-02  0.216792076267D-02 -0.158739961687D-01
 -0.345969282012D-01  0.151875344984D-02  0.311276001314D-02  0.142966508362D-01
 -0.602995182502D-03 -0.152945469393D-01  0.105963871208D-01  0.329259344034D-02
 -0.716142131814D-02  0.420327472299D-01  0.241732155069D-02 -0.991874988395D-03
 -0.122326301322D-03  0.324323656773D-01  0.401693701732D-02 -0.151128189307D-01
  0.939263039423D-02  0.117074166168D-02  0.334165565240D-01 -0.986886294611D-02
 -0.874753848751D-03 -0.189228611153D-02 -0.280757403160D-02  0.118219561943D-01
 -0.100688300694D-02  0.132964799091D-02  0.208244151459D-01 -0.189765208341D-03
  0.454653925738D-02  0.439874310474D-02 -0.157591811393D-04  0.136540326800D-02
  0.254938649762D-02  0.670812293710D-02  0.815654678939D-04  0.554410153284D-03
  0.618924450641D-05 -0.118036663791D-01 -0.236913793149D-01 -0.186330768090D-02
 -0.291036233674D-01 -0.135236508498D-01  0.133205925392D-01 -0.435130015958D-03
  0.281036234050D-02 -0.554824203008D-02 -0.314858921373D-01  0.178921096282D-01
 -0.118506536159D-01  0.165919275377D-02 -0.439026983091D-04  0.352217374519D+00
 -0.255782375658D-03  0.155234414860D-02 -0.162898739238D-02 -0.219371695821D-02
  0.120725855509D-02  0.332968055087D-01 -0.207842067005D-02 -0.892969516767D-03
  0.119818193443D-01  0.132502445557D-02 -0.324449367668D-03 -0.100870909912D-01
 -0.293606466708D-02  0.170324809310D-03  0.917736103069D-02 -0.230683987560D-01
 -0.150523694495D-02 -0.176897300966D-02 -0.118901239732D-02 -0.934567532114D-03
  0.184778929465D-02  0.520773585200D-02 -0.940845429989D-03  0.256305941119D-02
  0.368991190033D-01 -0.404030153424D-01  0.588542007941D-03 -0.375847180352D-03
 -0.861054326329D-03 -0.140250827129D-03 -0.575867073435D-03  0.210768226195D-02
  0.509336811758D-01 -0.212257511937D-03 -0.111466910131D-02 -0.235794363472D-01
  0.390618553505D-01 -0.251164662685D-03  0.541294593303D-03  0.309613811056D-01
 -0.471460621995D-01  0.499019078607D-03  0.599841757932D-03 -0.770242767948D-02
  0.188315454693D-02 -0.234884382306D-02 -0.301289003941D-02 -0.233975601179D-02
  0.444958025311D-02 -0.153322582665D-02 -0.979383355312D-03 -0.858573783455D-03
 -0.211665897311D-02  0.365387362347D-01  0.146575349346D-02 -0.385323683052D-02
  0.286445399474D+00  0.136441620878D-02 -0.297998136004D-01 -0.323185324868D-03
 -0.162339327006D-01  0.133440951816D-01 -0.360294886023D-03 -0.463892132953D-01
 -0.826827164743D-02 -0.147087424459D-02  0.135377912483D-01  0.178882081962D-02
 -0.121914137644D-02  0.482013054849D-01 -0.252709855067D-01  0.712563783222D-03
  0.387869984548D-03  0.176559348580D-01  0.899373099183D-02 -0.152166861070D-02
 -0.126395312217D-01  0.101113710765D-01 -0.517065007057D-03 -0.136693920649D-03
 -0.552243671622D-02  0.901702414304D-03 -0.832374919952D-03  0.135459163066D-01
  0.189381283023D-01 -0.406521228575D-02  0.224697632653D-01 -0.828036053989D-02
  0.319158435126D-01 -0.169727068225D-02 -0.233561443154D-01  0.622224623654D-02
  0.126865628287D-02 -0.894832572613D-03  0.296476220193D-01 -0.803501565963D-02
  0.104988178454D-02  0.482247487167D-03 -0.224770981531D-01  0.304726339068D-02
  0.582613264865D-03 -0.142035211599D-01  0.768443389200D-02  0.627080003316D-02
 -0.368501399960D-02 -0.356799458806D-02  0.833526432854D-02 -0.995615510921D-02
 -0.526463792658D-02  0.411319393464D-02  0.826290495232D-03 -0.168045502912D-01
 -0.247087432416D-01  0.719594585749D-03  0.323373560895D+00 -0.306369630886D-01
 -0.438455010437D-03 -0.966317886960D-03  0.127285855899D-01  0.156487125240D-01
  0.116757246875D-03  0.713343696755D-02 -0.461065392258D-01  0.245756682508D-03
  0.152150491468D-03 -0.148169445800D-01 -0.903089886592D-03 -0.242227973955D-01
 -0.481447829854D-01  0.738625000898D-03  0.108888207269D-02 -0.781442857700D-02
  0.199041640905D-01 -0.112462603010D-03 -0.849149602018D-02 -0.146944449487D-01
 -0.848689515212D-03 -0.705642780977D-02  0.117933084075D-02 -0.341460630931D-03
 -0.260112182648D-03  0.187370988451D-01 -0.134915686639D-01 -0.235993364699D-01
 -0.130268658474D-02 -0.308532166387D-01 -0.796069004458D-02 -0.657256462456D-03
 -0.541659446192D-02 -0.241155543696D-01 -0.209828855444D-02  0.159430311306D-02
  0.998103234138D-02  0.323473588655D-01 -0.158598564769D-02 -0.811467563343D-04
  0.420372322017D-02  0.224127665979D-01 -0.875317554564D-03 -0.789543805775D-02
 -0.133565874744D-01  0.439007079068D-02  0.299767794592D-02  0.233573483919D-03
  0.125825018668D-01  0.125421481123D-01  0.645607139114D-02  0.622479822113D-02
 -0.268615132592D-02  0.263264977670D-01 -0.162945998683D-01  0.740337595413D-03
 -0.113037808326D-02  0.321439947956D+00 -0.922658985619D-03 -0.642968168187D-03
  0.969229570834D-02  0.181125362983D-02 -0.804978192738D-03  0.361823927746D-03
  0.179357354407D-02  0.312135136632D-02 -0.281832963108D-01 -0.174634823404D-02
 -0.867127566536D-03 -0.377939893567D-01 -0.986303646513D-03  0.231538424223D-02
 -0.551425508109D-01  0.467713054826D-01  0.266208124325D-02  0.400789297181D-03
  0.286876897262D-01  0.206406434358D-02  0.136877800951D-03  0.310525512004D-01
  0.419647012222D-03 -0.483107539343D-03  0.148837006856D-01  0.868931182708D-02
  0.108782639209D-02 -0.131801112479D-02 -0.144436960075D-02  0.536218935916D-03
 -0.483574316407D-03 -0.630006662860D-03  0.206149405354D-01  0.726756493555D-03
  0.922619437602D-03  0.611159992442D-01 -0.348451135465D-01  0.382595879451D-03
  0.432291153799D-03  0.562667647773D-01 -0.365798155321D-01 -0.771752563070D-03
  0.835947795664D-03  0.170206271962D-01 -0.999122008306D-03 -0.554444038471D-03
 -0.970158034118D-03  0.143488861464D-02  0.282092987857D-01  0.196435570029D-02
  0.179922269783D-02  0.427404677895D-03  0.160903984824D-02  0.142222045901D-01
  0.431535386164D-03  0.889465855628D-03  0.726088068492D-01 -0.132158788351D-02
  0.100350852977D-02  0.233948758423D+00  0.742892119966D-03 -0.143060666131D-01
 -0.400363366527D-03  0.334109803044D-02 -0.262641315052D-01  0.839632365613D-03
 -0.721623869291D-02  0.138659326873D-01 -0.782563021773D-03 -0.156124310038D-01
  0.280323791964D-02  0.142415166759D-03 -0.728858190231D-02  0.201063270685D-01
  0.101510712790D-02  0.326957805711D-03  0.101415564198D-01 -0.147867301012D-02
  0.310730589777D-02 -0.184539488852D-01  0.212294773201D-01  0.632401709408D-03
 -0.484629475272D-02  0.116082942840D-02 -0.125118928106D-02  0.619336093543D-04
  0.127814601708D-02 -0.223930945076D-01  0.485298547156D-02 -0.230758028227D-01
  0.282055637743D-01  0.213010487712D-01  0.219348761215D-03  0.230670949776D-01
  0.175552807966D-02  0.369823674919D-03  0.199609976347D-02  0.865037989027D-02
 -0.770308163416D-02 -0.716511407529D-03  0.345728511480D-03 -0.203745956236D-01
  0.914454839630D-02 -0.451638625294D-03  0.331791842212D-01 -0.297479961826D-01
  0.508852466456D-01 -0.105924165299D-01 -0.420673215200D-04  0.691050453736D-01
 -0.299770024772D-01  0.752418277083D-02 -0.422118965156D-01 -0.171731863923D-02
  0.193314037404D-01 -0.455893849755D-01 -0.438762775610D-03 -0.454888612843D-03
 -0.861500887798D-01 -0.118643019800D-02  0.199133836114D+00 -0.162410365806D-01
  0.126735079275D-02  0.110817333946D-03 -0.225638349763D-01 -0.503157155302D-02
  0.701347113940D-04 -0.156990519273D-01 -0.870728721978D-02 -0.135577797902D-03
  0.147904363116D-02  0.121458145276D-01 -0.119988222869D-02  0.225221602600D-01
  0.912895438239D-02  0.622808635856D-03  0.118188209664D-02  0.335129790187D-02
  0.813487946857D-02 -0.414303888091D-04 -0.226257007580D-01 -0.201062809615D-01
  0.929681204610D-03  0.130373745529D-02  0.453864874902D-02 -0.696075025150D-03
  0.822620706540D-03 -0.216585452382D-01 -0.293317632584D-02  0.241251049955D-01
  0.690594409907D-02 -0.222718638969D-01  0.279279662864D-01 -0.868879087593D-03
 -0.253058780332D-03  0.224137638865D-01 -0.969941504760D-03  0.171154160745D-02
  0.847602611224D-02  0.905036656698D-02 -0.108391026584D-02 -0.135157162480D-02
  0.122808135056D-01  0.210920538372D-01  0.261642616846D-02  0.351487017666D-01
  0.310900732262D-01  0.650314380832D-02  0.442313471020D-01  0.718817855160D-04
  0.368424923458D-01  0.663734242385D-01 -0.424443886018D-01 -0.890240669712D-02
 -0.852753710069D-03  0.492360915130D-01  0.186015675156D-01  0.111760518507D-02
  0.848104071468D-01 -0.363651195542D-03  0.113460841248D-02 -0.815996990361D-03
  0.201872234336D+00  0.457807885772D-03  0.249551638170D-02 -0.389826425711D-01
 -0.341308224250D-02 -0.446850296695D-03  0.275601542216D-01  0.123682105259D-04
  0.229268127767D-03  0.292409168388D-02  0.388782084596D-03  0.146667867190D-03
 -0.257509803409D-01 -0.435181735996D-02  0.396989695657D-02  0.160093336990D-01
 -0.309920826538D-01  0.212856792112D-02 -0.968293986592D-03  0.682187265805D-02
  0.115302724777D-02  0.176831744153D-02  0.163971909312D-02 -0.934743962974D-03
  0.105406232392D-02  0.174809319164D-01  0.772736258008D-02 -0.103148302584D-02
  0.112997479466D-02 -0.313756203673D-02  0.525981376583D-04  0.111774644379D-02
 -0.624040560649D-03 -0.781002184334D-01  0.409554958248D-02  0.243808573641D-02
  0.136753569633D-01  0.559352301389D-02 -0.199669625219D-02  0.180478295243D-02
  0.771650247104D-02  0.604833931143D-01  0.283221754551D-03  0.371389508349D-02
 -0.311172242960D-01 -0.188164239235D-04  0.201610089874D-02  0.113869266709D-02
  0.372923140590D-02 -0.713716982119D-01  0.799060265804D-03 -0.489794766632D-03
  0.252120808981D-02 -0.185694052675D-04 -0.523934099351D-01 -0.275723578892D-03
 -0.936250387149D-03  0.233360850886D-01  0.192473958034D-04 -0.126977413442D-02
 -0.352402476315D-01  0.633876926177D-03 -0.183831366745D-02  0.403537100379D+00
  0.324274400743D-03  0.215033156222D-02 -0.952528241584D-02 -0.260566026752D-02
  0.120744973696D-03 -0.423977052737D-02  0.796507966954D-03  0.201659031057D-02
  0.150301622301D-01  0.392852384505D-03  0.146467185367D-02  0.448665425634D-02
 -0.294713458635D-02  0.198678539982D-02 -0.203093474465D-01  0.237234276358D-02
  0.787142990004D-03 -0.217430677173D-02 -0.229300410211D-01 -0.410601915964D-03
  0.319351699479D-02 -0.286861388784D-02 -0.113114703933D-02  0.275508980121D-02
 -0.380468689330D-01  0.224834349674D-01  0.830913104884D-04  0.137384089428D-02
 -0.125220873878D-02 -0.940447113324D-03  0.246017913351D-04  0.175668365673D-02
  0.172319602828D-01  0.217253752848D-02  0.204699723396D-02  0.861539550075D-02
 -0.321718257575D-02  0.568455383419D-03  0.147268236402D-02 -0.179979494052D-01
  0.358714200055D-01  0.139819170303D-02  0.484038721612D-02 -0.121253290469D-01
 -0.143525501587D-03 -0.275387798847D-03 -0.471325299993D-02  0.905947828821D-03
 -0.128875304057D-01  0.929249814150D-03  0.281870533369D-03  0.930984596464D-03
 -0.111794104472D-02 -0.100170093208D-01 -0.202518197518D-03 -0.358738330595D-02
 -0.130853900686D-01  0.145853552159D-02 -0.583032382610D-03 -0.140876265902D-03
 -0.535859346430D-03 -0.415682380584D-03  0.376994676739D-01  0.345016966037D+00
 -0.151906187711D-01 -0.411925345140D-01 -0.443375782096D-03  0.136123151509D-01
 -0.581453121490D-02  0.407204232071D-03  0.310836135888D-01 -0.397708312134D-02
  0.301994022631D-03 -0.204666416201D-01 -0.119355561208D-02  0.589296047261D-03
 -0.127139012511D-01  0.680352958774D-02 -0.101047220225D-02  0.570219494729D-03
 -0.682659644284D-02  0.363465330824D-01 -0.124706720156D-02  0.268620954175D-01
 -0.736006466765D-02 -0.134147711794D-03 -0.108236656954D-01  0.708346256774D-02
 -0.603916280651D-03  0.113687567789D-02  0.144585429819D-01  0.448599704317D-02
  0.764521874431D-02 -0.975201895546D-02  0.281466779700D-01 -0.185120372884D-01
 -0.363721240403D-03  0.404858123178D-03  0.917605876449D-02 -0.592570039101D-03
  0.527810630517D-03 -0.952868883342D-03 -0.530367738068D-02 -0.296186609898D-02
  0.769487208883D-03  0.240457216241D-02 -0.142794214913D-01  0.366265787141D-04
 -0.205659024835D-01 -0.538877685319D-03 -0.257497849065D-01  0.397189249283D-03
 -0.122094803884D-02 -0.141238486499D-01  0.447364700896D-02  0.852903496763D-02
  0.938613614591D-03 -0.915889031590D-03 -0.133815425657D-01  0.315088506535D-02
  0.199618645424D-02  0.812169113294D-02  0.327662392230D-01  0.509859398986D-03
  0.330292908042D-01 -0.100057397054D-01 -0.169909554533D-02  0.211385707354D-04
  0.318426889050D+00  0.417127599867D-01 -0.144163809055D-01 -0.437152024691D-03
  0.597810030931D-02  0.143379950665D-01  0.310803060608D-03 -0.386315575939D-02
 -0.332587644711D-01 -0.154377939795D-02 -0.418219908711D-03 -0.201810274538D-01
 -0.206631051183D-03 -0.643432435994D-02 -0.132308978700D-01 -0.849161961076D-03
 -0.992874803852D-04  0.352376966382D-01  0.776306442635D-02  0.288362286214D-02
 -0.736855129161D-02 -0.270592893479D-01  0.110991346679D-02 -0.630696662240D-02
 -0.911932685496D-02 -0.946562886757D-03  0.750235949465D-03 -0.394667066574D-02
  0.140123353723D-01 -0.103706590992D-01 -0.627748003769D-02 -0.194905184122D-01
 -0.278347143994D-01 -0.190701169836D-02  0.101626725801D-01 -0.207739638695D-02
  0.329949317276D-04  0.505145166692D-03 -0.612085580959D-02  0.195153842358D-02
 -0.115803083964D-02  0.308701796745D-04  0.149587908043D-01  0.312463117256D-02
  0.608664119238D-03  0.188024167215D-02  0.215012298215D-01  0.357567061767D-02
  0.230126646491D-01 -0.126720400027D-02  0.568101982400D-02  0.135209164846D-01
 -0.440471420814D-02  0.985274412343D-02 -0.863644192480D-05  0.400865238003D-02
  0.151250787385D-01  0.161110881203D-02  0.343897049319D-01 -0.896901405640D-02
 -0.147005326933D-02 -0.144898398417D-01 -0.310183457608D-01 -0.994288875586D-03
 -0.119101483023D-02  0.103989578302D-02  0.320243750646D+00 -0.756808065906D-02
  0.377859378521D-02 -0.537894898491D-03 -0.231530621413D-02  0.997895281847D-04
 -0.751866398810D-03  0.270132941600D-02  0.137744845761D-01  0.828597024598D-03
 -0.221661698334D-02  0.724896836378D-02 -0.234909413407D-02  0.172326397030D-01
 -0.468678603177D-02 -0.315421042436D-03 -0.109482523589D-02 -0.607342658770D-02
 -0.651071242351D-02  0.617202676672D-03 -0.104227272144D-01 -0.147951918579D-01
  0.803361129895D-05  0.394586776735D-02 -0.181944531273D-01  0.473878046758D-03
  0.131855054644D-03  0.346818465702D-02 -0.418835539833D-02  0.130336400306D-01
 -0.414653955376D-02 -0.601217655827D-02 -0.100629533095D-01  0.115551980442D-02
 -0.123680807544D-01  0.164309048695D-02 -0.811567568494D-03  0.339186459762D-03
  0.903436936878D-02 -0.186375007136D-01 -0.963533656675D-03  0.244858357099D-03
 -0.446227192064D-02 -0.228866771508D-01  0.422264740701D-03  0.395945065648D-02
  0.207905610688D-01 -0.208029429880D-01 -0.270714818395D-01  0.137791363930D-02
  0.101097819031D-01  0.111888676589D-02 -0.101007498365D-01  0.127740933268D-01
 -0.124921637579D-02 -0.162478205276D-01 -0.345436879323D-02 -0.716271938149D-03
  0.208008613568D-01 -0.144003026543D-01  0.105290833997D-02 -0.455021514897D-01
 -0.325383907798D-01  0.611862743247D-03 -0.146685804826D-03 -0.339088485329D-02
 -0.416173749051D-01  0.231085760856D+00 -0.370181422802D-02 -0.667707870308D-02
  0.188649828946D-03 -0.240467398233D-02 -0.173000947171D-02  0.519924948080D-03
  0.131568346632D-01 -0.337310734795D-02  0.705308224426D-03 -0.843663569629D-02
 -0.239838059144D-02  0.201912313860D-02  0.414544629824D-02  0.172268873186D-01
  0.684958148432D-03  0.358060799463D-03 -0.600679323098D-02  0.715606999525D-02
  0.365005917599D-03 -0.142011287921D-01  0.106118059446D-01 -0.619231370318D-03
  0.165906720873D-01  0.343781190921D-02 -0.118577906833D-03 -0.794923524355D-03
  0.420295988179D-02  0.573428784112D-02 -0.466682377977D-02 -0.126365703908D-01
 -0.873968228717D-02  0.673755768080D-02  0.959660362030D-04  0.321427906233D-02
  0.122966982475D-01 -0.876452754625D-03  0.627957112920D-03 -0.178848650640D-01
 -0.720034726615D-02 -0.209092903947D-04 -0.564666498384D-03  0.214200339571D-01
 -0.178980513559D-02  0.870329719187D-03  0.178971207522D-01 -0.336104883657D-02
 -0.282184700782D-01  0.240199949415D-01  0.102329786796D-02  0.910478147985D-03
 -0.108363787096D-01 -0.118101620986D-01 -0.116367608592D-01  0.132847355492D-02
 -0.406848694246D-02  0.149908670852D-01 -0.843338151163D-03 -0.140268918852D-01
 -0.233872843701D-01  0.704424013905D-03 -0.329399796764D-01  0.460586460978D-01
 -0.409027824442D-03 -0.147207839835D-02  0.407634555704D-01 -0.294329222452D-02
 -0.736904697765D-04  0.229943363252D+00  0.667520429665D-03  0.131960621812D-03
  0.339262077894D-01 -0.656845976666D-03 -0.768134105599D-04 -0.436476966351D-02
  0.417483143020D-03 -0.484804272463D-03 -0.381061670889D-04  0.759725892120D-03
  0.719098447615D-03  0.706692785417D-02 -0.130202385774D-02 -0.174778600945D-03
  0.555379010454D-02  0.475201689903D-02  0.942581497874D-04  0.254801734797D-03
 -0.773597746732D-02 -0.316074055490D-03  0.295634707859D-03  0.218388806712D-01
 -0.170558066949D-03  0.707726785721D-03 -0.129129749850D-02  0.137849696086D-01
  0.260438548875D-04  0.730950331792D-03 -0.136590826221D-03 -0.435146372263D-04
  0.728682555846D-03 -0.515515647631D-03 -0.232976339448D-01  0.834352693643D-03
 -0.322752260803D-03  0.528669863753D-01  0.692967387644D-02 -0.438127737608D-03
  0.608566100361D-03 -0.253270289513D-01  0.948703194042D-02  0.768367859247D-03
  0.763049402996D-03  0.260490131635D-01 -0.123864399329D-02 -0.194357197244D-02
 -0.586058379733D-04  0.133945562623D-02 -0.565729149111D-01  0.619401186332D-03
 -0.120669959482D-02  0.217552656030D-03 -0.299565778707D-03  0.156758064422D-01
  0.506649877717D-03 -0.625597500703D-03 -0.100032035341D-01  0.147672081393D-04
 -0.111697181407D-02  0.299824813132D-02 -0.170975270960D-02 -0.556708862977D-03
  0.379251394558D-03  0.191312347904D-01 -0.253362526496D-03 -0.117729444320D-02
 -0.322270741195D-03 -0.557088588132D-03  0.220164943485D+00 -0.105340823114D-04
 -0.127039129210D-02  0.417492975552D-01 -0.527947606512D-03  0.184562119474D-02
  0.460934256165D-01  0.553922537160D-03  0.105409309176D-02 -0.144185342574D-02
  0.436666313933D-03 -0.941328698432D-03  0.545228430303D-02  0.308383949392D-02
 -0.289343774263D-02 -0.232130095908D-01 -0.158215637277D-01 -0.129331037918D-02
  0.528290261033D-04  0.103009745361D-01 -0.239896922684D-02 -0.198697083380D-02
 -0.164558879882D-04 -0.126494663061D-02  0.474340783768D-03 -0.138525678541D-01
 -0.213784948509D-01 -0.179455486486D-03 -0.785909325454D-03  0.212846555528D-02
  0.178520760553D-02 -0.337493862721D-02 -0.796407216754D-03  0.369521630240D-01
  0.112777229752D-03  0.231252796843D-03 -0.984317490938D-02  0.140809723796D-01
  0.226339405343D-02  0.145113313992D-03 -0.330516805435D-01  0.525100693723D-01
  0.260303005052D-02  0.898138801103D-03  0.842517274779D-02 -0.250871555229D-03
 -0.976099945050D-03 -0.618503377072D-02 -0.112805953361D-02 -0.926943855476D-02
  0.627366695417D-02  0.210035138731D-03  0.317829328057D-02  0.266343458762D-02
 -0.493727476867D-01  0.194057925484D-03 -0.259289647810D-02 -0.164740172217D-01
  0.165337246138D-02  0.732975417500D-03 -0.165235291235D-01 -0.775362880887D-03
 -0.245447880909D-02  0.191551452686D-01  0.599898269266D-01 -0.209012309920D-02
  0.259889400756D-02 -0.854694683660D-04 -0.820478819354D-03  0.328337955999D-01
  0.411951150150D+00  0.981319667212D-04  0.124279590545D-01  0.214791950320D-02
 -0.105433725922D-02 -0.399450888390D-02  0.304821802416D-02 -0.192028949918D-01
  0.386756743418D-02 -0.732612165943D-03 -0.472833317697D-02  0.471830826816D-02
 -0.279082959425D-03  0.109472612888D-02  0.218575383617D-02 -0.393095674643D-03
 -0.192341829912D-03  0.916720337958D-02  0.322693698542D-03  0.378320063002D-02
  0.651506447328D-03  0.821234865208D-02  0.151510777792D-03 -0.222567659103D-02
 -0.268827940040D-02 -0.575928681670D-03 -0.233330118438D-02 -0.279043901980D-02
  0.623163891395D-02  0.570455607776D-02  0.442508299792D-02  0.113014091885D-01
  0.293907852948D-01  0.350651714531D-02 -0.453380973780D-02  0.187577770353D-01
 -0.272835753971D-03  0.301560729182D-02  0.702239119390D-02 -0.276177040609D-02
 -0.624737670372D-03 -0.113308345510D-03 -0.166039512243D-01 -0.996581552758D-02
  0.309116969685D-02  0.106029481763D-01  0.232495062832D-01 -0.143132455761D-01
  0.312194525845D-02 -0.519673222277D-03  0.284990660676D-01  0.308205139375D-01
 -0.530234237387D-01 -0.544630477256D-01 -0.236405340239D-02 -0.594866326733D-01
  0.297239544266D-01  0.205940966638D-03  0.304452763637D-01 -0.673310839023D-01
  0.334999847059D-03  0.258660631342D-01  0.530201077580D-01 -0.177893985935D-02
  0.439852646433D-03  0.120878445831D-05 -0.523188431834D-01 -0.340211339945D-02
 -0.579763726359D-01  0.112671777827D-03  0.445324343071D-02  0.158256474265D+00
 -0.886398406598D-02 -0.459941131171D-03  0.206931380984D-02 -0.435473059271D-02
 -0.266217133036D-02  0.166829683978D-02  0.684590244558D-02  0.174344580328D-01
 -0.453023348471D-03 -0.202075366428D-02  0.307104106451D-03  0.439687604352D-02
 -0.745444455236D-02 -0.320699490737D-02  0.159373209803D-02 -0.659327531544D-03
  0.860564622994D-03 -0.782009517913D-02 -0.971996072874D-03  0.104115581844D-01
  0.167768900912D-02 -0.972787840114D-03  0.330657984396D-02 -0.725186326714D-02
 -0.276554966487D-03 -0.304968078230D-03 -0.982944032815D-02  0.979316673779D-04
  0.797572541636D-04 -0.113070754924D-01  0.309798819039D-01 -0.135325922075D-01
  0.199341964313D-02  0.176806962693D-01  0.712833021438D-02  0.335482603280D-02
 -0.277792656794D-02 -0.659253641269D-02 -0.980874889021D-02  0.334763225645D-02
  0.226210320240D-02  0.639316714006D-02 -0.224502481462D-01  0.551944645421D-03
  0.201095362071D-01 -0.392436089624D-02  0.138773397879D-01  0.206084964015D-01
 -0.190419914114D-02  0.217454629008D-01 -0.272328176836D-01  0.548193741918D-01
 -0.555083523344D-01  0.360013423909D-02  0.249813190529D-01  0.589792734799D-01
 -0.162929431447D-02 -0.636771379464D-01 -0.353559627377D-01 -0.329279768319D-02
  0.505090032641D-01 -0.320085615701D-01 -0.244540731930D-02 -0.109922309049D-02
  0.515033304937D-01 -0.400379410293D-02  0.581017539479D-01 -0.267897016049D-02
  0.152346010955D-02  0.146930809919D-02 -0.424561266838D-02  0.170088721375D+00
  0.121697455104D-03  0.870144763600D-03 -0.257208194080D-02  0.468597253594D-03
 -0.124440388820D-02 -0.320538840562D-02  0.159890428125D-02  0.502732916327D-03
 -0.828585672446D-03  0.847893540050D-03  0.639228370082D-03  0.292338014812D-01
  0.865499891410D-03 -0.598507047584D-03  0.481206150423D-02  0.215397386730D-01
  0.156145060139D-02  0.707325695383D-03  0.165971228563D-01  0.799472878724D-03
 -0.446437853758D-03  0.221828309305D-01 -0.997965381875D-03 -0.199944882191D-02
  0.335282920678D-01 -0.179572706072D-01  0.269191827191D-03 -0.872915360473D-03
 -0.150247390352D-02 -0.132720167038D-03 -0.153689503682D-03 -0.131659325735D-02
 -0.194186670037D-01  0.184411429693D-02  0.109001979935D-02 -0.276164782643D-01
 -0.546459106539D-01 -0.562455531727D-03  0.127725407044D-02 -0.263817545785D-01
  0.532026043548D-01  0.401728569745D-03  0.160568430014D-02 -0.277883921842D-01
  0.161547471995D-02  0.105897701671D-02 -0.137613912625D-02  0.701739039732D-03
 -0.236537552394D-01  0.136352248634D-02  0.186051133014D-02 -0.367590559585D-03
 -0.657716395081D-03 -0.116591763600D-01  0.124073333433D-03  0.657814811879D-03
 -0.663159474020D-01  0.151242807685D-02 -0.195789484594D-02  0.585832721546D-01
 -0.253229641512D-02 -0.730919679863D-03  0.493295451331D-01  0.512147760403D-02
 -0.354718381260D-03 -0.139411898298D-02  0.222386312048D-03 -0.930907583446D-03
 -0.405194650403D-02  0.140362603622D+00  0.206612142461D-02  0.253344628960D-02
  0.182080891933D+00  0.440186487658D-03 -0.204490086855D-02 -0.572245267716D-02
  0.751005948724D-03  0.247215004523D-02 -0.940434870815D-02 -0.563770015299D-04
 -0.803092733746D-03 -0.225285793929D-02 -0.218732012833D-02 -0.676154080667D-03
 -0.450722726378D-01  0.682306421858D-03  0.154606851855D-02 -0.412872660641D-01
 -0.550212549038D-02  0.368554692857D-03  0.111551589667D-02 -0.137614681786D-01
  0.130015936741D-02  0.987335352185D-03  0.223852585665D-01  0.139509682171D-02
 -0.345160054028D-03  0.543637242521D-02  0.201845933164D-01  0.222094781315D-02
 -0.103875696100D-02  0.107746451033D-02  0.146998628467D-02  0.622834646103D-03
 -0.180141256762D-03 -0.225420131374D-01 -0.205065210074D-02 -0.162099709245D-02
 -0.397615454484D-02 -0.259801601671D-01  0.101120052402D-02 -0.322316865526D-03
  0.355954143797D-01 -0.827283030248D-01  0.115569757539D-02 -0.234148641987D-02
 -0.109619067363D-02 -0.747445728352D-03  0.212077734087D-02  0.203110731854D-03
  0.200793397133D-02  0.904058877430D-02  0.248407102497D-03  0.169658213661D-03
 -0.705488575414D-03  0.700453299583D-03  0.402333955540D-01  0.951924357973D-03
  0.191217316763D-02  0.402832470378D-01 -0.229382626008D-03 -0.100391115705D-02
  0.326402704826D-01  0.153480821438D-02  0.137213086849D-02 -0.968186299611D-02
 -0.150054202059D-01  0.477870315384D-03  0.276505377945D-02 -0.122781989091D-02
  0.215091112013D-02 -0.967297017607D-02 -0.247968231957D-01  0.191297507025D-02
  0.155467277567D-02 -0.857285487975D-01  0.406275891656D+00 -0.926392010364D-01
 -0.273913907677D-01  0.660779093092D-04 -0.446275756644D-04 -0.528460539451D-02
  0.119835028466D-02  0.593415777736D-01 -0.116547174303D-01 -0.243179861964D-02
 -0.108647188325D-01  0.211292797171D-01  0.541808651204D-03 -0.760958351958D-02
 -0.671909963193D-02 -0.504555324151D-03 -0.235882888141D-03  0.299333522953D-02
 -0.190021484993D-01 -0.120020552511D-03  0.136121581813D-01 -0.164938733269D-01
 -0.518005681646D-03 -0.130451938440D-01  0.318903724486D-02 -0.140502698530D-02
 -0.102630933572D-03  0.387115442342D-02 -0.167252258415D-02 -0.114018888565D-01
 -0.175396164804D-02 -0.139305264824D-03 -0.640966018005D-02  0.445824156035D-03
  0.963314323679D-02 -0.312307759253D-02  0.127801425284D-03  0.105679392330D-02
 -0.182302554001D-02 -0.192192733051D-02 -0.601887707032D-03  0.417648441512D-04
 -0.124283484413D-01 -0.601297349051D-03  0.252121309470D-02  0.632998818898D-02
  0.202195011089D-01 -0.231776789523D-01  0.357105180990D-02 -0.186493137520D-02
  0.150680905357D-02 -0.403750157770D-02 -0.705257206089D-02  0.145837917394D-01
  0.255543865701D-02 -0.872603164802D-02 -0.653500574915D-03 -0.861295150089D-03
  0.142797135940D-01  0.284676159765D-01  0.125796224363D-02  0.429827882286D-01
  0.154283267359D-01 -0.248680205882D-02 -0.167799833064D-02  0.185329748305D-02
 -0.199630340724D-03 -0.264327720053D-02  0.751431627700D-03 -0.881847044300D-03
  0.748131078496D-04 -0.333565214788D-01  0.220524227200D-01  0.447072672556D-04
  0.142105059144D-02  0.339113552479D+00 -0.279900642306D-01  0.951655414857D-01
  0.173706530347D-02 -0.596835870163D-02 -0.395304533467D-02  0.342240712309D-03
  0.124225000245D-01  0.577815982352D-01  0.141429179540D-02  0.217966741631D-01
  0.122708733576D-01  0.208595708231D-02 -0.613709398321D-02  0.751058233311D-02
  0.466576345841D-03  0.118289939773D-02  0.220311930074D-01  0.133398278569D-02
 -0.454041653056D-03  0.152323125188D-01  0.106077001271D-01 -0.373203054442D-03
  0.280299205004D-02  0.118338138293D-01  0.143930429919D-03 -0.170559756299D-02
 -0.262570583227D-02 -0.322896137297D-02  0.201052228470D-02 -0.126495864266D-01
  0.761128596315D-02  0.227491314564D-02  0.782284268816D-03  0.428129378147D-02
  0.122094272960D-01 -0.123244287943D-02  0.121751678297D-02 -0.223906985725D-04
 -0.148540057069D-02  0.821846650199D-03  0.185265796382D-03  0.212763191525D-02
  0.879916041677D-02 -0.581906992115D-03 -0.224817513176D-01  0.855244168329D-02
 -0.267430340297D-02 -0.250971208179D-01  0.107278509686D-03  0.650096975183D-02
  0.212812878842D-02  0.156905752945D-01  0.520841862504D-02  0.360320883468D-02
 -0.201710651145D-02 -0.108822125589D-01 -0.224529457797D-02 -0.256205573627D-01
  0.133070133195D-01  0.492349772690D-03 -0.126510009986D-01  0.384695198686D-01
 -0.462830944923D-02 -0.282982549245D-02 -0.906595665725D-03 -0.369286550804D-02
  0.204223704427D-02  0.109994230161D-02 -0.152926700584D-02 -0.456379438317D-02
  0.223911232419D-01  0.354508951245D-01  0.768449737197D-03 -0.111005798060D-02
  0.111837100341D-02  0.331003655974D+00 -0.131664632162D-02 -0.228214162605D-02
  0.124862640669D-01  0.202262698204D-02  0.158374945529D-03  0.177392424004D-01
  0.140697918393D-02 -0.149191137922D-02 -0.346645705889D-01 -0.854989384175D-03
 -0.219608473057D-02 -0.949719722830D-02  0.199855821400D-02 -0.158746173738D-02
  0.417312034394D-01 -0.106703288938D-01  0.678718685513D-03  0.139184653197D-02
  0.102377944186D-01 -0.388521136262D-03 -0.150979962421D-02  0.342935796906D-02
  0.141500218396D-02 -0.152548265286D-02  0.338045108525D-01 -0.175103392294D-01
 -0.138604814325D-02  0.282158524064D-03 -0.135955781664D-03  0.754602590354D-03
 -0.125702638212D-02 -0.258983178188D-03 -0.107214744513D-01 -0.149416360020D-02
 -0.112701621104D-02 -0.251273239737D-01  0.247995733796D-02  0.139446477364D-02
  0.244001188035D-03  0.123010416692D-01  0.559305551212D-03  0.875410736723D-03
 -0.202646584967D-02  0.248202047308D-01 -0.278761554630D-02  0.245317074369D-02
  0.370993887680D-02  0.794112626645D-04 -0.234752997970D-01  0.164160798068D-02
  0.710956401380D-03 -0.591853650646D-03  0.403185130747D-02 -0.141177177732D-01
 -0.420797124135D-02  0.480351350422D-02 -0.278091543244D-02 -0.472871434922D-04
 -0.111067978966D-03  0.141400264079D-02  0.162409534048D-02 -0.130541246818D-03
  0.125586833706D-01 -0.154909460142D-02  0.294184596747D-03  0.100955840957D-02
  0.153103124461D-03  0.455443352727D-03  0.109509346081D-02 -0.191280201037D-01
  0.662174530761D-03 -0.326253313699D-02  0.199051723907D-01 -0.762947096736D-02
  0.646775343201D-03  0.445063857928D-03  0.297157972077D+00 -0.110777574159D-02
 -0.856334474822D-01  0.229696474648D-02 -0.571007024286D-02 -0.426513129936D-01
  0.102848259042D-02  0.164761696151D-01 -0.600660902898D-01 -0.208605312446D-02
 -0.125595518404D-01  0.874464218888D-02  0.261856390973D-03  0.926589953291D-02
 -0.151238078854D-01  0.543509627374D-03 -0.375767570363D-02  0.831443403070D-02
 -0.156714147368D-01  0.590547279456D-02 -0.133277898549D-01  0.330040826290D-02
  0.197911112813D-02 -0.137078210825D-01  0.206046710689D-02 -0.385032611547D-02
  0.183370332581D-02  0.198279154393D-01 -0.126247595292D-01 -0.153811689568D-01
 -0.446932345039D-02 -0.186110949252D-01 -0.362187057638D-02  0.269414790018D-02
  0.697519847813D-03 -0.157647215561D-01  0.293964854710D-02  0.184079335793D-02
  0.350234864513D-02 -0.384464476810D-02 -0.249336945553D-02  0.602885394600D-05
  0.748187544898D-02 -0.935633905198D-02  0.131697857603D-02  0.849052568871D-02
  0.107201855225D-01  0.393546138744D-02  0.118873402280D-01 -0.591486601273D-03
  0.456714893442D-02  0.133005889969D-01 -0.343206826716D-02 -0.173871750942D-01
 -0.522901416649D-05  0.393598375964D-02 -0.387802602577D-02 -0.102673115511D-02
  0.177517347916D-01 -0.125840173607D-01  0.739657694069D-04  0.954908074931D-02
  0.138441235734D-01 -0.374144381279D-02 -0.448530481835D-02  0.487433584936D-01
  0.231859732676D-02  0.410387091255D-02  0.121180149222D-01 -0.572492443943D-03
 -0.596499469567D-03 -0.189689412621D-02 -0.257279099122D-01 -0.585989912353D-03
  0.732037357763D-02  0.425034919810D-01 -0.214204643522D-01  0.545522704541D-02
  0.425137826873D+00  0.878547052286D-01 -0.152235822240D-02  0.912621819684D-04
  0.431515497177D-01 -0.243890754944D-02  0.105743089484D-02 -0.590185282608D-01
 -0.179610263026D-01 -0.928870395003D-03 -0.101205892040D-01 -0.124538404988D-01
  0.258801608465D-02  0.154792929072D-01  0.928468442782D-02  0.203763406953D-02
 -0.280023608089D-03 -0.162697219155D-01 -0.971650998341D-02  0.300610479180D-03
  0.378757200068D-02  0.119509634997D-01 -0.945861195986D-03 -0.240395919707D-02
 -0.150997339329D-01 -0.231694044471D-02  0.398012969593D-03  0.121357251497D-01
  0.216324037570D-01 -0.310646152554D-02  0.142989861845D-01 -0.441618011575D-02
  0.185111668928D-01  0.710811260797D-04 -0.144341181190D-01  0.689685156379D-03
  0.693022889035D-03  0.118301573125D-02 -0.434786587841D-02 -0.662911171247D-02
 -0.100349051963D-02  0.647657854364D-04  0.630627264684D-02  0.964925211255D-02
 -0.544719130667D-03  0.559036205049D-02 -0.376711256239D-02  0.185991332096D-01
  0.167101497218D-02  0.316642785929D-02  0.128894089211D-01 -0.117639528276D-01
  0.147920009202D-01  0.133656933335D-03  0.545876559512D-04 -0.522308906790D-02
 -0.193147554927D-02 -0.555426304760D-03 -0.122264329888D-01 -0.149375781809D-01
  0.779331162665D-03  0.122145167822D-01 -0.100869001771D-01  0.254481540855D-02
 -0.313244396696D-02  0.449859114026D-02  0.499616025319D-01 -0.117603672653D-01
  0.545523503135D-02  0.657663204763D-03 -0.205475958285D-02  0.274085712465D-01
 -0.199598009316D-02 -0.403613305557D-03  0.515206628347D-02 -0.169059947988D-01
 -0.428037720171D-01 -0.109269307117D-02  0.192089417116D-02  0.415804630362D+00
  0.112805302919D-02  0.301313983674D-01 -0.104881582694D-02  0.385364973689D-03
  0.254581520136D-01 -0.180493788128D-02 -0.155842709645D-01  0.838993067310D-02
 -0.568054901711D-03  0.174194479803D-01 -0.200552436783D-01 -0.344157405063D-02
 -0.295261840654D-01 -0.179443381426D-01 -0.412522208144D-02  0.151227165112D-02
 -0.303140378628D-02 -0.846171592935D-02  0.917005497900D-03  0.184839104195D-01
 -0.175702192771D-01  0.665535690658D-03 -0.103095229838D-01 -0.119817218363D-01
 -0.703624358875D-03  0.274555917961D-02  0.159969193454D-01 -0.994749887804D-02
  0.174325642532D-01 -0.392087743928D-02  0.190851707390D-01  0.146330969385D-01
 -0.196673559915D-02  0.955646400867D-03  0.216952379068D-01  0.171973305287D-02
 -0.183551477620D-02 -0.138468606406D-01 -0.179577563971D-01 -0.929556167218D-03
  0.123528961101D-02 -0.170536615473D-01  0.353371869454D-03 -0.488678558771D-03
  0.155823188186D-01 -0.684487824512D-02  0.554220909992D-02  0.878755637989D-03
 -0.146205817970D-02  0.239626629878D-01 -0.231333251339D-02  0.346100187563D-02
 -0.273595237021D-01 -0.186931664180D-02 -0.155662045010D-01 -0.597013802446D-02
  0.299879592599D-02 -0.120578760161D-01 -0.198985440880D-01 -0.404213806188D-02
  0.703089610966D-02  0.101758343945D-01 -0.618509581451D-03  0.715874951099D-03
  0.496016334012D-02 -0.180835635516D-01  0.451637759456D-02 -0.143957051237D-01
 -0.106295441746D-02  0.600141717257D-02 -0.250169321778D-01 -0.538996168366D-02
 -0.470921517776D-02 -0.295239733833D-02  0.231058651251D-01 -0.490964241243D-01
 -0.127242753692D-02 -0.235245639030D-01 -0.153389391595D-01  0.321500029674D+00
  0.317832914075D-01 -0.102529912138D-02  0.251222540875D-02  0.235911655186D-01
 -0.259436464853D-02  0.472171113550D-03 -0.845444621313D-02 -0.160658717225D-01
  0.247894393275D-03 -0.195830055528D-01 -0.168920037175D-01  0.547838760096D-02
 -0.192712568500D-01  0.290028946946D-01 -0.130239898411D-02 -0.310873428064D-02
  0.934686542683D-02 -0.645552890280D-02  0.448512005789D-02  0.168909686636D-01
  0.180634056575D-01  0.825488465366D-04 -0.108526148782D-01  0.850722781531D-02
 -0.366098972832D-02 -0.161373119803D-03 -0.752852930382D-02 -0.153802232186D-01
  0.363912150709D-02  0.171874316280D-01 -0.159195771163D-01  0.215745077568D-01
  0.314445347435D-02 -0.214397690727D-01 -0.208489614453D-02  0.465516444119D-04
  0.140603711137D-02  0.190559864353D-01 -0.142684997702D-01  0.199719193479D-02
  0.376415570900D-03 -0.166737733161D-03  0.150356349861D-01 -0.111847758689D-02
  0.813238432095D-02  0.160210581392D-01 -0.231247877095D-02  0.695076442230D-02
 -0.347331009985D-02  0.231500015263D-02  0.278160778585D-01 -0.285914908388D-01
 -0.424162852362D-02  0.455766527170D-02  0.499285520247D-02 -0.164583850031D-01
 -0.341427472281D-02  0.218948163635D-01 -0.117911745167D-01  0.530993454371D-03
 -0.776905523473D-02  0.873095581188D-02 -0.477381441229D-02 -0.465469282230D-02
 -0.155759659070D-01 -0.499422155688D-02 -0.146258785584D-01 -0.415051817072D-02
 -0.193757512644D-02 -0.244615971745D-02 -0.485947966372D-02  0.267523054181D-01
  0.185665111836D-02  0.238035831267D-02  0.541620647395D-01  0.210406600347D-01
 -0.263547833506D-02 -0.914809755455D-02  0.227886247862D-01  0.313633864020D-03
  0.325221106250D+00  0.825630302710D-02 -0.314563593046D-01 -0.121347068930D-02
  0.491424537104D-02 -0.276441802645D-01 -0.870110965569D-03 -0.570148911352D-02
 -0.596942017911D-02  0.248755371880D-02  0.173541746893D-01  0.150645375320D-02
  0.230903170297D-02 -0.301519515141D-02 -0.457934471658D-02  0.172506088021D-02
  0.391568293960D-02  0.379482069127D-02 -0.127118964942D-01 -0.633085337368D-02
  0.621863676873D-02 -0.889014947808D-02 -0.252391794681D-02  0.321160589313D-02
 -0.822006634066D-02  0.376980491082D-02 -0.321052492902D-02  0.195700393027D-01
 -0.626799053158D-02 -0.227764358190D-01  0.924406262547D-02 -0.266140859054D-02
  0.383325597734D-02  0.955291891419D-03  0.440689696394D-02 -0.341513573854D-02
 -0.902835234672D-03 -0.541570778345D-03  0.120752355295D-01 -0.138344545898D-01
  0.376729032066D-02  0.208509616296D-02 -0.443046629603D-01 -0.404130526971D-01
 -0.788078919350D-03  0.215034360877D-01 -0.423920111567D-01 -0.967909398518D-02
 -0.181848910844D-01 -0.389446641345D-02 -0.222061682815D-01 -0.179702869400D-01
  0.251616518815D-02 -0.447906441408D-02  0.545151603908D-03 -0.223088889919D-01
 -0.149274995397D-01 -0.273502639796D-02  0.236704966216D-02 -0.361236016387D-02
  0.248704856926D-03 -0.389709937032D-02 -0.458189040875D-01  0.489635165864D-02
  0.501626621033D-02 -0.232144464293D-01 -0.401573735496D-01 -0.294781490299D-02
 -0.141283982650D-02  0.197183539038D-02  0.288081415337D-02 -0.153345537015D-01
 -0.160992818893D-01  0.611996856677D-02 -0.862948811991D-02  0.434420131638D-02
  0.108355661343D+00 -0.466419130333D-02 -0.731149659205D-01  0.106592600607D-02
  0.693700139112D-01 -0.219792336929D-01  0.253716027412D+00  0.317856398246D-01
  0.739847105223D-02 -0.996812149845D-03  0.267044947016D-01  0.282769122696D-02
 -0.404988042005D-03 -0.739988991720D-02  0.368974627460D-02 -0.128155239856D-02
  0.744626706744D-03  0.138087625237D-01  0.899330162534D-03  0.529030833036D-03
 -0.463722502638D-02 -0.310753740026D-03 -0.592836013197D-03 -0.118268767097D-01
 -0.516822769630D-02 -0.174076291503D-02 -0.839416725852D-02 -0.669316528703D-02
 -0.675495943902D-03  0.100037398545D-01  0.100427166766D-02 -0.425442177955D-03
  0.642694319706D-03  0.543030838325D-02  0.219255676703D-01  0.872749467178D-02
  0.223143103904D-01  0.558463269302D-02 -0.220285471111D-02  0.424448330728D-03
 -0.171070202530D-02 -0.541771230201D-02  0.999877178812D-03  0.211797084168D-02
 -0.153215671569D-01 -0.825405294423D-02  0.228579805504D-02  0.232686385577D-02
  0.352263176239D-01 -0.525240991059D-01 -0.182129090320D-02 -0.415259935778D-01
 -0.220765305009D-01 -0.133394512002D-01  0.989734583186D-02 -0.148197771038D-02
 -0.208206119902D-01  0.256615879331D-01  0.850232414769D-02 -0.328322091017D-02
 -0.102307578883D-02 -0.157957423063D-01  0.227075354603D-01  0.299751064070D-03
  0.621574979462D-03 -0.433114595100D-02 -0.760728459859D-03 -0.413288720677D-01
  0.174578505809D-02  0.443363622687D-02 -0.406585884854D-02  0.329046685501D-01
 -0.176444512526D-01 -0.224241442932D-02 -0.418241268560D-02 -0.271978747731D-03
 -0.524290449570D-02  0.193567079473D-01 -0.838283471815D-02 -0.301217184348D-03
 -0.152612436797D-02  0.103742155667D+00 -0.525053388883D-02 -0.300923735592D-02
 -0.574715296010D-02 -0.661396299724D-01 -0.213471739986D-01 -0.714550644134D-01
  0.223232509249D-02  0.247431453380D+00  0.745983485870D-03 -0.548551833285D-03
 -0.518277578770D-02 -0.541530732592D-03 -0.320061166471D-02  0.112857266733D-01
 -0.120936029082D-02  0.717640761239D-03  0.574952111272D-02  0.981897733156D-03
  0.178081408230D-02 -0.375738937025D-01 -0.451359828093D-02  0.213400031698D-02
 -0.663885692821D-02 -0.399595069586D-01  0.200023085850D-04 -0.212819022451D-03
  0.159486755121D-01 -0.713310771380D-03 -0.742698298921D-03 -0.177378832741D-01
  0.914944333344D-03  0.180982402609D-02 -0.338463493015D-01  0.257733833686D-01
 -0.816495164606D-03 -0.657258175815D-03  0.441594633377D-03 -0.977772018557D-03
  0.349684299855D-02 -0.330919650825D-02 -0.368405791512D-02  0.881972168324D-03
 -0.353010076343D-03  0.925519659518D-02 -0.266189298246D-02  0.114982947081D-02
  0.364718947204D-03  0.178323776172D-01  0.122783760482D-01  0.211793811572D-02
 -0.472545691899D-02  0.787666157342D-02  0.862886445222D-03  0.132123810091D-02
  0.203728224636D-02 -0.445261531742D-02 -0.136654416056D-02 -0.160233838043D-03
  0.284243618545D-02  0.195596872438D-02 -0.238235229786D-02  0.247985512867D-02
  0.429998531162D-03  0.416682665962D-03 -0.207059800336D-01  0.172929217764D-02
 -0.124223773426D-02  0.164758535801D-01 -0.209110946000D-02 -0.347918233817D-02
  0.105452399424D-01  0.434042008043D-01 -0.291299046692D-04 -0.250560982312D-02
 -0.237478412813D-03 -0.110547600351D-02  0.123397082086D-01  0.608000090457D-01
 -0.213097517182D-02  0.533802623214D-02  0.242273230311D-01 -0.259723167956D-01
 -0.164140645311D-02 -0.282508017878D-02 -0.350042591926D-02 -0.197918580869D-02
 -0.542032850748D-03 -0.103731516731D-02 -0.221408632597D-02  0.528659689433D-02
  0.157717183042D-02  0.129751026203D+00
$end
