$energy      SCF               SCFKIN            SCFPOT
     1 -1152.082306948      1149.02936     -2301.11167     0.2031712623735
     2 -1152.097171212      1148.93192     -2301.02909     0.2028822582558
     3 -1152.099576148      1148.82627     -2300.92585     0.2011388807519
     4 -1152.088343239      1148.74333     -2300.83167     0.1976982660849
     5 -1152.084491748      1148.61027     -2300.69476     0.1933305384151
     6 -1152.090572574      1148.44015     -2300.53072     0.1893827440581
     7 -1152.095279648      1148.31515     -2300.41043     0.1860651191694
     8 -1152.096708639      1148.26573     -2300.36244     0.1827601518536
     9 -1152.093957227      1148.26940     -2300.36336     0.1790815306004
    10 -1152.089194195      1148.25255     -2300.34174     0.1750088349672
    11 -1152.093323517      1148.12651     -2300.21984     0.1705846744968
    12 -1152.093449793      1147.94617     -2300.03962     0.1658610757795
    13 -1152.079197633      1147.78015     -2299.85935     0.1608855010396
    14 -1152.068305297      1147.59034     -2299.65865     0.1559740422429
    15 -1152.064782824      1147.40068     -2299.46547     0.1513947354260
    16 -1152.060775752      1147.28326     -2299.34403     0.1469617240765
    17 -1152.055787814      1147.25773     -2299.31352     0.1423839606740
    18 -1152.048794345      1147.30128     -2299.35008     0.1376180032004
    19 -1152.037930921      1147.35574     -2299.39368     0.1328677162390
    20 -1152.036593031      1147.31627     -2299.35286     0.1284891051912
    21 -1152.037845492      1147.20786     -2299.24571     0.1246094710528
    22 -1152.025544706      1147.12381     -2299.14935     0.1207927544272
    23 -1152.014918558      1147.03660     -2299.05152     0.1167037071904
    24 -1152.012824263      1146.95113     -2298.96396     0.1125179149819
    25 -1152.011396343      1146.93070     -2298.94209     0.1084529870205
    26 -1152.009919042      1146.99154     -2299.00146     0.1045759742379
    27 -1152.007288302      1147.11418     -2299.12147     0.1010020120786
    28 -1152.000194539      1147.25278     -2299.25297     0.9789484886691E-01
    29 -1152.003261676      1147.30225     -2299.30551     0.9553932346227E-01
    30 -1152.010625543      1147.28278     -2299.29341     0.9395527712989E-01
    31 -1152.004055067      1147.29837     -2299.30243     0.9259834395339E-01
    32 -1151.997127453      1147.32421     -2299.32134     0.9064749516812E-01
    33 -1151.998005617      1147.34630     -2299.34431     0.8750183106522E-01
    34 -1151.998876162      1147.41895     -2299.41783     0.8395427338677E-01
    35 -1151.999487637      1147.55842     -2299.55791     0.8042054857673E-01
    36 -1151.997809554      1147.75473     -2299.75254     0.7711313764089E-01
    37 -1151.988960003      1147.97485     -2299.96381     0.7419306942851E-01
    38 -1151.990083039      1148.10594     -2300.09603     0.7186222667579E-01
    39 -1151.997615376      1148.15650     -2300.15411     0.7004623128012E-01
    40 -1151.989882377      1148.24108     -2300.23096     0.6830228427525E-01
    41 -1151.979108902      1148.33428     -2300.31339     0.6626898970873E-01
    42 -1151.976250706      1148.39908     -2300.37533     0.6397270728433E-01
    43 -1151.974788531      1148.47512     -2300.44991     0.6164061532491E-01
    44 -1151.974403353      1148.57998     -2300.55439     0.5936338486353E-01
    45 -1151.971616388      1148.71975     -2300.69137     0.5716670030593E-01
    46 -1151.960854856      1148.87485     -2300.83571     0.5509535122411E-01
    47 -1151.960713998      1148.93076     -2300.89147     0.5331354964133E-01
    48 -1151.969549950      1148.88929     -2300.85884     0.5185533597833E-01
    49 -1151.963086158      1148.87340     -2300.83648     0.5041347879445E-01
    50 -1151.952074991      1148.85878     -2300.81086     0.4874631256385E-01
    51 -1151.950130596      1148.79322     -2300.74335     0.4687610813067E-01
    52 -1151.952538415      1148.70731     -2300.65985     0.4498569650961E-01
    53 -1151.956695655      1148.63430     -2300.59100     0.4307636872099E-01
    54 -1151.955913417      1148.60625     -2300.56216     0.4111516444459E-01
    55 -1151.946119982      1148.60213     -2300.54825     0.3920974291563E-01
    56 -1151.950594701      1148.49293     -2300.44353     0.3766538381614E-01
    57 -1151.963428461      1148.30884     -2300.27227     0.3654285364600E-01
    58 -1151.958599976      1148.18377     -2300.14237     0.3556609506847E-01
    59 -1151.947434337      1148.08534     -2300.03277     0.3447784121740E-01
    60 -1151.946169185      1147.94112     -2299.88729     0.3316993387800E-01
    61 -1151.950638583      1147.77728     -2299.72792     0.3175229830780E-01
    62 -1151.953648425      1147.65295     -2299.60659     0.3027561779729E-01
    63 -1151.946943155      1147.61346     -2299.56040     0.2878107896627E-01
    64 -1151.931619640      1147.61631     -2299.54793     0.2748359268407E-01
    65 -1151.935709764      1147.51716     -2299.45287     0.2672274483726E-01
    66 -1151.945348840      1147.38487     -2299.33022     0.2642606282050E-01
    67 -1151.936409915      1147.34912     -2299.28553     0.2620494280539E-01
    68 -1151.920825705      1147.36169     -2299.28252     0.2582376235235E-01
    69 -1151.917996296      1147.31789     -2299.23589     0.2518191701912E-01
    70 -1151.924370209      1147.23566     -2299.16003     0.2440764742025E-01
    71 -1151.927744403      1147.19934     -2299.12708     0.2365498577325E-01
    72 -1151.919167923      1147.26023     -2299.17940     0.2300278818931E-01
    73 -1151.904752157      1147.35315     -2299.25790     0.2266413322556E-01
    74 -1151.915058458      1147.32646     -2299.24152     0.2292067743564E-01
    75 -1151.928098252      1147.28506     -2299.21316     0.2355230077864E-01
    76 -1151.922341702      1147.35370     -2299.27604     0.2422981855716E-01
    77 -1151.909260840      1147.47239     -2299.38165     0.2477522360636E-01
    78 -1151.910930302      1147.51124     -2299.42217     0.2508374256944E-01
    79 -1151.924186011      1147.48419     -2299.40837     0.2523478409649E-01
    80 -1151.932545183      1147.50466     -2299.43720     0.2543623933919E-01
    81 -1151.926695457      1147.63400     -2299.56070     0.2576112023390E-01
    82 -1151.914358331      1147.79859     -2299.71295     0.2638470371040E-01
    83 -1151.928477293      1147.83381     -2299.76229     0.2753456966548E-01
    84 -1151.944181876      1147.84990     -2299.79408     0.2897111332183E-01
    85 -1151.939875554      1147.97806     -2299.91794     0.3050902138206E-01
    86 -1151.926917239      1148.15146     -2300.07838     0.3192810111930E-01
    87 -1151.927992956      1148.23275     -2300.16075     0.3316586378171E-01
    88 -1151.941348513      1148.23061     -2300.17196     0.3419693847394E-01
    89 -1151.949017589      1148.27083     -2300.21984     0.3508721578346E-01
    90 -1151.941858242      1148.42234     -2300.36420     0.3591571176853E-01
    91 -1151.924498391      1148.62428     -2300.54877     0.3682245762994E-01
    92 -1151.933048328      1148.69225     -2300.62530     0.3808113178020E-01
    93 -1151.947858036      1148.70045     -2300.64830     0.3954636124036E-01
    94 -1151.941904685      1148.79263     -2300.73453     0.4107774620870E-01
    95 -1151.926170855      1148.91115     -2300.83732     0.4246494758530E-01
    96 -1151.922752142      1148.92433     -2300.84708     0.4350644448550E-01
    97 -1151.933648072      1148.83039     -2300.76403     0.4407659825743E-01
    98 -1151.942318207      1148.75410     -2300.69642     0.4419727316999E-01
    99 -1151.939690686      1148.77347     -2300.71317     0.4396224624879E-01
   100 -1151.923899767      1148.86209     -2300.78599     0.4355536997036E-01
   101 -1151.930700184      1148.82277     -2300.75347     0.4334364698969E-01
   102 -1151.952589725      1148.67029     -2300.62288     0.4341629090551E-01
   103 -1151.953842147      1148.57331     -2300.52715     0.4353038217584E-01
   104 -1151.942502232      1148.51162     -2300.45412     0.4355949649634E-01
   105 -1151.938536176      1148.38229     -2300.32083     0.4331690746614E-01
   106 -1151.950170530      1148.16451     -2300.11468     0.4280838290433E-01
   107 -1151.962295608      1147.97692     -2299.93922     0.4207595445384E-01
   108 -1151.963883477      1147.91194     -2299.87582     0.4113834678826E-01
   109 -1151.947407366      1147.97009     -2299.91749     0.4016418672870E-01
   110 -1151.944880109      1147.94683     -2299.89171     0.3953034203202E-01
   111 -1151.965006703      1147.77896     -2299.74396     0.3943942478184E-01
   112 -1151.965018120      1147.66704     -2299.63205     0.3965787223660E-01
   113 -1151.949717060      1147.62071     -2299.57043     0.4007274627407E-01
   114 -1151.938045575      1147.54924     -2299.48728     0.4050069873837E-01
   115 -1151.944637659      1147.39710     -2299.34174     0.4089715630076E-01
   116 -1151.956388210      1147.26745     -2299.22384     0.4127286018795E-01
   117 -1151.960243148      1147.26350     -2299.22374     0.4166815638125E-01
   118 -1151.944902757      1147.40591     -2299.35082     0.4212797025959E-01
   119 -1151.935610607      1147.50084     -2299.43645     0.4298817523477E-01
   120 -1151.958752247      1147.39963     -2299.35838     0.4457911515380E-01
   121 -1151.965323670      1147.32548     -2299.29080     0.4660939077350E-01
   122 -1151.954165593      1147.32990     -2299.28407     0.4911363735604E-01
   123 -1151.943144275      1147.33514     -2299.27829     0.5176571474932E-01
   124 -1151.952177285      1147.25819     -2299.21037     0.5439823788623E-01
   125 -1151.970141482      1147.18670     -2299.15684     0.5689409035287E-01
   126 -1151.981950055      1147.23663     -2299.21858     0.5935085710254E-01
   127 -1151.973938744      1147.44730     -2299.42123     0.6179639335062E-01
   128 -1151.962221712      1147.65041     -2299.61263     0.6459955390678E-01
   129 -1151.990268719      1147.61357     -2299.60384     0.6825215016715E-01
   130 -1152.005744330      1147.56145     -2299.56719     0.7230044398859E-01
   131 -1151.999667987      1147.60503     -2299.60470     0.7679382320006E-01
   132 -1151.988344654      1147.68430     -2299.67265     0.8109859863924E-01
   133 -1151.995436362      1147.69223     -2299.68767     0.8514081589196E-01
   134 -1152.014763307      1147.68213     -2299.69689     0.8897862642191E-01
   135 -1152.029632270      1147.77794     -2299.80757     0.9262238152742E-01
   136 -1152.027039627      1148.03306     -2300.06010     0.9595329832774E-01
   137 -1152.005954569      1148.34378     -2300.34973     0.9947904779000E-01
   138 -1152.024201848      1148.39709     -2300.42129     0.1043902861957
   139 -1152.046524753      1148.32756     -2300.37408     0.1102782237825
   140 -1152.041949330      1148.34932     -2300.39127     0.1165526630280
   141 -1152.024936725      1148.43895     -2300.46388     0.1220948911015
   142 -1152.021830881      1148.47110     -2300.49294     0.1266903058427
   143 -1152.036530721      1148.43863     -2300.47517     0.1306971858652
   144 -1152.050837223      1148.46199     -2300.51283     0.1337305940279
   145 -1152.054677910      1148.60646     -2300.66113     0.1355695725079
   146 -1152.034422234      1148.84699     -2300.88141     0.1370769912078
   147 -1152.029751068      1148.91437     -2300.94412     0.1399739470226
   148 -1152.065898364      1148.69110     -2300.75699     0.1446931895479
   149 -1152.073943864      1148.52960     -2300.60354     0.1493349410302
   150 -1152.059008241      1148.47991     -2300.53891     0.1532032005535
   151 -1152.047336579      1148.44179     -2300.48913     0.1553467445702
   152 -1152.058088824      1148.32568     -2300.38377     0.1558553287242
   153 -1152.072963849      1148.23109     -2300.30406     0.1550599462551
   154 -1152.079863176      1148.23764     -2300.31750     0.1533919280817
   155 -1152.067993838      1148.35473     -2300.42273     0.1516631948442
   156 -1152.043952392      1148.43842     -2300.48238     0.1507629975552
   157 -1152.069540749      1148.20445     -2300.27399     0.1509911756489
   158 -1152.084078717      1147.95758     -2300.04166     0.1513214369228
   159 -1152.067354014      1147.85923     -2299.92658     0.1507549193957
   160 -1152.042418348      1147.84791     -2299.89033     0.1487542274015
   161 -1152.039871818      1147.76503     -2299.80490     0.1455057009810
   162 -1152.050164412      1147.65014     -2299.70031     0.1416680934695
   163 -1152.056102548      1147.60400     -2299.66010     0.1375058337137
   164 -1152.053000746      1147.65798     -2299.71098     0.1334921337167
   165 -1152.025015662      1147.79654     -2299.82155     0.1299839853534
   166 -1152.021252176      1147.74309     -2299.76434     0.1267467948478
   167 -1152.047737374      1147.49273     -2299.54046     0.1235140813511
   168 -1152.037688792      1147.39782     -2299.43551     0.1201076145406
   169 -1152.007447580      1147.43008     -2299.43753     0.1163896044217
   170 -1151.996432020      1147.40263     -2299.39906     0.1127543568896
   171 -1152.003618436      1147.30723     -2299.31085     0.1093902236248
   172 -1152.009735352      1147.25700     -2299.26674     0.1061432096419
   173 -1152.014692359      1147.29278     -2299.30747     0.1031189110689
   174 -1152.001082159      1147.45754     -2299.45862     0.1006930878437
   175 -1151.974771307      1147.62102     -2299.59579     0.9852319236178E-01
   176 -1152.007151374      1147.47600     -2299.48315     0.9599782802081E-01
   177 -1152.016028293      1147.38866     -2299.40469     0.9395185731161E-01
   178 -1151.989019827      1147.45552     -2299.44454     0.9192183982149E-01
   179 -1151.972033118      1147.48693     -2299.45896     0.9052993957900E-01
   180 -1151.977972621      1147.40916     -2299.38714     0.8956543227577E-01
   181 -1151.986198848      1147.34666     -2299.33286     0.8873702869917E-01
   182 -1151.997436053      1147.35600     -2299.35343     0.8808154544038E-01
   183 -1152.002650292      1147.49619     -2299.49884     0.8800745358038E-01
   184 -1151.976946543      1147.78386     -2299.76081     0.8838836695093E-01
   185 -1151.985293892      1147.86568     -2299.85097     0.8789991018121E-01
   186 -1152.018644585      1147.75178     -2299.77042     0.8638832994215E-01
   187 -1152.001761977      1147.80132     -2299.80308     0.8524290011396E-01
   188 -1151.976634206      1147.87193     -2299.84856     0.8522943790638E-01
   189 -1151.977393111      1147.81040     -2299.78780     0.8660351739593E-01
   190 -1151.986328604      1147.72176     -2299.70809     0.8888858389398E-01
   191 -1151.998629740      1147.69279     -2299.69142     0.9182289925806E-01
   192 -1152.013953836      1147.77523     -2299.78918     0.9486109716516E-01
   193 -1152.010485852      1148.02841     -2300.03890     0.9693350648429E-01
   194 -1151.983129712      1148.33461     -2300.31774     0.9630103002412E-01
   195 -1152.017554328      1148.29496     -2300.31251     0.9226203694887E-01
   196 -1152.020480320      1148.25931     -2300.27979     0.8851903083905E-01
   197 -1151.988500911      1148.30979     -2300.29830     0.8649757385444E-01
   198 -1151.978701302      1148.23226     -2300.21096     0.8693444031721E-01
   199 -1151.983583505      1148.07917     -2300.06275     0.8841259794872E-01
   200 -1151.988245059      1147.97609     -2299.96433     0.9002262021395E-01
   201 -1151.999348109      1147.96359     -2299.96294     0.9111260253901E-01
   202 -1152.013110230      1148.08116     -2300.09427     0.9134015053823E-01
   203 -1151.998714003      1148.38000     -2300.37871     0.9052931029164E-01
   204 -1151.982856984      1148.59912     -2300.58198     0.8797680186608E-01
   205 -1152.018560900      1148.46167     -2300.48023     0.8421749753165E-01
   206 -1152.004715977      1148.37211     -2300.37682     0.8172490347365E-01
   207 -1151.982867969      1148.22445     -2300.20732     0.8014732796824E-01
   208 -1151.977279943      1147.98826     -2299.96554     0.7912692057480E-01
   209 -1151.971677081      1147.80126     -2299.77293     0.7816166231061E-01
   210 -1151.973172290      1147.70127     -2299.67445     0.7704269693650E-01
   211 -1151.989187842      1147.70408     -2299.69327     0.7594779964200E-01
   212 -1152.007477726      1147.85254     -2299.86002     0.7541924169827E-01
   213 -1151.987992950      1148.19437     -2300.18236     0.7562770283475E-01
   214 -1151.974981443      1148.37215     -2300.34714     0.7530024105953E-01
   215 -1152.001749727      1148.15668     -2300.15843     0.7400079785787E-01
   216 -1151.995611274      1147.89239     -2299.88800     0.7330962879701E-01
   217 -1151.981665376      1147.60646     -2299.58813     0.7319807369253E-01
   218 -1151.963435064      1147.41780     -2299.38124     0.7325975019971E-01
   219 -1151.954959399      1147.33283     -2299.28779     0.7341117876434E-01
   220 -1151.965138271      1147.34179     -2299.30693     0.7372352753791E-01
   221 -1151.990971195      1147.45419     -2299.44516     0.7432733295127E-01
   222 -1152.011099699      1147.71929     -2299.73039     0.7554318736072E-01
   223 -1151.977369702      1148.16130     -2300.13867     0.7742843376586E-01
   224 -1151.962940925      1148.28079     -2300.24373     0.7902251276987E-01
   225 -1152.010004695      1147.86007     -2299.87007     0.7987847735638E-01
   226 -1152.008601751      1147.52370     -2299.53230     0.8087218686305E-01
   227 -1151.982335066      1147.31385     -2299.29619     0.8228633127706E-01
   228 -1151.964229126      1147.23896     -2299.20319     0.8382547071683E-01
   229 -1151.966433674      1147.25924     -2299.22567     0.8559076175405E-01
   230 -1151.987765623      1147.36172     -2299.34948     0.8771296266100E-01
   231 -1152.019065856      1147.56213     -2299.58119     0.9038901533811E-01
   232 -1152.032802211      1147.90335     -2299.93615     0.9379170721342E-01
   233 -1151.992818706      1148.32877     -2300.32159     0.9770357236592E-01
   234 -1152.000324749      1148.27442     -2300.27475     0.1007580086738
   235 -1152.048662159      1147.80309     -2299.85176     0.1022179605072
   236 -1152.033675562      1147.53875     -2299.57243     0.1034143228137
   237 -1152.006034115      1147.45282     -2299.45885     0.1046626722287
   238 -1151.993713298      1147.48102     -2299.47474     0.1061047794441
   239 -1152.000087103      1147.58339     -2299.58348     0.1084382579199
   240 -1152.020418135      1147.74773     -2299.76815     0.1121096887478
   241 -1152.043130948      1147.98501     -2300.02814     0.1167088806403
   242 -1152.055659129      1148.27427     -2300.32993     0.1212739740239
   243 -1152.045910821      1148.55050     -2300.59641     0.1248797371208
   244 -1152.018529923      1148.64636     -2300.66489     0.1267324310149
   245 -1152.061479719      1148.27662     -2300.33810     0.1266753563608
   246 -1152.055551471      1148.07033     -2300.12589     0.1256786817540
   247 -1152.026818643      1148.02529     -2300.05210     0.1234549387545
   248 -1152.008357405      1148.08039     -2300.08875     0.1197220595383
   249 -1152.003793075      1148.17633     -2300.18012     0.1158242043481
   250 -1152.002495789      1148.30223     -2300.30472     0.1142064498737
   251 -1151.995522774      1148.43669     -2300.43221     0.1156697183958
   252 -1152.001662028      1148.46315     -2300.46482     0.1192741723585
   253 -1152.026656989      1148.38003     -2300.40669     0.1227191558285
   254 -1152.048659581      1148.35879     -2300.40745     0.1239923535525
   255 -1152.051662166      1148.51442     -2300.56609     0.1230893823774
   256 -1152.000228871      1148.85148     -2300.85171     0.1209218990749
   257 -1152.014176319      1148.78659     -2300.80077     0.1180404202896
   258 -1152.052631613      1148.46684     -2300.51947     0.1152026105265
   259 -1152.037154158      1148.32220     -2300.35936     0.1113647112408
   260 -1152.003278397      1148.31537     -2300.31865     0.1061229591346
   261 -1151.980901246      1148.26837     -2300.24928     0.9991694084552E-01
   262 -1151.984627721      1148.09645     -2300.08108     0.9540614804746E-01
   263 -1151.990219169      1147.94253     -2299.93275     0.9384864520150E-01
   264 -1151.997338724      1147.86575     -2299.86309     0.9279647789518E-01
   265 -1152.014634249      1147.88115     -2299.89578     0.9072952458461E-01
   266 -1152.028289090      1148.02992     -2300.05820     0.8810158383490E-01
   267 -1151.984177027      1148.37252     -2300.35670     0.8533462025753E-01
   268 -1151.995636940      1148.33483     -2300.33047     0.8251533079789E-01
   269 -1152.027005149      1148.01827     -2300.04527     0.7969654296906E-01
   270 -1151.994696310      1147.84752     -2299.84221     0.7614263697455E-01
   271 -1151.973594265      1147.64905     -2299.62265     0.7187792013585E-01
   272 -1151.959848531      1147.48425     -2299.44410     0.6805237655199E-01
   273 -1151.948960869      1147.39863     -2299.34759     0.6541579527303E-01
   274 -1151.951738249      1147.37073     -2299.32247     0.6377185305943E-01
   275 -1151.973877405      1147.39097     -2299.36484     0.6250952915071E-01
   276 -1152.003034552      1147.51762     -2299.52066     0.6136326104746E-01
   277 -1151.984612518      1147.88970     -2299.87431     0.6034171273689E-01
   278 -1151.928631851      1148.22748     -2300.15611     0.5937964568413E-01
   279 -1151.985621917      1147.87637     -2299.86199     0.5806980206026E-01
   280 -1151.998245057      1147.58941     -2299.58765     0.5699065759517E-01
   281 -1151.964707317      1147.32413     -2299.28883     0.5511764153342E-01
   282 -1151.928043128      1147.25242     -2299.18046     0.5375411906019E-01
   283 -1151.915440391      1147.23011     -2299.14555     0.5303582926561E-01
   284 -1151.929419209      1147.23775     -2299.16717     0.5318352336009E-01
   285 -1151.961202759      1147.31820     -2299.27940     0.5395279040172E-01
   286 -1151.990585518      1147.53301     -2299.52359     0.5507255362780E-01
   287 -1151.981374885      1147.98662     -2299.96799     0.5643336416672E-01
   288 -1151.923534097      1148.41934     -2300.34287     0.5727154106694E-01
   289 -1151.979967395      1148.10682     -2300.08679     0.5736086742946E-01
   290 -1152.005971594      1147.76298     -2299.76895     0.5708359508600E-01
   291 -1151.963613377      1147.50539     -2299.46900     0.5618432098590E-01
   292 -1151.929000146      1147.44838     -2299.37738     0.5475229295819E-01
   293 -1151.919683274      1147.45521     -2299.37489     0.5341574022714E-01
   294 -1151.929157248      1147.51590     -2299.44506     0.5393183021147E-01
   295 -1151.945467867      1147.62788     -2299.57335     0.5621054196481E-01
   296 -1151.964641163      1147.84030     -2299.80494     0.5957198433173E-01
   297 -1151.992286213      1148.02842     -2300.02071     0.6211354024796E-01
   298 -1152.008636396      1148.23735     -2300.24599     0.6381406801085E-01
   299 -1151.931701348      1148.58938     -2300.52108     0.6503830892630E-01
   300 -1151.991439150      1148.21864     -2300.21007     0.6560608815832E-01
   301 -1152.012327872      1147.95975     -2299.97208     0.6546296277040E-01
   302 -1151.978138399      1147.79550     -2299.77364     0.6396300662646E-01
   303 -1151.947480113      1147.83284     -2299.78032     0.5979255552293E-01
   304 -1151.925912508      1147.92022     -2299.84614     0.5317653505493E-01
   305 -1151.914849289      1147.96506     -2299.87991     0.4680928270459E-01
   306 -1151.913504394      1147.93988     -2299.85339     0.4216665712359E-01
   307 -1151.912141648      1147.90089     -2299.81303     0.3938806737174E-01
   308 -1151.909343148      1147.88018     -2299.78952     0.3797207747863E-01
   309 -1151.909502355      1147.88946     -2299.79896     0.3798948985205E-01
   310 -1151.914563001      1147.93445     -2299.84901     0.3934518513752E-01
   311 -1151.922601330      1148.02446     -2299.94706     0.4207769485720E-01
   312 -1151.929140119      1148.16139     -2300.09053     0.4631249121428E-01
   313 -1151.933004270      1148.31042     -2300.24342     0.5200686005512E-01
   314 -1151.941614834      1148.40214     -2300.34375     0.5894676539164E-01
   315 -1151.954841619      1148.42777     -2300.38261     0.6717456513738E-01
   316 -1151.966951456      1148.44483     -2300.41178     0.7712311268526E-01
   317 -1151.982041091      1148.48659     -2300.46863     0.8765735450363E-01
   318 -1152.005203864      1148.57673     -2300.58193     0.9558281812268E-01
   319 -1152.022362739      1148.77808     -2300.80044     0.9994658327929E-01
   320 -1151.986936087      1149.15093     -2301.13787     0.1018935611169
   321 -1151.989845833      1149.20174     -2301.19159     0.1023093133591
   322 -1152.030655051      1148.87670     -2300.90736     0.1011571723464
   323 -1152.018818966      1148.63238     -2300.65120     0.9761070885209E-01
   324 -1151.998379240      1148.41086     -2300.40924     0.9106436230638E-01
   325 -1151.981175377      1148.22393     -2300.20511     0.8397479728525E-01
   326 -1151.969301032      1148.07750     -2300.04680     0.7937001880786E-01
   327 -1151.965399381      1147.97482     -2299.94022     0.7834731674873E-01
   328 -1151.971037077      1147.92206     -2299.89310     0.8036418594708E-01
   329 -1151.985910500      1147.92888     -2299.91479     0.8351366118191E-01
   330 -1152.007733417      1148.00134     -2300.00908     0.8557213269166E-01
   331 -1152.031056000      1148.13784     -2300.16890     0.8591365257393E-01
   332 -1152.023989156      1148.38426     -2300.40825     0.8498766067774E-01
   333 -1151.958247345      1148.62845     -2300.58670     0.8321578455001E-01
   334 -1152.020473928      1148.14849     -2300.16897     0.8066835326805E-01
   335 -1152.026310393      1147.84317     -2299.86948     0.7886126670955E-01
   336 -1151.990489562      1147.61891     -2299.60940     0.7620902791639E-01
   337 -1151.961503943      1147.54503     -2299.50654     0.7391213741085E-01
   338 -1151.947324087      1147.54586     -2299.49319     0.7227982472338E-01
   339 -1151.944483373      1147.58484     -2299.52932     0.7171431594685E-01
   340 -1151.953247099      1147.62257     -2299.57582     0.7189080337854E-01
   341 -1151.976536759      1147.63867     -2299.61520     0.7213665380186E-01
   342 -1152.008245972      1147.67875     -2299.68699     0.7230608233534E-01
   343 -1152.010692939      1147.88632     -2299.89701     0.7271968717484E-01
   344 -1151.926059418      1148.27422     -2300.20028     0.7323403504795E-01
   345 -1151.998607869      1147.88018     -2299.87879     0.7289403884972E-01
   346 -1152.012051573      1147.54741     -2299.55946     0.7242617499939E-01
   347 -1151.979579891      1147.45149     -2299.43107     0.7226666560490E-01
   348 -1151.952821478      1147.46091     -2299.41373     0.7217874099875E-01
   349 -1151.940444673      1147.47867     -2299.41912     0.7224960863991E-01
   350 -1151.943226163      1147.46467     -2299.40790     0.7302028682023E-01
   351 -1151.958034192      1147.43804     -2299.39607     0.7449069407726E-01
   352 -1151.984507371      1147.43991     -2299.42441     0.7634625675539E-01
   353 -1152.017750133      1147.53501     -2299.55276     0.7841044038215E-01
   354 -1152.017232497      1147.85901     -2299.87624     0.8090353876002E-01
   355 -1151.935532478      1148.33737     -2300.27290     0.8333824083955E-01
   356 -1152.024636019      1147.97958     -2300.00421     0.8446925490713E-01
   357 -1152.026506942      1147.75662     -2299.78313     0.8519621739542E-01
   358 -1151.992573913      1147.69933     -2299.69191     0.8568852232563E-01
   359 -1151.969728743      1147.66925     -2299.63898     0.8521846912627E-01
   360 -1151.959283017      1147.64482     -2299.60410     0.8433140470915E-01
   361 -1151.958298706      1147.64147     -2299.59977     0.8488074856765E-01
   362 -1151.967264709      1147.67349     -2299.64075     0.8779359127183E-01
   363 -1151.988134457      1147.75453     -2299.74267     0.9219353330945E-01
   364 -1152.020496617      1147.90465     -2299.92514     0.9647212927686E-01
   365 -1152.050424223      1148.17447     -2300.22490     0.1001601045023
   366 -1152.014241607      1148.67753     -2300.69177     0.1032845745853
   367 -1151.971959419      1148.92576     -2300.89772     0.1047669746348
   368 -1152.052599487      1148.43062     -2300.48322     0.1035226804298
   369 -1152.047764386      1148.27387     -2300.32163     0.1020851265986
   370 -1152.010449066      1148.10930     -2300.11975     0.9770564928058E-01
   371 -1151.978016030      1148.06245     -2300.04047     0.9057271720340E-01
   372 -1151.958973233      1148.08225     -2300.04123     0.8166910156572E-01
   373 -1151.948579828      1148.14711     -2300.09569     0.7385722811840E-01
   374 -1151.941374484      1148.23647     -2300.17785     0.6812422193338E-01
   375 -1151.935975784      1148.31418     -2300.25016     0.6431155790994E-01
   376 -1151.934991311      1148.33868     -2300.27367     0.6227033788751E-01
   377 -1151.938019632      1148.31082     -2300.24884     0.6205961402742E-01
   378 -1151.942369330      1148.27098     -2300.21335     0.6391657319871E-01
   379 -1151.949147218      1148.25506     -2300.20421     0.6813966298266E-01
   380 -1151.962182721      1148.28134     -2300.24353     0.7451743498161E-01
   381 -1151.984681789      1148.35979     -2300.34448     0.8136713587271E-01
   382 -1152.015478700      1148.50715     -2300.52263     0.8605888470294E-01
   383 -1152.034398081      1148.77624     -2300.81064     0.8787744374701E-01
   384 -1151.976558848      1149.22993     -2301.20649     0.8733159633413E-01
   385 -1151.980048427      1149.16613     -2301.14618     0.8472276258821E-01
   386 -1152.029005900      1148.65252     -2300.68152     0.8093996714987E-01
   387 -1152.001843495      1148.35914     -2300.36098     0.7555411043661E-01
   388 -1151.966593984      1148.20202     -2300.16862     0.6696327056692E-01
   389 -1151.942791132      1148.12510     -2300.06789     0.5555131625950E-01
   390 -1151.927588904      1148.10220     -2300.02979     0.4427677323401E-01
   391 -1151.915359498      1148.11397     -2300.02933     0.3444533005538E-01
   392 -1151.903340976      1148.13036     -2300.03370     0.2625611714951E-01
   393 -1151.893875006      1148.10869     -2300.00257     0.2016133414096E-01
   394 -1151.889680971      1148.03069     -2299.92037     0.1665592001767E-01
   395 -1151.888924309      1147.92681     -2299.81573     0.1559793632964E-01
   396 -1151.896867821      1147.83549     -2299.73236     0.2204056111857E-01
   397 -1151.921120640      1147.74473     -2299.66585     0.4368033958626E-01
   398 -1151.960968346      1147.74645     -2299.70742     0.6168344824730E-01
   399 -1152.010464604      1147.89935     -2299.90981     0.6870307468499E-01
   400 -1151.978263131      1148.42901     -2300.40727     0.7272728586908E-01
   401 -1151.879440260      1148.86654     -2300.74598     0.7746178954931E-01
   402 -1152.021405160      1148.09424     -2300.11564     0.8096856261184E-01
   403 -1152.009949320      1147.85829     -2299.86823     0.8149341079190E-01
   404 -1151.969029850      1147.58854     -2299.55757     0.7869069122871E-01
   405 -1151.932873043      1147.45417     -2299.38704     0.7241855306041E-01
   406 -1151.913857717      1147.42119     -2299.33505     0.7004865865521E-01
   407 -1151.911534288      1147.46465     -2299.37618     0.7282730265312E-01
   408 -1151.919380079      1147.57545     -2299.49483     0.8030281347361E-01
   409 -1151.928338956      1147.73852     -2299.66686     0.9261502360512E-01
   410 -1151.936786734      1147.88835     -2299.82514     0.1096019909168
   411 -1151.957894841      1147.91984     -2299.87773     0.1295490776375
   412 -1151.988749753      1147.85498     -2299.84373     0.1480646884051
   413 -1152.010786946      1147.83095     -2299.84174     0.1611607671909
   414 -1152.020161722      1147.91712     -2299.93729     0.1694075663821
   415 -1152.017139094      1148.11454     -2300.13168     0.1733367714979
   416 -1152.002337136      1148.39332     -2300.39565     0.1718452263620
   417 -1151.982643706      1148.69755     -2300.68019     0.1672680340453
   418 -1151.969090443      1148.97108     -2300.94017     0.1646183608267
   419 -1151.968382601      1149.15961     -2301.12799     0.1654364803035
   420 -1151.980897555      1149.21015     -2301.19105     0.1690538165285
   421 -1151.997005090      1149.14383     -2301.14084     0.1742937707571
   422 -1152.003460259      1149.05777     -2301.06123     0.1790395824666
   423 -1151.999743352      1149.02317     -2301.02291     0.1669083797591
   424 -1151.993215530      1149.06126     -2301.05447     0.1540609920051
   425 -1151.989794089      1149.16293     -2301.15272     0.1479564732541
   426 -1151.992442484      1149.30080     -2301.29324     0.1501423145174
   427 -1152.004129043      1149.43431     -2301.43844     0.1596191601980
   428 -1152.023485699      1149.54227     -2301.56576     0.1737218709773
   429 -1152.039165761      1149.63963     -2301.67879     0.1883320739712
   430 -1152.043418916      1149.70613     -2301.74955     0.1985122895998
   431 -1152.045228674      1149.65194     -2301.69717     0.2009125114120
   432 -1152.046168277      1149.46767     -2301.51384     0.1946468690647
   433 -1152.036242406      1149.25488     -2301.29112     0.1809939317435
   434 -1152.017637557      1149.07633     -2301.09397     0.1644669478544
   435 -1151.999297450      1148.93224     -2300.93154     0.1509534451907
   436 -1151.989457078      1148.79839     -2300.78785     0.1431550101531
   437 -1151.989246288      1148.68062     -2300.66986     0.1407642794591
   438 -1151.993875201      1148.61734     -2300.61121     0.1433540585436
   439 -1152.000371959      1148.63083     -2300.63120     0.1508474553598
   440 -1152.003608717      1148.71497     -2300.71858     0.1599771381635
   441 -1151.989777483      1148.82298     -2300.81276     0.1646826607067
   442 -1151.985257995      1148.74906     -2300.73432     0.1636272426553
   443 -1151.992599579      1148.49442     -2300.48702     0.1591285262807
   444 -1151.975577776      1148.29126     -2300.26684     0.1520553513951
   445 -1151.953430100      1148.14454     -2300.09797     0.1443124220476
   446 -1151.939932226      1148.03705     -2299.97698     0.1384347395848
   447 -1151.934415004      1147.98771     -2299.92213     0.1358703190647
   448 -1151.934508046      1148.01293     -2299.94744     0.1372996679577
   449 -1151.939203755      1148.11186     -2300.05107     0.1425875543983
   450 -1151.950599180      1148.25799     -2300.20859     0.1508579181588
   451 -1151.976307963      1148.38033     -2300.35664     0.1595553538807
   452 -1152.009163435      1148.44218     -2300.45134     0.1645363004631
   453 -1152.021496774      1148.50032     -2300.52181     0.1650861458485
   454 -1152.007582471      1148.54783     -2300.55542     0.1609762260615
   455 -1151.992357674      1148.48512     -2300.47748     0.1573262791613
   456 -1151.983894062      1148.34583     -2300.32972     0.1534499831347
   457 -1151.974181970      1148.26368     -2300.23786     0.1503317900796
   458 -1151.969714963      1148.29150     -2300.26122     0.1495133886691
   459 -1151.969581713      1148.44963     -2300.41921     0.1507259521257
   460 -1151.962508706      1148.71415     -2300.67666     0.1514481240200
   461 -1151.973157982      1148.87495     -2300.84811     0.1500520571910
   462 -1151.997415593      1148.87040     -2300.86781     0.1481556990522
   463 -1151.994018507      1148.83836     -2300.83238     0.1466793883736
   464 -1152.005296633      1148.62849     -2300.63379     0.1457474931603
   465 -1152.014913679      1148.36134     -2300.37626     0.1452551725789
   466 -1152.006011079      1148.20453     -2300.21054     0.1443999125031
   467 -1151.994524425      1148.16819     -2300.16272     0.1420107412828
   468 -1151.984239721      1148.23599     -2300.22023     0.1381402748342
   469 -1151.970392818      1148.36672     -2300.33712     0.1350297062007
   470 -1151.962090974      1148.45273     -2300.41482     0.1341197155683
   471 -1151.970516313      1148.43080     -2300.40131     0.1338241040820
   472 -1151.983167612      1148.38975     -2300.37292     0.1323791647612
   473 -1151.982356972      1148.44246     -2300.42481     0.1297947907205
   474 -1151.961399669      1148.57739     -2300.53879     0.1266324373787
   475 -1151.971141821      1148.52186     -2300.49300     0.1233813513178
   476 -1151.989876361      1148.36276     -2300.35264     0.1204432956130
   477 -1151.983216475      1148.33650     -2300.31972     0.1179760687937
   478 -1151.966936191      1148.44097     -2300.40790     0.1164712395271
   479 -1151.947860304      1148.61069     -2300.55855     0.1167378432006
   480 -1151.933288535      1148.74854     -2300.68183     0.1190857104404
   481 -1151.944363187      1148.75915     -2300.70351     0.1224050166501
   482 -1151.968070429      1148.75575     -2300.72382     0.1256102271734
   483 -1151.962693204      1148.94640     -2300.90910     0.1291309400563
   484 -1151.934169032      1149.20409     -2301.13826     0.1343778751992
   485 -1151.982161747      1149.07332     -2301.05549     0.1418565196757
   486 -1151.993894967      1149.01465     -2301.00855     0.1490480895298
   487 -1151.969443903      1149.10935     -2301.07879     0.1554752800744
   488 -1151.946474024      1149.17164     -2301.11811     0.1597624730688
   489 -1151.945311313      1149.08416     -2301.02947     0.1614129302073
   490 -1151.949830505      1148.94774     -2300.89757     0.1598835732054
   491 -1151.954168943      1148.86446     -2300.81863     0.1575068574749
   492 -1151.965824529      1148.86502     -2300.83084     0.1552130628053
   493 -1151.981800531      1148.97057     -2300.95237     0.1535194799544
   494 -1151.977437178      1149.20716     -2301.18460     0.1525022102504
   495 -1151.949430636      1149.43923     -2301.38866     0.1516195577576
   496 -1151.975966211      1149.28694     -2301.26291     0.1499725080838
   497 -1152.001164930      1148.94555     -2300.94672     0.1476330535987
   498 -1151.997287878      1148.59567     -2300.59296     0.1445545092370
   499 -1151.979595049      1148.30286     -2300.28246     0.1388292238954
   500 -1151.962201320      1148.09486     -2300.05706     0.1306284102537
   501 -1151.954564214      1147.97334     -2299.92790     0.1239989291729
   502 -1151.960613416      1147.93513     -2299.89574     0.1209816994989
   503 -1151.977915621      1147.98919     -2299.96710     0.1238014487447
   504 -1151.994277482      1148.16633     -2300.16061     0.1352590827520
   505 -1151.991352682      1148.44396     -2300.43532     0.1385390580473
   506 -1151.996309953      1148.53729     -2300.53360     0.1371811350620
   507 -1152.013947873      1148.31845     -2300.33239     0.1368208694798
   508 -1152.009631784      1148.01021     -2300.01985     0.1371148345486
   509 -1151.978920395      1147.80369     -2299.78261     0.1378038026730
   510 -1151.945490571      1147.73214     -2299.67763     0.1388730076871
   511 -1151.926238288      1147.76799     -2299.69423     0.1403865303104
   512 -1151.924485689      1147.88668     -2299.81117     0.1424332189397
   513 -1151.938893190      1148.06569     -2300.00458     0.1451105241839
   514 -1151.965060906      1148.29429     -2300.25936     0.1484510818377
   515 -1151.983855822      1148.61537     -2300.59923     0.1523715567833
   516 -1151.966669896      1149.05467     -2301.02134     0.1566578033151
   517 -1151.961687082      1149.23766     -2301.19935     0.1610471853342
   518 -1152.018095134      1148.877479824     -2300.895574957
$end
