$grad          cartesian gradients
  cycle =      1    SCF energy =     -689.3212826630   |dE/dxyz| =  0.070417
   -1.52549597166316      0.97095697180355      1.86538513748578      cl
    4.29798442389490     -0.35406740305244      2.92425840508741      o
    1.33125933725883     -2.58982506758304     -1.58239619244219      o
   -2.61692997642486      0.05926502406172     -4.93866281006984      o
    3.73265905624139     -2.06305011304039      3.20539220598635      h
   -0.91185238549051     -0.62114825556418     -4.68648603859555      h
    2.43615499510075     -1.54271024289807     -0.59721638587209      h
   -2.95670953813177      0.46135641527441     -3.24801384507791      h
   -0.19712489182583     -1.69742268831525     -1.03605652530055      h
    2.53793054235741      0.33839004608141      2.62929294273142      h
  -.10675607130529D-03  -.10491989919304D-02  0.15187306623239D-02
  0.33304150799774D-01  -.13212454681270D-03  0.62526889273778D-02
  0.78888432143889D-02  -.57719983427369D-02  0.43971320872632D-02
  -.25346279107527D-01  0.13915799487601D-01  0.20692095368129D-01
  -.93353617927485D-02  0.36514627229211D-02  -.26536722122328D-02
  0.10727906682058D-01  -.22447651745986D-02  0.89607826591878D-02
  -.15694772074965D-01  0.12524172054032D-02  0.10382532660133D-02
  0.14088654170211D-01  -.12977250318190D-01  -.31347387951921D-01
  0.32431117074571D-02  0.91091779780273D-02  -.35044711784829D-02
  -.18780781276276D-01  -.57749834121364D-02  -.54187799867031D-02
  cycle =      2    SCF energy =     -689.3268589325   |dE/dxyz| =  0.031167
   -1.48308852203303      0.99000446735268      1.81508456035301      cl
    4.23091508186590     -0.31196031803459      3.02223908674161      o
    1.33227808663440     -2.63515540306012     -1.72069911563334      o
   -2.64239276691467      0.07955629887072     -4.88208125843141      o
    3.70829289221868     -2.02656647485449      3.35535408109305      h
   -0.97812397586588     -0.66236042877634     -4.69507490522687      h
    2.56924196835253     -1.63802406871245     -0.82358048381727      h
   -2.95391587983900      0.53286586227159     -3.15531162881098      h
   -0.17264996647682     -1.75302222939430     -1.07275827771392      h
    2.51731867337504      0.38640698110501      2.69232483537895      h
  0.10287519207806D-02  -.41645850304572D-03  0.22717020224473D-02
  0.17073278698563D-01  0.49648207141043D-02  0.37750473268286D-02
  0.53485151619078D-02  -.79686409763265D-02  0.64474602303012D-03
  -.85087380670032D-02  0.44850965525446D-02  0.24763787613473D-02
  -.67098634299144D-02  0.14842165042887D-03  -.13455003468579D-02
  0.24764776037694D-02  0.39214791722370D-03  0.44767577980929D-02
  -.53184015478331D-02  0.30659193813747D-02  0.23866256054497D-02
  0.55407499278729D-02  -.63109642024376D-02  -.85579501387060D-02
  -.41074583607989D-02  0.77860284233803D-02  -.40335076686622D-02
  -.68334552917207D-02  -.61579755424216D-02  -.21722452596825D-02
  cycle =      3    SCF energy =     -689.3304858227   |dE/dxyz| =  0.017979
   -1.54822610240431      0.98000145329176      1.71270406498721      cl
    4.05958843435423     -0.30096599975916      2.88276595437286      o
    1.39449849462361     -2.63938746681888     -1.73250997754695      o
   -2.57084306894151      0.11305987001926     -4.70719310227604      o
    3.60887075728458     -2.02029799700561      3.27084858574730      h
   -0.99324401560681     -0.78118929573133     -4.59759000091012      h
    2.70622461610805     -1.65304404876809     -0.92573341356849      h
   -2.79711793790871      0.67869218013034     -2.97005591396931      h
   -0.11558386583780     -1.84184463988593     -0.99846863668072      h
    2.38370827964581      0.42672063129535      2.60072933377709      h
  0.30440238803818D-02  -.11184557296391D-02  0.14060491962967D-02
  -.26129496797315D-02  0.64794529753086D-02  0.21562924851728D-03
  0.22759855233246D-02  -.25689185653474D-02  0.22330673174324D-02
  0.35761709213819D-02  -.33427948370854D-02  -.45804786266833D-02
  -.22132151043247D-02  -.12800652061467D-02  -.19212750013591D-03
  -.32014141379465D-02  0.18548055895272D-02  -.24243118306433D-03
  0.14362213247152D-02  0.21493421651505D-02  0.15513967136255D-02
  -.66215332666359D-03  -.74384108441621D-04  0.38843868912318D-02
  -.74462148188347D-02  0.36023596782992D-02  -.44886312293384D-02
  0.58438019695086D-02  -.57015418326814D-02  0.16702958237647D-03
  cycle =      4    SCF energy =     -689.3321335808   |dE/dxyz| =  0.015921
   -1.72052255148933      0.85912711639617      1.70715095034578      cl
    3.91929857086502     -0.16024540786191      2.71476250258327      o
    1.38864841782986     -2.78762454929409     -1.79761204914750      o
   -2.43947261040809      0.26604468502742     -4.51792821007808      o
    3.59903980235376     -1.87801646828516      3.20247350570442      h
   -0.99379026952689     -0.83690983520064     -4.49419937088750      h
    2.76949990787712     -1.86503868801709     -1.04043066598006      h
   -2.52003788153088      0.86561138823369     -2.77322922558414      h
   -0.08662984777129     -2.02605679865039     -0.96972791409988      h
    2.21184205311787      0.52485324441972      2.50423737107652      h
  0.19224834625822D-02  -.52840781040730D-03  0.12412290567392D-02
  -.71289618257723D-02  0.24041859371321D-02  0.47434295779137D-03
  0.24367476140335D-02  0.10358518667026D-02  0.22234004752512D-02
  0.28819232988305D-02  -.41535959728952D-02  -.22123890698288D-02
  0.12587617780483D-02  -.71652394142858D-03  -.51086926306007D-03
  -.18209322736467D-02  0.11042951356373D-03  -.15827280789997D-02
  0.29644463416841D-02  -.92900822431031D-03  -.35748099082534D-03
  -.61747303606139D-03  0.23792901540506D-02  0.41381601282953D-02
  -.74309925343264D-02  0.15178916657596D-02  -.41602523541974D-02
  0.55641313024501D-02  -.11704826821221D-02  0.65126531102548D-03
  cycle =      5    SCF energy =     -689.3318816228   |dE/dxyz| =  0.017776
   -1.72297578217390      0.95620249388778      1.58005046986807      cl
    3.84504249310964     -0.23438134390328      2.60555277258121      o
    1.37945455965019     -2.87010450138473     -1.84484980590925      o
   -2.37764091535293      0.29871954931082     -4.39175124185228      o
    3.47185362536034     -1.80826422077155      3.41685898047058      h
   -0.82699234198686     -0.65691077612718     -4.36147567004269      h
    2.83323684298169     -1.90600334873110     -1.32313070759022      h
   -2.65745810730776      0.73383046066086     -2.61695283755299      h
    0.00459215624892     -2.10666516522140     -0.87798744104550      h
    2.17876306078782      0.55532153904750      2.34918237500590      h
  0.22937954796185D-02  0.10375830597994D-04  -.12662688208506D-02
  -.71144457023371D-02  -.43091976977608D-02  0.99164634805737D-03
  -.96927294851858D-04  0.32446056748832D-02  0.56928431767808D-02
  0.49938031577944D-02  -.31525494246803D-02  0.19075258984864D-02
  0.37193902258787D-02  0.21514179904531D-03  0.75049147179784D-03
  0.11184715346560D-02  0.29437475795420D-03  -.37135339364267D-02
  0.25701741438656D-02  -.44291746330583D-03  -.46499475077799D-02
  -.48283443590067D-02  0.13329423296193D-02  0.46828157751693D-02
  -.42702922757080D-02  -.11869158658941D-02  -.37089298768745D-02
  0.16437888851758D-02  0.39756210601997D-02  -.75770998303500D-03
  cycle =      6    SCF energy =     -689.3325989179   |dE/dxyz| =  0.012118
   -1.73860198557461      0.92527999143864      1.61526907728920      cl
    3.86162647238567     -0.22244538994487      2.58052418321731      o
    1.38781942906938     -2.86642650727527     -1.82181046374227      o
   -2.38035965011805      0.31006329419025     -4.41941015796479      o
    3.49193559534870     -1.81084092509479      3.36774029673477      h
   -0.84147407037619     -0.66758792175707     -4.37263746083600      h
    2.81307151101085     -1.90052685300235     -1.23088690184217      h
   -2.63651314316630      0.75683486390295     -2.64962492691111      h
   -0.00657733848389     -2.10612627004716     -0.88126477979555      h
    2.17694877122158      0.54352040435739      2.34759802778344      h
  0.18691193251012D-02  0.79814964875331D-04  -.65601337362107D-03
  -.40466425660887D-02  -.34821653954110D-02  0.87502348837999D-03
  0.79849436749827D-03  0.22732333709348D-02  0.48079905339493D-02
  0.23944733510571D-02  -.16637260118297D-02  0.21237601709407D-02
  0.24784334362402D-02  0.31037360859806D-03  0.45752860455554D-03
  0.14187846208359D-02  -.13143468485591D-03  -.23513953294783D-02
  0.64220672803647D-03  -.50082968825060D-03  -.35141808808592D-02
  -.29077683078218D-02  0.37745281657439D-03  0.23104791868696D-02
  -.29338883584324D-02  -.21596518613222D-03  -.36313142682011D-02
  0.31855808192707D-03  0.29324285563649D-02  -.47420485684558D-03
  cycle =      7    SCF energy =     -689.3333476621   |dE/dxyz| =  0.005360
   -1.82218221449695      0.81737859230977      1.66889301975495      cl
    3.85860943767533     -0.15616536369944      2.46924579739983      o
    1.38486167796665     -2.90797877602656     -1.76727761195052      o
   -2.32186559858033      0.37946640139362     -4.42967906116312      o
    3.54050869324000     -1.77202680522430      3.22786499295251      h
   -0.82081482529294     -0.65404749589202     -4.34742555787527      h
    2.77432553961964     -1.95547388486684     -1.06877740615440      h
   -2.56591996414104      0.82410395614213     -2.66227659647783      h
   -0.03255845434978     -2.15345760726515     -0.85702818468089      h
    2.13291129967655      0.53994566989651      2.30195750212756      h
  0.95923875798458D-03  0.13974845413313D-03  -.42317759495870D-03
  -.38664342182664D-03  -.12536145950847D-02  0.37870489233204D-03
  0.52013058225432D-03  0.42975819601438D-03  0.25504919212946D-02
  0.47674994322811D-04  -.56577993063263D-03  0.17826084264539D-02
  0.57829386039088D-03  0.25404288408391D-03  -.34049994983776D-03
  0.89626681361304D-03  0.23857817298882D-04  -.39436551178154D-03
  -.61914764514372D-03  -.26912519467636D-03  -.96325257036975D-03
  -.49397048671364D-03  -.62155990620851D-03  0.92997790195420D-04
  -.80607647506238D-03  0.11000009000974D-02  -.29802248520041D-02
  -.65469178030390D-03  0.74004629343663D-03  0.26229896855135D-03
  cycle =      8    SCF energy =     -689.3338254475   |dE/dxyz| =  0.005709
   -1.91377026498517      0.61511268604201      1.71713559778622      cl
    3.85038970063253     -0.08469635598477      2.35937629136546      o
    1.37122853319092     -3.02046612891149     -1.78322656432770      o
   -2.27114002366288      0.51914845680308     -4.41975306040120      o
    3.61645402422326     -1.58051701543044      3.35846041834358      h
   -0.85775104934161     -0.63308114719121     -4.33985595772179      h
    2.75693185958141     -2.09347676293879     -1.04023001801588      h
   -2.47407727598431      0.99981819409109     -2.65752886516873      h
   -0.04238499755490     -2.29402962102474     -0.84586106231171      h
    2.09199508521788      0.53393238131297      2.18698011438457      h
  -.21192588015660D-03  -.22389099306329D-03  -.22364758190388D-03
  0.20222777815031D-02  -.11803983228417D-02  0.54778882663857D-03
  0.35179560694547D-03  -.58733932687443D-03  0.15165953768226D-02
  -.10690922480128D-02  -.90049611295312D-03  0.22059871029190D-02
  0.15239038061336D-03  0.13325506972291D-03  -.40765242736495D-04
  0.11746140259748D-02  -.73335188542521D-03  -.10495520771215D-02
  -.82491915613845D-03  0.20243547908093D-04  -.25214009450555D-03
  -.24160636181519D-03  0.13846574368963D-02  -.41362177812383D-03
  0.49714763680614D-03  0.12356533179593D-02  -.22916285317046D-02
  -.18374116746494D-02  0.84871781024036D-03  -.77860089342607D-04
  cycle =      9    SCF energy =     -689.3339302857   |dE/dxyz| =  0.005683
   -2.06543480997089      0.39318976021479      1.80758015231098      cl
    3.74981174877999      0.09286081288750      2.08978626570801      o
    1.28593285234760     -3.20182832688881     -1.73505876132289      o
   -2.02383244594640      0.71528920421153     -4.32685942773951      o
    3.69051072196836     -1.37379270645686      3.15608423400557      h
   -0.62894178109271     -0.45144588943889     -4.20730850447071      h
    2.69598926737289     -2.35606170529796     -0.93772169561838      h
   -2.40907339126841      1.03320741689430     -2.55223630905375      h
   -0.11956980476337     -2.48249021418273     -0.77791719954170      h
    1.95248323389006      0.59281633482484      2.01914813965521      h
  -.18057388726116D-03  0.76388452099504D-04  -.11057302786116D-03
  -.10658407598653D-02  0.10367176327291D-02  0.42701924695116D-04
  -.40679738583230D-03  -.18696197116747D-03  -.95660895325499D-04
  0.93667110880163D-03  -.23672089712533D-02  -.66295091819084D-03
  0.42209268447359D-03  -.74665142428551D-03  -.11011703431595D-02
  0.41166227457288D-03  0.85152102457753D-03  -.10986549113688D-02
  0.75097715045933D-03  -.16506046201133D-02  0.13593114140996D-02
  -.15610810352099D-02  0.14852091312416D-02  0.23200941032375D-02
  0.21423411845499D-03  0.11649623846372D-02  -.12854395184532D-02
  0.47632954337529D-03  0.34182994773508D-03  0.54476461524847D-03
  cycle =     10    SCF energy =     -689.3342377833   |dE/dxyz| =  0.003594
   -2.05683366949649      0.37994446055573      1.79420488716255      cl
    3.75421816594581      0.06081754168911      2.08550769673227      o
    1.27578893802165     -3.21641654421277     -1.77564696224672      o
   -2.04018787839069      0.73968876666937     -4.30671241035924      o
    3.67617377372060     -1.28035983802412      3.30514319548050      h
   -0.67526877617844     -0.46614266995823     -4.22599148304530      h
    2.68826713983506     -2.34934034423188     -1.00619692597697      h
   -2.34178348868745      1.04046333389703     -2.51670480841527      h
   -0.11255431965828     -2.51066320324912     -0.78471571649380      h
    1.96005570620534      0.56375318363260      1.96660942109481      h
  -.44713373499716D-03  0.88672838505266D-04  -.28935012298719D-03
  -.26586297430620D-03  0.66972511335337D-03  -.56227379520725D-04
  -.35529632129994D-03  -.11799397379168D-02  -.34244580173810D-03
  -.13055697581122D-02  -.10141813765976D-02  0.64170265525028D-04
  -.34305317973157D-04  -.32129355298669D-03  -.13409064968955D-03
  0.16010258303769D-03  0.10818862973943D-02  0.59219325359126D-03
  -.11973878404841D-03  -.60136976904618D-03  0.61141565745038D-03
  0.11734199219560D-02  -.13960835385173D-03  0.13526659433584D-03
  0.89033740115551D-03  0.14601067257656D-02  -.90658919049825D-03
  0.30659450579744D-03  -.23374972900243D-04  0.23359124001162D-03
  cycle =     11    SCF energy =     -689.3341173420   |dE/dxyz| =  0.006130
   -2.01927895545453      0.37695385872441      1.80795069078082      cl
    3.77789774264181     -0.02319188309695      2.09406289715744      o
    1.30850235161812     -3.20597616418094     -1.76197477330314      o
   -2.05255825151842      0.71516056686914     -4.38196467639336      o
    3.67781081413262     -1.27203891495010      3.40469406408478      h
   -0.70524168239713     -0.48995590930732     -4.12701974160758      h
    2.71233094094519     -2.27815451028664     -1.05565741851310      h
   -2.49499831880186      1.16325036522827     -2.65740768000135      h
   -0.06656960943999     -2.53244383807083     -0.73436581602021      h
    1.98998055959130      0.50814111583869      1.94717934774852      h
  -.98941014431874D-04  -.22605744011229D-03  0.58460410461624D-04
  0.78071614322292D-03  -.15842218692382D-02  0.49505039072217D-03
  0.58442036271613D-03  -.99948220150762D-03  0.17938762642929D-02
  0.59101510763949D-04  -.21841729294560D-02  0.97543646389471D-03
  0.29793259110518D-04  0.59223747634068D-03  0.79670670958665D-04
  0.10227127338900D-02  0.45757592673169D-03  -.82681838921536D-03
  -.15454624541011D-02  -.37611912522855D-04  -.94622893624595D-03
  -.18616549483835D-02  0.26710707128413D-02  0.10181266851633D-03
  0.19701819427519D-02  0.88530384769377D-03  -.13289729442254D-02
  -.89965236274408D-03  0.42724718965143D-03  -.49939835706950D-03
  cycle =     12    SCF energy =     -689.3342879012   |dE/dxyz| =  0.003647
   -2.03515799996114      0.34639289063647      1.82115916644572      cl
    3.77051902129980      0.01329076942571      2.07581965305326      o
    1.29315708941174     -3.22057823582918     -1.76734767487303      o
   -2.02831412414445      0.74238735048418     -4.37369836931463      o
    3.69411680212508     -1.24757033672045      3.37798475451942      h
   -0.69544161924581     -0.48088447916736     -4.13250439448110      h
    2.69566656365869     -2.30495006291461     -1.03442480262885      h
   -2.45256642755342      1.15405477865620     -2.63578312590694      h
   -0.09005759058949     -2.55601370648279     -0.74105363520004      h
    1.97595387631612      0.51561571867958      1.94534532231901      h
  -.17686574676122D-03  -.94210725230989D-04  0.19865720659394D-03
  0.89698798461212D-04  -.12891010108693D-03  -.11234072356738D-03
  0.27285329539981D-04  -.19178615913523D-02  0.16542078438229D-03
  -.56604770323805D-03  -.14784949333595D-02  -.43401183633029D-04
  -.30310844278518D-03  0.18149236548716D-03  0.21957286356703D-03
  0.37606643299522D-03  0.87238719445876D-03  0.28596133412840D-03
  -.24399369866781D-03  0.33176227808179D-03  0.85931533391430D-04
  -.52878934033573D-03  0.14284762173388D-02  -.13871791281798D-03
  0.11121256175547D-02  0.11342164922672D-02  -.77857371402544D-03
  0.25171040252701D-03  -.32306733457209D-03  0.15432147073739D-04
  cycle =     13    SCF energy =     -689.3344608726   |dE/dxyz| =  0.003246
   -2.09329146894119      0.29616872379603      1.80583435304447      cl
    3.72227447089132      0.06235039269474      1.99256291846652      o
    1.26756854946280     -3.24672590147916     -1.75169054793994      o
   -1.95145642981639      0.79551748943220     -4.30236830460259      o
    3.69770533456319     -1.20419524448959      3.29122583976304      h
   -0.64926316984076     -0.47059361957877     -4.12097612114899      h
    2.67108827526234     -2.32801845157154     -1.02102174313519      h
   -2.33575974186623      1.13406365705927     -2.53714982707665      h
   -0.11853291254871     -2.61062402977635     -0.71223804854172      h
    1.91754268415076      0.53380167068092      1.89131837510388      h
  -.30086442714325D-03  -.88445556298727D-04  -.62444809401922D-03
  -.38457697610069D-03  -.12352652704338D-04  -.15119755198215D-03
  -.92474984242269D-03  -.80468134484465D-03  0.21355706765508D-03
  -.15202169669063D-02  -.76706954156322D-03  -.47511463782588D-03
  0.41645146225938D-04  -.11641419212422D-03  0.24163730972100D-04
  0.30057455923802D-03  0.93469871069030D-03  0.10468887091849D-02
  0.85627912313333D-03  0.44186068374684D-04  0.37871062905681D-03
  0.90342022090179D-03  0.36059942854710D-03  0.76374566869729D-04
  0.81973910689143D-03  0.55301987691887D-03  -.49934399708962D-03
  0.23441031155887D-03  -.90128509775765D-04  -.10017130599512D-03
  cycle =     14    SCF energy =     -689.3345426784   |dE/dxyz| =  0.003574
   -2.13342211045137      0.15814480358096      1.87090968569007      cl
    3.69658186439783      0.13153620236678      1.89790715575894      o
    1.19147291784960     -3.31436891971823     -1.79153796119374      o
   -1.83026311908255      0.90216809872435     -4.24479405450773      o
    3.76496446647941     -0.98788336860181      3.32364469920881      h
   -0.56535975348014     -0.40686764983887     -4.11742708553230      h
    2.59411829832981     -2.45300642576038     -0.99329671861463      h
   -2.25475886951974      1.12413175564890     -2.46829373406464      h
   -0.21003301451728     -2.71670705336174     -0.74811468151028      h
    1.87457491131157      0.52459724372781      1.80649958869835      h
  -.26813881531149D-03  0.10396040794088D-04  -.36055068867790D-04
  -.88340420135340D-03  0.58865815988077D-03  0.31384306760889D-03
  -.52298185031859D-03  -.32510183283119D-03  -.53205030816498D-03
  -.95088308776967D-03  -.40318680710755D-03  -.17287951213763D-02
  0.31456324576263D-03  -.10081690115465D-03  0.10446466006886D-03
  -.33694390228723D-04  0.10425054201169D-02  0.10079471091887D-02
  0.96513363390866D-03  -.63942751992641D-03  0.61087103820408D-03
  0.83367270639574D-03  -.34905605824366D-03  0.86163057460774D-03
  -.32712659669951D-03  0.32714694671047D-03  -.29363626348038D-03
  0.87565550023491D-03  -.14773611770880D-03  -.41275992605896D-03
  cycle =     15    SCF energy =     -689.3345907179   |dE/dxyz| =  0.003028
   -2.12371161591586      0.21223788091444      1.85909005347483      cl
    3.70173086796102      0.11085110855141      1.92774617784513      o
    1.21562957234100     -3.28352899651283     -1.77087989623087      o
   -1.86535708444123      0.86872400987933     -4.26683798471289      o
    3.74285176117209     -1.08235253621976      3.29341005270507      h
   -0.59151682384207     -0.43211144665838     -4.13966293622213      h
    2.61206542904358     -2.38266673833325     -1.00626729306232      h
   -2.26776489300657      1.10920737776853     -2.48863733853416      h
   -0.18079747456099     -2.69114594146250     -0.71815264352455      h
    1.88474585256617      0.53252996884078      1.84568870219474      h
  -.30557661126484D-03  0.83876048280291D-04  -.17682789670638D-03
  -.62923731395821D-03  0.36452854616747D-03  0.15514801081313D-03
  -.41536970371954D-03  -.27026011408124D-03  -.31145836486039D-03
  -.13723949717272D-02  -.18304127657112D-03  -.11926398737877D-02
  0.13535344029093D-03  -.10098370419519D-03  -.39256600489919D-04
  0.16563848688756D-03  0.93825260909121D-03  0.95938982853370D-03
  0.73984784194629D-03  -.44474860972604D-03  0.40259047278915D-03
  0.10895128112394D-02  -.44440261148768D-03  0.31472457141112D-03
  -.53063137654248D-04  0.23186419207418D-03  -.24970289101778D-04
  0.65255854093178D-03  -.16454990015705D-03  -.20284866999429D-03
  cycle =     16    SCF energy =     -689.3346325797   |dE/dxyz| =  0.002738
   -2.12520632851251      0.22917141394299      1.86138718688657      cl
    3.69491736745869      0.10420584232965      1.92530257914200      o
    1.22141324408075     -3.26034737825844     -1.76762053998486      o
   -1.85341623759965      0.84971890844306     -4.26682420365311      o
    3.73052815229636     -1.12281100034769      3.26095405980910      h
   -0.59432752512232     -0.46374920931759     -4.12198005827075      h
    2.60767125319883     -2.33209461726715     -1.01741804829842      h
   -2.25852716084098      1.11034006405241     -2.49308768812699      h
   -0.17367594001211     -2.68727887542777     -0.70282722268455      h
    1.87849876637006      0.53458953861828      1.85761082911387      h
  -.29293338995976D-03  0.14366466253664D-03  -.32165988998786D-03
  -.38058233985181D-03  0.31227632140492D-03  -.48727021384891D-04
  -.20376546799324D-03  -.70975315629606D-04  -.31165943458908D-03
  -.12191215884050D-02  -.30943103068372D-03  -.83150315796952D-03
  -.59927194925983D-04  -.83627806133627D-04  -.96405026821176D-04
  -.36117813806792D-04  0.10102706733976D-02  0.10528012093707D-02
  0.35044248087797D-03  -.36977654981675D-03  0.32007342113126D-03
  0.12035008373013D-02  -.50067570186821D-03  0.17127092583940D-04
  0.15964146546577D-03  0.18359158109545D-03  0.13930995301108D-03
  0.49425045409901D-03  -.29984100840865D-03  -.40159084183865D-04
  cycle =     17    SCF energy =     -689.3347132778   |dE/dxyz| =  0.001705
   -2.13596075044392      0.20163855839264      1.90050435438025      cl
    3.67270340974557      0.11485717607288      1.88840934710083      o
    1.20162311029337     -3.25107685268697     -1.77417629226572      o
   -1.78833457120756      0.85873606847002     -4.25217633732040      o
    3.73707221203697     -1.10662937651027      3.22792421515791      h
   -0.57394225065723     -0.49748942068551     -4.10144289503026      h
    2.57185846879888     -2.28938378749732     -1.03658332081550      h
   -2.21798145468316      1.12617498136638     -2.48677343182908      h
   -0.18988379299422     -2.72946094828902     -0.67994314885109      h
    1.85072121042841      0.53437828813494      1.84975440340593      h
  -.14164999571183D-03  0.18013328730756D-03  -.24114112517586D-03
  0.32653072850723D-04  0.11331885520578D-04  -.74955346726754D-04
  -.13964417939672D-03  0.54755940319494D-03  -.26154779265033D-03
  -.93614319498598D-03  -.34881644236768D-03  0.65352863057712D-04
  -.11404496586731D-03  0.28760730415754D-04  -.73846511049206D-04
  0.36826045208463D-03  0.43623676931620D-03  0.23160174894568D-03
  -.78589615767291D-04  -.37701211561313D-03  0.11058961902601D-03
  0.67071573309796D-03  -.29434321516672D-04  -.20646646677005D-03
  0.35878374683721D-03  -.22759000430206D-03  0.35544201536452D-03
  -.53836380926778D-05  -.19934721297530D-03  -.29193837676966D-04
  cycle =     18    SCF energy =     -689.3347383841   |dE/dxyz| =  0.001582
   -2.14233320407234      0.17379931760067      1.92882408448989      cl
    3.66629211288216      0.13302573956592      1.87320294290856      o
    1.18023364836652     -3.24374349401683     -1.78703513293309      o
   -1.73785900199966      0.86328372355549     -4.24840526435749      o
    3.75474796993320     -1.09156309408088      3.20870944571037      h
   -0.55759107927372     -0.52122632319325     -4.07672395701389      h
    2.53955305832713     -2.26879999486922     -1.04452553537111      h
   -2.20142817895196      1.13742092144146     -2.49333066330522      h
   -0.21355440392370     -2.75725886582289     -0.67923248829178      h
    1.83981467002948      0.53680675658730      1.85401346209664      h
  -.93737101369676D-04  0.23118917586861D-03  -.11700533900288D-03
  0.29486058014726D-03  0.20363734270636D-03  -.71349475369898D-04
  -.26738617837182D-03  0.70653063295043D-03  -.67574828726500D-03
  -.32342352340229D-03  -.53941218963221D-03  0.13730107704620D-03
  -.12101742940732D-03  -.31146532374446D-04  -.36662063994189D-04
  0.25027150847636D-03  0.26165324938402D-03  0.80916196742225D-05
  0.14216926122642D-04  -.25623045833905D-03  0.24877775165736D-03
  0.23974347467527D-03  0.14075419927718D-03  -.95247887483173D-04
  0.12573697031819D-03  -.47795612553400D-03  0.42971950727299D-03
  -.11417170682365D-03  -.20953798528633D-03  0.48796043204936D-04
  cycle =     19    SCF energy =     -689.3347453449   |dE/dxyz| =  0.001488
   -2.14440428088373      0.15703148263641      1.93582255242916      cl
    3.66136230636222      0.13505634989565      1.85922795892816      o
    1.17611082514643     -3.25253068410459     -1.78558691996708      o
   -1.72666000835330      0.87521452404534     -4.24557556915351      o
    3.75964272910827     -1.06970453082983      3.21195521506762      h
   -0.55274901145424     -0.51486344007026     -4.07324023746972      h
    2.53599465771569     -2.28065060214687     -1.03974382803644      h
   -2.19704763975970      1.14655615939259     -2.49188202006169      h
   -0.21815079408967     -2.76780763599455     -0.67746353096818      h
    1.83377680752515      0.53344306394389      1.84198327316455      h
  -.28155741426703D-04  0.17220262155612D-03  -.68014482491784D-04
  0.14691386936987D-03  0.12932142517749D-03  -.91946006289513D-04
  -.25536061182901D-03  0.68713900077188D-03  -.63357296702227D-03
  -.34938704799599D-03  -.48682130317476D-03  0.43389613514394D-04
  -.80644641239129D-04  0.73173227382900D-05  0.29163720857478D-04
  0.31561385504417D-03  0.20326949822428D-03  -.68419941363016D-04
  0.76601970535414D-04  -.26879077063000D-03  0.26614564936761D-03
  0.16167517103788D-03  0.22359811611080D-03  -.24589763879705D-04
  0.71043164093345D-04  -.46758701972960D-03  0.44304870672354D-03
  -.53496136698792D-04  -.17584771853875D-03  -.15696256981795D-04
  cycle =     20    SCF energy =     -689.3347515999   |dE/dxyz| =  0.001430
   -2.14639122900821      0.14403832112966      1.93938173345184      cl
    3.65898411686094      0.14084962081025      1.85436883185280      o
    1.17202519584343     -3.26050496668381     -1.78332889481878      o
   -1.71700968097520      0.88359590470069     -4.24618848458408      o
    3.76514343913933     -1.06060770539511      3.20933600541431      h
   -0.55099955000296     -0.51289723178264     -4.06912862959343      h
    2.53302908795610     -2.28732612556538     -1.04099149339052      h
   -2.19645863848101      1.15514618627948     -2.49497568491330      h
   -0.22098237187030     -2.77593137702693     -0.67345076510692      h
    1.83053522185499      0.53538206030157      1.84047427562096      h
  0.18454259046011D-04  0.12575703807988D-03  -.43518405751979D-04
  0.68485602065765D-04  0.74681900547114D-04  -.15467601274898D-05
  -.34733165475213D-03  0.63961781247793D-03  -.56478894373257D-03
  -.33849400096504D-03  -.39781113882236D-03  -.98182191007867D-04
  0.15371170004580D-04  -.21958704898793D-04  -.42539475617222D-05
  0.37589988096679D-03  0.10386402377861D-03  -.84662830193254D-04
  0.20347763518708D-03  -.24881761343015D-03  0.24873305915709D-03
  0.40478447547051D-04  0.31015243853193D-03  0.54861581052817D-04
  0.52082081398876D-04  -.52680811929521D-03  0.41035465747558D-03
  -.84691394948257D-04  -.35289506620327D-04  -.33939582150557D-04
  cycle =     21    SCF energy =     -689.3347614127   |dE/dxyz| =  0.001379
   -2.15246799003105      0.11816710348535      1.94286060755687      cl
    3.65319135238338      0.14829249249857      1.83890999764171      o
    1.16432083684763     -3.27441562721327     -1.77864791235634      o
   -1.69711145114862      0.90140356687102     -4.24141252730926      o
    3.77391132412920     -1.03687503814883      3.20669426227970      h
   -0.54660860895457     -0.50790710512083     -4.06217516614014      h
    2.52637635747592     -2.30069768518283     -1.03926533070764      h
   -2.18891559329010      1.16553423042586     -2.49238525652941      h
   -0.22842376313695     -2.78813977949485     -0.66875491933048      h
    1.82360312704227      0.53638252864759      1.82967313882787      h
  0.87851839749974D-04  0.19698195521886D-04  -.47070552578876D-04
  -.10965688185807D-03  -.12106007548361D-03  0.11203752172380D-03
  -.28790930038210D-03  0.66940923652865D-03  -.38579708243794D-03
  -.33499987079656D-03  -.20221493861877D-03  -.36106988539463D-03
  0.17018383543301D-03  0.18679514844707D-04  -.26683160262404D-04
  0.34481612886116D-03  0.32417948750332D-04  -.28395299350074D-05
  0.23928144812607D-03  -.29194228535121D-03  0.19386561068414D-03
  0.23308545144185D-05  0.26580670621917D-03  0.15728030046098D-03
  -.38083702905753D-04  -.53670481074065D-03  0.35964893369321D-03
  -.71261807571238D-04  0.16617721080653D-03  -.10977626274246D-03
  cycle =     22    SCF energy =     -689.3347759747   |dE/dxyz| =  0.001258
   -2.16040285801746      0.10084128048445      1.93698436965133      cl
    3.64879406619903      0.15526707617308      1.83068166970685      o
    1.15885054863559     -3.28956429992230     -1.77205217530665      o
   -1.68034076518042      0.91580733830645     -4.23244694603000      o
    3.77556378471521     -1.02541610957449      3.20144965824082      h
   -0.54811428025149     -0.50873003619336     -4.05810474481166      h
    2.52339612416303     -2.30875880680393     -1.04852463656599      h
   -2.17951373321509      1.16833494475758     -2.48393784681896      h
   -0.23010983612967     -2.78941750554176     -0.66297526218903      h
    1.81975254039838      0.54338080508206      1.82442280805617      h
  0.10030099180101D-03  -.73088493702646D-04  -.12075869444542D-03
  -.24560832969294D-03  -.40582469855882D-03  0.21870306283887D-03
  -.14487389900664D-03  0.58560081055774D-03  -.11567911429669D-03
  -.33740639662229D-03  0.36858964668277D-04  -.29172408999972D-03
  0.30285533845981D-03  0.10021150237889D-03  -.78905632092304D-04
  0.22980472177653D-03  -.19301271671152D-04  0.12267009680298D-03
  0.73597702717464D-04  -.33067963085932D-03  -.64839081304955D-05
  0.79220178361877D-04  0.88411132728928D-04  0.13090186708398D-04
  0.13467448948027D-04  -.37622638524704D-03  0.26104733288680D-03
  -.68704601622030D-04  0.41510876491062D-03  -.10496896797730D-03
  cycle =     23    SCF energy =     -689.3347877814   |dE/dxyz| =  0.001086
   -2.16363171913806      0.10130653948531      1.93056730371821      cl
    3.65037426806920      0.15650583767354      1.83441527872374      o
    1.16219212628402     -3.28942988922860     -1.76309225427912      o
   -1.67756351822631      0.91740820347091     -4.22966054569103      o
    3.77060061446572     -1.04142156219355      3.19084556022588      h
   -0.55828505712906     -0.51829438042475     -4.06810215360786      h
    2.52350726170638     -2.29723684498934     -1.05000097077778      h
   -2.17407989688552      1.15807967578295     -2.47888486421038      h
   -0.22842829684999     -2.77469315065400     -0.66175970321368      h
    1.82318980902073      0.54952025784531      1.83116924304490      h
  0.74109284560165D-04  -.11176626186556D-03  -.16608316513968D-03
  -.29299398193951D-03  -.39100465418893D-03  0.55419199550323D-04
  0.19788396101048D-03  0.46589859872022D-03  -.83049403366816D-04
  -.28212852362412D-03  0.16048603763789D-03  -.52760376724170D-04
  0.20785842951851D-03  0.92577619235424D-04  -.82084229299602D-04
  0.37385475693350D-04  -.25672585472824D-04  0.14708754151184D-03
  -.17136393728646D-03  -.32334086194864D-03  0.72337879192786D-05
  0.18131659137433D-03  -.12730011163308D-03  -.20089941800471D-03
  -.53531125421140D-04  -.87301583656237D-04  0.23468412245576D-03
  0.10275830327754D-03  0.37060701265877D-03  0.39542698649472D-04
  cycle =     24    SCF energy =     -689.3347916590   |dE/dxyz| =  0.000894
   -2.16880534740566      0.09558100101154      1.93259298892624      cl
    3.64629931546544      0.16191850211028      1.82752840971980      o
    1.15950076940753     -3.29479317998233     -1.76205960867571      o
   -1.66524818973444      0.92231626881485     -4.22211849923231      o
    3.76812645558308     -1.03724907420063      3.18286852357495      h
   -0.55594669955831     -0.52137190766665     -4.06426611419336      h
    2.52048793316720     -2.29796453859296     -1.05439120778701      h
   -2.16564611605624      1.15862095787298     -2.47185372055557      h
   -0.22945374137016     -2.77737304876417     -0.65973530654867      h
    1.81856121181867      0.55205970616486      1.82693142870451      h
  0.34247070827499D-04  -.95871316747008D-04  -.15820333606832D-03
  -.20411585733986D-03  -.32058777550564D-03  -.45026692415484D-04
  0.13631487525353D-03  0.33345470607277D-03  -.19166485125051D-03
  -.18722544796659D-03  0.12183754054426D-03  0.43807700326127D-04
  0.13757859103479D-03  0.88607969016294D-04  -.50727652309905D-04
  -.12124305425237D-04  -.26164683279594D-04  0.11468277557164D-03
  -.16527406701107D-03  -.25035582775488D-03  0.62121126069905D-04
  0.15164506992706D-03  -.12799048875849D-03  -.22233436727214D-03
  0.15219928149881D-04  -.64586496797923D-05  0.23973400749509D-03
  0.93986575766513D-04  0.30820424187855D-03  0.10845589646997D-03
  cycle =     25    SCF energy =     -689.3347958628   |dE/dxyz| =  0.000677
   -2.17515439516114      0.09287842963576      1.93579038781980      cl
    3.64213041764050      0.17129644123180      1.82361642629371      o
    1.15744000357215     -3.30319359234129     -1.75842458599125      o
   -1.65110288274415      0.92852199603347     -4.21214482551466      o
    3.76088480473394     -1.03871040210006      3.16995002646747      h
   -0.55568644296643     -0.52661930689897     -4.06643279026913      h
    2.51850155822037     -2.29618603058014     -1.06422583602473      h
   -2.15439481654046      1.15549686019416     -2.46113433521629      h
   -0.22828913050566     -2.77853951492740     -0.65532118529865      h
    1.81354647506800      0.55679980652044      1.82382361166661      h
  -.41515164651183D-04  -.33209684992782D-04  -.95583663345497D-04
  -.10972926786046D-04  -.96570243403467D-04  -.20907648635956D-03
  -.77837522229214D-04  0.72212693289038D-05  -.36659682949080D-03
  -.11313232830459D-04  0.40441123308358D-04  0.18653600063466D-03
  -.26354280429124D-04  0.33197993669196D-04  0.10935576028620D-04
  -.27502360017234D-04  -.66509128409751D-04  -.73885004156496D-04
  -.13956204720444D-04  -.37350214907172D-04  0.16311372613554D-03
  0.18930516911179D-04  -.67788279888959D-04  -.15249643395297D-03
  0.10899143453262D-03  0.11507140901543D-03  0.22657784096525D-03
  0.81210896816347D-04  0.13364143680804D-03  0.21385878175593D-03
  cycle =     26    SCF energy =     -689.3347972905   |dE/dxyz| =  0.000619
   -2.17690985699898      0.08872503692270      1.93732100649987      cl
    3.63979891466297      0.17478763079912      1.81974047773768      o
    1.15639341314366     -3.30729302458206     -1.75762993099193      o
   -1.64434763392750      0.93166209101196     -4.20847985923322      o
    3.75909573152850     -1.03417272520787      3.16708516603507      h
   -0.55406001685028     -0.52706033823397     -4.06133160946384      h
    2.51804355239287     -2.29883420291191     -1.06638985418510      h
   -2.15182479486067      1.15943547685679     -2.45854908530930      h
   -0.22862776953674     -2.78156825895254     -0.65424390012332      h
    1.81031405176329      0.55606300106554      1.81797448296698      h
  -.36712450640807D-04  -.22358874377238D-04  -.71711692050446D-04
  0.17956088010604D-04  -.96908180103381D-05  -.21655623678223D-03
  -.15445316571660D-03  -.42084457067099D-04  -.34806634820900D-03
  0.11077471779926D-03  -.54919454721505D-04  0.10008436071139D-03
  -.52585939478753D-04  0.96000981176089D-05  0.39311554332409D-04
  -.66307959709678D-04  -.37831488295430D-04  -.91294253754153D-04
  0.54783657971181D-04  0.72147987827328D-05  0.16807886132240D-03
  -.71590785215397D-04  0.74026114347736D-05  -.29624661006548D-04
  0.12920349531336D-03  0.11623819913765D-03  0.18153291175992D-03
  0.67995728833797D-04  0.55056412922043D-04  0.17260654151435D-03
  cycle =     27    SCF energy =     -689.3347986232   |dE/dxyz| =  0.000470
   -2.17687821902305      0.08683259262357      1.93916822029684      cl
    3.63852653429039      0.17786835766370      1.81832572826474      o
    1.15646163299329     -3.31099682213545     -1.75576133937174      o
   -1.64171969492953      0.93524361101010     -4.20722766854861      o
    3.75785551254438     -1.03085246751331      3.16590388100061      h
   -0.55287453300321     -0.52455005422587     -4.06012470371621      h
    2.51857732984597     -2.30172276924762     -1.06683161190835      h
   -2.15124697615883      1.16179449451007     -2.45749760112119      h
   -0.22866988578651     -2.78572358583225     -0.65253058862063      h
    1.80784389054424      0.55385132991482      1.81207257765744      h
  -.13406309050545D-04  0.30191936375964D-05  -.20332947699384D-04
  0.30616018536865D-04  0.67885306557677D-04  -.12575260277632D-03
  -.16481466025585D-03  0.11927535675159D-04  -.23979459862341D-03
  0.12484642942439D-03  -.36766289921760D-04  -.32808876189427D-04
  -.48301170174644D-04  -.12520896354232D-04  0.29218105915292D-04
  -.46936318564837D-04  -.39927317920775D-04  -.91286443917500D-04
  0.10343073894226D-03  -.11861618620972D-04  0.11743566266839D-03
  -.11605053859994D-03  0.24546593034237D-04  0.72109310955093D-04
  0.98514135917226D-04  0.51729326521953D-04  0.13935798899042D-03
  0.31086111950149D-04  -.29684482183477D-04  0.56759284691463D-04
  cycle =     28    SCF energy =     -689.3347989591   |dE/dxyz| =  0.000326
   -2.17744155625212      0.08571826448388      1.93852148780755      cl
    3.63798524645776      0.17940357668080      1.81803589375560      o
    1.15676150298505     -3.31320338008110     -1.75453385456672      o
   -1.64046761705061      0.93711433658510     -4.20615847146929      o
    3.75743953640162     -1.02954631992628      3.16531174696825      h
   -0.55338085520219     -0.52401514298014     -4.05918527518771      h
    2.51879848507302     -2.30282517647999     -1.06762012638543      h
   -2.15011663005147      1.16328723688698     -2.45643381696774      h
   -0.22852720630234     -2.78756194894865     -0.65179400819272      h
    1.80682468525842      0.55337324054715      1.80935331817112      h
  -.12552246202107D-04  0.72166858223593D-05  -.11561407920841D-04
  0.47286901690140D-04  0.59180700327066D-04  -.27649269694209D-04
  -.11355392115680D-03  0.67893261535761D-04  -.11980098536854D-03
  0.10679152421086D-03  0.15441504953336D-04  -.39085649563939D-04
  -.15675734303182D-04  -.70547661798747D-05  0.31878507162716D-05
  -.60967177006370D-04  -.63538697675260D-04  -.63871465470437D-04
  0.65373436613569D-04  -.50189195410839D-04  0.42108746874981D-04
  -.91997401257274D-04  0.10592233817297D-04  0.52772898316742D-04
  0.92492810392897D-04  0.27469647314204D-04  0.99934775518382D-04
  -.18378039927282D-04  -.38519926446535D-04  -.30653952670951D-04
  cycle =     29    SCF energy =     -689.3347990269   |dE/dxyz| =  0.000263
   -2.17674771959924      0.08744457733344      1.93766219165498      cl
    3.63865620540608      0.17849290078802      1.81926013742005      o
    1.15775389402252     -3.31250670096305     -1.75454550687389      o
   -1.64273244469736      0.93627978733609     -4.20704345421092      o
    3.75769980745534     -1.03061316750484      3.16634079310822      h
   -0.55359867693858     -0.52326033319255     -4.05919960797571      h
    2.51935238936870     -2.30254820785703     -1.06654137504537      h
   -2.15173342926035      1.16292487705058     -2.45729265501220      h
   -0.22833994257948     -2.78741472286111     -0.65264158621885      h
    1.80756550813951      0.55294567663819      1.80949795708659      h
  -.74604833043389D-05  0.11151364526968D-04  -.13282257306781D-04
  0.34246802045829D-04  0.61006559496698D-05  0.24737197795496D-04
  -.30826080276333D-04  0.14235557508475D-03  -.90769057768933D-04
  0.34467817020817D-04  0.15372088734691D-04  -.24737788435753D-04
  0.67016667193740D-05  0.65546092091966D-05  -.24825072442658D-04
  -.26924232676367D-04  -.37226980850170D-04  -.23999669108740D-04
  0.67298955550944D-05  -.10916073473032D-03  0.32134039886059D-04
  -.57816919674820D-04  -.10143738352879D-04  0.17587717311152D-05
  0.65947511205694D-04  0.73464867922414D-05  0.84204076582229D-04
  -.26274137493612D-04  -.40608254147782D-05  -.60242177314211D-04
  cycle =     30    SCF energy =     -689.3347991881   |dE/dxyz| =  0.000319
   -2.17747739162796      0.08659103188873      1.93802441486067      cl
    3.63773055934374      0.17928059379129      1.81787788656454      o
    1.15768480282577     -3.31347289816387     -1.75390480168879      o
   -1.64093374486562      0.93761969598670     -4.20607814898734      o
    3.75811012167379     -1.02986756890834      3.16473034662888      h
   -0.55315256196135     -0.52304838699283     -4.05916487143346      h
    2.51824659346575     -2.30203429823716     -1.06624510723321      h
   -2.14995367040637      1.16277911487645     -2.45627245288381      h
   -0.22897186628158     -2.78943969915574     -0.65223629751204      h
    1.80659274915097      0.55333710168251      1.80876592561747      h
  -.49079827475634D-05  0.12372418470461D-04  -.11616882735319D-04
  -.28666373293713D-04  -.12046532365565D-04  0.40748862846854D-04
  0.27228285735705D-04  0.16826955322247D-03  -.63766174997328D-04
  0.17683100341869D-04  0.10253808586933D-03  0.37218559378481D-04
  0.48362217754142D-04  0.12459804399026D-04  -.40319140058652D-04
  -.50808795041472D-04  -.70030340819018D-04  -.16988549958636D-04
  -.39879360315951D-04  -.11939457512538D-03  0.11672903026289D-05
  -.15916191253350D-04  -.65259436089575D-04  -.72113195544663D-04
  0.52491310300634D-04  -.84770492984334D-05  0.94907105438319D-04
  -.71042718761550D-05  0.77797580225947D-05  -.64174743086794D-04
  cycle =     31    SCF energy =     -689.3347993187   |dE/dxyz| =  0.000292
   -2.17754399871106      0.08780269710723      1.93706479045837      cl
    3.63793342058259      0.17936883985887      1.81870500805152      o
    1.15833011602837     -3.31426928088417     -1.75381342835781      o
   -1.64150223371548      0.93730796697009     -4.20565414482791      o
    3.75741581218859     -1.03087364329683      3.16462865627110      h
   -0.55372557670781     -0.52334044056444     -4.05912720922923      h
    2.51837853269180     -2.30142927586536     -1.06711081891640      h
   -2.14990962974200      1.16262038087526     -2.45573472393117      h
   -0.22851271038378     -2.78961783225597     -0.65275291719073      h
    1.80701185908591      0.55417527482306      1.80929168160516      h
  -.11356191294154D-04  0.15843460646267D-04  -.15195877975388D-04
  -.21390633836653D-04  -.29255406984204D-04  0.70341113409117D-04
  -.50268936835671D-05  0.11249544967552D-03  -.58767543656425D-04
  0.25941230800759D-05  0.76105599805732D-04  0.77312550685453D-04
  0.29984874400581D-04  0.15550887747256D-04  -.58237913922715D-04
  -.51234575745216D-04  -.52181888753509D-04  -.10895401362306D-04
  -.28128472432058D-04  -.91235468996156D-04  -.50846331215575D-05
  -.41559618471653D-06  -.56595115283055D-04  -.10535279491062D-03
  0.75126261601005D-04  0.12266674482753D-04  0.77096333962803D-04
  0.83745274729860D-05  0.25631768655689D-04  -.66181985529221D-04
  cycle =     32    SCF energy =     -689.3347998850   |dE/dxyz| =  0.000303
   -2.17932263937750      0.08613080710340      1.93641817805800      cl
    3.63641001024251      0.18137826903458      1.81520189488840      o
    1.15851608724186     -3.31904010935071     -1.75402576121938      o
   -1.63757270683232      0.93958023186359     -4.20169844957274      o
    3.75699903055572     -1.02641139972948      3.16323350875593      h
   -0.55200037465626     -0.52260219249517     -4.05566189831675      h
    2.51614511416665     -2.30257875798120     -1.06716597423873      h
   -2.14678261212783      1.16485400033342     -2.45200518323122      h
   -0.23001867375941     -2.79521848354828     -0.65501545095955      h
    1.80550235586372      0.55565232153759      1.80621602976894      h
  -.28202256757312D-04  0.20459092572325D-04  -.18810066236997D-04
  -.50626957314846D-04  -.28900665235330D-04  0.55512592874831D-04
  -.83678817763692D-04  -.78989047449240D-05  -.11512632134655D-03
  0.37214678811168D-04  0.18198758240708D-04  0.12485750421446D-03
  0.42704507882110D-04  0.34235628962235D-04  -.28457826587935D-04
  -.73948966012013D-04  -.22116486939576D-04  -.46917443994093D-05
  0.20199185671486D-04  -.28526044194070D-06  0.44118068533712D-04
  -.10062186228726D-04  -.23518957916601D-04  -.12291528768387D-03
  0.96863800335945D-04  0.16634588495600D-04  0.36314356171375D-04
  0.47827755949578D-04  0.21680451568448D-04  -.65458527999283D-04
  cycle =     33    SCF energy =     -689.3348002937   |dE/dxyz| =  0.000238
   -2.17938641987357      0.08625177631664      1.93693741035972      cl
    3.63533809233956      0.18226518921521      1.81335651970684      o
    1.15967793679098     -3.32050014397174     -1.75250528183787      o
   -1.63663441521633      0.94061262585160     -4.20061775861238      o
    3.75628051291441     -1.02673609255922      3.16032950067714      h
   -0.55103379742871     -0.52165084507657     -4.05615615208431      h
    2.51528960880886     -2.30151749778921     -1.06521209304528      h
   -2.14529127157881      1.16486740748342     -2.45044640447500      h
   -0.23066623955643     -2.79794563363416     -0.65535714699389      h
    1.80430158411718      0.55609790093178      1.80516830023793      h
  -.12290347163833D-04  0.21854130005797D-04  -.13147713221693D-04
  -.57948707193391D-04  0.65656787816274D-05  0.44194595467135D-04
  -.88289727295367D-04  0.42899682779124D-05  -.88036313274968D-04
  0.42493907578522D-04  0.53631594094198D-05  0.69485121059886D-04
  0.28352225718027D-04  0.88365480736839D-05  -.31103324380787D-04
  -.58925195575838D-04  -.18437488539845D-04  -.22998667476091D-04
  0.37413312661824D-04  -.28743172691355D-05  0.43423960251348D-04
  -.30555430630438D-04  -.66880989856678D-05  -.58355460933040D-04
  0.81711348916913D-04  0.37217355884203D-05  0.24608012905076D-04
  0.55916728050668D-04  0.55482726975439D-05  -.63156295851323D-04
  cycle =     34    SCF energy =     -689.3348006809   |dE/dxyz| =  0.000125
   -2.18025566034893      0.08541854855394      1.93802727869371      cl
    3.63281096163139      0.18370511433190      1.80797912472179      o
    1.16162271423246     -3.32491882738891     -1.74978313238903      o
   -1.63323584357937      0.94352629022217     -4.19754587221898      o
    3.75543165728152     -1.02475607565078      3.15534682102270      h
   -0.54833722546153     -0.51942405503012     -4.05574381711093      h
    2.51209053922229     -2.29916261574912     -1.06215763304772      h
   -2.14114010397772      1.16553593102177     -2.44659869304192      h
   -0.23268373523142     -2.80559254582892     -0.65648493776996      h
    1.80157228754845      0.55741292228583      1.80245775507324      h
  0.52981207616268D-05  0.18604061688466D-04  -.33330622674510D-05
  -.25766435398541D-04  -.13292870567238D-05  0.31423654301658D-05
  -.16491755513275D-04  -.16971248012443D-04  -.27977208507253D-04
  0.44505633959453D-04  0.82415966903555D-05  -.23930635098525D-04
  0.11293982929683D-04  0.39219707014308D-05  -.15166227554041D-04
  -.48046524528618D-04  -.12009423667088D-04  -.24289681605328D-04
  0.88965978520225D-05  0.27271753532793D-04  0.14708528427076D-04
  -.39906583687445D-04  0.47277955548214D-05  0.23910475025356D-04
  0.27147271525582D-04  -.15268718006358D-04  0.22766041950070D-05
  0.30083526543275D-04  0.10102550452129D-04  -.45213926039142D-04
  cycle =     35    SCF energy =     -689.3348007859   |dE/dxyz| =  0.000110
   -2.18029658496799      0.08511711377255      1.93808834270658      cl
    3.63267802378783      0.18408971668985      1.80775954153553      o
    1.16096723892612     -3.32491626756067     -1.75015321364311      o
   -1.63310328163828      0.94343774569144     -4.19733753958392      o
    3.75582832382835     -1.02424089066746      3.15520598146446      h
   -0.54748894064194     -0.51901960694554     -4.05568514680537      h
    2.51197946851472     -2.30011164846453     -1.06229765263568      h
   -2.14092559800392      1.16500758526947     -2.44629205692398      h
   -0.23312895131701     -2.80529604357179     -0.65670171572226      h
    1.80136589282925      0.55767698255443      1.80291035354064      h
  0.72419153186538D-05  0.16563214451704D-04  -.87215631093413D-05
  -.13067235818324D-04  0.52075940203676D-05  -.17663398400505D-04
  -.39437853368443D-04  0.97604744538225D-05  -.26659350888752D-04
  0.28826414790566D-04  0.95288349304775D-05  -.36495387073531D-04
  0.11155704575398D-04  0.59934728486271D-06  -.10843886351271D-04
  -.30029331983176D-04  -.76501230625829D-05  -.17084876308109D-04
  0.23876897217862D-04  -.82471415729609D-05  0.87644313715410D-05
  -.36362744751960D-04  -.44958129832193D-05  0.32187107314461D-04
  0.30823487530764D-04  -.10613700033893D-04  0.35124281044233D-05
  0.14101349232425D-04  0.16553368575244D-04  -.22649610772962D-04
  cycle =     36    SCF energy =     -689.3348008085   |dE/dxyz| =  0.000103
   -2.18038461359455      0.08469741783289      1.93853517407571      cl
    3.63228584296544      0.18464855242557      1.80683653768042      o
    1.16094155444854     -3.32503171745825     -1.75002365899747      o
   -1.63225075688684      0.94320651513939     -4.19688768133121      o
    3.75632634509139     -1.02408614628911      3.15384734971347      h
   -0.54659363792406     -0.51924052924429     -4.05532246708918      h
    2.51055272016381     -2.29879934373121     -1.06157537142556      h
   -2.13948390380874      1.16507380548927     -2.44571802954404      h
   -0.23434099175700     -2.80669121958293     -0.65753131188446      h
    1.80082303261913      0.55796735218641      1.80333635273521      h
  0.10788175666548D-04  0.13176433454119D-04  -.11521566244831D-04
  0.20524097800795D-04  0.13213417497220D-04  -.37591609527392D-04
  0.30068648271480D-04  0.26888300092638D-04  -.42889483210574D-05
  0.19866459716318D-04  0.28688482046378D-05  -.36328134274457D-04
  0.51064194064774D-05  -.55869194952154D-05  -.13437300281970D-04
  -.30913768471121D-04  -.11729154593261D-04  -.11984288893369D-04
  -.17944795187213D-04  -.14150839394464D-05  -.29511393913713D-05
  -.19370544643477D-04  0.35205923181985D-05  0.30290222610397D-04
  -.11518904369422D-04  -.31333873702399D-04  -.10781554271532D-04
  -.99662258074995D-05  0.17676937100090D-04  0.27604427897412D-05
  cycle =     37    SCF energy =     -689.3348008310   |dE/dxyz| =  0.000087
   -2.18010952179560      0.08477019380998      1.93842389222746      cl
    3.63292550700818      0.18402553958465      1.80791026893234      o
    1.16044099498279     -3.32423860767113     -1.75038665816331      o
   -1.63313124038321      0.94268936313911     -4.19771962059317      o
    3.75659047198004     -1.02412008574533      3.15545022162129      h
   -0.54689587032195     -0.51928489900319     -4.05548842235987      h
    2.51119575036800     -2.29924219840962     -1.06245900840424      h
   -2.14071373655975      1.16479545011038     -2.44676541650063      h
   -0.23392909028146     -2.80497941952108     -0.65707756842118      h
    1.80150232632008      0.55732935047397      1.80360920559421      h
  0.76013348827732D-05  0.11746833101736D-04  -.10463130577271D-04
  0.25272398281468D-04  -.13849723402866D-04  -.58601504439571D-05
  -.30561344259133D-04  0.26854153174279D-04  -.35828221524717D-05
  0.17983803025472D-04  0.31505841307161D-07  -.18601680934057D-04
  -.57161589860451D-05  0.19238994590444D-04  -.16399639913161D-04
  -.26697227798165D-04  -.19855588576050D-05  0.43265968375550D-06
  0.11046214480740D-04  -.18930691452733D-04  -.18759418168732D-04
  -.21373710795441D-04  -.42875773867234D-05  -.83735439296345D-06
  0.20884638985468D-04  -.76636952659151D-05  0.32682360014955D-05
  -.15369052182833D-05  0.16137828480428D-04  -.24848797161985D-04
  cycle =     38    SCF energy =     -689.3348008751   |dE/dxyz| =  0.000071
   -2.18043541490811      0.08443299105238      1.93872465334352      cl
    3.63243398669071      0.18458672737079      1.80684760773327      o
    1.16061514743168     -3.32497595642351     -1.74990782777366      o
   -1.63243550564919      0.94304612124955     -4.19705752356402      o
    3.75687482058443     -1.02374012453001      3.15416997936811      h
   -0.54607940232787     -0.51890027228306     -4.05561146629674      h
    2.51022706280631     -2.29869516915438     -1.06157558058561      h
   -2.13949435370624      1.16471321663450     -2.44588335797316      h
   -0.23475250153563     -2.80630964891855     -0.65765189603226      h
    1.80092175193102      0.55758680177003      1.80344230571345      h
  0.74501927719375D-05  0.11077055463236D-04  -.86710321129670D-05
  0.22281189946661D-04  0.40390160938705D-05  -.25823258634490D-04
  0.23361062582559D-04  0.16751129761804D-04  0.73239256021902D-05
  0.53857699856304D-06  0.12991754941579D-04  -.16961186309982D-05
  0.13562981705675D-05  0.61584442002318D-05  -.15430257165697D-04
  -.20300215615166D-04  -.93018306509504D-05  -.15899696157217D-04
  -.19024786552073D-04  0.10894937867136D-05  -.12896632467210D-04
  -.53020656043117D-05  -.93010982777937D-05  -.23245364744973D-05
  -.11172937957277D-04  -.18702573118671D-04  -.13706137243364D-04
  -.25269722243707D-05  0.12296506615941D-04  -.66199303434285D-05
$end
