$hessapprox internal
  0.484534045560D+00  0.155473161139D-01  0.206103830836D-01 -0.122541226455D-02
 -0.199481414296D-02  0.204588646877D+00 -0.184607267601D-02 -0.598778157020D-02
 -0.143218628660D-02  0.964613465888D-01 -0.735839342675D-02 -0.325234947179D-02
  0.911839901846D-03  0.216184686749D-01  0.407493042143D-01 -0.146694020178D-02
 -0.365364548383D-03  0.286255337250D-02 -0.379418446985D-02 -0.350166591115D-02
  0.609852104882D+00  0.162746871741D-01 -0.254212432319D-02 -0.546243916956D-01
 -0.221375550517D-02 -0.567020824575D-02  0.302341821840D-01  0.241636873624D+00
 -0.443242703209D-02  0.608091326960D-03 -0.116133137526D-01  0.113943999099D-01
  0.782457331650D-02 -0.125546356049D-02  0.194202907669D-02  0.274726876781D-01
  0.208930422368D-01 -0.588358220901D-02  0.179100432563D-01 -0.218790518085D-01
 -0.455213748443D-02 -0.126437826704D-01  0.369992697842D-01 -0.267833465168D-02
  0.594830186721D+00  0.825402177728D-02 -0.878990871798D-02  0.642919627696D-03
  0.178930358501D-01  0.106426020728D-02  0.120203737610D-01 -0.677220962985D-01
 -0.129612116867D-02  0.474056784962D-01  0.290162351871D+00 -0.731972791072D-02
  0.174212908107D-02 -0.271925597466D-01  0.100530656529D-01  0.133640913204D-01
 -0.528226995217D-03  0.197804560990D-01  0.195733646789D-01 -0.866103655303D-02
 -0.165143136088D-01  0.416007542463D-01  0.228453156561D-01  0.793592039018D-02
 -0.175668369752D-02 -0.727696770981D-01 -0.253397911043D-01  0.768027490727D-02
 -0.502017403229D-02  0.203609537384D-03  0.166532875396D-01  0.140302059335D-01
 -0.102149123419D-01  0.255340181515D+00  0.129311848718D-01 -0.202414392894D-02
  0.851227757054D-02 -0.749523634969D-02 -0.338383684780D-02 -0.139206263476D-02
  0.933429766853D-02 -0.336802093047D-02 -0.711184559802D-03 -0.173277236736D-02
 -0.893027508855D-03  0.147345362383D-01  0.578003627080D+00 -0.281251666513D-02
  0.605011706849D-02 -0.305310648507D-01  0.555036705266D-01  0.321901067876D-01
 -0.155108566680D-02  0.374850241646D-04  0.417146763635D-01 -0.239366449446D-01
 -0.497005958686D-01  0.429593360281D-01 -0.936992684560D-01 -0.720160991808D-02
  0.200160703100D+00  0.216599158415D-02 -0.753806559801D-02  0.569256519434D-02
 -0.286723029797D-01 -0.766018061806D-02 -0.102950722521D-02 -0.337711928075D-02
 -0.629980931386D-02  0.315856532307D-01  0.487004466539D-01 -0.129345612838D-01
  0.684440613531D-01  0.380305395921D-02 -0.903649642716D-01  0.952932281677D-01
  0.214927529720D-02  0.153473922142D-02 -0.379027332612D-02 -0.330863037421D-02
 -0.498140493626D-03  0.143560663308D-03  0.669741309542D-02  0.237518612874D-02
 -0.129659432061D-02  0.906777989561D-02  0.223596280948D-03  0.308150766788D-01
  0.109190074987D-01 -0.138462294493D-01  0.182125812137D-01  0.222055676744D-01
 -0.116313139712D-01  0.260019603168D-02  0.119169213218D-01  0.116024750736D-01
  0.275640917184D-01 -0.407879446186D-02  0.203765824336D-01  0.110685232233D-01
 -0.381615135165D-02 -0.133977011336D-01  0.290510386426D-01 -0.243460590651D-01
 -0.150448508931D-01  0.549432421380D-01 -0.662721247026D-02  0.116065430717D-01
  0.107222336011D+00  0.580513146222D-03 -0.379343097714D-03  0.773935335127D-02
  0.231080416600D-02 -0.119915070590D-02 -0.111520567704D-02 -0.638926554495D-03
  0.539971285754D-02  0.133329336779D-01  0.188238744195D-02 -0.474254565080D-02
 -0.490518529814D-02 -0.168326954036D-02 -0.663730181058D-02  0.129447184742D-01
 -0.452703971630D-03 -0.694548590714D-02  0.452227054842D-01  0.720771385829D-02
 -0.764077144412D-02 -0.310213613209D-02 -0.184056923494D-01  0.160170103173D-02
 -0.765991594311D-02  0.751095943473D-02 -0.393410250537D-02 -0.527295243740D-02
 -0.153031644771D-01 -0.175768575848D-01  0.242136126881D-01  0.979787292031D-03
 -0.165227594939D-01  0.182043625559D-01  0.397013472416D-02  0.155221743499D-01
  0.118217935201D-01  0.642376074736D+00 -0.156406224499D-02  0.897142638661D-03
  0.122199588898D-02 -0.303262878974D-02 -0.237472070476D-02 -0.455085284463D-03
 -0.201620367535D-02 -0.945930971146D-04  0.374331684537D-02  0.763886895145D-02
 -0.389131169238D-02  0.771480494847D-02  0.147233612946D-02 -0.501836490495D-02
  0.104510068317D-01  0.830491260399D-03  0.582664176281D-02  0.557292477394D-02
  0.168103963308D-01  0.134965050962D-01 -0.583170017861D-02 -0.174600354299D-02
 -0.142360918868D-02  0.293372953018D-02  0.421996560066D-02  0.839002429366D-03
  0.117451872745D-02  0.449563291321D-03 -0.140853609440D-02 -0.241803578666D-02
  0.325716595758D-02 -0.588980247367D-02  0.354397719123D-03  0.109538079346D-01
 -0.484414828519D-02  0.423479253921D-03  0.101926582671D-01 -0.425161856058D-02
 -0.584998483024D-02 -0.401155382795D-02  0.114265590936D-01 -0.178216309589D-01
  0.252453599025D-02  0.108786456591D-02  0.283615052954D-02  0.560317636699D-02
  0.144883945187D-02  0.197035132804D-02 -0.337377337458D-02  0.750537279778D-02
  0.567400461872D-02  0.505021750222D-02 -0.106323368906D-01  0.157958491014D-02
  0.124025600568D-01 -0.595797276013D-03  0.208115374167D-02  0.418976026994D-02
 -0.886158368478D-02  0.361568195344D-03 -0.808607477818D-02  0.118387742677D-01
  0.594804308014D+00 -0.981348929331D-02 -0.119709332353D-02 -0.117052710197D-01
 -0.554434667934D-02 -0.470486866637D-03 -0.121809202528D-02 -0.277351807248D-02
 -0.511039507200D-03 -0.112377911722D-02  0.177081479900D-02 -0.376747192960D-02
 -0.429241433976D-02  0.824330234671D-02 -0.200205438209D-02 -0.499990995756D-03
 -0.414706223529D-02 -0.162116443291D-01  0.924566560801D-02 -0.509109803961D-02
  0.118342332112D-01 -0.639149526924D-03  0.122754282391D-02  0.105792153358D+00
 -0.824000895541D-02  0.914344763679D-03  0.328625699861D-01 -0.480735247167D-02
  0.373362174764D-02  0.376973889520D-03 -0.119110565255D-01 -0.474502628076D-02
  0.110572459832D-01 -0.394289522068D-02 -0.780770999117D-02 -0.315901747796D-03
  0.380100475403D-02 -0.125634532678D-01  0.125898953693D-01 -0.147742041804D-02
  0.744515424153D-02 -0.674222313455D-03  0.911931382550D-02  0.212688134664D-02
 -0.126242503941D-02 -0.317954542793D-02 -0.387797889653D-02  0.220939405252D-01
$end
