$vibrational normal modes
 1  1  -0.0906668166  -0.0107204066   0.0176569214   0.1802863863   0.2992619475
 1  2   0.0582374587  -0.0759749954   0.0008080266   0.1082496705  -0.0314531531
 1  3   0.1030868418   0.2519464572   0.0146755730  -0.0003476467   0.0036978595
 1  4   0.0022615228   0.0020788858  -0.0058085667  -0.0042419592   0.0011215460
 1  5  -0.0009447191   0.0005728699   0.0010490703   0.0011494941   0.0006357861
 1  6   0.0000048195  -0.0001350599   0.0000489501  -0.0000747463  -0.0000972493
 2  1  -0.0779870769  -0.1034730212   0.5524752366  -0.0412970919   0.0415391418
 2  2  -0.0325968683  -0.0833449619  -0.0562168683  -0.1577287300  -0.0552879392
 2  3   0.0437004032  -0.0581064909   0.0061905594  -0.0068239435  -0.0005276073
 2  4   0.0008714807   0.0048214234  -0.0048920246  -0.0016268236  -0.0043923944
 2  5   0.0039764325  -0.0009268963  -0.0000442854  -0.0006089155   0.0004283926
 2  6  -0.0004166843   0.0001571614   0.0000989778   0.0001362648  -0.0000061647
 3  1   0.1528960037  -0.1085478850  -0.0336859001  -0.0630453266   0.1571106785
 3  2   0.2477434474   0.0619866645   0.2366421307  -0.1213722019   0.0757539235
 3  3   0.1181539543  -0.1023728019   0.0058261402   0.0135455530   0.0015364543
 3  4  -0.0046168058   0.0027441413   0.0016734958  -0.0026008358   0.0035237601
 3  5   0.0054048351   0.0014425753   0.0004551303  -0.0008504323   0.0000343278
 3  6  -0.0001388596  -0.0001890894   0.0001636558  -0.0001044978  -0.0000184063
 4  1  -0.0839908758  -0.0058301658   0.0310714165   0.1867855163   0.2917940522
 4  2   0.0542721116  -0.0940138240  -0.0240637050   0.2236103234   0.0326758881
 4  3  -0.2247103953  -0.3961711176  -0.0461451825   0.0257156195   0.0270555664
 4  4   0.0061544947  -0.0309280021  -0.0023795684   0.0030811236  -0.0013716451
 4  5   0.0186407308  -0.0483369728  -0.0082515230  -0.0033747319  -0.0593169616
 4  6  -0.0043131080  -0.0020436675   0.0039011250  -0.0000714145   0.0096715406
 5  1  -0.0999813877  -0.3152389443  -0.1259390942  -0.2771256444   0.1485887831
 5  2  -0.2769957303   0.1981914340   0.0106088295   0.2854495832  -0.1219181823
 5  3   0.1067818427  -0.0764550722   0.0387533539  -0.0131877998   0.0221166403
 5  4   0.0099514033   0.0133947506   0.0207349674  -0.0122481821  -0.0219831086
 5  5   0.0280968951  -0.0252628430  -0.0046659746  -0.0025960524   0.0120667701
 5  6   0.0010765369   0.0001340695  -0.0019229278  -0.0001812239  -0.0411542051
 6  1   0.4298704357  -0.0541998409   0.0413632429   0.0438089470  -0.0901278207
 6  2  -0.1122377407  -0.3751280780  -0.0097724630   0.2560973394  -0.1301036175
 6  3   0.1234882588  -0.0651908272   0.0167161851  -0.0005824957   0.0049040152
 6  4   0.0050092422  -0.0011783018  -0.0025072566  -0.0007209524  -0.0079500575
 6  5   0.0272036629   0.0417643731   0.0029689919   0.0001976565  -0.0002604021
 6  6   0.0004546955   0.0003961900   0.0002404180   0.0003245719   0.0447734611
 7  1   0.0661307568  -0.1112582250  -0.3263759960   0.1133411041   0.2008666841
 7  2  -0.3131270841  -0.1076792564  -0.2377022133  -0.4018624589   0.1490504800
 7  3   0.0615355769  -0.0834976083   0.0180785794   0.0027347847  -0.0119490419
 7  4   0.0082848497  -0.0222417163   0.0063963990  -0.0171258303   0.0148989505
 7  5   0.0045771219   0.0008053482   0.0005589608  -0.0021561654   0.0071805767
 7  6  -0.0432966520  -0.0032832097   0.0498722206   0.0099343764  -0.0008735579
 8  1   0.0650177697   0.0523296813   0.0042932474  -0.2674308464   0.2122926563
 8  2  -0.1836735509  -0.1962113172   0.3273275500  -0.1057517718  -0.0190432305
 8  3  -0.2810436116   0.1908081039  -0.0316608874   0.0059298357  -0.0019488119
 8  4  -0.0197514133  -0.0115261831   0.0020394632  -0.0042012574  -0.0476856586
 8  5   0.0000014446  -0.0054862065   0.0371046193   0.0250256203   0.0007858358
 8  6   0.0176293342   0.0020622332   0.0298807670   0.0096979102  -0.0007049589
 9  1   0.1627479404  -0.3435653622   0.1613072379   0.0852888208  -0.0897818631
 9  2   0.0510380096   0.0942069436  -0.1393195211   0.1297901713   0.3368214897
 9  3  -0.1986487132   0.1808600823   0.0166731716  -0.0017017458  -0.0017061219
 9  4  -0.0168933756   0.0042509422  -0.0053558936   0.0050634206   0.0274114159
 9  5   0.0162218491  -0.0053378704   0.0454570884   0.0254228815  -0.0021916335
 9  6   0.0355032218   0.0040075963   0.0158906861   0.0085398616  -0.0005336067
10  1   0.2012493655   0.0712916410   0.2008588457   0.3300821083   0.0198420679
10  2  -0.2854307678   0.3603704105   0.2599233692  -0.0397496204  -0.1184730795
10  3  -0.0402886160  -0.0134589726   0.0133019081   0.0011531806  -0.0086056108
10  4   0.0055098508   0.0008719796  -0.0306293485  -0.0378926613   0.0002221943
10  5  -0.0000977099  -0.0002940182  -0.0073815369   0.0154918976   0.0008533307
10  6   0.0050338260  -0.0102097698   0.0108823714  -0.0380297698   0.0001115817
11  1   0.1837482082   0.3469263418   0.2202547114  -0.2170819240   0.2367657962
11  2  -0.0736244600   0.1614446447  -0.2255850180   0.1403931789   0.2357825371
11  3   0.0858522459  -0.0156943285   0.0057724668   0.0022712998  -0.0078403722
11  4  -0.0109538051  -0.0009917453  -0.0288213624  -0.0234593353  -0.0115925923
11  5  -0.0041667775  -0.0013822680   0.0180283826  -0.0316386125  -0.0008339025
11  6  -0.0049771441  -0.0006928103  -0.0132841930   0.0475527111  -0.0000512207
12  1   0.2155767124  -0.0382150524  -0.0638055247  -0.0742625621   0.1594740455
12  2   0.2113186433   0.1495883730  -0.3428405812  -0.1171339843  -0.3583774999
12  3  -0.1655614820   0.0595480984  -0.0004727736  -0.0045898482   0.0013091462
12  4  -0.0105199385   0.0040002656  -0.0011826087  -0.0105353680   0.0057539589
12  5   0.0022082987   0.0007747681  -0.0274048336   0.0482153215  -0.0017471546
12  6  -0.0069231121   0.0557326258  -0.0035528991   0.0093136904  -0.0003026072
13  1  -0.1529428255  -0.0627698009  -0.1271582351   0.1131033278   0.3712247596
13  2   0.0869206227   0.0632799779   0.0756762455   0.1072304468   0.1369737978
13  3  -0.1746047007  -0.3623383854  -0.1635968761  -0.7326921454  -0.0652517726
13  4   0.0104333982   0.1434338214  -0.0059537982  -0.0478228200  -0.0252960632
13  5  -0.0607817580   0.6141401340   0.0701363706   0.0263558790  -0.0412731740
13  6  -0.0021898228  -0.0006568786  -0.0003402664  -0.0008033291  -0.1002190237
14  1  -0.1586169868  -0.4234900026  -0.0813624193  -0.2483355398   0.1100700620
14  2  -0.2782784267   0.4164793815  -0.0526316433   0.0974631426  -0.0945141601
14  3   0.3628236125   0.1771887960  -0.6414218867  -0.0222418047  -0.1737031139
14  4  -0.0801377962  -0.1147362906  -0.1572088991   0.0825541944   0.1468339010
14  5  -0.0566990327  -0.0449269283   0.0029672035   0.0033129015   0.0437634880
14  6   0.0034849884   0.0051561895   0.0102594393   0.0042093392   0.6638660403
15  1   0.3836753562  -0.1460033755   0.0960023362   0.0764558780  -0.1320321036
15  2  -0.1164134880  -0.1938645364  -0.0758848176   0.0982194462  -0.1147271739
15  3   0.3468912067   0.1583010595  -0.5803055172   0.0671436190  -0.1597710770
15  4  -0.0757393788  -0.1340704605  -0.1600356570   0.0886559582   0.1449435289
15  5  -0.0400644289  -0.1062618599  -0.0073432677  -0.0014678503  -0.0395185524
15  6  -0.0059584066  -0.0058199396  -0.0106756019  -0.0058130648  -0.7360768035
16  1   0.1876308363   0.0143526701   0.0297887761   0.2689463656   0.0518653171
16  2  -0.3380051506   0.1744998692   0.1729045975  -0.2729864825  -0.0553581692
16  3  -0.0020640390   0.0840791864  -0.1466967883   0.0198063005   0.4705617066
16  4   0.0897271590   0.3665790624   0.0669904850   0.4733666053   0.0805093260
16  5   0.0282460389   0.0093989391  -0.0650737666   0.0873587615  -0.0028543150
16  6  -0.0429021127  -0.1370513837  -0.1562791894   0.5639085610  -0.0002386016
17  1   0.1724582860   0.2945370489   0.1007190308  -0.2569939249   0.2517422665
17  2  -0.1188273106   0.0219257624  -0.2717418587  -0.0336180281   0.2898246587
17  3   0.1093974349   0.0622909991  -0.1168652304   0.0173660941   0.3416952090
17  4   0.1085232372   0.2719111077   0.0501698572   0.3611623741   0.0580026978
17  5   0.0207362159   0.0054954040  -0.0253350089   0.0295471884   0.0061466822
17  6   0.0585133745   0.1724938818   0.2069256316  -0.7480153632   0.0001095856
18  1   0.2035866410  -0.1417584033   0.0150781752  -0.0171647130   0.0684960903
18  2   0.1483664359   0.1347222797  -0.0100828304  -0.1244310523  -0.3020679318
18  3  -0.2617602561   0.1809050523  -0.0604596027   0.0153992297  -0.1141327760
18  4   0.7014327673  -0.0078194987   0.0613686706   0.0424201708   0.0651136726
18  5   0.0077875782  -0.0144598875   0.3360224461  -0.6014466997  -0.0026553357
18  6  -0.0021913818   0.0280430031  -0.0069448729   0.0354164986   0.0000020168
19  1   0.0387272233  -0.0776197892  -0.2170836729   0.1414215234   0.2123191847
19  2  -0.2274689663  -0.1214027491  -0.1676053498  -0.1888790662   0.0857566633
19  3  -0.0032909745  -0.1458460819  -0.0592539262   0.1308151706  -0.2597846793
19  4  -0.0263822629   0.3416421320   0.1400815758  -0.0332079647  -0.1436399645
19  5  -0.0531938494  -0.0533801764   0.3645234737   0.2084676934  -0.0428895714
19  6  -0.0959249610  -0.0209405695  -0.7314446767  -0.2145526322   0.0148365008
20  1   0.0289328179  -0.0520803224  -0.1217551287  -0.3041669297   0.2154138253
20  2  -0.2383183847  -0.1398133550   0.2283898730  -0.1922449885   0.0653201083
20  3  -0.2953182251   0.1408060965   0.2618953398  -0.1511674488   0.0658062709
20  4  -0.0177914795  -0.3487814549  -0.3945762786   0.2475084162   0.4127961001
20  5   0.1389227917   0.0421958209  -0.2332561121  -0.1452427370  -0.0302589098
20  6  -0.0371476083  -0.0118111777  -0.5158207284  -0.1490217042   0.0105782960
21  1   0.2702573472  -0.2539435719   0.1348179432   0.0849658704  -0.1168909195
21  2  -0.0355067470   0.0423362624  -0.1259298992  -0.1945246893   0.3413418660
21  3  -0.0446816189   0.3983775953  -0.2707763286  -0.0283546264   0.4022904033
21  4   0.0556486120  -0.2317344588   0.3192610588  -0.3458408370  -0.3437036967
21  5  -0.0870463893   0.0427495939  -0.4122467091  -0.2271699039  -0.0136357630
21  6  -0.0072729165  -0.0077811066  -0.3274709522  -0.0952952487   0.0090486747
22  1   0.1201718731   0.0657197944   0.2026266791   0.3060190030   0.0912975848
22  2  -0.1677536498   0.2569445318   0.1051062542   0.0001932393  -0.1626233166
22  3   0.0497412679  -0.0285025655   0.0743114838  -0.0843002395  -0.1197805607
22  4  -0.4654941024  -0.2577219555   0.5167642431   0.4249391182  -0.0416115468
22  5   0.0010617040   0.0006877710   0.1790303446  -0.3422670342  -0.0107436169
22  6  -0.0347919932   0.3001695026  -0.0146347665   0.0383211871  -0.0015744511
23  1   0.1107290359   0.2317881996   0.3556413667  -0.1528904938   0.1748374160
23  2  -0.0471942232   0.1091761064   0.0545860554   0.1851224191   0.2313314655
23  3   0.0510449404   0.0622151061   0.0211088544  -0.0419815824  -0.3230051121
23  4   0.4286375215  -0.2873133690   0.4739821722   0.2296160918   0.1054606099
23  5   0.0386120560   0.0211517996  -0.2752968558   0.4850455971   0.0072381789
23  6   0.0193363958  -0.1651881239   0.0021104576  -0.0045438171   0.0005777635
24  1   0.2013602102  -0.0252249698  -0.0804653676  -0.0893723147   0.1880203464
24  2   0.2420425294   0.1263942357  -0.4371018145  -0.1130830185  -0.3743277976
24  3  -0.1354139803   0.0411553447   0.0162466148  -0.0240251069   0.0133322834
24  4  -0.2155517673  -0.0340085668   0.0908498554   0.0937141443  -0.0237136901
24  5  -0.0039498950  -0.0009114624   0.1028797094  -0.1817689379   0.0280806140
24  6   0.1115235400  -0.9048023305   0.0646973956  -0.1821344336   0.0050089493
25  1   0.0173611795  -0.1002139005  -0.2812617995   0.1135430003   0.2387019849
25  2  -0.2237466489  -0.1085626689  -0.1529480413  -0.2121643733   0.0641178219
25  3  -0.0047571290  -0.1649841944   0.0477510892   0.0829552656  -0.3029147350
25  4  -0.0079092391   0.2275559621  -0.0827913043   0.1431840774  -0.1717479265
25  5  -0.1058612138   0.0393573427  -0.3711828676  -0.1872703212  -0.0673029397
25  6   0.7768045014   0.0749271766  -0.0596600867   0.0601529585  -0.0008711730
26  1   0.0246024010   0.0216857885   0.2135919902  -0.1842305280   0.1545314004
26  2  -0.1218974976  -0.1850257358   0.2512993436   0.2170406385   0.0523521421
26  3  -0.3458867782   0.1148970335  -0.0380912333   0.1162048215  -0.1989025820
26  4  -0.1490069070   0.4432686237   0.2977259100  -0.2631572343   0.5562295768
26  5   0.0377332480   0.0529494211  -0.3593206298  -0.2538868733   0.0175134980
26  6  -0.2286730314  -0.0227817260   0.0449015089  -0.0116755842   0.0004612350
27  1   0.1196604873  -0.3149046502   0.1195071447   0.0460267225  -0.0140251519
27  2   0.1358441712   0.0853052340   0.0175970783   0.2502426240   0.1921905918
27  3  -0.2702145254   0.1118886857   0.0595003846   0.0560986443  -0.2971704190
27  4   0.0251512920   0.1296096819  -0.2512949652   0.3296731855  -0.4840629615
27  5  -0.1486114415   0.0362570902  -0.3474036734  -0.1428974701   0.0514464614
27  6  -0.5521033414  -0.0571796699   0.0754469234  -0.0369518640   0.0008446263
28  1  -0.0820704050   0.0084266849   0.0742510453   0.2017554860   0.2850519001
28  2   0.0697301491  -0.1111835205  -0.0323075755   0.2194944427   0.0334120130
28  3  -0.2613109488  -0.4166752973  -0.0343356989   0.1257487773   0.0439181268
28  4   0.0034298017  -0.0644925805  -0.0083707285   0.0131383189   0.0440940665
28  5  -0.1432261807   0.1287779351   0.0249374031   0.0088143476   0.9567117553
28  6   0.0746381188   0.0349141077  -0.0656360021   0.0026910108  -0.0499332958
29  1  -0.0911245961  -0.2450788639   0.0858620247  -0.2039402897   0.1162107858
29  2  -0.2001199145   0.1146992365  -0.0159453427   0.1932079330  -0.1047751288
29  3  -0.0158061087  -0.0796364233   0.0914319186   0.4009890476   0.1109942923
29  4   0.0085462045  -0.1478486769  -0.0020448759   0.0330036072   0.1650222378
29  5  -0.6990301692   0.4657528677   0.0907413129   0.0488152892  -0.2502422433
29  6  -0.0187728329  -0.0072616034   0.0152291618  -0.0016021091  -0.0101370394
30  1   0.3600201755  -0.0402631046   0.0000000000   0.0000000000   0.0000000000
30  2   0.0000000000  -0.2904993300   0.1164588093   0.0866655751   0.0003994563
30  3   0.0303422324  -0.0711088851   0.1083921170  -0.4535833885   0.0298706241
30  4   0.0270613158   0.0692370352   0.0245720765  -0.0188450367   0.1172430452
30  5  -0.6425585231  -0.5986044974  -0.0215846555   0.0126741381   0.0417284697
30  6   0.0000202110  -0.0003480153  -0.0004616066  -0.0000858381   0.0244087111
$end
