$grad          cartesian gradients
  cycle =    564   ex. state energy =    -1151.9169509695 |dE/dxyz| =  0.236590
   -0.21283268684087     -0.10688273429029      0.08582213798241      ti
    1.37013975463014     -2.74804469771051      1.51246829153607      o
   -3.53793871138486     -0.68923249749129     -1.87162507332094      o
   -4.79776669285191     -1.89469645364810     -1.93344428713434      h
   -0.81862965278690      2.81512790669952      1.79758094920027      o
   -1.19460256452998      4.27438856970864      2.80581892774726      h
    3.58303530438383      0.98018614755815     -1.72764281281556      o
    4.43100369499665      0.64819753538527     -3.18172773675485      h
    2.20556722471187     -3.63176270748136      2.82171195248276      h
  0.52282203664156D-01  -.54244037748768D-02  0.11633021882783D-01
  0.16463267661788D-01  -.17819644690392D-01  0.23715024034622D-01
  -.91462940091772D-01  -.42206323699155D-01  -.32625077898571D-01
  0.27801981069691D-01  0.33278511622619D-01  -.13249931288438D-02
  -.10401884480498D-01  0.19469568534224D-01  0.15603216677344D-01
  0.76374480692984D-03  0.44786208901872D-02  0.35646118670265D-03
  0.46544484315339D-01  -.94453518178876D-02  -.65081125352788D-01
  -.35791296568849D-01  0.12553798177311D-01  0.60570618506913D-01
  -.61995603702076D-02  0.51152255130455D-02  -.12847145934733D-01
$end
$grad          cartesian gradients
  cycle =    565   ex. state energy =    -1151.9219266996 |dE/dxyz| =  0.252876
   -0.21959161761172     -0.09785371372417      0.08867351762370      ti
    1.35869993651919     -2.74314433260110      1.50874496785383      o
   -3.53862458669820     -0.69787671956460     -1.87013213170829      o
   -4.83019658353575     -1.91507397774612     -1.93496010651005      h
   -0.80379034292016      2.79221799819735      1.79652113964409      o
   -1.26486573798922      4.24955189560527      2.78780458961000      h
    3.59781291406163      0.97979097257456     -1.72263238321395      o
    4.50862895870872      0.62409032399750     -3.32740316928868      h
    2.27419151732459     -3.56216673792759      2.82411124939335      h
  0.52903266722419D-01  0.11761188700184D-02  0.16348181513673D-01
  0.11236138193339D-01  -.12549193992504D-01  0.17078006902557D-01
  -.75592712164651D-01  -.28004566369618D-01  -.31764369554239D-01
  0.12390103680958D-01  0.18348604232066D-01  -.21962923371470D-02
  -.82992801811157D-02  0.89478951597068D-02  0.95806398616424D-02
  -.20122495163762D-03  0.81970958812419D-02  0.28321942732923D-02
  -.37201621241245D-02  0.88823358515200D-02  0.19052688420360D-01
  0.13776109589630D-01  -.61306505476587D-02  -.23815991765140D-01
  -.24922395244830D-02  0.11323609248411D-02  -.71150570940977D-02
$end
$grad          cartesian gradients
  cycle =    566   ex. state energy =    -1151.9030342088 |dE/dxyz| =  0.287756
   -0.23145092251739     -0.08109236230704      0.09295300470085      ti
    1.33578616682286     -2.73289450502116      1.50133730958406      o
   -3.53509555064528     -0.71186192660039     -1.86533722031193      o
   -4.90036532328296     -1.97013414720116     -1.93599804453134      h
   -0.77645262530677      2.74853554163014      1.79391170889071      o
   -1.39133878608006      4.20061882934295      2.75257344866030      h
    3.62205631340531      0.97852208340460     -1.71309491719404      o
    4.62765956519875      0.57925053886681     -3.57319804294238      h
    2.40432196747246     -3.43705497236208      2.83431249338377      h
  0.55904367110167D-01  0.14612591151322D-01  0.26026401609076D-01
  -.74757781304918D-02  0.58992273593282D-03  -.40606535397294D-02
  -.40784637300714D-01  0.21071538087916D-02  -.29584864450807D-01
  -.21267353130120D-01  -.13048447101432D-01  -.41166624935525D-02
  -.19533490697902D-02  -.14661489296055D-01  -.42299737085948D-02
  -.43210324017305D-02  0.17359337154010D-01  0.87323638640695D-02
  -.41670598665200D-01  0.21378623274725D-01  0.83822903507573D-01
  0.48960215402891D-01  -.19428957518610D-01  -.88453330358386D-01
  0.12608166127980D-01  -.89087345016844D-02  0.11863815318246D-01
$end
$grad          cartesian gradients
  cycle =    567   ex. state energy =    -1151.8806822954 |dE/dxyz| =  0.323771
   -0.24235188370761     -0.06504552379003      0.09595529091479      ti
    1.31273128955085     -2.72247508196363      1.49479800460516      o
   -3.52886809241543     -0.72510502145000     -1.85881488706883      o
   -4.94905265447131     -2.01324039124786     -1.93344786946553      h
   -0.75038256484054      2.70612911697783      1.79155323260991      o
   -1.50730004825532      4.14213404752981      2.71080786061617      h
    3.64452991037264      0.97608447314448     -1.70705797269064      o
    4.68999970206744      0.54754883777614     -3.73348678501583      h
    2.52122928713038     -3.30970372336692      2.83302569749642      h
  0.59425749179404D-01  0.28391629689815D-01  0.36591666271236D-01
  -.26482510112203D-01  0.89063970382237D-02  -.22050887324204D-01
  -.20348324224115D-01  0.18547639128831D-01  -.27970962166641D-01
  -.40550788767318D-01  -.30622159554502D-01  -.52424733499104D-02
  0.54491444621442D-02  -.36209311980010D-01  -.17452919529352D-01
  -.92191149778350D-02  0.23547930942747D-01  0.12613206655057D-01
  -.50806179281468D-01  0.23593440991224D-01  0.99746769799095D-01
  0.54686835168997D-01  -.22278665419355D-01  -.10350099410948D+00
  0.27845187554910D-01  -.13876900226133D-01  0.27266593876765D-01
$end
$grad          cartesian gradients
  cycle =    568   ex. state energy =    -1151.8709397190 |dE/dxyz| =  0.349744
   -0.25266555922540     -0.04950978879355      0.09762833103166      ti
    1.28981500700198     -2.71200105103729      1.48984666187470      o
   -3.52101570069514     -0.73891110984354     -1.85053602366127      o
   -4.96173017792874     -2.03094595013647     -1.92630386489216      h
   -0.72518548917511      2.66491937410072      1.79012877765677      o
   -1.61242336063904      4.06710996014950      2.65782768268010      h
    3.66636975904171      0.97234859697893     -1.70498760588452      o
    4.69573325184322      0.53017285463424     -3.80443544699378      h
    2.61591080300566     -3.17156930581472      2.80723569798653      h
  0.60580982113202D-01  0.42616099369577D-01  0.48922880104048D-01
  -.39164643907357D-01  0.11617075137116D-01  -.31808695144473D-01
  -.14220406518816D-01  0.22122041889182D-01  -.27042573294917D-01
  -.45404827906432D-01  -.35172087822867D-01  -.55343487066563D-02
  0.11957467260877D-01  -.53075985527161D-01  -.28899152958006D-01
  -.12480134934649D-01  0.23986861553057D-01  0.12983216803991D-01
  -.51822148769161D-01  0.24036253259619D-01  0.10369446898216D+00
  0.53324005212422D-01  -.22916539542230D-01  -.10649524366153D+00
  0.37229706551953D-01  -.13213717567921D-01  0.34179448124083D-01
$end
$grad          cartesian gradients
  cycle =    569   ex. state energy =    -1151.8776909367 |dE/dxyz| =  0.358426
   -0.26247687554162     -0.03466691088937      0.09778056265414      ti
    1.26749725669351     -2.70147586378576      1.48689095080782      o
   -3.51184215064406     -0.75355916873867     -1.84048680170516      o
   -4.93468944425673     -2.01996464262102     -1.91429261238960      h
   -0.70099167621139      2.62555186360128      1.79023876497944      o
   -1.70499570416268      3.97431042467674      2.59298347187646      h
    3.68778103678115      0.96729656144254     -1.70698332535028      o
    4.64693947273850      0.52746526926366     -3.78541365355707      h
    2.68123398110485     -3.02188705747573      2.75115011169355      h
  0.58593629994502D-01  0.57828132572955D-01  0.63274311199976D-01
  -.43130219699727D-01  0.10556741443024D-01  -.32714989050745D-01
  -.21263821440504D-01  0.14026135582279D-01  -.27032674441419D-01
  -.36761762773376D-01  -.27862200008210D-01  -.49702886071323D-02
  0.15717476732883D-01  -.65621284022585D-01  -.38296617588437D-01
  -.12301920475215D-01  0.18608596519137D-01  0.98153298896955D-02
  -.48754871708375D-01  0.24309745704514D-01  0.10292018832093D+00
  0.49485372920666D-01  -.22966020725334D-01  -.10532715992170D+00
  0.38416116018622D-01  -.88798468199327D-02  0.32331899580090D-01
$end
$grad          cartesian gradients
  cycle =    570   ex. state energy =    -1151.8970368411 |dE/dxyz| =  0.355524
   -0.27181968550354     -0.02075761194870      0.09617340361842      ti
    1.24586048821938     -2.69071268413152      1.48589255961727      o
   -3.50090302335304     -0.76865821935786     -1.82859383966816      o
   -4.87548087998996     -1.98695835254349     -1.89787790334129      h
   -0.67781831644116      2.58853039595285      1.79235579858273      o
   -1.78604242266842      3.86759662738408      2.51887246040014      h
    3.70874749918310      0.96091932939332     -1.71299435321317      o
    4.54670185039962      0.53940873305111     -3.67756606364878      h
    2.71646761695602     -2.86342460388493      2.66625363771498      h
  0.54966029168071D-01  0.73655752733552D-01  0.78797378194983D-01
  -.37654123585931D-01  0.80048915787467D-02  -.25842916696264D-01
  -.42650770458893D-01  -.66665354315559D-02  -.28024787810629D-01
  -.13447706932363D-01  -.77585830732676D-02  -.34823683705213D-02
  0.15548407425737D-01  -.74894429662418D-01  -.46166314884099D-01
  -.79831593307295D-02  0.90427588051558D-02  0.42390339788580D-02
  -.39627492453997D-01  0.23047841316592D-01  0.91622453961067D-01
  0.40553773057459D-01  -.21213191898306D-01  -.94032075038005D-01
  0.30295042769598D-01  -.32185040163150D-02  0.22889595695569D-01
$end
$grad          cartesian gradients
  cycle =    571   ex. state energy =    -1151.9151985767 |dE/dxyz| =  0.345437
   -0.28068613460793     -0.00806622254154      0.09254008857979      ti
    1.22454486327154     -2.67946822786255      1.48642577186970      o
   -3.48695694971118     -0.78309467828595     -1.81474046082117      o
   -4.80421288128823     -1.94950246862080     -1.87830059232405      h
   -0.65551525471456      2.55425534791365      1.79687214650218      o
   -1.86000559590897      3.75469418661001      2.44027152909544      h
    3.72890265745801      0.95329292377634     -1.72247622211882      o
    4.40175545166499      0.56446966389677     -3.48951986078000      h
    2.72849526012821     -2.70038610293366      2.56035111112160      h
  0.51108563556284D-01  0.88834178563423D-01  0.94219620684373D-01
  -.23667284422911D-01  0.65880786959740D-02  -.13923902881315D-01
  -.75126215097106D-01  -.37178465669296D-01  -.29515229370636D-01
  0.21292999096758D-01  0.22350881114603D-01  -.13798360451028D-02
  0.12555552674630D-01  -.82978351016570D-01  -.54047731872756D-01
  -.10482849408466D-02  -.13316806699621D-02  -.14991225556334D-02
  -.14165586434285D-01  0.13583436449491D-01  0.40245182890749D-01
  0.15577734347554D-01  -.11085147014644D-01  -.42590320992463D-01
  0.13472520587834D-01  0.12170697745127D-02  0.84913389481688D-02
$end
$grad          cartesian gradients
  cycle =    572   ex. state energy =    -1151.9015075627 |dE/dxyz| =  0.327866
   -0.28904498555383      0.00311177692354      0.08661162664724      ti
    1.20276118893325     -2.66757758379224      1.48780361647220      o
   -3.46814836290794     -0.79518714326099     -1.79879453014570      o
   -4.75099640488685     -1.93386504004869     -1.85733235305887      h
   -0.63381684431439      2.52311829476324      1.80418440948105      o
   -1.93350932355325      3.64424687267065      2.36216542198942      h
    3.74697069037617      0.94494159193661     -1.73274822123595      o
    4.23214584017117      0.59382615856990     -3.26376884898878      h
    2.73162992076519     -2.53612686295099      2.44546706662622      h
  0.48144771770760D-01  0.10210019456914D+00  0.10830507197968D+00
  -.79961954807169D-02  0.84055293184428D-02  -.32743875028985D-02
  -.97065604071203D-01  -.58839041418354D-01  -.30017434691706D-01
  0.46021629962216D-01  0.43810120367841D-01  0.10364206721351D-03
  0.10853867658916D-01  -.93343331790467D-01  -.63736345776880D-01
  0.40383442890825D-02  -.78237554933265D-02  -.48026072857014D-02
  0.45144083583887D-01  -.23954553519067D-01  -.13175383689077D+00
  -.43661341497374D-01  0.27069264185800D-01  0.12982544269475D+00
  -.54795556565465D-02  0.25755737479283D-02  -.46495455911793D-02
$end
$grad          cartesian gradients
  cycle =    573   ex. state energy =    -1151.8632513068 |dE/dxyz| =  0.310074
   -0.29689130566154      0.01254109724944      0.07812481799939      ti
    1.17956378636045     -2.65501846278940      1.48941309441555      o
   -3.44312893384486     -0.80375580506965     -1.78063388138366      o
   -4.73722974694867     -1.95881097382878     -1.83615098964870      h
   -0.61248867722108      2.49556207903610      1.81481363055890      o
   -2.01173580140146      3.54132670960618      2.28720290495666      h
    3.75983863210911      0.93789742255404     -1.73456589975079      o
    4.08722456351350      0.59427593355923     -3.14705620142682      h
    2.74216595167984     -2.37093557617073      2.33216559780234      h
  0.46348418626132D-01  0.11230718321217D+00  0.12016023199070D+00
  -.39227232177941D-02  0.11937718800844D-01  -.16172065068340D-02
  -.82532238327540D-01  -.48920716702775D-01  -.28102108525333D-01
  0.35120856989366D-01  0.33950680563187D-01  -.18791409018631D-03
  0.15066248992608D-01  -.10772151289920D+00  -.75299507006938D-01
  0.23872704936685D-02  -.76345395579790D-02  -.47075782431975D-02
  0.82127024546888D-01  -.73987857121050D-01  -.33424363480641D+00
  -.81259269027543D-01  0.77435358870828D-01  0.33284834895707D+00
  -.13335588157426D-01  0.26336855107768D-02  -.88506319015666D-02
$end
$grad          cartesian gradients
  cycle =    574   ex. state energy =    -1151.9022583564 |dE/dxyz| =  0.307992
   -0.30420090896811      0.01999608655283      0.06687812233957      ti
    1.15471780594443     -2.64191717270044      1.49113742289839      o
   -3.41260294361072     -0.80929265711054     -1.76033274032859      o
   -4.75367655007759     -2.01599711174002     -1.81447038660552      h
   -0.59173191366183      2.47239053088127      1.82937964384982      o
   -2.09363050466246      3.44569891280487      2.21535098090224      h
    3.76540564873679      0.93489543307322     -1.71688641740272      o
    4.00021609321504      0.52190288912306     -3.31528366319967      h
    2.76688467990935     -2.20463877538528      2.22358425586916      h
  0.44861813231551D-01  0.11775040941354D+00  0.12887145117675D+00
  -.18082916945863D-01  0.12293184105942D-01  -.92971346191383D-02
  -.43921400836509D-01  -.18045875734843D-01  -.24372458231542D-01
  0.12093493520276D-02  0.34832638873199D-02  -.14697265461164D-02
  0.25549664172315D-01  -.12263753024441D+00  -.85926666552825D-01
  -.64587319057644D-02  -.26967487512710D-02  -.28622277197078D-02
  0.20313010576067D-01  -.22358895446198D-01  -.11416121788137D+00
  -.20244763614833D-01  0.25932186000199D-01  0.11294834875771D+00
  -.32260236115787D-02  0.62800072750687D-02  -.37303693078815D-02
$end
$grad          cartesian gradients
  cycle =    575   ex. state energy =    -1151.9049304580 |dE/dxyz| =  0.313244
   -0.31041442079998      0.02478852070383      0.05356265865001      ti
    1.13082079078748     -2.62922255615769      1.49326436653966      o
   -3.38087430227999     -0.81305398713211     -1.73957772367072      o
   -4.76961434114365     -2.07465192927268     -1.79271701017555      h
   -0.57364466411118      2.45617767943520      1.84740593800281      o
   -2.16573124826671      3.35999981619034      2.15030673708344      h
    3.76643380322098      0.93329848740238     -1.69298058415274      o
    3.92765818127110      0.42716046902141     -3.56693711781806      h
    2.79502764482317     -2.05238900144308      2.12250905106931      h
  0.43741486046015D-01  0.11674358232892D+00  0.13217731193518D+00
  -.39354984812650D-01  0.80745081114254D-02  -.17680994856815D-01
  -.11787799710304D-01  0.72736928909209D-02  -.20613487241500D-01
  -.25658018247299D-01  -.21072974422564D-01  -.23364991292910D-02
  0.36417691749183D-01  -.13073906187617D+00  -.91111536473820D-01
  -.16695625112335D-01  0.19716928006335D-02  -.17765573410624D-02
  -.22946635984827D-02  0.19223808963618D-01  0.46986074128455D-01
  0.13560933242086D-02  -.15667833374495D-01  -.48098553602401D-01
  0.14275820287254D-01  0.14192585893409D-01  0.24542418646489D-02
$end
$grad          cartesian gradients
  cycle =    576   ex. state energy =    -1151.8796728327 |dE/dxyz| =  0.319287
   -0.31640242871819      0.02772126032629      0.03653193558989      ti
    1.10580045153420     -2.61497999351349      1.49650211217010      o
   -3.34557924027837     -0.81704938772028     -1.71586226530514      o
   -4.76346149544906     -2.12067069322336     -1.76720336328782      h
   -0.55625315412181      2.44478737489386      1.87132859451015      o
   -2.22955485361872      3.26807760323956      2.08205245676674      h
    3.76446884297381      0.93049279389039     -1.66887783303027      o
    3.84237830590338      0.33558056238533     -3.79120943983650      h
    2.81458234549221     -1.89955610928023      2.00871586885011      h
  0.42629040048922D-01  0.10922246416131D+00  0.12987487769500D+00
  -.58740239612558D-01  0.15345851010119D-02  -.22159167481897D-01
  0.89307245113410D-02  0.22056846467627D-01  -.16831181029240D-01
  -.39911926829955D-01  -.34637627293090D-01  -.25218716662048D-02
  0.44715984032808D-01  -.13037315390728D+00  -.90089435772755D-01
  -.25014557159318D-01  0.43332420858805D-02  -.22633369976751D-02
  -.36803196994407D-02  0.33988757281125D-01  0.99878879443517D-01
  0.14847269838508D-02  -.30507941410534D-01  -.10072928786489D+00
  0.29586568048387D-01  0.24382828812866D-01  0.48405232411888D-02
$end
$grad          cartesian gradients
  cycle =    577   ex. state energy =    -1151.8607619499 |dE/dxyz| =  0.325488
   -0.32158811198065      0.02852648067260      0.01709382776377      ti
    1.08275679985364     -2.59995054900638      1.50087500063251      o
   -3.31066238017082     -0.82177469694800     -1.69124657433537      o
   -4.72153920565465     -2.13697376409358     -1.73966787350270      h
   -0.54156898850535      2.43952549305529      1.89941468578354      o
   -2.27208601357155      3.17543529360101      2.01666967257059      h
    3.75946479122154      0.92581498091112     -1.64947998821316      o
    3.75209626005952      0.26825409618421     -3.92256036386026      h
    2.80978982247726     -1.76733404303206      1.88779731950598      h
  0.41240776430944D-01  0.95916601700022D-01  0.12169896870933D+00
  -.69375122527077D-01  -.36937241107439D-02  -.21447391246526D-01
  0.16418574913870D-01  0.24578535294771D-01  -.13240881188247D-01
  -.40039236986908D-01  -.35496326347867D-01  -.20260701736667D-02
  0.46794611877209D-01  -.12087008435836D+00  -.82669937813856D-01
  -.27504203828039D-01  0.32305778376368D-02  -.41973548272035D-02
  -.10369805874727D-02  0.37983441134491D-01  0.11147855677055D+00
  -.24346166246725D-02  -.34521873904419D-01  -.11196209095788D+00
  0.35936197827457D-01  0.32872853288882D-01  0.23662003625316D-02
$end
$grad          cartesian gradients
  cycle =    578   ex. state energy =    -1151.8570887116 |dE/dxyz| =  0.329525
   -0.32592905402698      0.02746428361041     -0.00456211692415      ti
    1.06208634994240     -2.58383650244829      1.50631551336932      o
   -3.27643039382021     -0.82737857200856     -1.66588695130179      o
   -4.64426866871457     -2.12313497948178     -1.71048963436769      h
   -0.52964184466036      2.43975780630343      1.93125157271898      o
   -2.29191177649120      3.08296246899223      1.95559104619214      h
    3.75124518983449      0.91905443002178     -1.63526233996072      o
    3.66082670395782      0.22799558908240     -3.95384150274557      h
    2.77579134010146     -1.66116934250576      1.76019055782155      h
  0.39118280425122D-01  0.77970391847646D-01  0.10857048327393D+00
  -.71496025226629D-01  -.55998616996842D-02  -.17387039384661D-01
  0.11638593581886D-01  0.15204242978563D-01  -.97014155479542D-02
  -.26608894360136D-01  -.23798420665482D-01  -.92171858864267D-03
  0.42101644948983D-01  -.10447872285765D+00  -.70503961451011D-01
  -.23278629261463D-01  -.75278542427710D-03  -.67522707138077D-02
  0.18391245697717D-02  0.39379006272712D-01  0.11269678046407D+00
  -.66469185111241D-02  -.35895507244452D-01  -.11282751849116D+00
  0.33332824533275D-01  0.37971657187838D-01  -.31733399197998D-02
$end
$grad          cartesian gradients
  cycle =    579   ex. state energy =    -1151.8655000840 |dE/dxyz| =  0.328397
   -0.32937999257958      0.02486182267389     -0.02831479061144      ti
    1.04354468097193     -2.56642615571231      1.51262207457331      o
   -3.24226811076174     -0.83337985883933     -1.63976861243743      o
   -4.54349593878091     -2.08971265503542     -1.68038350332051      h
   -0.52010362975788      2.44450815431655      1.96641704466645      o
   -2.29338330274145      2.99346485361759      1.90037667740807      h
    3.73953346827649      0.91007963336663     -1.62610683919811      o
    3.57200038210095      0.21513873220231     -3.88593992089255      h
    2.71586485474352     -1.58260552417770      1.62797506261012      h
  0.35721757576746D-01  0.56616564995743D-01  0.91831897591010D-01
  -.66413888112805D-01  -.30765300538683D-02  -.11894523007280D-01
  -.56422788427659D-02  -.70650948297928D-02  -.61128576131671D-02
  0.11218529457507D-02  0.17395075410568D-02  0.76381982597735D-03
  0.32118061288593D-01  -.84494394508478D-01  -.55793613004907D-01
  -.13555126823150D-01  -.62602543385993D-02  -.90531620481895D-02
  0.45567246434376D-02  0.39996679366726D-01  0.11020770461898D+00
  -.10921202490598D-01  -.36535417279270D-01  -.10992843947571D+00
  0.23014098774533D-01  0.39078939095371D-01  -.10020828053753D-01
$end
$grad          cartesian gradients
  cycle =    580   ex. state energy =    -1151.8803464962 |dE/dxyz| =  0.321943
   -0.33183979072427      0.02108828937111     -0.05393655228308      ti
    1.02656834501547     -2.54778144690775      1.51952602795773      o
   -3.20698162852877     -0.83856341731381     -1.61296741097941      o
   -4.44334174882000     -2.05911642921736     -1.65060554723870      h
   -0.51238912034346      2.45266899766662      2.00430901128714      o
   -2.28513598468902      2.91137443105913      1.85263265613391      h
    3.72399824287198      0.89877708695880     -1.62185191932102      o
    3.48946541417628      0.22985066846989     -3.72102234333636      h
    2.64039336753955     -1.53029968040938      1.49461049768299      h
  0.30479697842235D-01  0.33441400317753D-01  0.72665819805255D-01
  -.55608812602304D-01  0.39815123331354D-02  -.67573047060815D-02
  -.26931343961298D-01  -.35188184669399D-01  -.20309768889889D-02
  0.35018554402314D-01  0.34160828330640D-01  0.26876223713612D-02
  0.20593616664475D-01  -.64470699946128D-01  -.40522422010345D-01
  -.19911639191260D-02  -.11452467347871D-01  -.10578542208187D-01
  0.66042013239016D-02  0.38093906891114D-01  0.98483199898378D-01
  -.14860928665577D-01  -.34748063050371D-01  -.97497792571184D-01
  0.66961789110006D-02  0.36181768139075D-01  -.16449603357020D-01
$end
$grad          cartesian gradients
  cycle =    581   ex. state energy =    -1151.8959278758 |dE/dxyz| =  0.312501
   -0.33315338127244      0.01656111696041     -0.08103500819479      ti
    1.01040198010148     -2.52828867912808      1.52676810576650      o
   -3.16934107265847     -0.84135142483230     -1.58574636096276      o
   -4.37356869314407     -2.05985566937342     -1.62269030482050      h
   -0.50591754642694      2.46311347363137      2.04412723039332      o
   -2.27725706645985      2.84134321363608      1.81361995166960      h
    3.70433563036550      0.88518312685948     -1.62195110817205      o
    3.41754163363017      0.27039287110280     -3.46889833780520      h
    2.56561101629537     -1.50009593084100      1.36385114456396      h
  0.22938193243098D-01  0.10104625779331D-01  0.51990007340513D-01
  -.42901847557010D-01  0.13483043727555D-01  -.34491452465359D-02
  -.25552532800487D-01  -.43436502427086D-01  0.36033938371403D-02
  0.48688165724398D-01  0.47658941217578D-01  0.39305435274641D-02
  0.12815044814917D-01  -.47207086654656D-01  -.25733912673339D-01
  0.60141544037310D-02  -.14777849615501D-01  -.11620120750238D-01
  0.31783748763408D-02  0.24528253432582D-01  0.50601544757521D-01
  -.13846972181679D-01  -.21475433908861D-01  -.48344501762392D-01
  -.11332579751570D-01  0.31122009242704D-01  -.20977808425299D-01
$end
$grad          cartesian gradients
  cycle =    582   ex. state energy =    -1151.8863433819 |dE/dxyz| =  0.306566
   -0.33313002088417      0.01172506129326     -0.10913808056074      ti
    0.99425153172610     -2.50849600492269      1.53419439988208      o
   -3.12943343495696     -0.84125439448805     -1.55852388177139      o
   -4.34621445101152     -2.10390052601811     -1.59752526148002      h
   -0.50032327927633      2.47483685552736      2.08503139327011      o
   -2.27674730217396      2.78652277358287      1.78423570491961      h
    3.68050932202814      0.86996081623845     -1.62393370221856      o
    3.35703931806999      0.32504459842926     -3.17110073278736      h
    2.50943908646705     -1.48623593012810      1.23799185764414      h
  0.12949119689885D-01  -.12146411319584D-01  0.30643111235983D-01
  -.35246238514933D-01  0.20650613025334D-01  -.16649044437257D-02
  0.12660685375597D-01  -.16091726505633D-01  0.11473544464855D-01
  0.28121556643549D-01  0.26419170010120D-01  0.39023393150756D-02
  0.12375644150818D-01  -.33770874854617D-01  -.11513711769163D-01
  0.66271812336934D-02  -.15870347811993D-01  -.13094356748610D-01
  -.27346986163740D-01  -.29210476177811D-01  -.10841694413585D+00
  0.13461016199024D-01  0.31576873832018D-01  0.11261504785204D+00
  -.23601979004270D-01  0.28443180093981D-01  -.23944126758046D-01
$end
$grad          cartesian gradients
  cycle =    583   ex. state energy =    -1151.8357896140 |dE/dxyz| =  0.313501
   -0.33154425318782      0.00699310304928     -0.13790842721454      ti
    0.97753721308299     -2.48870952573170      1.54178029095485      o
   -3.08916000630343     -0.83975681540156     -1.53169980591580      o
   -4.34296490574458     -2.17298906046135     -1.57468674605542      h
   -0.49560550780901      2.48710206641021      2.12644141410203      o
   -2.28416278310580      2.74778189158159      1.76554474290776      h
    3.65376354222804      0.85586058357444     -1.61925063295839      o
    3.28670723076332      0.34771240388996     -2.96497672176315      h
    2.48427638545167     -1.48491817232464      1.11710687792077      h
  0.35806078849897D-03  -.32849431637794D-01  0.94197416133274D-02
  -.38152321114029D-01  0.21493796105213D-01  0.93588900137863D-03
  0.63747581099792D-01  0.24283391041891D-01  0.20867619315811D-01
  -.30409926610889D-02  -.71030204039589D-02  0.32235309041042D-02
  0.18086661156966D-01  -.23453379421180D-01  0.21115788297240D-02
  0.79591510693838D-03  -.15507217373700D-01  -.15407148657884D-01
  -.95869491244934D-01  -.11545714371848D+00  -.33120893666166D+00
  0.78206969706250D-01  0.11667768069393D+00  0.33756020395218D+00
  -.24132384126025D-01  0.31915324537330D-01  -.27502479646737D-01
$end
$grad          cartesian gradients
  cycle =    584   ex. state energy =    -1151.8613860239 |dE/dxyz| =  0.313698
   -0.32810233144763      0.00274312398813     -0.16705967240158      ti
    0.96022868475163     -2.46885743120608      1.54946536157463      o
   -3.05108223473320     -0.83906518912157     -1.50571968665814      o
   -4.33623354651463     -2.23835690468312     -1.55316543852912      h
   -0.49209793105787      2.49938724285496      2.16789401831756      o
   -2.29452594000316      2.72479116689552      1.75943849428733      h
    3.62733656169518      0.84738456885113     -1.59568058997525      o
    3.15299978976068      0.26404783188029     -3.04586206885600      h
    2.49218041044732     -1.49748136378779      1.00141945841231      h
  -.15160659860244D-01  -.52465516251106D-01  -.11045839405154D-01
  -.50256525116924D-01  0.17652328943621D-01  0.59072929015735D-02
  0.10584294830158D+00  0.55404073772395D-01  0.30594228283908D-01
  -.23689730010459D-01  -.30678316844845D-01  0.27373843093431D-02
  0.25411336692019D-01  -.15021495062489D-01  0.14452972242131D-01
  -.70330650520696D-02  -.14678907010192D-01  -.17845106294513D-01
  -.54668197856183D-01  -.48033051137888D-01  -.13834378749227D+00
  0.33592483923442D-01  0.48121670770769D-01  0.14632084051615D+00
  -.14038591474236D-01  0.39699213566996D-01  -.32777985070348D-01
$end
$grad          cartesian gradients
  cycle =    585   ex. state energy =    -1151.8635957237 |dE/dxyz| =  0.310462
   -0.32267366993268     -0.00036046771305     -0.19413452584445      ti
    0.94408828954916     -2.45010609956989      1.55646969104400      o
   -3.02021265316034     -0.84097445049329     -1.48302531663498      o
   -4.30781387259679     -2.27460710217828     -1.53372518899623      h
   -0.49050095091335      2.51039972204064      2.20589030061377      o
   -2.30028973488244      2.71864328244870      1.76872815452422      h
    3.60067754224538      0.84133553979051     -1.56516170769341      o
    3.00354268924305      0.13825795986624     -3.24697887611767      h
    2.52501705296099     -1.52792350378969      0.90149922821997      h
  -.31575284310951D-01  -.68864884290210D-01  -.27663931216409D-01
  -.64403254828043D-01  0.13895372835201D-01  0.12035428096181D-01
  0.13111112523963D+00  0.70342139007531D-01  0.38448381994575D-01
  -.29524079277991D-01  -.38550787550796D-01  0.27617385068765D-02
  0.29352226242159D-01  -.80737112674783D-02  0.23938046241017D-01
  -.11848590409912D-01  -.14032224996480D-01  -.19151623333498D-01
  -.37754755899918D-02  0.17564965155904D-01  0.30568165915884D-01
  -.19468237054150D-01  -.18499195753514D-01  -.22441853949870D-01
  0.13157007907001D-03  0.46218327582347D-01  -.38494352188702D-01
$end
$grad          cartesian gradients
  cycle =    586   ex. state energy =    -1151.8371603940 |dE/dxyz| =  0.308623
   -0.31441847179643     -0.00243188205414     -0.22184613140153      ti
    0.92799769783989     -2.43012809059485      1.56325850641912      o
   -2.99419552791003     -0.84639739870104     -1.46146881845474      o
   -4.25044201281803     -2.28028904220344     -1.51387226575126      h
   -0.49078511367460      2.52109248940531      2.24430869147921      o
   -2.29802159011254      2.72707625776996      1.79499671454585      h
    3.56810247482873      0.83319101470259     -1.53398092723870      o
    2.86815125657798      0.01698108977764     -3.43844837871843      h
    2.57247930217774     -1.58244033259415      0.80907520725757      h
  -.50472992263796D-01  -.81294662007090D-01  -.40749305628896D-01
  -.75293377916769D-01  0.12033242762569D-01  0.18317312765929D-01
  0.14236799807609D+00  0.71369198381131D-01  0.43880269347965D-01
  -.23735648740198D-01  -.33340465893026D-01  0.32811427238431D-02
  0.28352256613643D-01  -.10770813933233D-02  0.31535280863756D-01
  -.12005658353576D-01  -.13769758901715D-01  -.18913943266614D-01
  0.10011206970423D-01  0.36868053332828D-01  0.80087175989938D-01
  -.33238524957112D-01  -.38978287806018D-01  -.74378962658753D-01
  0.14014740973120D-01  0.48189761975788D-01  -.43058970567197D-01
$end
$grad          cartesian gradients
  cycle =    587   ex. state energy =    -1151.8160204100 |dE/dxyz| =  0.303441
   -0.30342549968246     -0.00301567244966     -0.24793955016647      ti
    0.91379023672529     -2.41020715054631      1.56897870856731      o
   -2.97580335938083     -0.85523459613358     -1.44305008900758      o
   -4.17206799674333     -2.25804514766841     -1.49525719199864      h
   -0.49301108959632      2.53040479822422      2.28008118256958      o
   -2.28701122644572      2.74975323277221      1.83747726503127      h
    3.53080630242013      0.82215114952743     -1.50731396600309      o
    2.77148662760022     -0.07161105750317     -3.55984958819401      h
    2.61826709522449     -1.65953632028231      0.73512338881384      h
  -.70645325601135D-01  -.87232121214808D-01  -.49035358519506D-01
  -.78142061904879D-01  0.11771816281879D-01  0.23185363080708D-01
  0.13425858340675D+00  0.54483074113082D-01  0.45172945738345D-01
  -.52933059181323D-02  -.12716653766988D-01  0.43978854997228D-02
  0.22126674477408D-01  0.65286631541554D-02  0.36919045540007D-01
  -.66939133244760D-02  -.14127151421999D-01  -.16984130078219D-01
  0.75626718476248D-02  0.35631887832755D-01  0.77739400427531D-01
  -.26721241438980D-01  -.38501729324954D-01  -.76970869552405D-01
  0.23547918083270D-01  0.44162214447875D-01  -.44424282154835D-01
$end
$grad          cartesian gradients
  cycle =    588   ex. state energy =    -1151.8060067061 |dE/dxyz| =  0.302800
   -0.28949288097186     -0.00192975799542     -0.27219181388205      ti
    0.90195946100209     -2.39047971970585      1.57338259318780      o
   -2.96458752315186     -0.86660210680312     -1.42794573422602      o
   -4.08984554232658     -2.22641365340025     -1.47869933894743      h
   -0.49681731811753      2.53811233456766      2.31302601854581      o
   -2.27147533572641      2.78610616211833      1.89456916106551      h
    3.48886808885297      0.80795914792020     -1.48583798478401      o
    2.71501276522249     -0.12353156688805     -3.60234750249812      h
    2.65074454480769     -1.75697312286796      0.68300157033631      h
  -.84680971283048D-01  -.90960366799384D-01  -.54591445251177D-01
  -.77066300429160D-01  0.14311166039477D-01  0.25441303390734D-01
  0.10890706092895D+00  0.21277718808789D-01  0.43803672652369D-01
  0.24159030291472D-01  0.22327762528220D-01  0.60351864210028D-02
  0.12340726025232D-01  0.13186813298582D-01  0.39494199952635D-01
  0.22300817937095D-02  -.14741169017654D-01  -.13932862981160D-01
  0.32158258200889D-02  0.30854738556585D-01  0.65632855458059D-01
  -.18143237618725D-01  -.33654954885246D-01  -.67987156206133D-01
  0.29037783971279D-01  0.37398291400184D-01  -.43895753229204D-01
$end
$grad          cartesian gradients
  cycle =    589   ex. state energy =    -1151.8056085571 |dE/dxyz| =  0.323366
   -0.27244386661432      0.00097892674001     -0.29465414404288      ti
    0.89273084997546     -2.37109221398917      1.57639887217492      o
   -2.95908762282996     -0.87884421570862     -1.41603006573212      o
   -4.02926293562345     -2.21560321756112     -1.46531984115086      h
   -0.50165973708635      2.54408035094510      2.34333777635327      o
   -2.25854664865204      2.83604407487687      1.96407133306591      h
    3.44218514828435      0.79048820459289     -1.46957553654190      o
    2.69741161575123     -0.13855747038167     -3.56618884123386      h
    2.66168574059375     -1.87175328376532      0.65511877730277      h
  -.83164336108222D-01  -.94853938036368D-01  -.56611841871144D-01
  -.76437395750616D-01  0.21642537648735D-01  0.23504228124049D-01
  0.85737583531361D-01  -.76050516847534D-02  0.42390625062755D-01
  0.48176834306651D-01  0.52732013060502D-01  0.73300532277056D-02
  0.21186336385038D-02  0.14407847462359D-01  0.37298345503847D-01
  0.10679003331724D-01  -.14958479186030D-01  -.10823808401366D-01
  0.18152042099728D-02  0.32612199246238D-01  0.67779822566795D-01
  -.18921172774264D-01  -.34997155497861D-01  -.68231824058032D-01
  0.29995645316283D-01  0.31020026625839D-01  -.42635600240796D-01
$end
$grad          cartesian gradients
  cycle =    590   ex. state energy =    -1151.8203524541 |dE/dxyz| =  0.359975
   -0.25229924526221      0.00584832672142     -0.31528619811628      ti
    0.88625203190248     -2.35243855269618      1.57807956654231      o
   -2.95794715360242     -0.89039981302861     -1.40719029065500      o
   -4.01119925365212     -2.25188248523395     -1.45603261661605      h
   -0.50698732388399      2.54814608525543      2.37103516762526      o
   -2.25506848807805      2.89930367271856      2.04348327302265      h
    3.39085007250077      0.76973618038534     -1.45865923343804      o
    2.71816414036824     -0.11637058995623     -3.45288305320197      h
    2.64622905812773     -2.00012758569020      0.65367361427456      h
  -.79813431289949D-01  -.94171802007222D-01  -.47192713903744D-01
  -.70921950667815D-01  0.32648455624373D-01  0.14191665756006D-01
  0.90603182335205D-01  -.12519185386035D-02  0.44258656680883D-01
  0.42536132092909D-01  0.48110827331854D-01  0.69945895278640D-02
  -.31965693994083D-02  0.47275816202578D-02  0.23398246762870D-01
  0.14281877682057D-01  -.14556727891662D-01  -.91163876882144D-02
  0.11517698736516D-01  0.43528140676772D-01  0.79885224935790D-01
  -.28351407704834D-01  -.41783797898805D-01  -.74331103788510D-01
  0.23344468997847D-01  0.22749241151363D-01  -.38088177933287D-01
$end
$grad          cartesian gradients
  cycle =    591   ex. state energy =    -1151.8488431599 |dE/dxyz| =  0.331192
   -0.22930649277011      0.01277922393981     -0.33399215546747      ti
    0.88246077390992     -2.33509795897024      1.57866449602437      o
   -2.96114255564095     -0.90147726407171     -1.40136043313628      o
   -4.03102121456262     -2.33068481387983     -1.45040592728750      h
   -0.51251663037453      2.55019793666172      2.39597122747578      o
   -2.26300808257950      2.97449721252058      2.13084264853217      h
    3.33522316550054      0.74590771899378     -1.45310345733220      o
    2.77640059269673     -0.05801468090302     -3.26835809301690      h
    2.60473419834728     -2.13799601180064      0.67927829256604      h
  -.94906449117772D-01  -.84112751202800D-01  -.21190580486841D-01
  -.53655925612098D-01  0.44006985724691D-01  -.33718634481752D-02
  0.11470771861720D+00  0.32162520045387D-01  0.48312778227848D-01
  0.13844989254289D-01  0.14444372490786D-01  0.54846172176638D-02
  0.79374101703260D-03  -.14392342386824D-01  -.26724391077706D-02
  0.10529185693622D-01  -.12791969636708D-01  -.96144273580781D-02
  0.28491860080865D-01  0.45365991111205D-01  0.67587726231516D-01
  -.30319985825106D-01  -.36640143758515D-01  -.55080273816194D-01
  0.10514867170141D-01  0.11957337357748D-01  -.29455537516367D-01
$end
$grad          cartesian gradients
  cycle =    592   ex. state energy =    -1151.8660879601 |dE/dxyz| =  0.272964
   -0.20372686821038      0.02187097507712     -0.35083253312324      ti
    0.88080758476327     -2.31955169018727      1.57866819584190      o
   -2.96961013669162     -0.91389651532525     -1.39840979571120      o
   -4.06419160009026     -2.42147107163578     -1.44687186461849      h
   -0.51844125418800      2.55028203355751      2.41813297407862      o
   -2.27701071069520      3.05883095471931      2.22563033246952      h
    3.27566465929482      0.71955909593602     -1.45180136486094      o
    2.86720526919443      0.02826390344940     -3.03532890411242      h
    2.54557924252841     -2.28261428527730      0.72887036243263      h
  -.88394470805323D-01  -.75763697110752D-01  -.80122691620752D-02
  -.27499771812539D-01  0.51899046855106D-01  -.21281665619400D-01
  0.12703025611541D+00  0.60824710522239D-01  0.46392084965082D-01
  -.11905383968866D-01  -.18590159895510D-01  0.39884508027643D-02
  0.11818354391364D-01  -.25256467489932D-01  -.13856488112684D-01
  -.77192538798723D-03  -.84440963112415D-02  -.97553016443922D-02
  0.95135029232488D-02  0.40376265519989D-02  -.23009658922744D-01
  -.95862372559092D-02  0.42879875274649D-02  0.43431428317114D-01
  -.10204323938061D-01  0.70050491852783D-02  -.17896580167052D-01
$end
$grad          cartesian gradients
  cycle =    593   ex. state energy =    -1151.8374125982 |dE/dxyz| =  0.241660
   -0.17595009113377      0.03317219450290     -0.36586128281971      ti
    0.88008685025040     -2.30615446343503      1.57890942177132      o
   -2.98392540656048     -0.92929755384772     -1.39814530824027      o
   -4.08836581189180     -2.49497274011661     -1.44399556495295      h
   -0.52525302591784      2.54857193285365      2.43749270881873      o
   -2.28680373112128      3.14760638943807      2.32731281714870      h
    3.21354876230191      0.69299146501596     -1.44966224359629      o
    2.97157113789353      0.10680131485505     -2.83988933072236      h
    2.48793964739095     -2.43281787504043      0.79378088527139      h
  -.65141144373088D-01  -.66678980716337D-01  -.27830515471114D-02
  0.53046475186594D-02  0.52809476532455D-01  -.39231957747966D-01
  0.12180707228969D+00  0.72946712612069D-01  0.40639942134367D-01
  -.25463917757499D-01  -.37259521625935D-01  0.30484080769460D-02
  0.23437017999307D-01  -.31723960424488D-01  -.18059651426174D-01
  -.13200256769131D-01  -.30010193385040D-02  -.82838631496368D-02
  -.30593301296138D-01  -.93847588150250D-01  -.24574888442362D+00
  0.22159060261900D-01  0.98461118807538D-01  0.27335748068520D+00
  -.38309177374269D-01  0.82937625703118D-02  -.29384214401859D-02
$end
$grad          cartesian gradients
  cycle =    594   ex. state energy =    -1151.8539435417 |dE/dxyz| =  0.237059
   -0.14642649808987      0.04666663131989     -0.37915120088331      ti
    0.87864059036209     -2.29490828481477      1.58033931906638      o
   -3.00385786225511     -0.94843550061356     -1.40029435027145      o
   -4.09168093296697     -2.53512214401236     -1.44093281816273      h
   -0.53344611003157      2.54531813736269      2.45409881343733      o
   -2.28204349989657      3.23529238121276      2.43455888953424      h
    3.15086359667112      0.67144559130350     -1.43436061315757      o
    3.06196107088979      0.09538079747126     -2.88162298690593      h
    2.45749129755444     -2.59129881275153      0.86170615860723      h
  -.35995205776217D-01  -.54491092975880D-01  0.90912480330490D-03
  0.23437223746821D-01  0.48597905965042D-01  -.48780510408509D-01
  0.10442975595321D+00  0.69588762558518D-01  0.34314812013134D-01
  -.27961436888614D-01  -.41203734181067D-01  0.25084714846307D-02
  0.31047682339178D-01  -.35939339702290D-01  -.22331675570063D-01
  -.21640295099637D-01  0.14485372194733D-02  -.52215948687838D-02
  -.14581710374840D-01  -.78057648717740D-01  -.19654216474085D+00
  -.71672608411967D-02  0.77090976862880D-01  0.23005076635458D+00
  -.51568752670089D-01  0.12965633122013D-01  0.50927716308599D-02
$end
$grad          cartesian gradients
  cycle =    595   ex. state energy =    -1151.8903772853 |dE/dxyz| =  0.244766
   -0.11676623775883      0.06175129085982     -0.39027081407540      ti
    0.87563215751532     -2.28601720519096      1.58340405608947      o
   -3.02777717626621     -0.97047911678410     -1.40448163401233      o
   -4.07192827082899     -2.53756804159623     -1.43751428545947      h
   -0.54296182711860      2.54090218712289      2.46744208182049      o
   -2.25627329952983      3.31351868342741      2.54096942163789      h
    3.08883080978450      0.65473716008602     -1.40886323818866      o
    3.15972724597925      0.01241350552488     -3.12392021356963      h
    2.46781240660027     -2.75688000866833      0.92389698906298      h
  -.38946624692226D-02  -.38939554878673D-01  0.38158520421545D-02
  0.80462031583694D-02  0.49636692898390D-01  -.43360024803854D-01
  0.77234013207757D-01  0.50575262225701D-01  0.28268140618657D-01
  -.19560015021981D-01  -.29466179487489D-01  0.22260237047256D-02
  0.32401707547232D-01  -.37167150837992D-01  -.27211336128562D-01
  -.23316762122916D-01  0.29821462461777D-02  -.17255484325295D-02
  -.27117623295842D-01  0.73627591822190D-03  0.37409651778711D-01
  -.12788626281189D-01  -.92847199939553D-02  0.16999767578178D-02
  -.31004235164817D-01  0.10927228281834D-01  -.11227345294047D-02
$end
$grad          cartesian gradients
  cycle =    596   ex. state energy =    -1151.8776616056 |dE/dxyz| =  0.253383
   -0.08662991629758      0.07866742960464     -0.39967113213774      ti
    0.87195445708641     -2.27925963441074      1.58781795804953      o
   -3.05487186611499     -0.99502600327025     -1.41048469067565      o
   -4.03655692623636     -2.51455978215572     -1.43381617945205      h
   -0.55392817646862      2.53538594190861      2.47818261314683      o
   -2.20865150120008      3.38206258815404      2.64712459429699      h
    3.02598030061126      0.63770464699526     -1.38524711135785      o
    3.27200665353614     -0.06711862512935     -3.37201509170818      h
    2.50055794258181     -2.93249423558201      0.98873842983326      h
  0.33213437962948D-01  -.20985138429592D-01  0.39763437713233D-02
  -.23443685355809D-01  0.59524629598934D-01  -.32992240950814D-01
  0.39275606721552D-01  0.13307298592878D-01  0.22233603116585D-01
  0.21287864365120D-03  0.36223055137444D-03  0.20381019775790D-02
  0.28005456435064D-01  -.34788600452421D-01  -.31187099447872D-01
  -.18488083615767D-01  0.93781505090780D-03  0.88993286025256D-03
  -.68097813844172D-01  0.20378608200674D-01  0.13332857957413D+00
  0.37997376862635D-02  -.37611046507139D-01  -.86735335592008D-01
  0.55224655501880D-02  -.11257959292564D-02  -.11551883841387D-01
$end
$grad          cartesian gradients
  cycle =    597   ex. state energy =    -1151.8478546519 |dE/dxyz| =  0.260426
   -0.05693095246257      0.09706702288786     -0.40724242033744      ti
    0.86944500586234     -2.27534162828115      1.59294866865676      o
   -3.08297337193890     -1.01993081262500     -1.41799420838113      o
   -4.00270373481669     -2.49264450942192     -1.43023170819617      h
   -0.56578853416696      2.52879348248553      2.48633626390489      o
   -2.14445412721846      3.44041579185506      2.75002094310008      h
    2.96485100653529      0.61921861637609     -1.36882033767676      o
    3.38351067636660     -0.11749310481939     -3.54805713880397      h
    2.52411264765412     -3.10557050908202      1.06569288266566      h
  0.74022508691377D-01  -.31680265446060D-02  0.61477807666151D-03
  -.47546031687017D-01  0.71509817938471D-01  -.27682773223236D-01
  -.18768507589363D-02  -.33902877184507D-01  0.17171316515341D-01
  0.24952258938617D-01  0.40374277624122D-01  0.14121136887245D-02
  0.19829914090832D-01  -.28928858597871D-01  -.33003584020430D-01
  -.92374043185024D-02  -.44170191612276D-02  0.15275953238868D-02
  -.11050506092643D+00  0.15936185638837D-01  0.16478467881020D+00
  0.16508372232548D-01  -.41669587521030D-01  -.10825163175777D+00
  0.33852295161029D-01  -.15733911627509D-01  -.16572492527404D-01
$end
$grad          cartesian gradients
  cycle =    598   ex. state energy =    -1151.8336287931 |dE/dxyz| =  0.134175
   -0.02897914142256      0.11636354993682     -0.41272775643736      ti
    0.86950507646157     -2.27507298189451      1.59834770021666      o
   -3.10943707468537     -1.04224160098421     -1.42666293406144      o
   -3.99212684004270     -2.50738835498807     -1.42688066468013      h
   -0.57760687900291      2.52105075063506      2.49177511420780      o
   -2.07384239513818      3.49062484731183      2.84695356926258      h
    2.90875094418473      0.59970901956618     -1.36154569467087      o
    3.48128368372759     -0.13380167870874     -3.63034791350266      h
    2.51400946052928     -3.25927645369309      1.15846963360262      h
  -.11009766309623D-01  0.50175500250963D-02  -.97116001975034D-02
  -.42368606893923D-01  0.70755773946395D-01  -.61408175911888D-02
  -.33630848742074D-01  -.62227428292604D-01  0.13929092118455D-01
  0.38277586634413D-01  0.59963652900176D-01  0.35187244745680D-02
  0.32521115653686D-03  -.26162737001425D-01  -.16824495985518D-01
  0.74051480454076D-02  -.52824158892061D-03  -.49697442398191D-02
  0.32814592182324D-02  -.13033790041370D-01  0.24981555309578D-01
  -.90691836265161D-02  0.27546663135885D-02  0.16587832980017D-01
  0.46788999868036D-01  -.36539446197478D-01  -.21370545537042D-01
$end
$grad          cartesian gradients
  cycle =    599   ex. state energy =    -1151.8350892942 |dE/dxyz| =  0.164210
   -0.00356903145843      0.13626957216464     -0.41595240874881      ti
    0.87261555480916     -2.27885921095560      1.60393707791962      o
   -3.13313213440927     -1.06073761450250     -1.43634833711026      o
   -4.01219241477141     -2.57399898532047     -1.42313827350907      h
   -0.58865665886768      2.51190837727725      2.49447394828243      o
   -2.00617820605498      3.53740617826944      2.93852157180813      h
    2.85982787250507      0.57959665630989     -1.36411978066833      o
    3.55865539351590     -0.11751857725333     -3.61724955365516      h
    2.46019828464482     -3.38364844216093      1.26633606773704      h
  0.27645056513108D-01  0.18771974375591D-01  -.22047716066836D-01
  -.38490657859925D-01  0.69981449289734D-01  -.75620919107445D-02
  -.28655361636161D-01  -.41508143946780D-01  0.11574853117005D-01
  0.20735438083138D-01  0.34549846555820D-01  0.32766674340341D-02
  -.45699898069040D-02  -.22452000305382D-01  -.17105104049180D-01
  0.12163093505121D-01  -.47428307296083D-02  -.57067081243183D-02
  -.20805080836111D-01  -.16415348411374D-01  0.32745475906358D-01
  -.13007686690858D-01  0.28998241550215D-02  0.21717079160480D-01
  0.44985188683933D-01  -.41084770523609D-01  -.16892453945749D-01
$end
$grad          cartesian gradients
  cycle =    600   ex. state energy =    -1151.8334484341 |dE/dxyz| =  0.190544
    0.01853021669209      0.15650775068030     -0.41667246316555      ti
    0.87851473600680     -2.28666913673741      1.60979773883254      o
   -3.15450105270752     -1.07659963813081     -1.44695847197135      o
   -4.04771946629325     -2.67021541970962     -1.41834391701307      h
   -0.59851711653601      2.50123252397205      2.49440093779947      o
   -1.94630853297159      3.58384101271905      3.02549912482773      h
    2.82019268220148      0.55929632535541     -1.37716666820516      o
    3.61095636589170     -0.07076718110503     -3.50998252189220      h
    2.36455924200919     -3.47493788666694      1.38515364788547      h
  0.76227334056720D-01  0.34150131393314D-01  -.37206085909797D-01
  -.23225399459365D-01  0.58743734585163D-01  -.10688586590643D-01
  -.11591166933290D-01  -.34905501634224D-02  0.93277727737420D-02
  -.39830389945093D-02  -.62424005814869D-02  0.37811263177474D-02
  -.10090635628885D-02  -.25591858724382D-01  -.21513737724579D-01
  0.90027033873192D-02  -.46710585653599D-02  -.46060145510521D-02
  -.59365095957999D-01  -.18181283035519D-01  0.50053340829736D-01
  -.16619743497728D-01  0.28695978288180D-03  0.21299663446110D-01
  0.30563472079321D-01  -.35003675059078D-01  -.10447478659106D-01
$end
$grad          cartesian gradients
  cycle =    601   ex. state energy =    -1151.8401658336 |dE/dxyz| =  0.236167
    0.03668986391869      0.17687593832720     -0.41459899779805      ti
    0.88627170066565     -2.29788981024112      1.61606930270028      o
   -3.17455830455541     -1.09192920429748     -1.45841736877550      o
   -4.07716904120077     -2.76065775592123     -1.41251486977705      h
   -0.60723576191342      2.48912455118449      2.49161742882233      o
   -1.89230674696559      3.62897692630186      3.10733958263476      h
    2.79165830114904      0.53911031821788     -1.40130060981756      o
    3.63495356760791      0.00413818562065     -3.31104625192863      h
    2.23959500104495     -3.53843065321794      1.50960999167051      h
  0.21987564542744D+00  0.48214763366216D-01  -.48694135549128D-01
  -.16751266083583D-01  0.50746843224766D-01  -.35849392556618D-01
  0.75689729683171D-02  0.22795078212535D-01  0.76973057082809D-02
  -.23121133528929D-01  -.37587033619681D-01  -.16086814625516D-02
  0.25286444922960D-01  -.26066541473630D-01  -.34780095238464D-01
  -.71968098857160D-02  -.81291430232628D-02  0.51142556200090D-03
  -.24577718499769D+00  -.10585291419242D-01  0.20117115931356D+00
  0.29224632055510D-01  -.30086307642006D-01  -.88976302086153D-01
  0.10890699954211D-01  -.93023670275781D-02  0.52871568433391D-03
$end
$grad          cartesian gradients
  cycle =    602   ex. state energy =    -1151.8554874043 |dE/dxyz| =  0.209860
    0.05032039419911      0.19709301285728     -0.40943037180917      ti
    0.89426244198025     -2.31105181955265      1.62277754132774      o
   -3.19380516852924     -1.10810679871638     -1.47056821964234      o
   -4.08614727492700     -2.81994014325044     -1.40621788838275      h
   -0.61510653275993      2.47596396307982      2.48629637956154      o
   -1.83824777001265      3.66798406174316      3.18103919917381      h
    2.77555664988179      0.51952435871786     -1.43635536679775      o
    3.63215055152922      0.10171825468515     -3.03414144346027      h
    2.10875624597043     -3.59098937203711      1.63435984584525      h
  0.23549948361187D+00  0.57671400326767D-01  -.55472182364534D-01
  0.15565753237842D-01  0.15202743609528D-01  -.32640138226817D-01
  0.74273319541006D-02  0.31263279898979D-01  0.50169915261286D-02
  -.28281878232309D-01  -.48978281880010D-01  -.17011170828932D-02
  0.30534630531604D-01  -.34638587473004D-01  -.40954151999976D-01
  -.13112997291229D-01  0.18028598697431D-03  0.50298579542520D-02
  -.22749914843697D+00  -.31848881190798D-01  0.13875319113318D+00
  -.11830558875500D-02  -.88551043529923D-02  -.20220719225292D-01
  -.18950119624085D-01  0.20003146028693D-01  0.21882672708933D-02
$end
$grad          cartesian gradients
  cycle =    603   ex. state energy =    -1151.8303373767 |dE/dxyz| =  0.180609
    0.05912441202603      0.21693594787149     -0.40093106406404      ti
    0.90065513630413     -2.32404100893767      1.62970239203316      o
   -3.21223979251717     -1.12559485460914     -1.48325288239549      o
   -4.06942277763999     -2.83796222552686     -1.40004608592955      h
   -0.62246803068282      2.46214811642711      2.47864263570659      o
   -1.77809073215580      3.69548998190026      3.24307727265570      h
    2.77076600848542      0.50164003145095     -1.47896875310968      o
    3.63093316469014      0.20436338987731     -2.74035208414588      h
    1.99874394758329     -3.65914398203099      1.75777249765584      h
  0.23138947910091D+00  0.64191522034735D-01  -.59259254537088D-01
  0.30270488586107D-01  -.94030797944054D-02  -.24345264681792D-01
  0.50878310000702D-03  0.24453244351666D-01  0.30147606749289D-02
  -.24487891061383D-01  -.44085252442786D-01  -.20941236864346D-02
  0.32426145621304D-01  -.39545860033007D-01  -.43978569079420D-01
  -.15544677410422D-01  0.55428829582625D-02  0.84867280961479D-02
  -.79876252838517D-01  -.81185605600376D-01  -.71989118801394D-01
  -.14356505525818D+00  0.42740237437657D-01  0.19015991879161D+00
  -.31121019677511D-01  0.37291911459355D-01  0.49226329293319D-05
$end
$grad          cartesian gradients
  cycle =    604   ex. state energy =    -1151.8174458104 |dE/dxyz| =  0.149850
    0.06319755935077      0.23636682755188     -0.38893992837719      ti
    0.90468023257420     -2.33549389095247      1.63645839383798      o
   -3.22957075913149     -1.14411484203557     -1.49642310437254      o
   -4.02930905703783     -2.81892896052383     -1.39409520553702      h
   -0.62956524812922      2.44781629673932      2.46872619760388      o
   -1.70823318661524      3.70871133706413      3.29168344319775      h
    2.76915441293900      0.48798484463290     -1.51806919610212      o
    3.75618410211272      0.26895820862634     -2.60994313584415      h
    1.91939734460222     -3.75938228364526      1.88282461768417      h
  0.21273500498301D+00  0.63627778596169D-01  -.60786813636575D-01
  0.16466877227836D-01  0.25692103389489D-02  -.20790340238349D-01
  -.10117549841444D-01  0.29065750088381D-02  0.35985977426613D-02
  -.11709917915175D-01  -.21637925739554D-01  -.38821929726912D-02
  0.29855796997989D-01  -.37816564754253D-01  -.40949767292831D-01
  -.13849932764324D-01  0.64287515179123D-02  0.93416049223375D-02
  0.28790927379896D-01  -.86451912088454D-01  -.13715857522943D+00
  -.23711489004821D+00  0.50216760009917D-01  0.24925276190807D+00
  -.15056315706965D-01  0.20157327430490D-01  0.13747243643244D-02
$end
$grad          cartesian gradients
  cycle =    605   ex. state energy =    -1151.8660105500 |dE/dxyz| =  0.137426
    0.06269391396421      0.25492116497776     -0.37366042634813      ti
    0.90702748279787     -2.34572899984380      1.64275771757527      o
   -3.24473945800938     -1.16207128328143     -1.50980923573096      o
   -3.97584178367036     -2.78194155045682     -1.38762168265617      h
   -0.63629093813807      2.43321878154470      2.45669737758957      o
   -1.63013346186590      3.70821777357541      3.32633037262838      h
    2.76478106157083      0.47903360133844     -1.54956617441739      o
    4.08976062158303      0.28890938273200     -2.69784706320789      h
    1.85787502971771     -3.87628430538739      2.00687545390919      h
  0.18162365973423D+00  0.49837721837690D-01  -.70653495295023D-01
  -.45081151751322D-02  0.36116675008314D-01  -.24703841363969D-01
  -.19555284020329D-01  -.30439745804242D-01  0.94969160733302D-02
  0.88600682464608D-02  0.17904375765707D-01  -.81131631998858D-02
  0.23693165523919D-01  -.27373848927658D-01  -.27259927478378D-01
  -.93235240942843D-02  0.27751518164906D-02  0.69562866437426D-02
  -.16142985328545D+00  -.38181279156669D-01  0.88070070433241D-01
  -.27641461849865D-01  0.41330461388034D-02  0.16728446967568D-01
  0.82813454365779D-02  -.14772096427399D-01  0.94787072730054D-02
$end
$grad          cartesian gradients
  cycle =    606   ex. state energy =    -1151.8546503006 |dE/dxyz| =  0.152303
    0.05802335335360      0.27174717972917     -0.35584008017122      ti
    0.90883390345138     -2.35598169892493      1.64863936187813      o
   -3.25612652099664     -1.17658661910777     -1.52294596103329      o
   -3.92648915280355     -2.76202108360452     -1.37844594597389      h
   -0.64224007534916      2.41875889607461      2.44293995531810      o
   -1.55037230101957      3.69910063082868      3.34915985737551      h
    2.76825163976622      0.47245379785096     -1.58464631823583      o
    4.43649878335660      0.30446797242573     -2.79811340824594      h
    1.79538835715858     -3.97513844100723      2.11864394132725      h
  0.12950736193207D+00  0.24080709757274D-01  -.93354437576499D-01
  -.13712723703123D-01  0.61520513614607D-01  -.27294119675553D-01
  -.16422510423409D-01  -.55450613431710D-01  0.21200137216062D-01
  0.26284993316515D-01  0.54703744846099D-01  -.13919782445568D-01
  0.16160434629919D-01  -.99408058950471D-02  -.17139169387807D-02
  -.43381418555030D-02  -.34757269038225D-02  0.19138453081201D-02
  -.23009699012086D+00  -.24813384487125D-01  0.15153330207107D+00
  0.71519107226228D-01  -.62551540535104D-02  -.56841245628637D-01
  0.21098469386183D-01  -.40369283900040D-01  0.18476217884284D-01
$end
