$coord
   -0.06728350998878     -0.09744108242566     -0.08501518823887      ti
    0.98598747551929     -2.52712263168560      2.05467787038126       o
   -2.60024917487726     -0.74530628605658     -2.07873994220390       o
   -4.36837483261875     -0.03132825777620     -2.02862799563943       h
   -0.73132609212549      2.57420610314951      2.11526456890032       o
   -0.45096594510535      4.25050770042273      0.65196118502395       h
    2.68794664038915      0.92502415458195     -1.72866515252503       o
    2.98345502106312      0.43551554424288     -3.56870263749996       h
    0.45757299458376     -3.91008298621405      3.16440952636985       h
$end
