$energy      SCF               SCFKIN            SCFPOT
     1 -1152.114467382      1148.281717553     -2300.396184935
     2 -1152.089068339      1148.477593887     -2300.566662226
     3 -1152.070515125      1148.521216854     -2300.591731979
     4 -1152.094048874      1148.264536198     -2300.358585072
     5 -1152.091333391      1148.085911005     -2300.177244396
     6 -1152.077256235      1148.063173994     -2300.140430228
     7 -1152.059206786      1148.180391400     -2300.239598187
     8 -1152.045441998      1148.335730074     -2300.381172072
     9 -1152.066215464      1148.363468962     -2300.429684425
    10 -1152.091825512      1148.389743811     -2300.481569323
    11 -1152.085653311      1148.573728331     -2300.659381642
    12 -1152.048096731      1148.810153230     -2300.858249961
    13 -1152.063594548      1148.698490548     -2300.762085096
    14 -1152.080523260      1148.482066426     -2300.562589686
    15 -1152.070889607      1148.423087481     -2300.493977088
    16 -1152.051035905      1148.519162050     -2300.570197955
    17 -1152.031847434      1148.669373165     -2300.701220600
    18 -1152.045889377      1148.689873621     -2300.735762999
    19 -1152.072454977      1148.663506100     -2300.735961077
    20 -1152.082961969      1148.741918767     -2300.824880736
    21 -1152.066735899      1148.936695260     -2301.003431159
    22 -1152.043384485      1149.052519230     -2301.095903715
    23 -1152.073053644      1148.837765037     -2300.910818681
    24 -1152.084167991      1148.654492013     -2300.738660004
    25 -1152.066936668      1148.655421581     -2300.722358249
    26 -1152.040389434      1148.746440685     -2300.786830120
    27 -1152.042374825      1148.722050753     -2300.764425577
    28 -1152.058042200      1148.634474144     -2300.692516344
    29 -1152.064462569      1148.623107946     -2300.687570515
    30 -1152.067908520      1148.693045279     -2300.760953799
    31 -1152.056660234      1148.852288404     -2300.908948638
    32 -1152.035460721      1148.983961831     -2301.019422551
    33 -1152.067448067      1148.823608579     -2300.891056646
    34 -1152.074148908      1148.703576908     -2300.777725816
    35 -1152.046868159      1148.708506955     -2300.755375114
    36 -1152.040732587      1148.616766849     -2300.657499435
    37 -1152.045271446      1148.474565838     -2300.519837284
    38 -1152.044367432      1148.394559944     -2300.438927376
    39 -1152.052527260      1148.358745763     -2300.411273023
    40 -1152.068148441      1148.385856107     -2300.454004549
    41 -1152.063052403      1148.547268042     -2300.610320445
    42 -1152.052297412      1148.674968509     -2300.727265921
    43 -1152.078675250      1148.550043471     -2300.628718721
    44 -1152.067517084      1148.456570690     -2300.524087774
    45 -1152.061573272      1148.304318950     -2300.365892222
    46 -1152.055082727      1148.156145539     -2300.211228266
    47 -1152.045249930      1148.075066747     -2300.120316677
    48 -1152.049536340      1148.029322233     -2300.078858572
    49 -1152.068963269      1148.043418150     -2300.112381420
    50 -1152.082864563      1148.206230050     -2300.289094614
    51 -1152.060527437      1148.534990218     -2300.595517655
    52 -1152.062790394      1148.655226984     -2300.718017378
    53 -1152.074897818      1148.549197425     -2300.624095243
    54 -1152.074816943      1148.381315016     -2300.456131960
    55 -1152.058734126      1148.268436096     -2300.327170222
    56 -1152.042082140      1148.215199190     -2300.257281330
    57 -1152.042645023      1148.184261940     -2300.226906964
    58 -1152.061405286      1148.204358655     -2300.265763942
    59 -1152.084670454      1148.353282963     -2300.437953417
    60 -1152.074637132      1148.708329211     -2300.782966342
    61 -1152.046733557      1149.016191463     -2301.062925020
    62 -1152.074503234      1148.878984134     -2300.953487369
    63 -1152.083610221      1148.630589237     -2300.714199458
    64 -1152.061305952      1148.481606058     -2300.542912010
    65 -1152.038764816      1148.398449009     -2300.437213825
    66 -1152.034586417      1148.339464683     -2300.374051100
    67 -1152.050267215      1148.328676488     -2300.378943703
    68 -1152.076554111      1148.430788669     -2300.507342780
    69 -1152.081548210      1148.730377772     -2300.811925982
    70 -1152.039587521      1149.131346119     -2301.170933640
    71 -1152.059535663      1149.055982024     -2301.115517687
    72 -1152.086855085      1148.722451591     -2300.809306675
    73 -1152.068461095      1148.513817143     -2300.582278238
    74 -1152.044857658      1148.395814614     -2300.440672272
    75 -1152.037891605      1148.315349110     -2300.353240715
    76 -1152.049468275      1148.287261013     -2300.336729287
    77 -1152.073464673      1148.359648962     -2300.433113635
    78 -1152.090164742      1148.594501986     -2300.684666728
    79 -1152.067966689      1148.985593904     -2301.053560593
    80 -1152.047207192      1149.174389731     -2301.221596922
    81 -1152.088923961      1148.875568382     -2300.964492343
    82 -1152.090165734      1148.587333603     -2300.677499337
    83 -1152.066816497      1148.419634922     -2300.486451419
    84 -1152.052282149      1148.309405133     -2300.361687282
    85 -1152.054255797      1148.255828723     -2300.310084520
    86 -1152.070146940      1148.293158729     -2300.363305669
    87 -1152.087673408      1148.463398346     -2300.551071754
    88 -1152.088516466      1148.756491327     -2300.845007793
    89 -1152.072368180      1149.015129414     -2301.087497594
    90 -1152.073151951      1148.968213036     -2301.041364987
    91 -1152.099243750      1148.612979529     -2300.712223280
    92 -1152.086113956      1148.339874330     -2300.425988285
    93 -1152.065097767      1148.177707721     -2300.242805488
    94 -1152.056550273      1148.105700054     -2300.162250327
    95 -1152.063309662      1148.135657762     -2300.198967424
    96 -1152.076275637      1148.291853904     -2300.368129540
    97 -1152.082069719      1148.555142189     -2300.637211908
    98 -1152.083707909      1148.797377717     -2300.881085626
    99 -1152.060921532      1148.938308776     -2300.999230307
   100 -1152.078738462      1148.697672762     -2300.776411223
   101 -1152.084228467      1148.368536167     -2300.452764633
   102 -1152.063747401      1148.184602954     -2300.248350355
   103 -1152.049586066      1148.123315535     -2300.172901601
   104 -1152.051555224      1148.171668229     -2300.223223452
   105 -1152.061873200      1148.341874977     -2300.403748177
   106 -1152.067487576      1148.609984118     -2300.677471694
   107 -1152.076701019      1148.837097832     -2300.913798851
   108 -1152.057401726      1149.008444082     -2301.065845809
   109 -1152.055118648      1148.888564322     -2300.943682970
   110 -1152.071815092      1148.542676828     -2300.614491920
   111 -1152.054437185      1148.336651812     -2300.391088997
   112 -1152.038054287      1148.269752032     -2300.307806319
   113 -1152.037562133      1148.314419826     -2300.351981959
   114 -1152.045518951      1148.476077659     -2300.521596609
   115 -1152.050168398      1148.718037734     -2300.768206132
   116 -1152.065308986      1148.888024103     -2300.953333090
   117 -1152.053035916      1149.022280958     -2301.075316874
   118 -1152.037107201      1148.960172983     -2300.997280184
   119 -1152.061450111      1148.592754107     -2300.654204217
   120 -1152.051608485      1148.343422767     -2300.395031252
   121 -1152.038066037      1148.247208323     -2300.285274360
   122 -1152.038519694      1148.272001710     -2300.310521404
   123 -1152.045976261      1148.417722983     -2300.463699244
   124 -1152.051349874      1148.634090093     -2300.685439967
   125 -1152.072900463      1148.761086103     -2300.833986567
   126 -1152.070553488      1148.873523897     -2300.944077385
   127 -1152.041368814      1148.899098972     -2300.940467786
   128 -1152.068382052      1148.551647099     -2300.620029151
   129 -1152.066689857      1148.267717347     -2300.334407205
   130 -1152.054024143      1148.148846349     -2300.202870492
   131 -1152.052654828      1148.159539504     -2300.212194332
   132 -1152.057839212      1148.292169819     -2300.350009031
   133 -1152.060831217      1148.495330845     -2300.556162061
   134 -1152.081935111      1148.603455894     -2300.685391004
   135 -1152.091798232      1148.674342482     -2300.766140714
   136 -1152.055141251      1148.767038615     -2300.822179865
   137 -1152.070988203      1148.501823919     -2300.572812123
   138 -1152.079460543      1148.190224461     -2300.269685004
   139 -1152.066354309      1148.061679660     -2300.128033968
   140 -1152.059938321      1148.084702073     -2300.144640395
   141 -1152.061091189      1148.238703135     -2300.299794325
   142 -1152.058687171      1148.486867537     -2300.545554708
   143 -1152.068960738      1148.667712427     -2300.736673165
   144 -1152.090119479      1148.734732380     -2300.824851859
   145 -1152.064512681      1148.858947004     -2300.923459685
   146 -1152.051797478      1148.779091631     -2300.830889109
   147 -1152.072235980      1148.471864802     -2300.544100782
   148 -1152.064298926      1148.315710480     -2300.380009406
   149 -1152.055647743      1148.320924669     -2300.376572412
   150 -1152.056099784      1148.450771032     -2300.506870816
   151 -1152.055254766      1148.676258175     -2300.731512940
   152 -1152.058922331      1148.865608262     -2300.924530593
   153 -1152.087439341      1148.878069797     -2300.965509137
   154 -1152.087022227      1148.907890855     -2300.994913081
   155 -1152.050730585      1148.950371522     -2301.001102107
   156 -1152.070940506      1148.675985343     -2300.746925850
   157 -1152.076806099      1148.439493366     -2300.516299466
   158 -1152.068692934      1148.381952339     -2300.450645273
   159 -1152.065955037      1148.459801933     -2300.525756970
   160 -1152.062675239      1148.637619397     -2300.700294636
   161 -1152.058614122      1148.805417851     -2300.864031973
   162 -1152.083051377      1148.783977096     -2300.867028473
   163 -1152.099525233      1148.730024381     -2300.829549614
   164 -1152.064201989      1148.819179800     -2300.883381789
   165 -1152.055037816      1148.723702840     -2300.778740656
   166 -1152.077249115      1148.451981600     -2300.529230716
   167 -1152.074598711      1148.337941552     -2300.412540263
   168 -1152.068099965      1148.380086356     -2300.448186321
   169 -1152.059245766      1148.528430040     -2300.587675806
   170 -1152.049545610      1148.667316211     -2300.716861821
   171 -1152.072025526      1148.606124838     -2300.678150364
   172 -1152.097027249      1148.491271459     -2300.588298709
   173 -1152.079537025      1148.550776751     -2300.630313777
   174 -1152.044198663      1148.632873472     -2300.677072135
   175 -1152.072407678      1148.405837705     -2300.478245382
   176 -1152.084011137      1148.240869960     -2300.324881097
   177 -1152.078168691      1148.255345831     -2300.333514521
   178 -1152.065930502      1148.388346980     -2300.454277482
   179 -1152.053183020      1148.511726598     -2300.564909618
   180 -1152.071316428      1148.439838419     -2300.511154847
   181 -1152.097146730      1148.302366809     -2300.399513539
   182 -1152.095065634      1148.325437265     -2300.420502899
   183 -1152.056917828      1148.507393129     -2300.564310957
   184 -1152.062802295      1148.463694144     -2300.526496440
   185 -1152.086996556      1148.299334273     -2300.386330830
   186 -1152.081996078      1148.295683125     -2300.377679203
   187 -1152.066038752      1148.415520620     -2300.481559372
   188 -1152.044568249      1148.565557575     -2300.610125824
   189 -1152.041876756      1148.583749438     -2300.625626193
   190 -1152.064496449      1148.466258345     -2300.530754795
   191 -1152.076479009      1148.435967582     -2300.512446591
   192 -1152.058525314      1148.598664821     -2300.657190134
   193 -1152.027609436      1148.785051417     -2300.812660853
   194 -1152.053467742      1148.674868749     -2300.728336491
   195 -1152.064635614      1148.571237777     -2300.635873390
   196 -1152.056193024      1148.582696193     -2300.638889217
   197 -1152.040454012      1148.659920757     -2300.700374769
   198 -1152.027718673      1148.703660957     -2300.731379630
   199 -1152.044986806      1148.590835158     -2300.635821963
   200 -1152.066397744      1148.475256986     -2300.541654731
   201 -1152.071729377      1148.517728901     -2300.589458278
   202 -1152.048317367      1148.743262195     -2300.791579562
   203 -1152.028587049      1148.899876431     -2300.928463480
   204 -1152.062905632      1148.742576221     -2300.805481853
   205 -1152.075723373      1148.600165691     -2300.675889064
   206 -1152.064325691      1148.573737855     -2300.638063546
   207 -1152.040305754      1148.604529628     -2300.644835383
   208 -1152.040216573      1148.515628907     -2300.555845480
   209 -1152.058546563      1148.360284152     -2300.418830714
   210 -1152.069901483      1148.325694220     -2300.395595703
   211 -1152.069716534      1148.465038260     -2300.534754795
   212 -1152.041373576      1148.738358320     -2300.779731895
   213 -1152.043936551      1148.778796040     -2300.822732591
   214 -1152.083247385      1148.544050827     -2300.627298212
   215 -1152.080116634      1148.433559740     -2300.513676374
   216 -1152.050519420      1148.445755697     -2300.496275117
   217 -1152.042797795      1148.372641053     -2300.415438847
   218 -1152.055837986      1148.235873509     -2300.291711495
   219 -1152.064599729      1148.204966329     -2300.269566058
   220 -1152.071570128      1148.314812380     -2300.386382508
   221 -1152.062020605      1148.563462291     -2300.625482897
   222 -1152.039834906      1148.776831860     -2300.816666766
   223 -1152.080717123      1148.606259004     -2300.686976127
   224 -1152.092752318      1148.456180134     -2300.548932453
   225 -1152.064839197      1148.466532564     -2300.531371761
   226 -1152.051837058      1148.422812057     -2300.474649116
   227 -1152.060307105      1148.306990974     -2300.367298079
   228 -1152.065927966      1148.275312638     -2300.341240604
   229 -1152.073001413      1148.359671355     -2300.432672768
   230 -1152.075404093      1148.559078943     -2300.634483035
   231 -1152.051194714      1148.835536760     -2300.886731475
   232 -1152.064237700      1148.837445512     -2300.901683212
   233 -1152.092201012      1148.662910098     -2300.755111110
   234 -1152.070022421      1148.654504180     -2300.724526601
   235 -1152.042687971      1148.673929210     -2300.716617181
   236 -1152.044715251      1148.582685649     -2300.627400901
   237 -1152.050877883      1148.511550145     -2300.562428028
   238 -1152.057066682      1148.526194110     -2300.583260792
   239 -1152.066024657      1148.620775589     -2300.686800246
   240 -1152.056445914      1148.813637811     -2300.870083726
   241 -1152.039309956      1148.936719050     -2300.976029005
   242 -1152.078348175      1148.728939167     -2300.807287342
   243 -1152.080359944      1148.605780071     -2300.686140015
   244 -1152.053917719      1148.608890297     -2300.662808016
   245 -1152.051036485      1148.523759850     -2300.574796335
   246 -1152.061657519      1148.388771723     -2300.450429242
   247 -1152.067241783      1148.323799162     -2300.391040946
   248 -1152.076185711      1148.332442329     -2300.408628040
   249 -1152.080242766      1148.435461550     -2300.515704316
   250 -1152.055557086      1148.632743470     -2300.688300557
   251 -1152.071682052      1148.584218407     -2300.655900459
   252 -1152.099831739      1148.411194788     -2300.511026526
   253 -1152.080505261      1148.407967804     -2300.488473065
   254 -1152.062819867      1148.395755762     -2300.458575629
   255 -1152.066363378      1148.287416995     -2300.353780373
   256 -1152.066175595      1148.216579067     -2300.282754662
$end
