$coord
    0.02938694211989      0.26991657554675     -0.00398203090722      ti
    0.35872028673683     -2.49121197700976      1.83355893687356       o
   -2.27842352321366     -1.17139644326646     -2.01445240402620       o
   -3.56598993563620     -2.84454881193923     -1.61492556014845       h
   -1.00797368318496      2.65878004033636      2.30492901092613       o
   -0.07366568205737      2.67811836374463      3.53610202711848       h
    2.87998363357480      0.38136317423368     -1.91525916753013       o
    3.40310612544781     -1.09187922423861     -2.84103826770216       h
    1.72624006697869     -3.68543139867353      1.33409449337600       h
$end
