$energy      SCF               SCFKIN            SCFPOT
     1 -1152.114467382      1148.281717553     -2300.396184935
     2 -1152.090021493      1147.961513185     -2300.051534678
     3 -1152.058575070      1147.812696192     -2299.871271262
     4 -1152.045052180      1147.781883664     -2299.826935844
     5 -1152.053226037      1147.849358856     -2299.902584893
     6 -1152.075198848      1148.019656972     -2300.094855819
     7 -1152.090760564      1148.304778960     -2300.395539523
     8 -1152.079309800      1148.640336223     -2300.719646023
     9 -1152.065181052      1148.769883948     -2300.835064999
    10 -1152.069301475      1148.554851929     -2300.624153404
    11 -1152.073862165      1148.205229529     -2300.279091694
    12 -1152.053098363      1148.010276631     -2300.063374994
    13 -1152.035110774      1147.970453518     -2300.005564292
    14 -1152.033337964      1148.046496571     -2300.079834534
    15 -1152.044006978      1148.222653186     -2300.266660164
    16 -1152.052119197      1148.487517385     -2300.539636582
    17 -1152.051064353      1148.748545496     -2300.799609850
    18 -1152.076311141      1148.798311032     -2300.874622173
    19 -1152.075573064      1148.820184308     -2300.895757373
    20 -1152.057391676      1148.794922977     -2300.852314652
    21 -1152.074645401      1148.570356329     -2300.645001730
    22 -1152.072375896      1148.452125061     -2300.524500957
    23 -1152.063795484      1148.492371345     -2300.556166829
    24 -1152.060792214      1148.643443260     -2300.704235475
    25 -1152.053493541      1148.865497832     -2300.918991373
    26 -1152.045372037      1149.024596125     -2301.069968162
    27 -1152.078278508      1148.926723233     -2301.005001741
    28 -1152.091035906      1148.856116972     -2300.947152878
    29 -1152.050997708      1148.962758355     -2301.013756063
    30 -1152.045512435      1148.874932583     -2300.920445018
    31 -1152.065961001      1148.648726139     -2300.714687140
    32 -1152.061376039      1148.585067672     -2300.646443711
    33 -1152.051658158      1148.654620330     -2300.706278488
    34 -1152.034176531      1148.790764301     -2300.824940831
    35 -1152.028453957      1148.811274085     -2300.839728042
    36 -1152.064814802      1148.600231412     -2300.665046214
    37 -1152.077823874      1148.492808122     -2300.570631996
    38 -1152.043423546      1148.615329929     -2300.658753474
    39 -1152.029236474      1148.625895058     -2300.655131532
    40 -1152.061685821      1148.408446488     -2300.470132308
    41 -1152.063070509      1148.334802527     -2300.397873036
    42 -1152.051299042      1148.399367219     -2300.450666261
    43 -1152.027780467      1148.522617056     -2300.550397522
    44 -1152.028581666      1148.479888622     -2300.508470288
    45 -1152.062695833      1148.259126901     -2300.321822735
    46 -1152.073802741      1148.182176809     -2300.255979550
    47 -1152.047779908      1148.339692962     -2300.387472871
    48 -1152.026090922      1148.461786769     -2300.487877692
    49 -1152.062052245      1148.297273165     -2300.359325410
    50 -1152.069823478      1148.217819918     -2300.287643396
    51 -1152.056308084      1148.271705619     -2300.328013703
    52 -1152.027604009      1148.373545294     -2300.401149303
    53 -1152.031770893      1148.274887884     -2300.306658777
    54 -1152.059471098      1148.050866991     -2300.110338089
    55 -1152.070899301      1147.976243550     -2300.047142851
    56 -1152.063553595      1148.116849779     -2300.180403374
    57 -1152.032912028      1148.379136038     -2300.412048066
    58 -1152.054926991      1148.364815141     -2300.419742132
    59 -1152.081639987      1148.246572937     -2300.328212924
    60 -1152.070897372      1148.263071284     -2300.333968656
    61 -1152.037577407      1148.339184507     -2300.376761913
    62 -1152.040612996      1148.213046874     -2300.253659870
    63 -1152.057845364      1148.017958456     -2300.075803820
    64 -1152.064402618      1147.972527829     -2300.036930447
    65 -1152.070663425      1148.104219391     -2300.174882816
    66 -1152.061340377      1148.419062777     -2300.480403154
    67 -1152.041981558      1148.739171772     -2300.781153330
    68 -1152.081350217      1148.717015631     -2300.798365848
    69 -1152.089808334      1148.689855744     -2300.779664078
    70 -1152.058231873      1148.728456479     -2300.786688352
    71 -1152.058750319      1148.577320194     -2300.636070513
    72 -1152.063245762      1148.408640059     -2300.471885822
    73 -1152.060945531      1148.382525476     -2300.443471006
    74 -1152.068378007      1148.493652971     -2300.562030977
    75 -1152.080690439      1148.741490000     -2300.822180439
    76 -1152.071258718      1149.116929883     -2301.188188600
    77 -1152.069444291      1149.338823954     -2301.408268245
    78 -1152.094064712      1149.252714364     -2301.346779076
    79 -1152.074710197      1149.132284793     -2301.206994990
    80 -1152.072793100      1148.854729970     -2300.927523069
    81 -1152.064900813      1148.613861147     -2300.678761960
    82 -1152.055015738      1148.510098201     -2300.565113939
    83 -1152.060137441      1148.521670050     -2300.581807491
    84 -1152.078606565      1148.640925702     -2300.719532266
    85 -1152.086149749      1148.887583035     -2300.973732784
    86 -1152.063639559      1149.157824780     -2301.221464338
    87 -1152.078951059      1149.066116195     -2301.145067253
    88 -1152.074429559      1148.805515919     -2300.879945478
    89 -1152.071634241      1148.440928562     -2300.512562802
    90 -1152.057189846      1148.163599265     -2300.220789112
    91 -1152.042568724      1148.039019471     -2300.081588194
    92 -1152.043609249      1148.035544150     -2300.079153399
    93 -1152.059790911      1148.133486497     -2300.193277408
    94 -1152.071891020      1148.345356409     -2300.417247430
    95 -1152.048550172      1148.637822102     -2300.686372274
    96 -1152.053189853      1148.635143280     -2300.688333133
    97 -1152.054805774      1148.410525974     -2300.465331748
    98 -1152.053037529      1148.095143121     -2300.148180650
    99 -1152.040714319      1147.863400683     -2299.904115002
   100 -1152.025900539      1147.789253398     -2299.815153937
   101 -1152.024521796      1147.835642720     -2299.860164515
   102 -1152.039454577      1147.965029117     -2300.004483694
   103 -1152.057493389      1148.179033587     -2300.236526976
   104 -1152.042286751      1148.499955622     -2300.542242373
   105 -1152.040136646      1148.615542787     -2300.655679433
   106 -1152.048292849      1148.477734103     -2300.526026951
   107 -1152.049432329      1148.246913291     -2300.296345620
   108 -1152.042856610      1148.070672335     -2300.113528945
   109 -1152.028597179      1148.050737728     -2300.079334907
   110 -1152.024119950      1148.143629696     -2300.167749646
   111 -1152.037713558      1148.290885875     -2300.328599433
   112 -1152.061247526      1148.492077134     -2300.553324660
   113 -1152.055427847      1148.820198163     -2300.875626010
   114 -1152.038789085      1149.064022473     -2301.102811557
   115 -1152.051312049      1148.987007109     -2301.038319158
   116 -1152.057108828      1148.777499220     -2300.834608049
   117 -1152.052359277      1148.601492431     -2300.653851708
   118 -1152.034991481      1148.570829404     -2300.605820885
   119 -1152.026218163      1148.626715126     -2300.652933289
   120 -1152.038917041      1148.697143852     -2300.736060893
   121 -1152.067532608      1148.793711905     -2300.861244512
   122 -1152.075348673      1149.026354941     -2301.101703614
   123 -1152.042809371      1149.324404593     -2301.367213963
   124 -1152.053942356      1149.239364053     -2301.293306409
   125 -1152.076992629      1148.903665322     -2300.980657951
   126 -1152.073196170      1148.634378249     -2300.707574419
   127 -1152.051325635      1148.526276406     -2300.577602041
   128 -1152.038096536      1148.499143189     -2300.537239724
   129 -1152.047430897      1148.480012878     -2300.527443775
   130 -1152.075619825      1148.485914491     -2300.561534315
   131 -1152.094639501      1148.627387948     -2300.722027448
   132 -1152.059945018      1148.959799301     -2301.019744319
   133 -1152.043496405      1149.019978208     -2301.063474613
   134 -1152.087056744      1148.616549423     -2300.703606167
   135 -1152.086031346      1148.298668201     -2300.384699547
   136 -1152.058476350      1148.171988200     -2300.230464550
   137 -1152.038830037      1148.133535957     -2300.172365994
   138 -1152.042565430      1148.103628025     -2300.146193455
   139 -1152.067662575      1148.094160153     -2300.161822727
   140 -1152.093391441      1148.202821884     -2300.296213325
   141 -1152.077346381      1148.526228514     -2300.603574895
   142 -1152.034020223      1148.798063750     -2300.832083973
   143 -1152.080483582      1148.485331946     -2300.565815529
   144 -1152.095696737      1148.139472322     -2300.235169059
   145 -1152.069646146      1148.006027387     -2300.075673533
   146 -1152.046339885      1147.975860735     -2300.022200620
   147 -1152.045389027      1147.958698051     -2300.004087078
   148 -1152.066065272      1147.962011540     -2300.028076811
   149 -1152.092023706      1148.072605813     -2300.164629520
   150 -1152.090131835      1148.380305609     -2300.470437444
   151 -1152.049253725      1148.745290753     -2300.794544479
   152 -1152.068734804      1148.644386587     -2300.713121391
   153 -1152.100254948      1148.305106639     -2300.405361587
   154 -1152.078791324      1148.157742722     -2300.236534046
   155 -1152.051033324      1148.128419676     -2300.179452999
   156 -1152.043697433      1148.117546724     -2300.161244157
   157 -1152.057544661      1148.133739238     -2300.191283898
   158 -1152.079722821      1148.255302196     -2300.335025017
   159 -1152.083508879      1148.561406976     -2300.644915855
   160 -1152.050378790      1148.966416225     -2301.016795015
   161 -1152.046534298      1149.034626768     -2301.081161067
   162 -1152.084864643      1148.721207109     -2300.806071751
   163 -1152.068871529      1148.536379637     -2300.605251166
   164 -1152.039411346      1148.465873175     -2300.505284521
   165 -1152.028397041      1148.418785727     -2300.447182769
   166 -1152.037718201      1148.413128989     -2300.450847190
   167 -1152.058940151      1148.514193690     -2300.573133841
   168 -1152.069665986      1148.790623814     -2300.860289799
   169 -1152.045628438      1149.191675753     -2301.237304191
   170 -1152.031489103      1149.338792267     -2301.370281371
   171 -1152.071802741      1149.023492351     -2301.095295092
   172 -1152.064440717      1148.751890146     -2300.816330863
   173 -1152.037452288      1148.590124930     -2300.627577219
   174 -1152.024237418      1148.478014367     -2300.502251785
   175 -1152.030017928      1148.434157030     -2300.464174959
   176 -1152.050753378      1148.504076074     -2300.554829452
   177 -1152.066866851      1148.741801563     -2300.808668414
   178 -1152.053466566      1149.109495044     -2301.162961610
   179 -1152.033657295      1149.307414778     -2301.341072073
   180 -1152.061316437      1149.042247619     -2301.103564056
   181 -1152.067346016      1148.670503098     -2300.737849114
   182 -1152.044633985      1148.409583506     -2300.454217491
   183 -1152.028151530      1148.238080248     -2300.266231778
   184 -1152.029485361      1148.160181389     -2300.189666750
   185 -1152.046973420      1148.202508502     -2300.249481922
   186 -1152.062468908      1148.403544140     -2300.466013049
   187 -1152.059678967      1148.704043224     -2300.763722191
   188 -1152.053045833      1148.883234374     -2300.936280207
   189 -1152.046282986      1148.798060873     -2300.844343860
   190 -1152.068941096      1148.394730037     -2300.463671133
   191 -1152.059229555      1148.059161933     -2300.118391488
   192 -1152.041416604      1147.866064348     -2299.907480952
   193 -1152.037567409      1147.798780509     -2299.836347918
   194 -1152.048944616      1147.864444218     -2299.913388833
   195 -1152.058387814      1148.084472383     -2300.142860197
   196 -1152.060461080      1148.360750516     -2300.421211597
   197 -1152.080130438      1148.487489341     -2300.567619779
   198 -1152.060076880      1148.578150266     -2300.638227147
   199 -1152.061650965      1148.391167444     -2300.452818409
   200 -1152.074470718      1148.050565452     -2300.125036170
   201 -1152.061783307      1147.866731774     -2299.928515081
   202 -1152.053419595      1147.842934568     -2299.896354163
   203 -1152.057470432      1147.964221542     -2300.021691974
   204 -1152.058066520      1148.231545778     -2300.289612298
   205 -1152.058161295      1148.506508785     -2300.564670079
   206 -1152.090615704      1148.580663807     -2300.671279511
   207 -1152.088873336      1148.673305537     -2300.762178873
   208 -1152.055636650      1148.738751127     -2300.794387777
   209 -1152.074572908      1148.483238403     -2300.557811311
   210 -1152.076027181      1148.279267968     -2300.355295150
   211 -1152.066690191      1148.260301420     -2300.326991611
   212 -1152.064279024      1148.397847026     -2300.462126051
   213 -1152.056680212      1148.673149895     -2300.729830106
   214 -1152.051749429      1148.921755729     -2300.973505158
   215 -1152.085460122      1148.931604921     -2301.017065043
   216 -1152.097599732      1148.941232012     -2301.038831744
   217 -1152.060593961      1149.053868693     -2301.114462654
   218 -1152.059884633      1148.917083983     -2300.976968616
   219 -1152.077181657      1148.654293590     -2300.731475246
   220 -1152.072485710      1148.564759524     -2300.637245233
   221 -1152.067131872      1148.643196238     -2300.710328110
   222 -1152.055094849      1148.856413835     -2300.911508684
   223 -1152.042849342      1149.045783751     -2301.088633093
   224 -1152.072382491      1148.976289485     -2301.048671976
   225 -1152.095612373      1148.858312673     -2300.953925047
   226 -1152.074420846      1148.890170665     -2300.964591511
   227 -1152.044604886      1148.885239725     -2300.929844612
   228 -1152.068601121      1148.606836914     -2300.675438035
   229 -1152.074939745      1148.419365441     -2300.494305187
   230 -1152.069623434      1148.415195791     -2300.484819225
   231 -1152.056823556      1148.558344139     -2300.615167695
   232 -1152.035381458      1148.730584195     -2300.765965652
   233 -1152.051477345      1148.660267307     -2300.711744653
   234 -1152.082438036      1148.453974177     -2300.536412213
   235 -1152.084128961      1148.382275953     -2300.466404914
   236 -1152.049018602      1148.482443739     -2300.531462341
   237 -1152.040864420      1148.438468125     -2300.479332545
   238 -1152.068619118      1148.219713468     -2300.288332585
   239 -1152.072766349      1148.148517078     -2300.221283427
   240 -1152.060701110      1148.246688942     -2300.307390052
   241 -1152.033727148      1148.420539774     -2300.454266922
   242 -1152.031013105      1148.410478573     -2300.441491679
   243 -1152.059496044      1148.193601031     -2300.253097075
   244 -1152.071783855      1148.065630337     -2300.137414191
   245 -1152.063731745      1148.136567398     -2300.200299144
   246 -1152.032022145      1148.358634775     -2300.390656920
   247 -1152.042182523      1148.382973947     -2300.425156470
   248 -1152.075916711      1148.270243228     -2300.346159939
   249 -1152.075373408      1148.312753940     -2300.388127347
   250 -1152.047958898      1148.474387293     -2300.522346191
   251 -1152.032148242      1148.513684127     -2300.545832369
   252 -1152.053941527      1148.322656997     -2300.376598524
   253 -1152.066032868      1148.185339198     -2300.251372066
   254 -1152.070525805      1148.218309137     -2300.288834942
   255 -1152.064953928      1148.440489465     -2300.505443393
   256 -1152.042800845      1148.751151502     -2300.793952346
$end
