$coord
   -0.05469925675205     -0.20216516936747     -0.11852059949277      ti
    0.67368037438704     -2.50268714997909      2.13796263640025       o
   -2.68489378782148     -0.64960790907066     -2.07825447156037       o
   -4.45762319636790     -1.20971026266549     -2.28693560560663       h
   -0.82217240829261      2.50232583434249      1.84790082438649       o
   -0.31951470557569      2.66645875350472      3.59932016927759       h
    2.88028410002993      1.12322978078318     -1.72628201889884       o
    2.47149873193672      1.03019364997327     -3.65023298177718       h
    2.17163755608827     -2.03333416960077      2.40978311102588       h
$end
