$coord
    0.21144126803596      0.15972324323115     -0.01636049296807      ti
    0.65591694873792     -2.88263869879151      2.15059658943427       o
   -2.71358890120412     -1.12155869596387     -1.59636731568784       o
   -4.03230933865341     -0.16045834669684     -2.66660785289661       h
   -0.79674500933895      2.69914118902775      1.90843139803940       o
   -2.18320891611777      2.50176987691419      3.10047234341718       h
    2.39312687591801      0.89493858071073     -2.21271377714835       o
    3.57186849569038      0.25704754058180     -3.39792884276154       h
   -0.18200802762581     -4.47057670209099      1.33570642976735       h
$end
