$coord
   -0.11397599711580      0.11500627580345      0.06321889804956      ti
    1.14768586050453     -2.69533452470567      2.13659126214561       o
   -2.70530434183755     -1.03101738159460     -2.24554228850145       o
   -4.13207176066071     -0.35620751789793     -3.11347347023882       h
   -0.58524648260116      2.56848193372039      1.96435009506500       o
   -1.35280145928327      4.12207284174638      2.45467563401132       h
    2.58295364541864      0.87902406311002     -1.89367641639383       o
    2.67006057151400     -0.22242454529291     -3.34336961471593       h
    1.31817506248734     -4.54405737995996      1.86893612186209       h
$end
