$energy      SCF               SCFKIN            SCFPOT
     1 -1152.114467382      1148.281717553     -2300.396184935
     2 -1152.107782762      1148.466914351     -2300.574697113
     3 -1152.097328838      1148.605656165     -2300.702985003
     4 -1152.099712103      1148.603912867     -2300.703624970
     5 -1152.099122641      1148.565441232     -2300.664563873
     6 -1152.087632296      1148.593907524     -2300.681539820
     7 -1152.073555734      1148.692974514     -2300.766530248
     8 -1152.065165000      1148.823916665     -2300.889081665
     9 -1152.064933646      1148.957959142     -2301.022892788
    10 -1152.064089933      1149.107339614     -2301.171429547
    11 -1152.052283643      1149.269545355     -2301.321828998
    12 -1152.041007962      1149.340592184     -2301.381600146
    13 -1152.046321058      1149.236967046     -2301.283288104
    14 -1152.053305344      1149.059105395     -2301.112410739
    15 -1152.052883373      1148.916983490     -2300.969866863
    16 -1152.051149827      1148.831406532     -2300.882556358
    17 -1152.054535754      1148.783345618     -2300.837881372
    18 -1152.065696212      1148.751509832     -2300.817206044
    19 -1152.077709413      1148.747372789     -2300.825082203
    20 -1152.078613600      1148.783977779     -2300.862591379
    21 -1152.074147937      1148.783396518     -2300.857544455
    22 -1152.080784129      1148.649181711     -2300.729965841
    23 -1152.087436931      1148.455014029     -2300.542450960
    24 -1152.083049436      1148.317033919     -2300.400083355
    25 -1152.073320498      1148.264120961     -2300.337441459
    26 -1152.066725264      1148.269352579     -2300.336077843
    27 -1152.068749762      1148.298022199     -2300.366771961
    28 -1152.073531387      1148.358027329     -2300.431558716
    29 -1152.067802058      1148.469318628     -2300.537120686
    30 -1152.054702642      1148.558301247     -2300.613003889
    31 -1152.052839558      1148.508338584     -2300.561178142
    32 -1152.055018422      1148.370075929     -2300.425094351
    33 -1152.048135537      1148.266322344     -2300.314457880
    34 -1152.037325777      1148.229232361     -2300.266558139
    35 -1152.033246825      1148.225744179     -2300.258991003
    36 -1152.041430782      1148.227933786     -2300.269364568
    37 -1152.052420252      1148.264611806     -2300.317032058
    38 -1152.052439169      1148.356484883     -2300.408924051
    39 -1152.048602592      1148.410772720     -2300.459375312
    40 -1152.058381823      1148.321116833     -2300.379498656
    41 -1152.068519752      1148.170957661     -2300.239477413
    42 -1152.067300358      1148.079552400     -2300.146852758
    43 -1152.062361647      1148.063841227     -2300.126202874
    44 -1152.065227521      1148.086078991     -2300.151306512
    45 -1152.077902527      1148.136022513     -2300.213925040
    46 -1152.087744418      1148.254623619     -2300.342368038
    47 -1152.084560886      1148.439478599     -2300.524039485
    48 -1152.079719456      1148.574686075     -2300.654405531
    49 -1152.084642197      1148.578405093     -2300.663047291
    50 -1152.085189900      1148.540730937     -2300.625920837
    51 -1152.074301272      1148.555592018     -2300.629893290
    52 -1152.061184492      1148.622969534     -2300.684154027
    53 -1152.056988709      1148.704336142     -2300.761324851
    54 -1152.060608539      1148.802586194     -2300.863194733
    55 -1152.060064587      1148.951889929     -2301.011954516
    56 -1152.050274232      1149.125728965     -2301.176003198
    57 -1152.043479281      1149.212125022     -2301.255604303
    58 -1152.048395842      1149.148865306     -2301.197261148
    59 -1152.054636545      1149.008756386     -2301.063392932
    60 -1152.053402462      1148.884014846     -2300.937417308
    61 -1152.051386617      1148.787127216     -2300.838513833
    62 -1152.058242985      1148.698387886     -2300.756630871
    63 -1152.071736179      1148.640472505     -2300.712208683
    64 -1152.081754909      1148.654971434     -2300.736726343
    65 -1152.082933339      1148.727325505     -2300.810258845
    66 -1152.083509711      1148.759678496     -2300.843188207
    67 -1152.091226525      1148.678215301     -2300.769441826
    68 -1152.096009254      1148.539234825     -2300.635244079
    69 -1152.088841705      1148.433771900     -2300.522613606
    70 -1152.077796163      1148.374071442     -2300.451867605
    71 -1152.074369272      1148.337673168     -2300.412042440
    72 -1152.077761900      1148.343642730     -2300.421404630
    73 -1152.079509423      1148.426924884     -2300.506434307
    74 -1152.073202696      1148.572301343     -2300.645504040
    75 -1152.065503596      1148.677154526     -2300.742658122
    76 -1152.068143277      1148.642503751     -2300.710647027
    77 -1152.071865139      1148.519624384     -2300.591489524
    78 -1152.065563951      1148.410354183     -2300.475918134
    79 -1152.057904683      1148.329298689     -2300.387203371
    80 -1152.059716879      1148.261539259     -2300.321256138
    81 -1152.068578284      1148.237906992     -2300.306485276
    82 -1152.075065365      1148.298074529     -2300.373139894
    83 -1152.071752741      1148.424002439     -2300.495755180
    84 -1152.067733274      1148.496646486     -2300.564379760
    85 -1152.075744491      1148.418171267     -2300.493915758
    86 -1152.080522244      1148.272516942     -2300.353039185
    87 -1152.073345479      1148.156631729     -2300.229977208
    88 -1152.067251902      1148.067664710     -2300.134916612
    89 -1152.071461159      1147.999702356     -2300.071163516
    90 -1152.081385385      1147.994537042     -2300.075922427
    91 -1152.087363713      1148.087583590     -2300.174947303
    92 -1152.083556097      1148.243920146     -2300.327476244
    93 -1152.082353719      1148.330830673     -2300.413184391
    94 -1152.091301740      1148.281171285     -2300.372473025
    95 -1152.091642248      1148.201936370     -2300.293578618
    96 -1152.080661168      1148.167352065     -2300.248013233
    97 -1152.072555717      1148.168279436     -2300.240835153
    98 -1152.072312065      1148.216072085     -2300.288384150
    99 -1152.074815774      1148.349796158     -2300.424611931
   100 -1152.072490281      1148.581511533     -2300.654001815
   101 -1152.061516526      1148.853350878     -2300.914867404
   102 -1152.054547959      1149.026006342     -2301.080554301
   103 -1152.057224004      1149.036372936     -2301.093596940
   104 -1152.053608192      1148.974168244     -2301.027776436
   105 -1152.044168203      1148.899065409     -2300.943233613
   106 -1152.039978291      1148.822022851     -2300.862001141
   107 -1152.042999230      1148.777122195     -2300.820121425
   108 -1152.051063840      1148.799158237     -2300.850222077
   109 -1152.058964314      1148.898150861     -2300.957115175
   110 -1152.059899891      1149.041692930     -2301.101592822
   111 -1152.059622456      1149.121393929     -2301.181016385
   112 -1152.068424763      1149.042524010     -2301.110948773
   113 -1152.074564075      1148.863167314     -2300.937731389
   114 -1152.072414215      1148.673400491     -2300.745814706
   115 -1152.067931734      1148.526708318     -2300.594640052
   116 -1152.065942091      1148.461414309     -2300.527356400
   117 -1152.069246272      1148.493088905     -2300.562335178
   118 -1152.074691548      1148.619753568     -2300.694445116
   119 -1152.073746784      1148.810282181     -2300.884028965
   120 -1152.067590749      1148.957290139     -2301.024880888
   121 -1152.068990053      1148.931726410     -2301.000716463
   122 -1152.070654051      1148.763121477     -2300.833775528
   123 -1152.064370023      1148.560867902     -2300.625237925
   124 -1152.055349571      1148.396605711     -2300.451955282
   125 -1152.051004073      1148.304031039     -2300.355035112
   126 -1152.055090675      1148.292830207     -2300.347920882
   127 -1152.063265769      1148.364756064     -2300.428021833
   128 -1152.064409834      1148.500663890     -2300.565073724
   129 -1152.057817827      1148.602102793     -2300.659920620
   130 -1152.059003618      1148.533761978     -2300.592765596
   131 -1152.061821399      1148.329321588     -2300.391142987
   132 -1152.056514618      1148.112178333     -2300.168692951
   133 -1152.048878600      1147.952375680     -2300.001254279
   134 -1152.046796299      1147.877119841     -2299.923916140
   135 -1152.053121976      1147.895049299     -2299.948171275
   136 -1152.062095270      1148.009682931     -2300.071778201
   137 -1152.062920590      1148.195384323     -2300.258304913
   138 -1152.059258714      1148.337229813     -2300.396488527
   139 -1152.065501864      1148.314624349     -2300.380126213
   140 -1152.070709600      1148.188190078     -2300.258899678
   141 -1152.067875220      1148.068147474     -2300.136022694
   142 -1152.063660566      1148.010498956     -2300.074159522
   143 -1152.064096983      1148.041241293     -2300.105338276
   144 -1152.070507178      1148.169267057     -2300.239774235
   145 -1152.076770231      1148.392398924     -2300.469169155
   146 -1152.074167895      1148.670934214     -2300.745102109
   147 -1152.069235139      1148.881620913     -2300.950856051
   148 -1152.072835542      1148.925337679     -2300.998173221
   149 -1152.073642285      1148.866817723     -2300.940460008
   150 -1152.067575106      1148.796939464     -2300.864514570
   151 -1152.061542937      1148.761252815     -2300.822795752
   152 -1152.061047125      1148.784010894     -2300.845058019
   153 -1152.067401856      1148.873364118     -2300.940765974
   154 -1152.074938266      1149.025938817     -2301.100877082
   155 -1152.076430189      1149.200479535     -2301.276909724
   156 -1152.077788321      1149.286579355     -2301.364367676
   157 -1152.086103317      1149.208250656     -2301.294353973
   158 -1152.092742141      1149.024024962     -2301.116767104
   159 -1152.092115357      1148.834227506     -2300.926342864
   160 -1152.088108199      1148.703726203     -2300.791834402
   161 -1152.086676947      1148.658479973     -2300.745156919
   162 -1152.089714509      1148.701803241     -2300.791517750
   163 -1152.091594280      1148.823842421     -2300.915436701
   164 -1152.086995078      1148.970606112     -2301.057601190
   165 -1152.082595659      1149.027431910     -2301.110027568
   166 -1152.083799369      1148.926305819     -2301.010105187
   167 -1152.084707748      1148.719290501     -2300.803998249
   168 -1152.080023200      1148.506899721     -2300.586922921
   169 -1152.073997296      1148.351387781     -2300.425385077
   170 -1152.072988319      1148.272418938     -2300.345407257
   171 -1152.077363156      1148.273584418     -2300.350947574
   172 -1152.080129023      1148.347081245     -2300.427210269
   173 -1152.077690612      1148.435615575     -2300.513306187
   174 -1152.075836248      1148.440373284     -2300.516209533
   175 -1152.076728196      1148.318943164     -2300.395671360
   176 -1152.075589375      1148.125816429     -2300.201405804
   177 -1152.068877781      1147.951197032     -2300.020074814
   178 -1152.061546372      1147.846664548     -2299.908210920
   179 -1152.059197517      1147.826891478     -2299.886088995
   180 -1152.061122025      1147.894947143     -2299.956069168
   181 -1152.060772299      1148.037375613     -2300.098147912
   182 -1152.057269471      1148.186838242     -2300.244107713
   183 -1152.056134621      1148.252165165     -2300.308299786
   184 -1152.058297251      1148.205589912     -2300.263887164
   185 -1152.059363036      1148.101570970     -2300.160934006
   186 -1152.057061790      1148.017596737     -2300.074658527
   187 -1152.055212108      1147.998790190     -2300.054002298
   188 -1152.057062605      1148.064252216     -2300.121314821
   189 -1152.060429253      1148.219904795     -2300.280334048
   190 -1152.059271336      1148.445814523     -2300.505085859
   191 -1152.055368842      1148.660545713     -2300.715914556
   192 -1152.053874667      1148.777187495     -2300.831062162
   193 -1152.053705640      1148.783982738     -2300.837688378
   194 -1152.049717334      1148.738271529     -2300.787988863
   195 -1152.042578471      1148.699308910     -2300.741887381
   196 -1152.037722307      1148.699302905     -2300.737025212
   197 -1152.038316054      1148.753615575     -2300.791931629
   198 -1152.041272241      1148.866181324     -2300.907453565
   199 -1152.041216441      1149.006617869     -2301.047834310
   200 -1152.041913784      1149.084845655     -2301.126759439
   201 -1152.046748492      1149.034159657     -2301.080908150
   202 -1152.052860565      1148.872614020     -2300.925474585
   203 -1152.054834516      1148.679780402     -2300.734614918
   204 -1152.054397148      1148.523543118     -2300.577940266
   205 -1152.056352259      1148.441577889     -2300.497930148
   206 -1152.062087932      1148.450652253     -2300.512740185
   207 -1152.066047523      1148.551494608     -2300.617542131
   208 -1152.064272126      1148.693539801     -2300.757811927
   209 -1152.062453511      1148.773810306     -2300.836263817
   210 -1152.063172049      1148.736552902     -2300.799724951
   211 -1152.063537224      1148.615669390     -2300.679206614
   212 -1152.059279519      1148.497097035     -2300.556376554
   213 -1152.053940254      1148.438035078     -2300.491975332
   214 -1152.053527093      1148.455342886     -2300.508869979
   215 -1152.058142699      1148.550063756     -2300.608206455
   216 -1152.060496393      1148.709094684     -2300.769591077
   217 -1152.058272034      1148.862310425     -2300.920582458
   218 -1152.058556553      1148.901491151     -2300.960047704
   219 -1152.064347687      1148.786599540     -2300.850947227
   220 -1152.068572952      1148.591348407     -2300.659921358
   221 -1152.066569240      1148.418562903     -2300.485132143
   222 -1152.064416175      1148.314840928     -2300.379257104
   223 -1152.068334548      1148.288075832     -2300.356410381
   224 -1152.076318982      1148.341987314     -2300.418306297
   225 -1152.079099074      1148.468275847     -2300.547374920
   226 -1152.074577575      1148.590628038     -2300.665205613
   227 -1152.075530822      1148.576649668     -2300.652180490
   228 -1152.083894230      1148.401715927     -2300.485610156
   229 -1152.085884378      1148.183577227     -2300.269461605
   230 -1152.080190365      1148.020600032     -2300.100790397
   231 -1152.076359617      1147.940486641     -2300.016846258
   232 -1152.080579028      1147.945480572     -2300.026059600
   233 -1152.089192399      1148.042889904     -2300.132082303
   234 -1152.090634069      1148.227641314     -2300.318275384
   235 -1152.082388073      1148.411648119     -2300.494036192
   236 -1152.081760829      1148.438007933     -2300.519768761
   237 -1152.087886463      1148.303237926     -2300.391124389
   238 -1152.084650775      1148.149342152     -2300.233992926
   239 -1152.074375020      1148.063803428     -2300.138178447
   240 -1152.067912484      1148.060752909     -2300.128665393
   241 -1152.070435646      1148.137689249     -2300.208124895
   242 -1152.076774008      1148.299655670     -2300.376429677
   243 -1152.074686959      1148.534946493     -2300.609633453
   244 -1152.063828622      1148.742647463     -2300.806476085
   245 -1152.063223297      1148.768394005     -2300.831617302
   246 -1152.069011615      1148.632761086     -2300.701772701
   247 -1152.065641877      1148.480272272     -2300.545914149
   248 -1152.056744943      1148.390311873     -2300.447056816
   249 -1152.052772721      1148.375943295     -2300.428716016
   250 -1152.057830388      1148.438633027     -2300.496463416
   251 -1152.065678999      1148.587047697     -2300.652726697
   252 -1152.064660770      1148.804891366     -2300.869552136
   253 -1152.057242612      1148.981754571     -2301.038997183
   254 -1152.059313390      1148.980712977     -2301.040026367
   255 -1152.065886437      1148.833224281     -2300.899110718
   256 -1152.063912623      1148.676623869     -2300.740536492
$end
