$coord
    0.35729006914324      0.18056993345143      3.04091202385270  cl
    2.68894814707754      1.15039793595447     -2.40772408623276  o
   -0.53518703390124     -3.35479121780309     -1.73353635892715  o
   -2.83466124155543      1.73155014492133     -1.80448932418208  o
    1.04600531976420      1.86775586850279     -2.77934490137091  h
   -2.16541774890312      1.71612924895803     -0.08033015386904  h
    0.83083826655555     -2.38179513426279     -2.46812978738408  h
   -2.72685810633960     -0.04938890983947     -2.21529595362367  h
   -0.45203649430823     -2.77218282312554      0.01981446400035  h
    2.55216567700697      0.93789441723615     -0.57523019656170  h
$user-defined bonds
$redundant
     number_of_atoms            10
     degrees_of_freedom         24
     internal_coordinates       42
     frozen_coordinates          0
# definitions of redundant internals
   1 k  1.0000000000000 stre   4    6           val=   1.84955
   2 k  1.0000000000000 stre   6    1           val=   4.29699
   3 k  1.0000000000000 linc   1    4    6    8 val=  24.18665
   4 k  1.0000000000000 linp   1    4    6    8 val= -11.51610
   5 k  1.0000000000000 stre   2   10           val=   1.84984
   6 k  1.0000000000000 stre   2    5           val=   1.83084
   7 k  1.0000000000000 stre   3    7           val=   1.83095
   8 k  1.0000000000000 stre   3    9           val=   1.84948
   9 k  1.0000000000000 stre   4    8           val=   1.83088
  10 k  1.0000000000000 bend   5   10    2      val= 100.35416
  11 k  1.0000000000000 bend   9    7    3      val= 100.33541
  12 k  1.0000000000000 bend   6    8    4      val= 100.35513
  13 k  1.0000000000000 stre   1   10           val=   4.29738
  14 k  1.0000000000000 stre   1    9           val=   4.30125
  15 k  1.0000000000000 stre   2    7           val=   3.99157
  16 k  1.0000000000000 stre   3    8           val=   3.99515
  17 k  1.0000000000000 stre   4    5           val=   4.00356
  18 k  0.6136358255361 bend   9   10    1      val=  68.00457
        0.5496819520654 bend   6   10    1
        0.5668340367271 bend   6    9    1
  19 k -0.0369364513036 bend   9   10    1      val=   1.21791
        0.7370825085034 bend   6   10    1
       -0.6747926157150 bend   6    9    1
  20 k -0.7887247759414 bend   9   10    1      val=   3.13705
        0.3931400860151 bend   6   10    1
        0.4726035342486 bend   6    9    1
  21 k  0.6549727370750 bend   7   10    2      val=  84.49502
        0.7556525085570 bend   7    5    2
  22 k  0.7556525085570 bend   7   10    2      val=   4.67052
       -0.6549727370750 bend   7    5    2
  23 k  0.6985963056826 bend   8    7    3      val=  84.23292
        0.7155160387347 bend   8    9    3
  24 k  0.7155160387347 bend   8    7    3      val=   2.24271
       -0.6985963056826 bend   8    9    3
  25 k  0.7496763465582 bend   5    8    4      val=  84.27997
        0.6618046353806 bend   5    6    4
  26 k -0.6618046353806 bend   5    8    4      val=   3.95037
        0.7496763465582 bend   5    6    4
  27 k  1.0000000000000 bend   4    2    5      val= 143.81087
  28 k  1.0000000000000 bend   2    3    7      val= 144.24182
  29 k  1.0000000000000 bend   3    4    8      val= 144.09887
  30 k  1.0000000000000 bend   1    3    9      val= 152.94606
  31 k  1.0000000000000 bend   1    2   10      val= 153.07454
  32 k  0.7071067811865 tors   2   10    1    6 val=  13.00388
        0.7071067811865 tors   2   10    1    9
  33 k  0.7071067811865 tors   3    9    1    6 val=  13.39344
        0.7071067811865 tors   3    9    1   10
  34 k  0.5000000000000 tors   5    4    1    9 val=   1.03142
        0.5000000000000 tors   5    4    1   10
        0.5000000000000 tors   8    4    1    9
        0.5000000000000 tors   8    4    1   10
  35 k  0.7071067811865 tors   1   10    2    5 val= -10.41699
        0.7071067811865 tors   1   10    2    7
  36 k  0.7071067811865 tors   4    5    2    7 val=   3.73219
        0.7071067811865 tors   4    5    2   10
  37 k  0.7071067811865 tors   3    7    2    5 val=  -6.23040
        0.7071067811865 tors   3    7    2   10
  38 k  0.7071067811865 tors   2    7    3    8 val=   4.10406
        0.7071067811865 tors   2    7    3    9
  39 k  0.7071067811865 tors   1    9    3    7 val= -10.95240
        0.7071067811865 tors   1    9    3    8
  40 k  0.7071067811865 tors   4    8    3    7 val=  -6.40219
        0.7071067811865 tors   4    8    3    9
  41 k  0.7071067811865 tors   3    8    4    6 val=   4.41982
        0.7071067811865 tors   3    8    4    5
  42 k  0.7071067811865 tors   2    5    4    6 val=  -5.96867
        0.7071067811865 tors   2    5    4    8
        24 non zero eigenvalues  of BmBt
           1           2.968753573    1    0
         1
           2           1.133086742    2    0
         2
           3           0.924837357    3    0
         3
           4           0.817134441    4    0
         4
           5           2.171449050    5    0
         5
           6           2.112142901    6    0
         6
           7           1.887857099    7    0
         7
           8           1.828550950    8    0
         8
           9           1.679742399    9    0
         9
          10           0.949565328    0    0
         0.000000000         0.000000000         0.000000000         0.000000000
         0.000000000         0.000000000         0.000000000         0.000000000
         0.000000000         1.000000000         0.000000000         0.000000000
         0.000000000         0.000000000         0.000000000         0.000000000
         0.000000000         0.000000000         0.000000000         0.000000000
         0.000000000         0.000000000         0.000000000         0.000000000
         0.000000000         0.000000000         0.000000000         0.000000000
         0.000000000         0.000000000         0.000000000         0.000000000
         0.000000000         0.000000000         0.000000000         0.000000000
         0.000000000         0.000000000         0.000000000         0.000000000
         0.000000000         0.000000000
          11           0.901495968    0    0
         0.000000000         0.000000000         0.000000000         0.000000000
         0.000000000         0.000000000         0.000000000         0.000000000
         0.000000000         0.000000000         1.000000000         0.000000000
         0.000000000         0.000000000         0.000000000         0.000000000
         0.000000000         0.000000000         0.000000000         0.000000000
         0.000000000         0.000000000         0.000000000         0.000000000
         0.000000000         0.000000000         0.000000000         0.000000000
         0.000000000         0.000000000         0.000000000         0.000000000
         0.000000000         0.000000000         0.000000000         0.000000000
         0.000000000         0.000000000         0.000000000         0.000000000
         0.000000000         0.000000000
          12          12.398305304    0    0
         0.000000000         0.000000000         0.000000000         0.000000000
         0.000000000         0.000000000         0.000000000         0.000000000
         0.000000000         0.000000000         0.000000000         0.000000000
         0.018488581         0.077467052         0.179907104        -0.038665133
        -0.063213672        -0.030067418         0.001210959         0.040437059
        -0.207481654        -0.079129020         0.041804617         0.004795099
        -0.008837351        -0.014552634         0.130601109        -0.032768489
         0.006899891        -0.034039871         0.103859620         0.611264597
        -0.065770365        -0.060312158        -0.671130267         0.076156608
         0.123900871        -0.088073304         0.070192464         0.029808030
        -0.033755315         0.062274433
          13          10.636237503    0    0
         0.000000000         0.000000000         0.000000000         0.000000000
         0.000000000         0.000000000         0.000000000         0.000000000
         0.000000000         0.000000000         0.000000000         0.000000000
         0.064363881         0.059753324        -0.115455708        -0.059317984
        -0.082554668         0.008594176        -0.006630014        -0.009325826
         0.084317916        -0.046572715         0.045325405         0.088692716
         0.086450734        -0.098783860        -0.050402403        -0.032511748
        -0.009091681        -0.067948971        -0.092227664        -0.034124113
         0.033532070         0.086994405         0.054855145        -0.270466427
         0.354672191        -0.311038028        -0.059901368         0.557138851
        -0.452619816         0.296263570
          14           7.757409329    0    0
         0.000000000         0.000000000         0.000000000         0.000000000
         0.000000000         0.000000000         0.000000000         0.000000000
         0.000000000         0.000000000         0.000000000         0.000000000
         0.085253160         0.072176563        -0.030186840        -0.247762538
         0.043909054         0.026575433        -0.005508427         0.012299891
         0.110993374        -0.035079680         0.258630552        -0.068420216
        -0.047743734         0.044755652        -0.072422901        -0.183824883
         0.029377434        -0.146040732        -0.087227827        -0.030930869
        -0.347239199        -0.097901684         0.097821025        -0.214532894
         0.257004922        -0.323119209         0.459968774        -0.318347710
         0.281180917         0.122565814
          15           6.163708525    0    0
         0.000000000         0.000000000         0.000000000         0.000000000
         0.000000000         0.000000000         0.000000000         0.000000000
         0.000000000         0.000000000         0.000000000         0.000000000
         0.020588769         0.020994674        -0.111877206         0.138290265
         0.071921534        -0.000602107         0.051477179        -0.019351018
         0.060271084        -0.087104954        -0.156510040         0.013025463
        -0.075464806         0.033037677        -0.072672588         0.095616015
         0.018208760         0.035291272        -0.070812153         0.081657380
         0.424013221        -0.224173025        -0.052209890        -0.302076107
         0.356589118        -0.101440245        -0.440955272        -0.275668127
         0.347395084         0.190689389
          16           5.057560256    0    0
         0.000000000         0.000000000         0.000000000         0.000000000
         0.000000000         0.000000000         0.000000000         0.000000000
         0.000000000         0.000000000         0.000000000         0.000000000
        -0.056731852         0.124399741         0.065596717        -0.046430077
         0.012989426        -0.001965117        -0.010836785        -0.041349473
        -0.128480457        -0.001107443         0.099747578         0.066069979
        -0.026059439         0.089150269         0.102512072        -0.065465566
        -0.022362129        -0.122417999         0.133475156        -0.186936924
         0.200742896         0.020873083         0.045828453         0.451257953
         0.323199686        -0.471097672        -0.114759728         0.089389700
         0.102460599        -0.495821466
          17           2.138502228    0    0
         0.000000000         0.000000000         0.000000000         0.000000000
         0.000000000         0.000000000         0.000000000         0.000000000
         0.000000000         0.000000000         0.000000000         0.000000000
         0.561711590        -0.020395899         0.103591798         0.294807511
        -0.458276169        -0.024376984        -0.034141185        -0.005187070
        -0.078137861         0.146352750        -0.020693787        -0.041411272
         0.129811295        -0.009899719         0.244136885         0.024393245
        -0.278162596         0.104363835        -0.216650808        -0.088503907
        -0.072440901         0.232276920        -0.017662084        -0.075252906
         0.168542357         0.036373666         0.011937720        -0.115807462
         0.069903740        -0.106869164
          18           1.796742588    0    0
         0.000000000         0.000000000         0.000000000         0.000000000
         0.000000000         0.000000000         0.000000000         0.000000000
         0.000000000         0.000000000         0.000000000         0.000000000
        -0.121569355        -0.681386915         0.376328559        -0.174530532
        -0.096834375         0.053687992         0.028128469        -0.065823256
        -0.028264186        -0.022516403         0.098323728         0.233993606
        -0.049383778        -0.026555117         0.123254073        -0.370323441
         0.082710152         0.177313042        -0.047340960        -0.116386796
         0.177872420         0.020274075        -0.031046643        -0.043310445
         0.082857183         0.005944705        -0.007946741        -0.073666150
        -0.043263039         0.083932376
          19           1.431806936    0    0
         0.000000000         0.000000000         0.000000000         0.000000000
         0.000000000         0.000000000         0.000000000         0.000000000
         0.000000000         0.000000000         0.000000000         0.000000000
         0.068462495         0.026727690        -0.182240163        -0.454009060
        -0.285105041         0.034005489         0.046189456        -0.028015441
        -0.165998301         0.267293783        -0.199318254        -0.111120684
        -0.267197297         0.193271952         0.322128522         0.196285716
         0.472740696        -0.030180572        -0.156867323        -0.075495917
         0.006858914        -0.067498357        -0.014793953         0.024650499
        -0.001177587         0.028657749        -0.047185165         0.011129412
        -0.029060002         0.060285114
          20           1.283365850    0    0
         0.000000000         0.000000000         0.000000000         0.000000000
         0.000000000         0.000000000         0.000000000         0.000000000
         0.000000000         0.000000000         0.000000000         0.000000000
         0.566076084         0.229166476         0.450713902        -0.098131148
         0.462009336        -0.038660601         0.062859917         0.010743820
         0.030267066         0.004026423        -0.133845791         0.161399801
         0.007832411         0.125831582        -0.111369144        -0.045983897
         0.267273108         0.142325262        -0.058092685        -0.019281100
         0.072697261        -0.039776546         0.060858381         0.054278561
        -0.036602955         0.020183023         0.014542530         0.038217966
        -0.079769207         0.034743413
          21           1.051627890    0    0
         0.000000000         0.000000000         0.000000000         0.000000000
         0.000000000         0.000000000         0.000000000         0.000000000
         0.000000000         0.000000000         0.000000000         0.000000000
         0.287360185        -0.589585104        -0.380950898         0.093768838
         0.422709872         0.069745504        -0.024316284         0.081786415
        -0.166482192        -0.101204590        -0.010579557        -0.106058784
        -0.066256622         0.111145785         0.012354625         0.277088959
        -0.001222563         0.005064763        -0.003880395         0.104576400
        -0.157619987         0.077917068        -0.015098169         0.073772793
         0.093748178        -0.108897836         0.031587962         0.055004614
        -0.030280981        -0.094466929
          22           0.972463320    0    0
         0.000000000         0.000000000         0.000000000         0.000000000
         0.000000000         0.000000000         0.000000000         0.000000000
         0.000000000         0.000000000         0.000000000         0.000000000
         0.274343250        -0.039569873        -0.341632122        -0.537746001
        -0.198802322        -0.324971894         0.017837783         0.019106380
         0.078714385        -0.143809491         0.050887700         0.123910715
         0.249576643         0.012998503        -0.280129248        -0.099695960
        -0.185562718         0.222084899         0.180093122         0.066872964
         0.111150499        -0.027070246        -0.044077748         0.105664329
        -0.072969816         0.070127247        -0.101852237        -0.049010897
         0.026642843        -0.072116026
          23           0.600916272    0    0
         0.000000000         0.000000000         0.000000000         0.000000000
         0.000000000         0.000000000         0.000000000         0.000000000
         0.000000000         0.000000000         0.000000000         0.000000000
         0.008418213         0.077175901        -0.378743714         0.380947722
        -0.078425935        -0.099199868        -0.008238814         0.173609549
         0.314972022        -0.077044568        -0.087404798         0.298701280
        -0.241907730         0.241426040         0.055971538        -0.363574082
         0.264640869         0.205762115        -0.040359742        -0.001174473
         0.038933579         0.039420822        -0.144438848         0.118177192
        -0.000983696        -0.022644437         0.190176011        -0.054837223
        -0.107609154        -0.043665371
          24           0.520126768    0    0
         0.000000000         0.000000000         0.000000000         0.000000000
         0.000000000         0.000000000         0.000000000         0.000000000
         0.000000000         0.000000000         0.000000000         0.000000000
         0.044286800        -0.161737346         0.215533111         0.179141810
        -0.390822521        -0.032790836        -0.237967407        -0.028967863
         0.028902204        -0.365896611        -0.275422128        -0.248231743
         0.138448983         0.130858118        -0.297436893         0.140909584
         0.340226912        -0.019495339         0.251844137         0.014734616
        -0.048402255        -0.115576082         0.131267339         0.085443748
        -0.006900236        -0.164338554         0.110146259         0.037399583
         0.030517232         0.060940453
$end
