$hessapprox internal
  0.545128344042D+00  0.137971795705D-01  0.183493114770D-01  0.243515014205D-01
 -0.138074832181D-01  0.175637525230D+00 -0.485893374977D-02  0.691166922307D-02
  0.133694023240D-01  0.818168469690D-01 -0.184494827353D-02 -0.175882769681D-02
  0.180834794479D-01  0.150671147357D-02  0.588747756435D+00 -0.700121189455D-02
 -0.817898880285D-03  0.120204673706D-01  0.268164361618D-02 -0.673203272128D-02
  0.593622728898D+00  0.975118551163D-03  0.407226333475D-02  0.686877917957D-02
  0.206780123859D-02  0.927991736378D-03 -0.528587776784D-02  0.541571694997D+00
 -0.138622827969D-01 -0.380986730644D-02 -0.838387113797D-02 -0.364574687942D-02
  0.178841397089D-01  0.411536775464D-02 -0.185748557657D-01  0.469242993865D+00
 -0.933347927802D-02 -0.702571510178D-02  0.159701679905D-01 -0.333882386416D-02
  0.115249332631D-01 -0.378441518308D-03 -0.109786818090D-01  0.225469404356D-02
  0.598245731682D+00  0.288634238651D-01 -0.955339330678D-02 -0.200303263444D-01
 -0.169441998319D-01  0.212574924321D-01  0.165041410730D-01  0.854350589107D-02
  0.948810868949D-02 -0.251156076356D-02  0.283274025129D+00  0.527851625663D-02
  0.495055307009D-02 -0.134830433311D-01 -0.148648233810D-01  0.184764861451D-01
  0.112924594890D-01  0.168256212035D-01  0.119772821582D-01 -0.103911220141D-01
 -0.427153268065D-01  0.269031311797D+00  0.688875346996D-03  0.106691471111D-02
 -0.778556020377D-02  0.208722818991D-02 -0.125698886778D-02 -0.169123325306D-02
  0.169339108702D-02 -0.265191516271D-02 -0.212220828561D-02  0.524706742877D-02
 -0.204729549049D-02  0.134205497142D+00  0.167672516071D-02 -0.623746299739D-03
 -0.822987618116D-02  0.633296116191D-03 -0.117112807084D-02 -0.512683964566D-03
 -0.552639344825D-03 -0.360074026570D-02 -0.371366522915D-02  0.609085550044D-02
  0.802101615584D-03 -0.151324442669D-01  0.411944682683D-01  0.268079052484D-02
 -0.557952075555D-03  0.156322293472D-01  0.494124321273D-02  0.358872862195D-02
  0.645880819051D-03 -0.141414644491D-02  0.225730833256D-02 -0.608175038519D-03
 -0.275207394609D-02  0.250431822649D-02 -0.108725088422D-01 -0.418287897638D-01
  0.598116772788D-01 -0.436327537033D-02 -0.333442149826D-02 -0.336440495902D-02
  0.854805913025D-03 -0.411257334093D-05  0.308987422169D-02 -0.552823207925D-02
  0.528711286656D-02  0.587394742965D-02 -0.880753139872D-03 -0.265475300087D-03
  0.212117678597D-01 -0.142183683973D-01  0.133389855445D-01  0.214476238469D-01
 -0.118237994719D-02 -0.154167814986D-02 -0.397321251137D-02  0.423904690442D-02
  0.103283798035D-02  0.308003483701D-02 -0.372568765970D-02 -0.170990151406D-02
  0.121794302687D-02  0.909755181716D-03 -0.437605408442D-02  0.158843371407D-01
 -0.201276616144D-01  0.157501444259D-01 -0.192303611354D-01  0.123967284545D+00
  0.433416931115D-02 -0.181539084959D-02  0.672069193729D-02 -0.142097098871D-02
  0.845931296758D-02  0.668671594196D-03  0.125645758403D-02  0.184071757547D-02
  0.671714418124D-02 -0.850952211276D-02 -0.338782736098D-02  0.904431975158D-02
  0.238586266218D-02 -0.113243794256D-01  0.410237642734D-02 -0.939370736664D-02
  0.592057375202D-01  0.839817065113D-02  0.223329191694D-02 -0.232549479730D-01
 -0.173292656295D-02 -0.917355857384D-02 -0.309663604485D-02  0.100503304338D-01
 -0.102970953095D-01 -0.132471495387D-01  0.450029946326D-02  0.619107008596D-02
 -0.112579051756D-02 -0.111043255153D-01  0.147218557124D-01  0.297349978414D-02
 -0.653402492272D-02  0.141640772061D-01  0.383991043873D-01  0.215807748215D-02
  0.591601539155D-02 -0.391518838932D-01 -0.648658007255D-02 -0.109413214988D-02
 -0.155417812263D-01  0.670379908942D-03  0.136387639461D-02 -0.193326532391D-01
  0.106925986096D-01  0.143878808118D-01 -0.576286192875D-02 -0.254887652353D-02
  0.486185810043D-03 -0.139268639273D-02 -0.108625521866D-01 -0.329779461101D-02
  0.162059129319D-01  0.400022379720D-01 -0.460114669419D-02  0.287566348568D-02
 -0.901499988881D-02  0.259885173906D-02  0.124012264412D-01  0.323353402344D-02
  0.922883022998D-02 -0.328581290291D-02 -0.611639328492D-02  0.285266824170D-03
 -0.807939312690D-02 -0.238699208071D-01  0.225721783410D-02  0.638364273013D-02
 -0.216178703781D-02 -0.790294704636D-02 -0.144927549550D-01  0.192340403426D-02
  0.957627335273D-02  0.283288132339D-01 -0.612303938970D-02  0.211767561833D-02
 -0.134602385739D-01 -0.213353736060D-02  0.616593203957D-02  0.586111932498D-03
 -0.853352889846D-03 -0.115099604286D-01 -0.111152386475D-02  0.173595631699D-02
  0.827482844840D-02  0.157449602531D-01  0.525476318552D-02 -0.116950612756D-01
 -0.350381526806D-02  0.188537099446D-01 -0.137968446648D-01 -0.124404821375D-01
  0.294128998323D-02  0.106182794296D-02  0.299316351951D-01  0.136563531343D-02
 -0.252958487392D-02  0.249243681764D-01  0.111013107148D-01  0.457039210401D-02
 -0.742371853624D-03 -0.526795862915D-02 -0.688737902338D-02 -0.334845747112D-02
 -0.422030330244D-02 -0.185348127760D-01  0.813189094688D-02  0.437128178712D-02
 -0.200644955111D-02 -0.112939827357D-02  0.777129017900D-02 -0.963260381595D-03
 -0.109911367662D-01 -0.216316439168D-01  0.182256843637D-02  0.177469930644D-02
  0.310750697842D-01  0.357454654264D-02  0.172870030854D-03 -0.170353955603D-01
  0.225664319404D-01 -0.105864036342D-01  0.733950668595D-03 -0.172639032309D-02
 -0.757783332528D-02 -0.667890798055D-02  0.124460769489D-01  0.545504148631D-03
 -0.558309792183D-02 -0.104821127071D-01  0.277333245239D-01  0.137530759233D-01
 -0.657447648893D-02 -0.972721992236D-02  0.168418299555D-01  0.967781974351D-02
  0.240792708782D-01  0.704102103967D-03  0.839385490812D-02  0.920269755263D-01
 -0.989591196574D-02  0.551112854057D-02 -0.199252921586D-01  0.458849197002D-02
  0.334030097384D-02 -0.151040557388D-01  0.298546433599D-02 -0.848161568354D-02
 -0.213362220211D-02  0.160741547056D-01  0.685994513706D-02 -0.157753397515D-01
 -0.977059848387D-03  0.924199548325D-02 -0.653554888602D-02  0.221320879292D-01
 -0.614529227522D-01 -0.199447912316D-01  0.623278147685D-02  0.212671781387D-01
  0.256943807939D-01  0.434912776276D-02  0.196604444840D-01  0.928785587236D-01
$end
