$coord
   -0.05427808740935      0.09395392008599      0.00691851478400      ti
   -0.44925107112534     -2.31195156421614      2.38298954502695      o
   -1.96883956495895     -1.86417035493413     -2.23194815766252      o
   -0.83188608881705     -2.63906538719233     -3.45802408853703      h
    0.79153292223102      2.64486348068328      2.33403676416896      o
    0.10939207219158      2.01442053867850      5.15885222502440      h
    1.73084471766379      1.42894258747397     -2.47102688736635      o
    2.78136809423706      1.63671949154642     -3.92195346174159      h
   -1.13484648494900     -3.85283292707047      1.66931521401268      h
$redundant
     number_of_atoms             9
     degrees_of_freedom         21
     internal_coordinates       21
     frozen_coordinates          0
# definitions of redundant internals
   1 k  1.0000000000000 tors    4    3    1    2 val=  75.85378
        1.0000000000000 tors    4    3    1    5
        1.0000000000000 tors    4    3    1    7
   2 k  1.0000000000000 stre    3    4           val=   1.81054
   3 k  1.0000000000000 bend    1    4    3      val= 138.88879
   4 k  1.0000000000000 tors    6    5    1    2 val= 111.75368
        1.0000000000000 tors    6    5    1    3
        1.0000000000000 tors    6    5    1    7
   5 k  1.0000000000000 stre    5    6           val=   1.69105
   6 k  1.0000000000000 bend    1    6    5      val= 131.39805
   7 k  1.0000000000000 tors    8    7    1    2 val= 149.18590
        1.0000000000000 tors    8    7    1    3
        1.0000000000000 tors    8    7    1    5
   8 k  1.0000000000000 stre    7    8           val=   1.88674
   9 k  1.0000000000000 bend    1    8    7      val= 122.01704
  10 k  1.0000000000000 tors    9    2    1    3 val=  77.19724
        1.0000000000000 tors    9    2    1    5
        1.0000000000000 tors    9    2    1    7
  11 k  1.0000000000000 stre    2    9           val=   1.93799
  12 k  1.0000000000000 bend    1    9    2      val= 128.56153
  13 k  1.0000000000000 stre    1    3           val=   3.13744
  14 k  1.0000000000000 stre    1    5           val=   3.44495
  15 k  1.0000000000000 stre    1    7           val=   3.48139
  16 k  1.0000000000000 stre    1    2           val=   3.48403
  17 k  0.3319486237835 bend    5    3    1      val=   1.88168
       -0.4215206424424 bend    7    3    1
       -0.2235515764808 bend    7    5    1
        0.3070027574103 bend    2    3    1
        0.6221093145798 bend    2    5    1
       -0.4253051368978 bend    2    7    1
  18 k  0.3723131430961 bend    5    3    1      val=   3.32322
        0.2118357029559 bend    7    3    1
        0.5954796322107 bend    7    5    1
       -0.3424749627499 bend    2    3    1
       -0.0705634148494 bend    2    5    1
       -0.5827900740640 bend    2    7    1
  19 k  0.3652317627301 bend    5    3    1      val=  34.24780
        0.6948802588434 bend    7    3    1
       -0.3525512603929 bend    7    5    1
        0.4642792810464 bend    2    3    1
       -0.1666640989336 bend    2    5    1
       -0.1269748852168 bend    2    7    1
  20 k -0.2523409381722 bend    5    3    1      val=  -0.50650
       -0.2519268477876 bend    7    3    1
        0.4306266329522 bend    7    5    1
        0.7188166193932 bend    2    3    1
       -0.3664842643725 bend    2    5    1
       -0.1908129160458 bend    2    7    1
  21 k  0.7205782062835 bend    5    3    1      val=   9.72321
       -0.4174911399769 bend    7    3    1
       -0.0137061346161 bend    7    5    1
       -0.0094819987040 bend    2    3    1
       -0.4270635831537 bend    2    5    1
        0.3518623682470 bend    2    7    1
        21 non zero eigenvalues  of BmBt
           1           7.295841241    1    0
         1
           2           5.630728803    2    0
         2
           3           5.143503596    3    0
         3
           4           3.476651577    4    0
         4
           5           3.030615083    5    0
         5
           6           2.938821557    6    0
         6
           7           2.644532341    7    0
         7
           8           2.336426525    8    0
         8
           9           2.105285605    9    0
         9
          10           1.804362966   10    0
        10
          11           1.665856423   11    0
        11
          12           1.322628819   12    0
        12
          13           0.955242662   13    0
        13
          14           0.755080843   14    0
        14
          15           0.483976812   15    0
        15
          16           0.315552408   16    0
        16
          17           0.150809633   17    0
        17
          18           0.100057837   18    0
        18
          19           0.086103051   19    0
        19
          20           0.081947589   20    0
        20
          21           0.067759653   21    0
        21
$user-defined bonds
$end
