$energy      SCF               SCFKIN            SCFPOT
     1 -1152.068822010      1148.75537     -2300.82419     0.1858062503638
     2 -1152.076168116      1148.72191     -2300.79808     0.1849567148650
     3 -1152.071971077      1148.71788     -2300.78985     0.1826298523410
     4 -1152.065509448      1148.69625     -2300.76176     0.1790636506563
     5 -1152.065977471      1148.60186     -2300.66784     0.1747864118826
     6 -1152.073495998      1148.44947     -2300.52296     0.1698670444006
     7 -1152.078576034      1148.31766     -2300.39623     0.1641656847640
     8 -1152.071042614      1148.26806     -2300.33910     0.1578696939281
     9 -1152.060579310      1148.23631     -2300.29689     0.1514804850568
    10 -1152.067819400      1148.11758     -2300.18540     0.1454512305570
    11 -1152.070767415      1148.00409     -2300.07486     0.1396801122095
    12 -1152.059193883      1147.94723     -2300.00643     0.1337853238195
    13 -1152.045056858      1147.88784     -2299.93290     0.1281636266595
    14 -1152.038600258      1147.77196     -2299.81056     0.1231396696712
    15 -1152.038700204      1147.62901     -2299.66771     0.1186065854892
    16 -1152.036311858      1147.54298     -2299.57930     0.1142587007201
    17 -1152.023199382      1147.56559     -2299.58879     0.1099650841487
    18 -1152.007199032      1147.62862     -2299.63582     0.1059467975041
    19 -1152.009552023      1147.60802     -2299.61757     0.1024871880476
    20 -1152.009903932      1147.57257     -2299.58247     0.9946269891127E-01
    21 -1151.996490479      1147.57469     -2299.57118     0.9658646912824E-01
    22 -1151.983131800      1147.54959     -2299.53272     0.9408986434412E-01
    23 -1151.980126239      1147.45422     -2299.43435     0.9223120848952E-01
    24 -1151.984291755      1147.33962     -2299.32391     0.9095977225820E-01
    25 -1151.987431354      1147.29230     -2299.27973     0.8997112183840E-01
    26 -1151.982452765      1147.36081     -2299.34326     0.8903010666398E-01
    27 -1151.972908746      1147.48535     -2299.45826     0.8820585130605E-01
    28 -1151.981477609      1147.51922     -2299.50070     0.8770501048969E-01
    29 -1151.990794408      1147.50215     -2299.49295     0.8742206158795E-01
    30 -1151.985496440      1147.50384     -2299.48933     0.8713488537564E-01
    31 -1151.979263521      1147.46972     -2299.44898     0.8693485522848E-01
    32 -1151.982263098      1147.37078     -2299.35304     0.8697868361936E-01
    33 -1151.991066217      1147.26940     -2299.26046     0.8725264969951E-01
    34 -1151.999417210      1147.24873     -2299.24815     0.8750302470077E-01
    35 -1152.000694349      1147.35393     -2299.35462     0.8754418496086E-01
    36 -1151.994792797      1147.53073     -2299.52553     0.8750728388649E-01
    37 -1152.005593863      1147.61416     -2299.61975     0.8768546720273E-01
    38 -1152.018609792      1147.62224     -2299.64085     0.8809793792819E-01
    39 -1152.015886710      1147.63581     -2299.65170     0.8857486972346E-01
    40 -1152.010985100      1147.61479     -2299.62577     0.8913148904400E-01
    41 -1152.013605408      1147.54659     -2299.56020     0.8987348329330E-01
    42 -1152.020944157      1147.49868     -2299.51962     0.9074853595727E-01
    43 -1152.028357110      1147.54891     -2299.57727     0.9153061549191E-01
    44 -1152.028958252      1147.73716     -2299.76612     0.9198742981538E-01
    45 -1152.019145762      1148.01254     -2300.03168     0.9231146597223E-01
    46 -1152.022851035      1148.19439     -2300.21725     0.9306496278430E-01
    47 -1152.030604505      1148.26610     -2300.29671     0.9434345775565E-01
    48 -1152.022787837      1148.31474     -2300.33753     0.9591144915224E-01
    49 -1152.011379604      1148.32321     -2300.33459     0.9771437211937E-01
    50 -1152.006433161      1148.29256     -2300.29899     0.9970338257920E-01
    51 -1152.007363434      1148.28179     -2300.28915     0.1015875220595
    52 -1152.011743127      1148.34789     -2300.35963     0.1029850215818
    53 -1152.012403784      1148.51763     -2300.53004     0.1037727462076
    54 -1152.003093876      1148.73737     -2300.74047     0.1043258566025
    55 -1152.009524467      1148.80854     -2300.81807     0.1052318847996
    56 -1152.026706619      1148.69899     -2300.72570     0.1063896192791
    57 -1152.029080002      1148.53657     -2300.56565     0.1072474372092
    58 -1152.025600034      1148.34044     -2300.36604     0.1074864608037
    59 -1152.027376259      1148.12597     -2300.15334     0.1070494671366
    60 -1152.034065447      1147.95369     -2299.98775     0.1059620699767
    61 -1152.042352395      1147.88404     -2299.92640     0.1043266740600
    62 -1152.043421781      1147.94956     -2299.99298     0.1023186690336
    63 -1152.029826802      1148.09767     -2300.12750     0.1003187003592
    64 -1152.029491194      1148.11707     -2300.14656     0.9886307323529E-01
    65 -1152.038140526      1147.97630     -2300.01444     0.9797141711957E-01
    66 -1152.029632347      1147.80761     -2299.83725     0.9712723167084E-01
    67 -1152.015653484      1147.62521     -2299.64087     0.9609023204148E-01
    68 -1152.007214117      1147.44817     -2299.45539     0.9487442857436E-01
    69 -1152.004670527      1147.33400     -2299.33867     0.9350583138701E-01
    70 -1152.006436473      1147.32993     -2299.33637     0.9197480962321E-01
    71 -1152.003615972      1147.46080     -2299.46442     0.9031257745815E-01
    72 -1151.986912051      1147.67396     -2299.66087     0.8871659345414E-01
    73 -1151.984199682      1147.75135     -2299.73555     0.8761903061604E-01
    74 -1151.993055669      1147.64772     -2299.64078     0.8708324196491E-01
    75 -1151.986805472      1147.50194     -2299.48875     0.8671351544048E-01
    76 -1151.976661938      1147.33616     -2299.31282     0.8622689303234E-01
    77 -1151.971986790      1147.18581     -2299.15780     0.8566772037622E-01
    78 -1151.974062339      1147.10676     -2299.08083     0.8511203887025E-01
    79 -1151.982359282      1147.13790     -2299.12026     0.8455678758698E-01
    80 -1151.987180777      1147.30403     -2299.29121     0.8395484815489E-01
    81 -1151.976646993      1147.55928     -2299.53593     0.8342435170671E-01
    82 -1151.979597591      1147.67532     -2299.65492     0.8335864639765E-01
    83 -1151.995860689      1147.59048     -2299.58635     0.8377675642803E-01
    84 -1151.996384860      1147.46071     -2299.45709     0.8426889026522E-01
    85 -1151.991773060      1147.32397     -2299.31574     0.8465905644724E-01
    86 -1151.990838872      1147.22261     -2299.21345     0.8494097694463E-01
    87 -1151.996708783      1147.20357     -2299.20027     0.8516623366070E-01
    88 -1152.009497333      1147.30050     -2299.31000     0.8522036336351E-01
    89 -1152.018064738      1147.53949     -2299.55755     0.8499918293463E-01
    90 -1152.007636192      1147.87763     -2299.88526     0.8471763156767E-01
    91 -1152.009415363      1148.06765     -2300.07706     0.8493348489069E-01
    92 -1152.025993380      1148.03744     -2300.06343     0.8585434497781E-01
    93 -1152.024113181      1147.96745     -2299.99156     0.8715899817270E-01
    94 -1152.014509746      1147.90961     -2299.92412     0.8863862909756E-01
    95 -1152.007895608      1147.89887     -2299.90676     0.9025062142863E-01
    96 -1152.008795433      1147.97115     -2299.97995     0.9203182564080E-01
    97 -1152.016750708      1148.15224     -2300.16899     0.9374190679820E-01
    98 -1152.019301224      1148.46212     -2300.48142     0.9500091120828E-01
    99 -1152.000627004      1148.84900     -2300.84963     0.9585595422016E-01
   100 -1151.994540089      1149.04566     -2301.04020     0.9680899652270E-01
   101 -1152.007120669      1148.96891     -2300.97603     0.9792443918869E-01
   102 -1152.001824845      1148.82998     -2300.83180     0.9868456194351E-01
   103 -1151.990264505      1148.68530     -2300.67556     0.9873570453850E-01
   104 -1151.984893283      1148.56877     -2300.55366     0.9812475729455E-01
   105 -1151.990062917      1148.50945     -2300.49951     0.9700000640887E-01
   106 -1152.004040294      1148.53165     -2300.53569     0.9492814318692E-01
   107 -1152.013831073      1148.65694     -2300.67077     0.9168127757283E-01
   108 -1152.001443724      1148.84487     -2300.84632     0.8780156472386E-01
   109 -1151.997842844      1148.83749     -2300.83533     0.8423886706546E-01
   110 -1152.017297558      1148.53891     -2300.55620     0.8157547337197E-01
   111 -1152.014860762      1148.21048     -2300.22534     0.7944087086274E-01
   112 -1152.001247704      1147.92655     -2299.92780     0.7737254567249E-01
   113 -1151.991306066      1147.72426     -2299.71557     0.7529494371377E-01
   114 -1151.990927553      1147.62186     -2299.61279     0.7319064529074E-01
   115 -1151.998430405      1147.63272     -2299.63115     0.7088211318783E-01
   116 -1152.001071728      1147.76637     -2299.76744     0.6833572802905E-01
   117 -1151.981268429      1147.97358     -2299.95485     0.6585883034057E-01
   118 -1151.969605705      1147.99358     -2299.96318     0.6402660353149E-01
   119 -1151.984247247      1147.71872     -2299.70297     0.6304119216471E-01
   120 -1151.978279708      1147.42909     -2299.40737     0.6239352642932E-01
   121 -1151.961056115      1147.20665     -2299.16770     0.6163942674840E-01
   122 -1151.949050160      1147.08401     -2299.03306     0.6063799907578E-01
   123 -1151.949105027      1147.06802     -2299.01713     0.5930079142824E-01
   124 -1151.958933525      1147.16311     -2299.12204     0.5750583581075E-01
   125 -1151.965521514      1147.37332     -2299.33884     0.5525439200786E-01
   126 -1151.949452339      1147.65354     -2299.60299     0.5290388684814E-01
   127 -1151.938418835      1147.74427     -2299.68269     0.5096157833032E-01
   128 -1151.961187617      1147.49472     -2299.45590     0.4960788864439E-01
   129 -1151.962767944      1147.23570     -2299.19846     0.4854018080838E-01
   130 -1151.949585067      1147.06253     -2299.01211     0.4734851189250E-01
   131 -1151.941593765      1147.01141     -2298.95300     0.4607409187827E-01
   132 -1151.947352963      1147.07415     -2299.02150     0.4479549448935E-01
   133 -1151.964031373      1147.24848     -2299.21251     0.4376222002194E-01
   134 -1151.978263044      1147.53573     -2299.51399     0.4327865896681E-01
   135 -1151.968667810      1147.89631     -2299.86498     0.4367589161225E-01
   136 -1151.956402557      1148.08870     -2300.04510     0.4516133121726E-01
   137 -1151.984039335      1147.91065     -2299.89469     0.4771350564553E-01
   138 -1151.989288505      1147.71540     -2299.70469     0.5080615622368E-01
   139 -1151.975572065      1147.64318     -2299.61875     0.5425686657098E-01
   140 -1151.966186951      1147.70103     -2299.66721     0.5745942248537E-01
   141 -1151.969983470      1147.86847     -2299.83846     0.6016818449087E-01
   142 -1151.983116535      1148.13415     -2300.11727     0.6234656830349E-01
   143 -1151.992951663      1148.48428     -2300.47723     0.6417303496025E-01
   144 -1151.979826706      1148.87065     -2300.85048     0.6598212173019E-01
   145 -1151.959016531      1149.07461     -2301.03362     0.6815301707742E-01
   146 -1151.984325386      1148.86026     -2300.84458     0.7076641610820E-01
   147 -1151.988764019      1148.61188     -2300.60064     0.7301071643617E-01
   148 -1151.973042579      1148.46157     -2300.43461     0.7483365182397E-01
   149 -1151.964316588      1148.42115     -2300.38547     0.7570401969045E-01
   150 -1151.970646390      1148.46468     -2300.43533     0.7569818534771E-01
   151 -1151.986439862      1148.57618     -2300.56262     0.7507935183493E-01
   152 -1152.001660680      1148.73218     -2300.73384     0.7415338743150E-01
   153 -1151.998310262      1148.89549     -2300.89380     0.7326544200532E-01
   154 -1151.978478849      1148.91848     -2300.89696     0.7267867063002E-01
   155 -1152.004509235      1148.54910     -2300.55361     0.7248881058372E-01
   156 -1152.010093194      1148.17841     -2300.18851     0.7218787860234E-01
   157 -1151.992100266      1147.95053     -2299.94263     0.7143984143786E-01
   158 -1151.978738396      1147.86535     -2299.84409     0.7036874926843E-01
   159 -1151.977293367      1147.88324     -2299.86053     0.6921810073954E-01
   160 -1151.984515019      1147.96657     -2299.95108     0.6804919738755E-01
   161 -1151.996164121      1148.06907     -2300.06523     0.6677819557158E-01
   162 -1151.995636386      1148.17661     -2300.17224     0.6526685585366E-01
   163 -1151.966209272      1148.23512     -2300.20133     0.6360495410403E-01
   164 -1151.980186343      1147.93741     -2299.91759     0.6208216699611E-01
   165 -1151.990889831      1147.57242     -2299.56331     0.6074512996205E-01
   166 -1151.973968694      1147.36364     -2299.33761     0.5930554795374E-01
   167 -1151.958506812      1147.30660     -2299.26511     0.5795575950896E-01
   168 -1151.954043131      1147.34881     -2299.30286     0.5682799232596E-01
   169 -1151.960207433      1147.43754     -2299.39775     0.5591600061814E-01
   170 -1151.975110421      1147.52798     -2299.50309     0.5513692350241E-01
   171 -1151.982269235      1147.63689     -2299.61916     0.5456764685533E-01
   172 -1151.952881997      1147.78251     -2299.73539     0.5445678532463E-01
   173 -1151.956755536      1147.64217     -2299.59893     0.5520578062114E-01
   174 -1151.979824550      1147.33547     -2299.31530     0.5660101037310E-01
   175 -1151.969159704      1147.20451     -2299.17367     0.5812653343078E-01
   176 -1151.953954071      1147.23328     -2299.18724     0.5944839964171E-01
   177 -1151.947840145      1147.35054     -2299.29838     0.6044348771726E-01
   178 -1151.953496028      1147.48607     -2299.43956     0.6130165179590E-01
   179 -1151.970747948      1147.59749     -2299.56824     0.6205249122799E-01
   180 -1151.986549515      1147.71670     -2299.70325     0.6261478142112E-01
   181 -1151.966466143      1147.92050     -2299.88697     0.6306881770356E-01
   182 -1151.951550803      1147.96766     -2299.91921     0.6383662237823E-01
   183 -1151.987435300      1147.71016     -2299.69759     0.6502058815091E-01
   184 -1151.986148648      1147.61405     -2299.60020     0.6577284015301E-01
   185 -1151.969686788      1147.67604     -2299.64573     0.6589969642958E-01
   186 -1151.958111100      1147.81512     -2299.77323     0.6536041740500E-01
   187 -1151.959159362      1147.94028     -2299.89944     0.6456315269821E-01
   188 -1151.974685664      1148.01158     -2299.98627     0.6347752183505E-01
   189 -1151.995037060      1148.07851     -2300.07354     0.6186390006217E-01
   190 -1151.989679681      1148.25824     -2300.24791     0.5982736031931E-01
   191 -1151.949671138      1148.48391     -2300.43359     0.5786063953209E-01
   192 -1151.982075182      1148.32296     -2300.30503     0.5655630043486E-01
   193 -1151.993652678      1148.18973     -2300.18339     0.5558217284818E-01
   194 -1151.973716402      1148.22507     -2300.19879     0.5445316037980E-01
   195 -1151.954007303      1148.33233     -2300.28634     0.5351677100878E-01
   196 -1151.949677195      1148.39645     -2300.34613     0.5297106144356E-01
   197 -1151.961875613      1148.39245     -2300.35433     0.5289406618345E-01
   198 -1151.981978542      1148.38583     -2300.36781     0.5312250991244E-01
   199 -1151.989482721      1148.48885     -2300.47834     0.5337129312517E-01
   200 -1151.949861336      1148.75029     -2300.70015     0.5356744505755E-01
   201 -1151.958892863      1148.70774     -2300.66663     0.5410870428375E-01
   202 -1151.992249284      1148.45419     -2300.44644     0.5472597239583E-01
   203 -1151.976773229      1148.37486     -2300.35164     0.5485275574745E-01
   204 -1151.952694430      1148.37089     -2300.32359     0.5438601438424E-01
   205 -1151.942544383      1148.32120     -2300.26374     0.5354267200332E-01
   206 -1151.947734614      1148.21391     -2300.16164     0.5244223216801E-01
   207 -1151.962702712      1148.11339     -2300.07609     0.5092847806974E-01
   208 -1151.979014071      1148.10763     -2300.08665     0.4885250254630E-01
   209 -1151.964512451      1148.30229     -2300.26680     0.4636505422341E-01
   210 -1151.923462046      1148.51825     -2300.44171     0.4391339817994E-01
   211 -1151.971310532      1148.25751     -2300.22882     0.4188659004024E-01
   212 -1151.974369253      1148.08734     -2300.06171     0.4036306244931E-01
   213 -1151.945965715      1147.98797     -2299.93394     0.3814894971907E-01
   214 -1151.925316609      1147.88662     -2299.81194     0.3592321095714E-01
   215 -1151.920232975      1147.74940     -2299.66964     0.3362232368261E-01
   216 -1151.927059729      1147.62708     -2299.55414     0.3109265499127E-01
   217 -1151.944699774      1147.57728     -2299.52198     0.2835043270728E-01
   218 -1151.962965220      1147.67593     -2299.63890     0.2568917659030E-01
   219 -1151.937257723      1148.01403     -2299.95129     0.2347364802417E-01
   220 -1151.908353220      1148.23349     -2300.14185     0.2207172723091E-01
   221 -1151.960381516      1147.94874     -2299.90913     0.2177765566679E-01
   222 -1151.954751559      1147.77368     -2299.72843     0.2239547942951E-01
   223 -1151.931076587      1147.63271     -2299.56379     0.2388128678776E-01
   224 -1151.915149124      1147.52329     -2299.43844     0.2566350244127E-01
   225 -1151.911852370      1147.45547     -2299.36732     0.2728414962070E-01
   226 -1151.923092018      1147.45207     -2299.37516     0.2855958433139E-01
   227 -1151.948120437      1147.54067     -2299.48880     0.2944215220576E-01
   228 -1151.972595309      1147.77342     -2299.74602     0.3000213039319E-01
   229 -1151.947431025      1148.21711     -2300.16454     0.3039322272824E-01
   230 -1151.917339532      1148.47190     -2300.38924     0.3103808586984E-01
   231 -1151.977354680      1148.12604     -2300.10339     0.3223532932919E-01
   232 -1151.975120978      1147.90099     -2299.87611     0.3330530433833E-01
   233 -1151.950247818      1147.74710     -2299.69734     0.3456564763080E-01
   234 -1151.932090223      1147.68938     -2299.62147     0.3563607569578E-01
   235 -1151.929546464      1147.71079     -2299.64033     0.3643757057731E-01
   236 -1151.943125836      1147.80927     -2299.75239     0.3704014281100E-01
   237 -1151.968441067      1147.99116     -2299.95960     0.3768092019326E-01
   238 -1151.991287859      1148.27349     -2300.26478     0.3860313641921E-01
   239 -1151.966916284      1148.69528     -2300.66220     0.3998375528274E-01
   240 -1151.928680458      1148.90745     -2300.83613     0.4217612082527E-01
   241 -1151.992138959      1148.46866     -2300.46080     0.4527628454858E-01
   242 -1151.987460269      1148.22412     -2300.21158     0.4759710548908E-01
   243 -1151.957705108      1148.08545     -2300.04315     0.5001968333612E-01
   244 -1151.937160211      1148.05980     -2299.99696     0.5173116933648E-01
   245 -1151.932386241      1148.10929     -2300.04168     0.5277760356559E-01
   246 -1151.940850906      1148.21023     -2300.15108     0.5327639985956E-01
   247 -1151.960435034      1148.33893     -2300.29937     0.5336782241558E-01
   248 -1151.985164730      1148.49147     -2300.47664     0.5311840178371E-01
   249 -1151.973835433      1148.75199     -2300.72583     0.5262120880680E-01
   250 -1151.913142905      1148.97091     -2300.88405     0.5225026000531E-01
   251 -1151.980966839      1148.48073     -2300.46170     0.5256407571997E-01
   252 -1151.979697330      1148.12733     -2300.10703     0.5291595032473E-01
   253 -1151.951070802      1147.98269     -2299.93376     0.5301628782738E-01
   254 -1151.932861909      1147.95797     -2299.89083     0.5282671884520E-01
   255 -1151.928559663      1147.99278     -2299.92134     0.5237301587953E-01
   256 -1151.937551097      1148.03798     -2299.97554     0.5167702856219E-01
   257 -1151.960174436      1148.06693     -2300.02710     0.5073193557671E-01
   258 -1151.988144032      1148.11458     -2300.10273     0.4951908130678E-01
   259 -1151.977346209      1148.31311     -2300.29045     0.4810008722503E-01
   260 -1151.912252865      1148.53277     -2300.44503     0.4686673337575E-01
   261 -1151.982245861      1148.05759     -2300.03984     0.4633091587135E-01
   262 -1151.981929112      1147.74275     -2299.72468     0.4588900392487E-01
   263 -1151.952384911      1147.64344     -2299.59582     0.4520307076786E-01
   264 -1151.931190184      1147.63990     -2299.57109     0.4426431012573E-01
   265 -1151.923906572      1147.65390     -2299.57781     0.4303414507561E-01
   266 -1151.930470273      1147.64784     -2299.57831     0.4144772685706E-01
   267 -1151.950103811      1147.62729     -2299.57739     0.3948304802335E-01
   268 -1151.976261439      1147.65112     -2299.62738     0.3719805552675E-01
   269 -1151.972712964      1147.85619     -2299.82890     0.3474716987003E-01
   270 -1151.899363517      1148.21021     -2300.10957     0.3244868921186E-01
   271 -1151.961123195      1147.89620     -2299.85733     0.3075423716501E-01
   272 -1151.977849445      1147.73001     -2299.70786     0.3049442118627E-01
   273 -1151.936545654      1147.63804     -2299.57459     0.3005430836407E-01
   274 -1151.902575942      1147.65092     -2299.55349     0.3000192774799E-01
   275 -1151.892596025      1147.59962     -2299.49222     0.2985983017701E-01
   276 -1151.900156626      1147.53051     -2299.43066     0.2910484551603E-01
   277 -1151.918788904      1147.48902     -2299.40781     0.2779879268772E-01
   278 -1151.944822145      1147.53980     -2299.48462     0.2660944600402E-01
   279 -1151.975253804      1147.75526     -2299.73051     0.2521938159272E-01
   280 -1151.935172166      1148.25028     -2300.18545     0.2406680938946E-01
   281 -1151.891590559      1148.54163     -2300.43322     0.2342293169262E-01
   282 -1151.975844599      1148.09792     -2300.07376     0.2360307444899E-01
   283 -1151.974899356      1147.94953     -2299.92443     0.2391375308032E-01
   284 -1151.942460540      1147.71523     -2299.65769     0.2502140786335E-01
   285 -1151.911782205      1147.62843     -2299.54021     0.2632617466782E-01
   286 -1151.898365228      1147.64054     -2299.53890     0.2731393371372E-01
   287 -1151.902747826      1147.72930     -2299.63205     0.2737663585447E-01
   288 -1151.919805204      1147.87130     -2299.79111     0.2665959021347E-01
   289 -1151.946579949      1148.06989     -2300.01647     0.2573137740596E-01
   290 -1151.974371779      1148.30480     -2300.27917     0.2500699155611E-01
   291 -1151.946640091      1148.68154     -2300.62818     0.2462024858117E-01
   292 -1151.885603948      1148.88032     -2300.76592     0.2478975144214E-01
   293 -1151.977149021      1148.26381     -2300.24096     0.2562000809602E-01
   294 -1151.956809685      1147.98052     -2299.93733     0.2647494273431E-01
   295 -1151.922755580      1147.91972     -2299.84248     0.2709735077441E-01
   296 -1151.904508863      1147.97116     -2299.87567     0.2733929700999E-01
   297 -1151.898687672      1148.07623     -2299.97492     0.2692770337293E-01
   298 -1151.903478097      1148.16874     -2300.07222     0.2585340531634E-01
   299 -1151.924701971      1148.19257     -2300.11727     0.2453180884653E-01
   300 -1151.959932318      1148.18261     -2300.14254     0.2327644185562E-01
   301 -1151.978154226      1148.29729     -2300.27545     0.2210655833026E-01
   302 -1151.896033873      1148.70914     -2300.60517     0.2103487468146E-01
   303 -1151.932563458      1148.49509     -2300.42765     0.2030307804528E-01
   304 -1151.976562961      1148.10556     -2300.08213     0.1996717107713E-01
   305 -1151.941813917      1147.97577     -2299.91759     0.1967699777843E-01
   306 -1151.906056879      1147.98563     -2299.89169     0.1975896021987E-01
   307 -1151.888195814      1147.96634     -2299.85454     0.2004754304203E-01
   308 -1151.889398175      1147.87937     -2299.76877     0.1973787007257E-01
   309 -1151.903020478      1147.80295     -2299.70597     0.1873833395784E-01
   310 -1151.928300055      1147.76704     -2299.69534     0.1757987537175E-01
   311 -1151.962555958      1147.83986     -2299.80242     0.1657195708354E-01
   312 -1151.964860402      1148.15691     -2300.12177     0.1623414149666E-01
   313 -1151.832503554      1148.80553     -2300.63804     0.1661746130010E-01
   314 -1151.970521675      1148.23510     -2300.20562     0.1828311606045E-01
   315 -1151.961243650      1147.94920     -2299.91044     0.2100492158614E-01
   316 -1151.920266732      1147.82161     -2299.74188     0.2492105102731E-01
   317 -1151.894835182      1147.71617     -2299.61100     0.2960700859228E-01
   318 -1151.882995998      1147.62804     -2299.51103     0.3435654508206E-01
   319 -1151.882217618      1147.57691     -2299.45913     0.3866792629653E-01
   320 -1151.893629463      1147.57546     -2299.46909     0.4287328527295E-01
   321 -1151.918839507      1147.63200     -2299.55084     0.4750699902297E-01
   322 -1151.957931309      1147.75572     -2299.71365     0.5292030294183E-01
   323 -1152.002900349      1147.97451     -2299.97741     0.5914814944493E-01
   324 -1151.991068404      1148.43574     -2300.42681     0.6614045049419E-01
   325 -1151.878108952      1148.93197     -2300.81008     0.7444166594863E-01
   326 -1152.027388233      1148.18234     -2300.20973     0.8529367146494E-01
   327 -1152.023448182      1148.01397     -2300.03742     0.9083004903612E-01
   328 -1151.983965225      1147.89635     -2299.88031     0.1019517276290
   329 -1151.952293414      1147.91132     -2299.86362     0.1126655880844
   330 -1151.935430959      1147.99314     -2299.92857     0.1229094837039
   331 -1151.929742602      1148.112217092     -2300.041959694
$end
