$energy      SCF               SCFKIN            SCFPOT            excitation
     1 -1152.042800845      1148.75113     -2300.79393     0.1908525349004
     2 -1152.085538692      1148.51224     -2300.59778     0.1889577424736
     3 -1152.076775548      1148.47746     -2300.55424     0.1854385123076
     4 -1152.036722579      1148.57530     -2300.61203     0.1802314589522
     5 -1152.017261876      1148.50547     -2300.52273     0.1741676388649
     6 -1152.032733444      1148.20358     -2300.23632     0.1698904891506
     7 -1152.031797925      1147.97256     -2300.00436     0.1677744881007
     8 -1152.032244525      1147.83500     -2299.86725     0.1642382258152
     9 -1152.047448816      1147.81385     -2299.86130     0.1590376845077
    10 -1152.058966482      1147.96392     -2300.02288     0.1537531618343
    11 -1152.019059770      1148.31059     -2300.32965     0.1482855724497
    12 -1152.043670560      1148.26466     -2300.30833     0.1424720428040
    13 -1152.067375238      1148.02698     -2300.09436     0.1369648307472
    14 -1152.019771984      1147.93264     -2299.95241     0.1311894035078
    15 -1152.007107580      1147.65480     -2299.66191     0.1261025615555
    16 -1151.999239413      1147.37767     -2299.37691     0.1216642904342
    17 -1151.986448492      1147.21612     -2299.20257     0.1170019600352
    18 -1151.987528852      1147.16618     -2299.15371     0.1122951124371
    19 -1152.006181791      1147.22822     -2299.23441     0.1079306854684
    20 -1152.020934313      1147.45703     -2299.47797     0.1038654120223
    21 -1151.977803055      1147.88589     -2299.86370     0.9989172962756E-01
    22 -1152.000473747      1147.90194     -2299.90242     0.9646448014263E-01
    23 -1152.005598652      1147.73735     -2299.74295     0.9398645592680E-01
    24 -1151.978774668      1147.55255     -2299.53132     0.9232858781163E-01
    25 -1151.968723675      1147.29499     -2299.26371     0.9139839923991E-01
    26 -1151.950215998      1147.15437     -2299.10458     0.9009023773394E-01
    27 -1151.938605552      1147.12743     -2299.06604     0.8812999520699E-01
    28 -1151.946503164      1147.18306     -2299.12956     0.8583043422670E-01
    29 -1151.975557818      1147.31525     -2299.29081     0.8342639610240E-01
    30 -1151.999721027      1147.60974     -2299.60946     0.8068443193622E-01
    31 -1151.947310706      1148.16538     -2300.11269     0.7750869917221E-01
    32 -1151.953512880      1148.28704     -2300.24056     0.7486155195456E-01
    33 -1151.978081122      1148.01566     -2299.99374     0.7364973228370E-01
    34 -1151.971568029      1147.71807     -2299.68964     0.7316657855883E-01
    35 -1151.944268316      1147.56752     -2299.51179     0.7262194836116E-01
    36 -1151.918419428      1147.54564     -2299.46406     0.7160228837615E-01
    37 -1151.911268153      1147.59183     -2299.50309     0.7008350943862E-01
    38 -1151.929403564      1147.67480     -2299.60420     0.6801761670040E-01
    39 -1151.966634886      1147.83162     -2299.79825     0.6533144129293E-01
    40 -1151.991140320      1148.18485     -2300.17599     0.6201463749562E-01
    41 -1151.921009967      1148.83972     -2300.76073     0.5859973078881E-01
    42 -1151.912466877      1148.94227     -2300.85474     0.5669968975812E-01
    43 -1151.982674140      1148.38959     -2300.37227     0.5687792582047E-01
    44 -1151.961545911      1148.09943     -2300.06097     0.5748000589223E-01
    45 -1151.918046298      1147.99433     -2299.91238     0.5786447341127E-01
    46 -1151.892576052      1147.97221     -2299.86478     0.5758881917254E-01
    47 -1151.894281499      1147.98183     -2299.87611     0.5629257303401E-01
    48 -1151.917865833      1148.04445     -2299.96231     0.5397190505562E-01
    49 -1151.950575640      1148.22335     -2300.17393     0.5079707346712E-01
    50 -1151.958875177      1148.59445     -2300.55333     0.4736708848576E-01
    51 -1151.901640690      1149.08715     -2300.98879     0.4465119919477E-01
    52 -1151.901837126      1148.99855     -2300.90039     0.4385128423948E-01
    53 -1151.968087827      1148.35655     -2300.32464     0.4457100179134E-01
    54 -1151.936961998      1148.05756     -2299.99452     0.4515564410116E-01
    55 -1151.897677364      1147.90297     -2299.80065     0.4533606350695E-01
    56 -1151.882167270      1147.82321     -2299.70538     0.4486503865858E-01
    57 -1151.889309810      1147.81447     -2299.70378     0.4343661348666E-01
    58 -1151.908074590      1147.90333     -2299.81140     0.4112502560631E-01
    59 -1151.921518408      1148.10950     -2300.03102     0.3848311674151E-01
    60 -1151.939642733      1148.30219     -2300.24184     0.3635929647275E-01
    61 -1151.934118858      1148.47206     -2300.40618     0.3513298418386E-01
    62 -1151.879139763      1148.52867     -2300.40781     0.3484876280311E-01
    63 -1151.946569905      1147.90968     -2299.85625     0.3562682406441E-01
    64 -1151.935403451      1147.63703     -2299.57243     0.3603695434312E-01
    65 -1151.905852552      1147.48239     -2299.38824     0.3599216430693E-01
    66 -1151.890534706      1147.46556     -2299.35609     0.3517965482631E-01
    67 -1151.884553593      1147.56421     -2299.44876     0.3396800653616E-01
    68 -1151.874424124      1147.73577     -2299.61020     0.3343352922166E-01
    69 -1151.889149599      1147.78202     -2299.67117     0.3385303497728E-01
    70 -1151.935777603      1147.66943     -2299.60521     0.3472760921055E-01
    71 -1151.959704373      1147.68757     -2299.64728     0.3544575009151E-01
    72 -1151.901279831      1148.01702     -2299.91830     0.3597667853540E-01
    73 -1151.884844075      1148.01367     -2299.89851     0.3724793975864E-01
    74 -1151.952752478      1147.53856     -2299.49131     0.3926570568118E-01
    75 -1151.942951739      1147.42069     -2299.36364     0.4050810015963E-01
    76 -1151.917390724      1147.51519     -2299.43258     0.4073146751517E-01
    77 -1151.883087826      1147.71744     -2299.60052     0.3982618076401E-01
    78 -1151.877241072      1147.75572     -2299.63296     0.3970010253062E-01
    79 -1151.900995629      1147.59844     -2299.49944     0.4244629930159E-01
    80 -1151.914509863      1147.48805     -2299.40256     0.4703459924145E-01
    81 -1151.934343053      1147.46545     -2299.39979     0.5108512325759E-01
    82 -1151.963869839      1147.57696     -2299.54083     0.5359282540443E-01
    83 -1151.950224899      1147.96962     -2299.91984     0.5517083663664E-01
    84 -1151.902069817      1148.36559     -2300.26766     0.5710743263383E-01
    85 -1151.994254740      1148.08374     -2300.07799     0.6066528962405E-01
    86 -1151.979327862      1148.04959     -2300.02892     0.6321792037128E-01
    87 -1151.943213765      1148.03924     -2299.98245     0.6592416547359E-01
    88 -1151.931809261      1147.91218     -2299.84399     0.6230507399906E-01
    89 -1151.913861600      1147.79931     -2299.71317     0.4748416383748E-01
    90 -1151.890250545      1147.74538     -2299.63563     0.2967608220281E-01
    91 -1151.870985249      1147.75663     -2299.62762     0.1320410434001E-01
    92 -1151.861653547      1147.83667     -2299.69833     0.1705493905440E-02
$end
