$grad          cartesian gradients
  cycle =     92   ex. state energy =    -1151.8599480531 |dE/dxyz| =  2.835327
   -0.01142494952972      0.31604040822298     -0.32419965464786      ti
    0.30297272488754     -3.44626933567116      2.48865079241385      o
   -2.65417194236737     -0.94577640954887     -1.84109152050152      o
   -3.55530140983041     -2.52561609760292     -2.78445182712510      h
   -0.46821370115037      2.51795857208881      1.90393332937413      o
   -2.15219412523920      3.01783948252437      4.54099535099848      h
    2.97230905480364      1.09381487211966     -1.76236535183400      o
    3.98516269694982      0.28209761563097     -3.12288549963505      h
   -0.16164352161216     -3.40777895547539      4.24698348360397      h
  -.18508395605267D-01  -.14311135232491D-02  -.74537186691745D-01
  -.68192750667138D-02  -.90982227799450D-02  0.26869602464289D-01
  0.50319201562558D-01  0.67093784888081D-01  0.49834091373679D-01
  -.38817280432864D-01  -.68467766437458D-01  -.39507502099183D-01
  0.11125308717465D-01  0.49062151317445D-02  0.14743253389575D-01
  -.10632984680362D-01  0.11540999066313D-01  0.20889232018377D-01
  -.94860183445007D-02  0.20134323896598D-01  0.24350485957311D-01
  0.18244923580264D-01  -.13387224690804D-01  -.20337790451067D-01
  0.45745196330698D-02  -.11290995676550D-01  -.23041855381167D-02
$end
