$coord
   -0.08718241756041      0.23605033003042     -0.06107495751724      ti
    1.39484526567707     -2.92635175864821      1.99502914328422      o
   -2.42997425340800     -1.33974332717789     -2.07003034791496      o
   -3.43948356725476     -2.72511485040688     -1.47768314461885      h
   -1.31634873872781      2.44669710194938      2.18437352909229      o
   -2.99668265113203      3.13656409085189      2.25165743892256      h
    2.71938813127873      1.40431268749828     -1.90710604981853      o
    1.90207115060520     -0.99537532045032     -3.02821011478540      h
    2.83730273936085     -4.04488246748132      1.94603925497864      h
$redundant
     number_of_atoms             9
     degrees_of_freedom         21
     internal_coordinates       21
     frozen_coordinates          0
# definitions of redundant internals
   1 k  1.0000000000000 stre    9    2           val=   1.77225
   2 k  1.0000000000000 linc    9    1    2    5 val=  11.63700
   3 k  1.0000000000000 linp    9    1    2    5 val=   8.18767
   4 k  1.0000000000000 stre    4    3           val=   1.80680
   5 k  1.0000000000000 linc    4    1    3    5 val= -17.43127
   6 k  1.0000000000000 linp    4    1    3    5 val=   0.99557
   7 k  1.0000000000000 stre    1    3           val=   3.18719
   8 k  1.0000000000000 stre    1    2           val=   3.33619
   9 k  0.2158368738403 bend    2    3    1      val=   4.74874
       -0.3881588646356 bend    7    3    1
       -0.5795856248099 bend    7    2    1
        0.5258403140691 bend    5    3    1
        0.4362563550357 bend    5    2    1
  10 k  0.0500982498500 bend    2    3    1      val=   7.85431
        0.7230403936049 bend    7    3    1
       -0.4745450968511 bend    7    2    1
        0.3130465739976 bend    5    3    1
       -0.3892448434347 bend    5    2    1
  11 k  0.8431146467690 bend    2    3    1      val=  24.70512
       -0.2299203886386 bend    7    3    1
        0.1344685815532 bend    7    2    1
        0.0196342811866 bend    5    3    1
       -0.4667194048562 bend    5    2    1
  12 k  0.3781128383631 bend    2    3    1      val=  -1.51302
        0.2683882441902 bend    7    3    1
       -0.3540547316012 bend    7    2    1
       -0.6954171423061 bend    5    3    1
        0.4195696331520 bend    5    2    1
  13 k  1.0000000000000 tors    6    5    1    7 val= -36.89550
  14 k  1.0000000000000 stre    5    6           val=   1.86119
  15 k  1.0000000000000 bend    1    6    5      val= 106.12631
  16 k  1.0000000000000 tors    8    7    1    5 val= 141.06596
  17 k  1.0000000000000 stre    7    8           val=   1.93686
  18 k  1.0000000000000 bend    1    8    7      val= 118.50489
  19 k  1.0000000000000 stre    1    7           val=   3.41045
  20 k  1.0000000000000 stre    1    5           val=   3.62964
  21 k  1.0000000000000 bend    5    7    1      val= 132.92778
        21 non zero eigenvalues  of BmBt
           1           4.024788727    1    0
         1
           2           3.593220716    2    0
         2
           3           3.001727867    3    0
         3
           4           2.390520874    4    0
         4
           5           2.176663099    5    0
         5
           6           2.120151684    6    0
         6
           7           1.893916042    7    0
         7
           8           1.572877100    8    0
         8
           9           1.270122818    9    0
         9
          10           1.162757935   10    0
        10
          11           1.080307243   11    0
        11
          12           0.817986935   12    0
        12
          13           0.779885880   13    0
        13
          14           0.670709909   14    0
        14
          15           0.536951062   15    0
        15
          16           0.291438392   16    0
        16
          17           0.123380470   17    0
        17
          18           0.103626260   18    0
        18
          19           0.089979815   19    0
        19
          20           0.066092529   20    0
        20
          21           0.048874857   21    0
        21
$user-defined bonds
$end
