$coord
    0.33574797909084     -0.10811372763023      0.04427979046198      ti
    0.38315667242223     -2.78909691619231      1.85519489497562      o
   -2.80955641607553     -0.63646376890463     -1.67148155613726      o
   -3.23098254021684      0.76911641846184     -2.72536689161113      h
   -1.14786504742610      2.43435858251496      2.19848896934448      o
    0.45631685273905      3.22555648976344      2.06851511770551      h
    2.63315814767945      1.19255188840025     -2.38759440802995      o
    2.10773529218489      2.17324605204872     -3.94729347783527      h
   -0.35015004166314     -4.22622249086766      2.58550223574287      h
$redundant
     number_of_atoms             9
     degrees_of_freedom         21
     internal_coordinates       21
     frozen_coordinates          0
# definitions of redundant internals
   1 k  1.0000000000000 tors    4    3    1    2 val=  64.13002
        1.0000000000000 tors    4    3    1    5
        1.0000000000000 tors    4    3    1    6
        1.0000000000000 tors    4    3    1    7
   2 k  1.0000000000000 stre    3    4           val=   1.80663
   3 k  1.0000000000000 bend    1    4    3      val= 111.43518
   4 k  1.0000000000000 tors    8    7    1    2 val=   2.48360
        1.0000000000000 tors    8    7    1    3
        1.0000000000000 tors    8    7    1    5
        1.0000000000000 tors    8    7    1    6
   5 k  1.0000000000000 stre    7    8           val=   1.91585
   6 k  1.0000000000000 bend    1    8    7      val= 124.16088
   7 k  1.0000000000000 tors    9    2    1    3 val=  99.22690
        1.0000000000000 tors    9    2    1    5
        1.0000000000000 tors    9    2    1    6
        1.0000000000000 tors    9    2    1    7
   8 k  1.0000000000000 stre    2    9           val=   1.77099
   9 k  1.0000000000000 bend    1    9    2      val= 153.78009
  10 k  1.0000000000000 stre    1    2           val=   3.23563
  11 k  1.0000000000000 stre    1    7           val=   3.58941
  12 k  1.0000000000000 stre    1    3           val=   3.62159
  13 k -0.5100614824092 bend    7    2    1      val=  31.25360
        0.1683608767184 bend    3    2    1
       -0.2286769286464 bend    3    7    1
        0.5232974582162 bend    5    2    1
       -0.0502584790334 bend    5    7    1
        0.3631667644052 bend    5    3    1
        0.3907470258072 bend    6    2    1
       -0.0606726617815 bend    6    7    1
        0.3075355399532 bend    6    3    1
  14 k -0.3797919214659 bend    7    2    1      val=  18.80245
       -0.2400341294317 bend    3    2    1
        0.3312483133829 bend    3    7    1
       -0.2516084310667 bend    5    2    1
        0.4595527434825 bend    5    7    1
        0.2733977113004 bend    5    3    1
       -0.2739446761033 bend    6    2    1
        0.3759358753289 bend    6    7    1
        0.3504296860757 bend    6    3    1
  15 k  0.1333630774367 bend    7    2    1      val=  13.70070
       -0.5197840075553 bend    3    2    1
       -0.3171843595024 bend    3    7    1
        0.1906232554691 bend    5    2    1
        0.3504204089399 bend    5    7    1
       -0.2111657919593 bend    5    3    1
        0.4243552245393 bend    6    2    1
        0.4323723326758 bend    6    7    1
       -0.2017104020000 bend    6    3    1
  16 k  0.3648521668143 bend    7    2    1      val=  13.74900
       -0.6189702835087 bend    3    2    1
        0.1797310608782 bend    3    7    1
        0.0062267614766 bend    5    2    1
       -0.2926271409221 bend    5    7    1
        0.3287677427735 bend    5    3    1
        0.1523386147142 bend    6    2    1
       -0.3031665397485 bend    6    7    1
        0.3775987037219 bend    6    3    1
  17 k  0.3399721575590 bend    7    2    1      val=   8.00025
        0.1794764019196 bend    3    2    1
       -0.7133424731483 bend    3    7    1
       -0.2572642226523 bend    5    2    1
        0.0785660148930 bend    5    7    1
        0.3630943254905 bend    5    3    1
       -0.2174165886652 bend    6    2    1
        0.1507471842168 bend    6    7    1
        0.2629828787369 bend    6    3    1
  18 k -0.0701546914092 bend    7    2    1      val=   2.46942
        0.0934759523250 bend    3    2    1
        0.0401564529426 bend    3    7    1
       -0.5183780874895 bend    5    2    1
        0.3082726279827 bend    5    7    1
        0.3585722988735 bend    5    3    1
        0.5085805470261 bend    6    2    1
       -0.3415142044078 bend    6    7    1
       -0.3422279240501 bend    6    3    1
  19 k  1.0000000000000 stre    1    5           val=   3.64772
  20 k  1.0000000000000 stre    5    6           val=   1.79340
  21 k  1.0000000000000 stre    6    1           val=   3.90198
        21 non zero eigenvalues  of BmBt
           1          22.269876611    1    0
         1
           2           5.099447200    2    0
         2
           3           4.122639642    3    0
         3
           4           3.385387974    4    0
         4
           5           2.952490594    5    0
         5
           6           2.873400324    6    0
         6
           7           2.350470915    7    0
         7
           8           2.102280531    8    0
         8
           9           1.965571120    9    0
         9
          10           1.692659749   10    0
        10
          11           1.314636686   11    0
        11
          12           1.072651333   12    0
        12
          13           0.969614852   13    0
        13
          14           0.538341770   14    0
        14
          15           0.353055463   15    0
        15
          16           0.214403917   16    0
        16
          17           0.207775069   17    0
        17
          18           0.151509105   18    0
        18
          19           0.110090633   19    0
        19
          20           0.095446735   20    0
        20
          21           0.077208086   21    0
        21
$user-defined bonds
$end
