$coord
  -12.82966044227381      6.72111750518654     -0.00609720136776       o
  -10.79480712183482      5.56629755058514     -0.00387318268196       c
   -8.36450347473193      6.81948549828039     -0.00914532962010       c
   -6.15450466711870      5.45862435704036     -0.00643886385258       c
   -6.12236571683149      2.73932583729834      0.00175007537167       c
   -8.46336922168918      1.42718712699728      0.00715355827604       c
  -10.66031134453247      2.77645234176808      0.00443443134343       c
   -3.03517191203225      6.52838773840058     -0.01166509044569       s
   -2.00512036946417      3.34573441799862     -0.00271893796000       c
   -3.83886109799172      1.66249658095465      0.00354607108836       n
    0.59244766197575      2.70832469111574     -0.00248858034440       c
    1.41734033103665     -0.55401497880296      0.00687406778098       s
    2.43673929842104      4.35040391504024     -0.00871673973316       n
    4.78518530068049      3.26273216603650     -0.00700899422687       c
    4.70188825144163      0.35148206873004      0.00190711161331       c
    5.68561070121805     -0.35428623333863      1.68798955340512       h
    5.68333943937894     -0.36453308432159     -1.68117614583300       h
    6.78849965887946      4.38206665434196     -0.01179170209659       o
   -8.39509190472712      8.87965529074904     -0.01533172606133       h
  -13.79044388446836      1.03996674661472      0.01154773845284      br
   -8.45423050611054     -0.63247527400470      0.01333919882681       h
$end
