$energy      SCF               SCFKIN            SCFPOT
     1 -1152.091599067      1148.14275     -2300.23435     0.1944718095140
     2 -1152.099241153      1148.15039     -2300.24963     0.1938544552343
     3 -1152.101130595      1148.28895     -2300.39008     0.1923833520617
     4 -1152.087088694      1148.50807     -2300.59515     0.1903492854632
     5 -1152.091502666      1148.56502     -2300.65652     0.1881830553565
     6 -1152.102318728      1148.44327     -2300.54559     0.1858216970433
     7 -1152.094930972      1148.27773     -2300.37266     0.1821504569749
     8 -1152.083376540      1148.08258     -2300.16595     0.1769922919451
     9 -1152.076811123      1147.88992     -2299.96673     0.1712778733228
    10 -1152.077287617      1147.75325     -2299.83054     0.1655971695701
    11 -1152.083247542      1147.72264     -2299.80589     0.1596193175423
    12 -1152.083137861      1147.83607     -2299.91921     0.1531055882227
    13 -1152.063177046      1148.04883     -2300.11200     0.1463330929709
    14 -1152.060421793      1148.09673     -2300.15715     0.1400509819966
    15 -1152.070008400      1147.94218     -2300.01219     0.1344561000413
    16 -1152.059568935      1147.75909     -2299.81865     0.1285130082745
    17 -1152.043308583      1147.57279     -2299.61610     0.1221291857797
    18 -1152.032453575      1147.41345     -2299.44590     0.1161305362003
    19 -1152.029886730      1147.32672     -2299.35661     0.1108353204974
    20 -1152.034757985      1147.35178     -2299.38654     0.1058417814200
    21 -1152.036191249      1147.51968     -2299.55587     0.1007524871022
    22 -1152.016080774      1147.80078     -2299.81686     0.9573538080227E-01
    23 -1152.005288014      1147.93756     -2299.94284     0.9155999860306E-01
    24 -1152.017813008      1147.80775     -2299.82557     0.8852492077970E-01
    25 -1152.011719875      1147.62795     -2299.63967     0.8583048938371E-01
    26 -1151.996074208      1147.45883     -2299.45491     0.8303381200979E-01
    27 -1151.984398962      1147.33902     -2299.32341     0.8050280755965E-01
    28 -1151.982014855      1147.30315     -2299.28516     0.7837288534967E-01
    29 -1151.989345190      1147.37761     -2299.36696     0.7620213262108E-01
    30 -1151.996754607      1147.58574     -2299.58250     0.7355647442236E-01
    31 -1151.982664105      1147.91819     -2299.90085     0.7072198491723E-01
    32 -1151.965185234      1148.14821     -2300.11339     0.6836780568230E-01
    33 -1151.984567244      1148.03487     -2300.01944     0.6686107993301E-01
    34 -1151.988524256      1147.83536     -2299.82388     0.6588509205842E-01
    35 -1151.975644246      1147.65849     -2299.63414     0.6480798579720E-01
    36 -1151.963695483      1147.56786     -2299.53156     0.6360021744517E-01
    37 -1151.962638776      1147.57608     -2299.53872     0.6214042376044E-01
    38 -1151.973728066      1147.69374     -2299.66747     0.6036940250684E-01
    39 -1151.986877349      1147.93772     -2299.92459     0.5834672379959E-01
    40 -1151.977671696      1148.30829     -2300.28596     0.5630838084482E-01
    41 -1151.954521002      1148.59610     -2300.55062     0.5479882211394E-01
    42 -1151.976556115      1148.47791     -2300.45446     0.5425861952159E-01
    43 -1151.985071495      1148.24003     -2300.22510     0.5422507215303E-01
    44 -1151.970328928      1148.04445     -2300.01477     0.5416877901121E-01
    45 -1151.954918176      1147.95641     -2299.91133     0.5382072525446E-01
    46 -1151.952694028      1147.96866     -2299.92135     0.5312074545849E-01
    47 -1151.965121164      1148.07937     -2300.04450     0.5210753889694E-01
    48 -1151.981448403      1148.29957     -2300.28102     0.5084203469526E-01
    49 -1151.975729190      1148.63442     -2300.61015     0.4950501100797E-01
    50 -1151.946419924      1148.89951     -2300.84593     0.4855680932091E-01
    51 -1151.969373607      1148.70520     -2300.67457     0.4852169218073E-01
    52 -1151.982687338      1148.37052     -2300.35321     0.4894987348884E-01
    53 -1151.966174540      1148.09088     -2300.05705     0.4940901716852E-01
    54 -1151.948433933      1147.94756     -2299.89599     0.4957293631877E-01
    55 -1151.946205600      1147.91431     -2299.86052     0.4937956843933E-01
    56 -1151.959951980      1147.98123     -2299.94118     0.4883457307690E-01
    57 -1151.978842062      1148.15034     -2300.12919     0.4796104745327E-01
    58 -1151.978696226      1148.42615     -2300.40485     0.4690188773560E-01
    59 -1151.945004951      1148.67352     -2300.61852     0.4606328039134E-01
    60 -1151.962757804      1148.45630     -2300.41905     0.4608309940876E-01
    61 -1151.983719691      1148.04291     -2300.02663     0.4671134700209E-01
    62 -1151.966357592      1147.72937     -2299.69573     0.4733566930581E-01
    63 -1151.945421933      1147.58092     -2299.52634     0.4756379631462E-01
    64 -1151.940340035      1147.55654     -2299.49688     0.4742263744267E-01
    65 -1151.951305190      1147.63323     -2299.58454     0.4706434914843E-01
    66 -1151.969476146      1147.79607     -2299.76555     0.4654097549786E-01
    67 -1151.977844734      1148.04317     -2300.02101     0.4589575556223E-01
    68 -1151.950160128      1148.31429     -2300.26446     0.4535270115477E-01
    69 -1151.943938629      1148.24690     -2300.19084     0.4549494560826E-01
    70 -1151.979594997      1147.80360     -2299.78320     0.4649193699611E-01
    71 -1151.971174514      1147.52882     -2299.49999     0.4745607212672E-01
    72 -1151.948859252      1147.40046     -2299.34932     0.4820182646937E-01
    73 -1151.938246198      1147.40384     -2299.34209     0.4857326746373E-01
    74 -1151.943150566      1147.49690     -2299.44005     0.4882700037936E-01
    75 -1151.958478884      1147.64411     -2299.60259     0.4910594799158E-01
    76 -1151.975644779      1147.83976     -2299.81541     0.4933897265321E-01
    77 -1151.972669151      1148.07812     -2300.05079     0.4946108642250E-01
    78 -1151.937813515      1148.25495     -2300.19276     0.4977699666640E-01
    79 -1151.969703169      1147.96386     -2299.93356     0.5108772012617E-01
    80 -1151.985382286      1147.69295     -2299.67833     0.5239301338990E-01
    81 -1151.964039439      1147.53845     -2299.50249     0.5389414547337E-01
    82 -1151.944818482      1147.54906     -2299.49388     0.5461619190154E-01
    83 -1151.941018461      1147.62672     -2299.56774     0.5512516217739E-01
    84 -1151.951010507      1147.71984     -2299.67085     0.5608482958907E-01
    85 -1151.969577271      1147.81524     -2299.78482     0.5709886329003E-01
    86 -1151.990183997      1147.96001     -2299.95019     0.5774814476867E-01
    87 -1151.976930045      1148.20983     -2300.18676     0.5787757421429E-01
    88 -1151.938734416      1148.38564     -2300.32437     0.5829890101174E-01
    89 -1151.990839044      1148.04720     -2300.03804     0.5995502816419E-01
    90 -1151.990629389      1147.83008     -2299.82071     0.6153765826479E-01
    91 -1151.966988977      1147.79324     -2299.76022     0.6192596305079E-01
    92 -1151.952476784      1147.83271     -2299.78519     0.6083649716557E-01
    93 -1151.950353989      1147.88829     -2299.83864     0.6042509141877E-01
    94 -1151.957257931      1147.93712     -2299.89438     0.6232270058843E-01
    95 -1151.974213139      1147.97432     -2299.94854     0.6546007180125E-01
    96 -1151.999484395      1148.02598     -2300.02546     0.6772482308969E-01
    97 -1152.004731347      1148.20048     -2300.20521     0.6851590116057E-01
    98 -1151.956938961      1148.49187     -2300.44881     0.6876019205034E-01
    99 -1151.990961664      1148.31937     -2300.31033     0.7010707153706E-01
   100 -1152.011950051      1148.08906     -2300.10101     0.7109613766122E-01
   101 -1151.989256073      1147.96934     -2299.95860     0.7001177344522E-01
   102 -1151.964906934      1147.95159     -2299.91650     0.6531336550822E-01
   103 -1151.950422265      1147.93074     -2299.88116     0.6007529323611E-01
   104 -1151.946159114      1147.87706     -2299.82322     0.5745279962676E-01
   105 -1151.949276032      1147.81153     -2299.76081     0.5831826723577E-01
   106 -1151.957415718      1147.76972     -2299.72713     0.6262082693782E-01
   107 -1151.972352976      1147.77530     -2299.74765     0.6953040878550E-01
   108 -1151.996473558      1147.84079     -2299.83726     0.7637844220011E-01
   109 -1152.023470866      1147.99528     -2300.01875     0.8057214704675E-01
   110 -1152.015386936      1148.31521     -2300.33060     0.8214884429905E-01
   111 -1151.967429184      1148.60653     -2300.57396     0.8397645072165E-01
   112 -1152.006371938      1148.41958     -2300.42596     0.8947929055838E-01
   113 -1152.034639727      1147.99340     -2300.02804     0.9738896485362E-01
   114 -1152.012717050      1147.74663     -2299.75935     0.1003743095100
   115 -1151.993367205      1147.62717     -2299.62054     0.9527098447480E-01
   116 -1151.987433741      1147.61141     -2299.59885     0.9453543743353E-01
   117 -1151.997160833      1147.67771     -2299.67487     0.1069944929089
   118 -1152.022875588      1147.80056     -2299.82344     0.1326532785368
   119 -1152.063351787      1147.96627     -2300.02962     0.1605844293985
   120 -1152.101502569      1148.22411     -2300.32561     0.1771970951523
   121 -1152.070513322      1148.71878     -2300.78929     0.1876241368936
   122 -1152.025731148      1149.00531     -2301.03104     0.1931414066116
   123 -1152.099083698      1148.61194     -2300.71103     0.1963361820252
   124 -1152.067442517      1148.57099     -2300.63843     0.1947782464711
   125 -1152.013651454      1148.76947     -2300.78312     0.1804764533781
   126 -1151.969026423      1149.07255     -2301.04158     0.1589231021560
   127 -1151.940051514      1149.37685     -2301.31690     0.1504643324386
   128 -1151.931302261      1149.60066     -2301.53196     0.1572569505073
   129 -1151.943993451      1149.71478     -2301.65878     0.1777384080718
   130 -1151.978025690      1149.73805     -2301.71608     0.1971209824202
   131 -1152.015376682      1149.76675     -2301.78212     0.2038815948586
   132 -1151.971820370      1149.99281     -2301.96463     0.2067288633411
   133 -1152.007847692      1149.68678     -2301.69463     0.2085151795686
   134 -1152.066712101      1149.10377     -2301.17048     0.2093877526289
   135 -1152.047861826      1148.82516     -2300.87302     0.2071192073400
   136 -1152.022074701      1148.70620     -2300.72828     0.1876984871617
   137 -1152.006850939      1148.64257     -2300.64942     0.1674113688761
   138 -1151.999005609      1148.60492     -2300.60393     0.1611959317262
   139 -1151.997183470      1148.57691     -2300.57409     0.1692482233917
   140 -1152.010382369      1148.52923     -2300.53962     0.1845556245567
   141 -1152.037253772      1148.50634     -2300.54359     0.1787141560623
   142 -1152.058506797      1148.62769     -2300.68620     0.1682117831751
   143 -1152.013151517      1149.04326     -2301.05641     0.1579584472813
   144 -1151.961296972      1149.28969     -2301.25099     0.1497154668279
   145 -1152.040075172      1148.83321     -2300.87329     0.1443907535734
   146 -1152.026992494      1148.61591     -2300.64290     0.1403316600937
   147 -1151.991281777      1148.50373     -2300.49501     0.1291855824534
   148 -1151.959463889      1148.42162     -2300.38109     0.1057646989748
   149 -1151.943793724      1148.30000     -2300.24379     0.8892247365050E-01
   150 -1151.943302727      1148.15518     -2300.09848     0.8408817467305E-01
   151 -1151.951038894      1148.05347     -2300.00451     0.9044145618649E-01
   152 -1151.968984937      1148.02277     -2299.99176     0.9964566070083E-01
   153 -1151.998234261      1148.07256     -2300.07079     0.9933673144510E-01
   154 -1152.014295332      1148.26660     -2300.28090     0.9508781548969E-01
   155 -1151.938333793      1148.69182     -2300.63016     0.9047679003492E-01
   156 -1151.980047041      1148.42876     -2300.40880     0.8802485497923E-01
   157 -1152.006198629      1147.97169     -2299.97789     0.8673658031196E-01
   158 -1151.968843299      1147.67845     -2299.64729     0.8390581022128E-01
   159 -1151.936629392      1147.48903     -2299.42566     0.7693710912787E-01
   160 -1151.916166183      1147.38477     -2299.30094     0.6777252323301E-01
   161 -1151.907537334      1147.34974     -2299.25728     0.6524905771310E-01
   162 -1151.912868367      1147.35445     -2299.26732     0.7066115127134E-01
   163 -1151.934228600      1147.37683     -2299.31106     0.8020767043546E-01
   164 -1151.970300960      1147.42781     -2299.39811     0.8567144551026E-01
   165 -1152.002166696      1147.58681     -2299.58898     0.8754762974432E-01
   166 -1151.952522587      1148.02049     -2299.97301     0.8853330982580E-01
   167 -1151.918815322      1148.11388     -2300.03269     0.9107723891451E-01
   168 -1152.008282484      1147.49848     -2299.50676     0.9643413296805E-01
   169 -1151.988605429      1147.30505     -2299.29365     0.1010870934324
   170 -1151.953393491      1147.28143     -2299.23483     0.1042688680842
   171 -1151.932132120      1147.33749     -2299.26963     0.9800935233377E-01
   172 -1151.928260553      1147.40487     -2299.33313     0.9578200586422E-01
   173 -1151.939338486      1147.46357     -2299.40291     0.1026686598599
   174 -1151.960487383      1147.53277     -2299.49326     0.1184343412250
   175 -1151.993232457      1147.62455     -2299.61778     0.1293278645980
   176 -1152.036284016      1147.77329     -2299.80957     0.1337042743907
   177 -1152.023343772      1148.18519     -2300.20854     0.1378569195003
   178 -1151.943812616      1148.62834     -2300.57215     0.1439902995338
   179 -1152.059321098      1148.16690     -2300.22623     0.1547359103363
   180 -1152.046845425      1148.10316     -2300.15000     0.1635895552492
   181 -1152.013226992      1148.21440     -2300.22763     0.1702530365501
   182 -1151.991341018      1148.38277     -2300.37411     0.1546924790321
   183 -1151.980470388      1148.56117     -2300.54164     0.1414946333223
   184 -1151.981309767      1148.72145     -2300.70276     0.1435762392483
   185 -1151.998662954      1148.85723     -2300.85589     0.1622461097899
   186 -1152.028969506      1149.03221     -2301.06118     0.1981599223078
   187 -1152.062752663      1149.34145     -2301.40420     0.2134452894088
   188 -1152.042845215      1149.95506     -2301.99790     0.2179577324838
   189 -1151.928907062      1150.67104     -2302.59995     0.2214234846162
   190 -1152.041808939      1150.29728     -2302.33908     0.2232160445194
   191 -1152.021856293      1150.21760     -2302.23946     0.2225295251617
   192 -1151.971490837      1150.23057     -2302.20207     0.1938363486837
   193 -1151.937011320      1150.20620     -2302.14321     0.1577431318061
   194 -1151.930693078      1150.07236     -2302.00305     0.1409315954998
   195 -1151.942608495      1149.87855     -2301.82116     0.1399316280109
   196 -1151.967503309      1149.67947     -2301.64697     0.1540175565740
   197 -1152.008191835      1149.49976     -2301.50795     0.1858967828683
   198 -1152.062917385      1149.37252     -2301.43544     0.2247997250200
   199 -1152.100965489      1149.40734     -2301.50831     0.2236772444466
   200 -1152.011111116      1149.77297     -2301.78408     0.2178903994055
   201 -1152.070698437      1149.28771     -2301.35841     0.2120130471507
   202 -1152.098119682      1148.63496     -2300.73308     0.2066803369284
   203 -1152.057965895      1148.188730085     -2300.246695980
$end
