$coord
    0.05340217142028      0.05162826619304      0.10707252061090      ti
    1.20918749598851     -3.00171912534612      2.20848005947709      o
   -3.11180003884331     -1.12129895761207     -1.96323600854951      o
   -4.20199887407559     -0.09310272737296     -2.64436822407690      h
   -0.93297395028771      2.94734174051710      1.55741891788979      o
   -1.81478019617510      4.12511288353317      0.43498489918955      h
    2.74559814674863      0.96076955142247     -2.03597331329810      o
    4.66069973427973      1.18092337589266     -1.54646684710153      h
    0.16179641923471     -4.41592819469806      2.24190524283857      h
$redundant
     number_of_atoms             9
     degrees_of_freedom         21
     internal_coordinates       21
     frozen_coordinates          0
# definitions of redundant internals
   1 k  1.0000000000000 tors    4    3    1    2 val= 107.26331
        1.0000000000000 tors    4    3    1    5
        1.0000000000000 tors    4    3    1    7
   2 k  1.0000000000000 stre    3    4           val=   2.02160
   3 k  1.0000000000000 bend    1    4    3      val= 149.39993
   4 k  1.0000000000000 tors    6    5    1    2 val=  81.40592
        1.0000000000000 tors    6    5    1    3
        1.0000000000000 tors    6    5    1    7
   5 k  1.0000000000000 stre    5    6           val=   1.79070
   6 k  1.0000000000000 bend    1    6    5      val= 115.54136
   7 k  1.0000000000000 tors    8    7    1    2 val= 118.72000
        1.0000000000000 tors    8    7    1    3
        1.0000000000000 tors    8    7    1    5
   8 k  1.0000000000000 stre    7    8           val=   2.03657
   9 k  1.0000000000000 bend    1    8    7      val= 131.53867
  10 k  1.0000000000000 tors    9    2    1    3 val= 130.57148
        1.0000000000000 tors    9    2    1    5
        1.0000000000000 tors    9    2    1    7
  11 k  1.0000000000000 stre    2    9           val=   2.01681
  12 k  1.0000000000000 bend    1    9    2      val= 109.99026
  13 k  1.0000000000000 stre    1    2           val=   3.37575
  14 k  1.0000000000000 stre    1    3           val=   3.38806
  15 k  1.0000000000000 stre    1    7           val=   3.39508
  16 k  1.0000000000000 stre    1    5           val=   3.54499
  17 k -0.3342866341608 bend    3    2    1      val=   0.42657
        0.6214169535032 bend    7    2    1
        0.0714869382759 bend    7    3    1
       -0.0442760770582 bend    5    2    1
       -0.6236872227647 bend    5    3    1
        0.3256330925085 bend    5    7    1
  18 k -0.2222466405884 bend    3    2    1      val=   3.59801
       -0.0176049056921 bend    7    2    1
       -0.6953955596744 bend    7    3    1
        0.5849362448457 bend    5    2    1
        0.1477110903653 bend    5    3    1
        0.3205503655853 bend    5    7    1
  19 k  0.6055463847677 bend    3    2    1      val=   2.91545
        0.3599311528643 bend    7    2    1
       -0.2972616214414 bend    7    3    1
        0.2459570845038 bend    5    2    1
       -0.2893606284007 bend    5    3    1
       -0.5207438994596 bend    5    7    1
  20 k -0.5129553047200 bend    3    2    1      val=   3.23194
        0.0975802809440 bend    7    2    1
        0.3756113396202 bend    7    3    1
        0.5297286804256 bend    5    2    1
        0.0930718122671 bend    5    3    1
       -0.5449736035581 bend    5    7    1
  21 k -0.2052120516154 bend    3    2    1      val=   7.11371
        0.5762583058108 bend    7    2    1
       -0.2740266625077 bend    7    3    1
       -0.4207453862043 bend    5    2    1
        0.5766068998928 bend    5    3    1
       -0.2030309584140 bend    5    7    1
        21 non zero eigenvalues  of BmBt
           1          10.852884851    1    0
         1
           2           4.488737650    2    0
         2
           3           3.596811836    3    0
         3
           4           3.243724434    4    0
         4
           5           2.901988487    5    0
         5
           6           2.450811545    6    0
         6
           7           2.226026786    7    0
         7
           8           2.171154729    8    0
         8
           9           2.119237939    9    0
         9
          10           1.902305770   10    0
        10
          11           1.724360188   11    0
        11
          12           1.223714013   12    0
        12
          13           0.804469630   13    0
        13
          14           0.688941343   14    0
        14
          15           0.470477914   15    0
        15
          16           0.291752208   16    0
        16
          17           0.139760287   17    0
        17
          18           0.098891311   18    0
        18
          19           0.093230801   19    0
        19
          20           0.083124184   20    0
        20
          21           0.072122881   21    0
        21
$user-defined bonds
$end
