$energy      SCF               SCFKIN            SCFPOT
     1 -1152.080619236      1148.07076     -2300.15138     0.1993110053156
     2 -1152.090387760      1148.11996     -2300.21035     0.1989881505880
     3 -1152.103952893      1148.27516     -2300.37912     0.1976188192665
     4 -1152.099283951      1148.53514     -2300.63442     0.1951927784946
     5 -1152.085339589      1148.71602     -2300.80136     0.1922456564415
     6 -1152.093812163      1148.59542     -2300.68923     0.1891963208953
     7 -1152.101362471      1148.29222     -2300.39359     0.1853003320651
     8 -1152.093124709      1147.99831     -2300.09143     0.1798654019495
     9 -1152.077599559      1147.79966     -2299.87726     0.1733118333853
    10 -1152.070480764      1147.69599     -2299.76648     0.1664815716954
    11 -1152.076376149      1147.68666     -2299.76304     0.1596379875579
    12 -1152.082802206      1147.80011     -2299.88291     0.1524537095310
    13 -1152.070458100      1148.01961     -2300.09007     0.1449483748016
    14 -1152.054490635      1148.14363     -2300.19812     0.1377297976645
    15 -1152.057705418      1147.99714     -2300.05484     0.1310864966262
    16 -1152.057784872      1147.70596     -2299.76374     0.1243947440336
    17 -1152.044600833      1147.43977     -2299.48437     0.1175371486167
    18 -1152.026326804      1147.27811     -2299.30443     0.1110443186500
    19 -1152.017820089      1147.22131     -2299.23913     0.1052165852214
    20 -1152.022486032      1147.27188     -2299.29436     0.9972187233023E-01
    21 -1152.027244948      1147.45676     -2299.48400     0.9406489269204E-01
    22 -1152.012977761      1147.75318     -2299.76616     0.8831201565111E-01
    23 -1151.994732646      1147.95172     -2299.94645     0.8316561422930E-01
    24 -1151.998942906      1147.85752     -2299.85646     0.7888458471048E-01
    25 -1152.003324282      1147.60205     -2299.60537     0.7493555652269E-01
    26 -1151.990882525      1147.38986     -2299.38075     0.7099219064877E-01
    27 -1151.973170975      1147.29163     -2299.26480     0.6701247533251E-01
    28 -1151.966332827      1147.29847     -2299.26480     0.6297123759623E-01
    29 -1151.972669737      1147.41334     -2299.38601     0.5879578601638E-01
    30 -1151.978574037      1147.66049     -2299.63907     0.5463745451777E-01
    31 -1151.965694200      1148.00943     -2299.97513     0.5075371953306E-01
    32 -1151.949123352      1148.24681     -2300.19594     0.4744674624551E-01
    33 -1151.956193095      1148.17538     -2300.13157     0.4461959173730E-01
    34 -1151.963226539      1147.94041     -2299.90363     0.4206045531532E-01
    35 -1151.951070086      1147.75970     -2299.71077     0.3964048450291E-01
    36 -1151.934903814      1147.68982     -2299.62473     0.3735866836274E-01
    37 -1151.931283332      1147.71734     -2299.64862     0.3514878134894E-01
    38 -1151.941681619      1147.84708     -2299.78877     0.3289640490297E-01
    39 -1151.952051603      1148.10272     -2300.05477     0.3058517011200E-01
    40 -1151.944234789      1148.44950     -2300.39373     0.2831096360087E-01
    41 -1151.931799242      1148.67791     -2300.60971     0.2623828890700E-01
    42 -1151.941127496      1148.59662     -2300.53774     0.2438025074724E-01
    43 -1151.949618138      1148.35075     -2300.30037     0.2264727242304E-01
    44 -1151.938014699      1148.16166     -2300.09967     0.2101083083037E-01
    45 -1151.923607345      1148.07746     -2300.00107     0.1952213453706E-01
    46 -1151.922654705      1148.08372     -2300.00637     0.1816879764438E-01
    47 -1151.935346110      1148.18862     -2300.12396     0.1682877608103E-01
    48 -1151.947316284      1148.41002     -2300.35733     0.1742977029146E-01
    49 -1151.944577617      1148.69095     -2300.63552     0.1996908240560E-01
    50 -1151.941966005      1148.83142     -2300.77338     0.2454388277264E-01
    51 -1151.954202298      1148.70408     -2300.65829     0.3080412771703E-01
    52 -1151.961404847      1148.44567     -2300.40708     0.3771654312835E-01
    53 -1151.952394570      1148.22890     -2300.18130     0.4435931131436E-01
    54 -1151.942674373      1148.09552     -2300.03819     0.5045622506803E-01
    55 -1151.945194374      1148.03918     -2299.98437     0.5575661417910E-01
    56 -1151.959016500      1148.07181     -2300.03082     0.6005461905344E-01
    57 -1151.970961038      1148.20747     -2300.17843     0.6351284436460E-01
    58 -1151.972747482      1148.38518     -2300.35793     0.6674116468774E-01
    59 -1151.975839204      1148.44873     -2300.42456     0.7029229697797E-01
    60 -1151.981941986      1148.33125     -2300.31319     0.7384016065659E-01
    61 -1151.981371722      1148.10609     -2300.08747     0.7642306531002E-01
    62 -1151.971297887      1147.87910     -2299.85039     0.7805308526775E-01
    63 -1151.960397386      1147.71205     -2299.67244     0.7961483911168E-01
    64 -1151.956831900      1147.63573     -2299.59256     0.8158750528837E-01
    65 -1151.960848680      1147.67263     -2299.63348     0.8366030113913E-01
    66 -1151.963184170      1147.83292     -2299.79610     0.8595707559018E-01
    67 -1151.958817841      1148.05480     -2300.01362     0.8948139301974E-01
    68 -1151.958736992      1148.19691     -2300.15564     0.9488937439610E-01
    69 -1151.963610723      1148.19708     -2300.16069     0.1018443835358
    70 -1151.967945106      1148.08788     -2300.05582     0.1096171333845
    71 -1151.972524562      1147.92583     -2299.89836     0.1177797226484
    72 -1151.979992903      1147.77391     -2299.75390     0.1261374673557
    73 -1151.989709817      1147.69827     -2299.68798     0.1347870124560
    74 -1152.002927095      1147.73290     -2299.73582     0.1420742037244
    75 -1152.014442943      1147.89075     -2299.90520     0.1470393854280
    76 -1152.019323304      1148.12574     -2300.14506     0.1514319029825
    77 -1152.028219046      1148.30579     -2300.33401     0.1549205252226
    78 -1152.043037535      1148.36707     -2300.41011     0.1573387201213
    79 -1152.055492254      1148.36525     -2300.42075     0.1592426721670
    80 -1152.052391319      1148.41220     -2300.46459     0.1611640672795
    81 -1152.039598245      1148.53140     -2300.57099     0.1636831961099
    82 -1152.030087991      1148.69317     -2300.72326     0.1670573533740
    83 -1152.025064725      1148.90785     -2300.93292     0.1710765171475
    84 -1152.016699459      1149.20133     -2301.21803     0.1746546114462
    85 -1152.000623129      1149.53254     -2301.53316     0.1759801327311
    86 -1151.991648880      1149.74767     -2301.73932     0.1771207646022
    87 -1151.999589319      1149.74868     -2301.74827     0.1831079289767
    88 -1152.018550677      1149.59045     -2301.60900     0.1929079331211
    89 -1152.031471797      1149.42250     -2301.45397     0.2007943814258
    90 -1152.039078449      1149.30426     -2301.34334     0.2061532945802
    91 -1152.051709206      1149.20920     -2301.26091     0.2094760604808
    92 -1152.069060295      1149.14059     -2301.20965     0.2117808152480
    93 -1152.076380826      1149.15092     -2301.22730     0.2138743034452
    94 -1152.065601200      1149.22423     -2301.28983     0.2145629783947
    95 -1152.053541708      1149.22537     -2301.27892     0.2133660622001
    96 -1152.046320044      1149.10033     -2301.14665     0.2101503042221
    97 -1152.037789418      1148.92661     -2300.96440     0.1991928559021
    98 -1152.021055309      1148.82316     -2300.84422     0.1874575766298
    99 -1152.005594221      1148.82051     -2300.82611     0.1770459928600
   100 -1151.996292186      1148.90914     -2300.90543     0.1695400394003
   101 -1151.988044575      1149.05896     -2301.04700     0.1624699943589
   102 -1151.985190568      1149.15989     -2301.14508     0.1539773883187
   103 -1151.991902876      1149.10517     -2301.09708     0.1445902976332
   104 -1151.998564117      1148.89754     -2300.89610     0.1356210283193
   105 -1151.996577852      1148.59906     -2300.59563     0.1275463762817
   106 -1151.994908055      1148.25761     -2300.25252     0.1201635798212
   107 -1151.992178151      1147.96978     -2299.96196     0.1134561978190
   108 -1151.993607160      1147.78804     -2299.78165     0.1076558963745
   109 -1152.002661859      1147.72324     -2299.72590     0.1025463210065
   110 -1152.010581081      1147.78135     -2299.79193     0.9774483066003E-01
   111 -1152.005515515      1147.91387     -2299.91939     0.9290887245029E-01
   112 -1152.000355192      1147.95359     -2299.95395     0.8794017792103E-01
   113 -1152.000244054      1147.82417     -2299.82441     0.8325430556466E-01
   114 -1151.984951052      1147.63028     -2299.61523     0.7910393700740E-01
   115 -1151.968719149      1147.39504     -2299.36375     0.7551549044315E-01
   116 -1151.955440948      1147.18411     -2299.13956     0.7246022289056E-01
   117 -1151.946278337      1147.06817     -2299.01445     0.6977734758022E-01
   118 -1151.946835554      1147.06532     -2299.01215     0.6739427125224E-01
   119 -1151.952102070      1147.18402     -2299.13612     0.6546502873564E-01
   120 -1151.948994592      1147.39903     -2299.34802     0.6453900532398E-01
   121 -1151.947893642      1147.54834     -2299.49623     0.6531869284068E-01
   122 -1151.965122882      1147.49410     -2299.45922     0.6829163872798E-01
   123 -1151.971256197      1147.35719     -2299.32844     0.7322825909282E-01
   124 -1151.967310271      1147.19932     -2299.16663     0.7988967082923E-01
   125 -1151.968801638      1147.03574     -2299.00454     0.8784617815245E-01
   126 -1151.974460131      1146.94540     -2298.91986     0.9674539733966E-01
   127 -1151.987377161      1146.96877     -2298.95615     0.1064192395166
   128 -1152.005214436      1147.11988     -2299.12510     0.1169247391044
   129 -1152.017173835      1147.38005     -2299.39722     0.1283104174621
   130 -1152.029141571      1147.617243772     -2299.646385343
$end
