$grad          cartesian gradients
  cycle =      1   ex. state energy =    -1151.8813082307 |dE/dxyz| =  0.237041
   -0.00690828463167      0.00650046725662     -0.08162845493880      ti
    0.61497942076830     -2.50339296435763      2.08847955681751      o
   -2.60918910407440     -1.09740818662610     -1.94937178166581      o
   -4.58463113564899     -1.05758579885519     -2.37704042711449      h
   -0.63499693736410      2.73159553293865      2.09697841112755      o
   -1.51488347148117      2.32865244215787      3.60364987591797      h
    2.68383118200927      0.89573415374478     -1.95131328629474      o
    2.97539060198334      0.93244737510925     -3.96657052468093      h
    2.58536454521129     -2.93350899412101      2.09887796383633      h
  0.12274436939446D-01  -.18249957414797D-01  0.48603262758416D-01
  -.84839986955819D-01  0.48317234714497D-01  -.41408274304870D-01
  0.97428525258725D-01  0.10751409460015D-01  0.36949798469240D-01
  -.77768646655792D-01  0.12188271486524D-02  -.17569180143060D-01
  -.12195191511972D-01  -.24060524824163D-01  -.21558023662013D-01
  0.16989320854153D-01  -.39020997329197D-02  -.16875005824854D-01
  -.32072036406323D-01  -.45682454310624D-02  0.10008006833586D+00
  0.12839295343530D-01  -.48819009041668D-03  -.84388079285220D-01
  0.67344283201376D-01  -.90184540228699D-02  -.38345666017635D-02
$end
