$coord
   -0.03282624368174      0.06513659212921      0.18225879428365      ti
    0.94211993998832     -3.09253020242589      2.04359443763927       o
   -2.63749775565518     -0.56654518587229     -1.99176302926648       o
   -4.07062013449063     -1.71414657561868     -2.25720945764589       h
   -0.91178624507586      2.82801030676944      1.48627905214522       o
   -0.72172685028827      2.96277896052538      3.21872441282647       h
    2.60632766795630      0.75676237279197     -2.07109883458558       o
    4.32092664401119      1.18913983781858     -2.08590370500106       h
    1.30328326466975     -4.30856972482825      0.57152669293119       h
$end
