$coord
    0.11655509534196      0.12635313636836      0.32337503811995      ti
    0.56716709474262     -3.15255130591338      1.18175818959830       o
   -2.43817586822726     -0.18652560691909     -2.08238068857152       o
   -4.14753879111315      0.33740342006743     -1.79332912414840       h
   -0.93669321345252      2.74175545818739      1.98809922824004       o
   -1.41730178062354      4.33914322598698      2.96201381041417       h
    2.22178332875052      0.23308449040851     -2.18684626097835       o
    3.74220538574688     -0.82375089653141     -1.61001435090170       h
    1.72512777417688     -4.27998875090404      0.46031385336689       h
$end
