$coord
   -0.00737484520620     -0.03342207433144     -0.24855170983357      ti
    0.53214064292436     -2.43287178491747      2.08759576578045       o
   -3.14612774884247     -0.73815178291747     -1.78128004135251       o
   -4.51737444696361     -0.48315780772428     -2.91066031378039       h
   -0.33293402879054      2.09895679929136      2.04239011517478       o
   -0.88944646965072      3.87691016675953      2.28754504228449       h
    3.06002199965231      0.93475246471404     -1.72827530202381       o
    2.72571867530588      2.84738113346719     -1.64318433576701       h
   -0.61861186514862     -2.73736751410683      3.39739877458126       h
$end
