$coord
    0.10521476147539      0.13968201140876      0.32547921718560      ti
    0.58788062635660     -3.15148123285348      1.18525420229736      o
   -2.43620357344141     -0.18301409993084     -2.08842848415119      o
   -4.10869547457639      0.38646771381931     -1.77108017578753      h
   -0.93132345889277      2.71744570108489      1.98298776200020      o
   -1.37569911559715      4.29810539710762      2.97004704731156      h
    2.22054485135845      0.20163464521747     -2.18565205908265      o
    3.81857725572395     -0.69082965810141     -1.56375519870577      h
    1.65362787029540     -4.24470339245026      0.37210256847553      h
$redundant
     number_of_atoms             9
     degrees_of_freedom         21
     internal_coordinates       21
     frozen_coordinates          0
# definitions of redundant internals
   1 k  1.0000000000000 tors    4    3    1    2 val= 132.29231
        1.0000000000000 tors    4    3    1    5
        1.0000000000000 tors    4    3    1    7
   2 k  1.0000000000000 stre    3    4           val=   1.83420
   3 k  1.0000000000000 bend    1    4    3      val= 127.40553
   4 k  1.0000000000000 tors    6    5    1    2 val= 107.10556
        1.0000000000000 tors    6    5    1    3
        1.0000000000000 tors    6    5    1    7
   5 k  1.0000000000000 stre    5    6           val=   1.83443
   6 k  1.0000000000000 bend    1    6    5      val= 127.03619
   7 k  1.0000000000000 tors    8    7    1    2 val= 132.29231
        1.0000000000000 tors    8    7    1    3
        1.0000000000000 tors    8    7    1    5
   8 k  1.0000000000000 stre    7    8           val=   1.83420
   9 k  1.0000000000000 bend    1    8    7      val= 127.40553
  10 k  1.0000000000000 tors    9    2    1    3 val= 107.10556
        1.0000000000000 tors    9    2    1    5
        1.0000000000000 tors    9    2    1    7
  11 k  1.0000000000000 stre    2    9           val=   1.83443
  12 k  1.0000000000000 bend    1    9    2      val= 127.03619
  13 k  1.0000000000000 stre    1    3           val=   3.44247
  14 k  1.0000000000000 stre    1    7           val=   3.44247
  15 k  1.0000000000000 stre    1    5           val=   3.44261
  16 k  1.0000000000000 stre    1    2           val=   3.44261
  17 k -0.0188958784236 bend    5    3    1      val=   0.00000
       -0.7068542606355 bend    5    7    1
        0.7068542606355 bend    2    3    1
        0.0188958784236 bend    2    7    1
  18 k -0.7068542606355 bend    5    3    1      val=   0.00000
        0.0188958784236 bend    5    7    1
       -0.0188958784236 bend    2    3    1
        0.7068542606355 bend    2    7    1
  19 k  0.7071296662474 bend    7    3    1      val=   0.00107
       -0.0000040855631 bend    5    3    1
       -0.0000039664716 bend    5    7    1
       -0.0000039664716 bend    2    3    1
       -0.0000040855631 bend    2    7    1
       -0.7070838953392 bend    2    5    1
  20 k -0.5739299218280 bend    7    3    1      val=   2.27998
        0.3044115582980 bend    5    3    1
        0.2791288382320 bend    5    7    1
        0.2791288382320 bend    2    3    1
        0.3044115582980 bend    2    7    1
       -0.5739737228429 bend    2    5    1
  21 k -0.0143443615543 bend    7    3    1      val=   0.19804
       -0.4922929584817 bend    5    3    1
        0.5073872967968 bend    5    7    1
        0.5073872967968 bend    2    3    1
       -0.4922929584817 bend    2    7    1
       -0.0143452936095 bend    2    5    1
        21 non zero eigenvalues  of BmBt
           1           4.876261422    1    0
         1
           2           4.607090803    2    0
         2
           3           4.410040322    3    0
         3
           4           4.357058870    4    0
         4
           5           2.852018264    5    0
         5
           6           2.651243256    6    0
         6
           7           2.642657112    7    0
         7
           8           2.310387670    8    0
         8
           9           2.126545902    9    0
         9
          10           1.805931182   10    0
        10
          11           1.801122993   11    0
        11
          12           1.336150707   12    0
        12
          13           0.827257446   13    0
        13
          14           0.823384128   14    0
        14
          15           0.489386089   15    0
        15
          16           0.307084128   16    0
        16
          17           0.145660338   17    0
        17
          18           0.097774123   18    0
        18
          19           0.097266418   19    0
        19
          20           0.081004047   20    0
        20
          21           0.079703452   21    0
        21
$user-defined bonds
$end
