$energy      SCF               SCFKIN            SCFPOT
     1 -1152.114467382      1148.281717553     -2300.396184935
     2 -1152.109033796      1148.424993014     -2300.534026810
     3 -1152.099062060      1148.469968586     -2300.569030646
     4 -1152.098157563      1148.337389867     -2300.435547431
     5 -1152.093357390      1148.138351439     -2300.231708830
     6 -1152.079982675      1147.994417644     -2300.074400319
     7 -1152.067305550      1147.945995982     -2300.013301532
     8 -1152.061448695      1147.998671542     -2300.060120237
     9 -1152.060596747      1148.150123430     -2300.210720178
    10 -1152.056416615      1148.383224787     -2300.439641402
    11 -1152.043424272      1148.625411199     -2300.668835471
    12 -1152.036873262      1148.717098540     -2300.753971802
    13 -1152.049037462      1148.577261962     -2300.626299424
    14 -1152.058870536      1148.346187285     -2300.405057821
    15 -1152.058500940      1148.161870260     -2300.220371200
    16 -1152.057218178      1148.071115604     -2300.128333782
    17 -1152.062573452      1148.081868995     -2300.144442447
    18 -1152.074129442      1148.193679710     -2300.267809152
    19 -1152.083659296      1148.393882078     -2300.477541373
    20 -1152.083316460      1148.620956943     -2300.704273403
    21 -1152.082770086      1148.733847463     -2300.816617549
    22 -1152.090666712      1148.658011670     -2300.748678383
    23 -1152.091572229      1148.502121722     -2300.593693951
    24 -1152.082857164      1148.378317304     -2300.461174468
    25 -1152.073961152      1148.334936697     -2300.408897849
    26 -1152.071989789      1148.385933804     -2300.457923592
    27 -1152.076423505      1148.530433504     -2300.606857009
    28 -1152.079474439      1148.750691409     -2300.830165848
    29 -1152.075602556      1148.976373382     -2301.051975938
    30 -1152.076311158      1149.070497238     -2301.146808396
    31 -1152.084321878      1148.996486842     -2301.080808720
    32 -1152.083471904      1148.870670474     -2300.954142378
    33 -1152.075097830      1148.774275077     -2300.849372907
    34 -1152.067939118      1148.737297579     -2300.805236697
    35 -1152.066604926      1148.770878830     -2300.837483756
    36 -1152.068600257      1148.873265884     -2300.941866140
    37 -1152.066212983      1149.017161815     -2301.083374798
    38 -1152.058443820      1149.116292546     -2301.174736366
    39 -1152.058869995      1149.056486314     -2301.115356309
    40 -1152.059815747      1148.881606702     -2300.941422449
    41 -1152.048110819      1148.719205548     -2300.767316367
    42 -1152.033386222      1148.611474337     -2300.644860559
    43 -1152.026824627      1148.559232219     -2300.586056846
    44 -1152.031198034      1148.561727485     -2300.592925520
    45 -1152.040460478      1148.615464648     -2300.655925125
    46 -1152.044958692      1148.690060898     -2300.735019590
    47 -1152.047893161      1148.689635117     -2300.737528278
    48 -1152.061875272      1148.532229255     -2300.594104527
    49 -1152.072232708      1148.318078999     -2300.390311707
    50 -1152.071352654      1148.160458517     -2300.231811172
    51 -1152.068932063      1148.081247710     -2300.150179773
    52 -1152.071531493      1148.073641096     -2300.145172588
    53 -1152.077695048      1148.133334193     -2300.211029241
    54 -1152.080017097      1148.250980410     -2300.330997507
    55 -1152.073481092      1148.372013845     -2300.445494937
    56 -1152.071032771      1148.373415315     -2300.444448086
    57 -1152.079336783      1148.224180296     -2300.303517079
    58 -1152.080145257      1148.062809516     -2300.142954773
    59 -1152.073931839      1147.973742509     -2300.047674348
    60 -1152.070988605      1147.965239548     -2300.036228154
    61 -1152.075059952      1148.032504873     -2300.107564825
    62 -1152.081738215      1148.173232138     -2300.254970353
    63 -1152.082159678      1148.367602528     -2300.449762206
    64 -1152.075888787      1148.532724865     -2300.608613652
    65 -1152.079952802      1148.544454610     -2300.624407412
    66 -1152.089166869      1148.440185308     -2300.529352177
    67 -1152.088144984      1148.356817725     -2300.444962709
    68 -1152.083219686      1148.342487183     -2300.425706869
    69 -1152.083022185      1148.393422082     -2300.476444267
    70 -1152.088263742      1148.502880540     -2300.591144283
    71 -1152.092101729      1148.666703054     -2300.758804783
    72 -1152.086093132      1148.853406501     -2300.939499633
    73 -1152.076832485      1148.957690667     -2301.034523152
    74 -1152.079102659      1148.892560226     -2300.971662885
    75 -1152.078220325      1148.763011965     -2300.841232290
    76 -1152.067339122      1148.686392430     -2300.753731552
    77 -1152.057347633      1148.683702568     -2300.741050200
    78 -1152.056586550      1148.740996609     -2300.797583159
    79 -1152.064630536      1148.844093593     -2300.908724129
    80 -1152.072800241      1148.976243750     -2301.049043991
    81 -1152.072835077      1149.085439534     -2301.158274610
    82 -1152.074352959      1149.058988517     -2301.133341476
    83 -1152.084231514      1148.870610021     -2300.954841535
    84 -1152.086272371      1148.663783818     -2300.750056189
    85 -1152.081843173      1148.533322120     -2300.615165294
    86 -1152.081669537      1148.491164318     -2300.572833855
    87 -1152.088732438      1148.527902225     -2300.616634663
    88 -1152.097267499      1148.627170504     -2300.724438002
    89 -1152.098539299      1148.748110940     -2300.846650238
    90 -1152.091621973      1148.800761242     -2300.892383215
    91 -1152.090637237      1148.678146432     -2300.768783669
    92 -1152.094321008      1148.423474354     -2300.517795362
    93 -1152.088494272      1148.196278447     -2300.284772719
    94 -1152.079567996      1148.069325854     -2300.148893850
    95 -1152.077091545      1148.047862962     -2300.124954507
    96 -1152.081482595      1148.122793650     -2300.204276245
    97 -1152.085724466      1148.272825113     -2300.358549580
    98 -1152.082369588      1148.442175400     -2300.524544988
    99 -1152.074138382      1148.524077924     -2300.598216306
   100 -1152.074793565      1148.423493167     -2300.498286732
   101 -1152.076826628      1148.219012068     -2300.295838696
   102 -1152.069462928      1148.057015441     -2300.126478369
   103 -1152.061336671      1147.989867744     -2300.051204415
   104 -1152.060314768      1148.018765726     -2300.079080494
   105 -1152.065166667      1148.135018003     -2300.200184670
   106 -1152.067915818      1148.318525137     -2300.386440955
   107 -1152.060914979      1148.514944079     -2300.575859058
   108 -1152.050031801      1148.610916090     -2300.660947890
   109 -1152.050053097      1148.520365697     -2300.570418794
   110 -1152.049787725      1148.346481414     -2300.396269138
   111 -1152.041330032      1148.224440285     -2300.265770317
   112 -1152.034212514      1148.193909737     -2300.228122251
   113 -1152.035515132      1148.252828444     -2300.288343576
   114 -1152.043686112      1148.392139488     -2300.435825600
   115 -1152.050855241      1148.590757211     -2300.641612452
   116 -1152.050463709      1148.786564648     -2300.837028357
   117 -1152.050774754      1148.858256253     -2300.909031006
   118 -1152.061603254      1148.746160964     -2300.807764218
   119 -1152.066439329      1148.579543765     -2300.645983094
   120 -1152.061075843      1148.478432554     -2300.539508396
   121 -1152.056683507      1148.471435909     -2300.528119416
   122 -1152.060161691      1148.554818064     -2300.614979755
   123 -1152.069419327      1148.718216901     -2300.787636228
   124 -1152.075830356      1148.936352675     -2301.012183032
   125 -1152.073619185      1149.136168668     -2301.209787853
   126 -1152.074056036      1149.184833166     -2301.258889203
   127 -1152.082717941      1149.050128213     -2301.132846154
   128 -1152.083036121      1148.873268042     -2300.956304163
   129 -1152.075577622      1148.758343694     -2300.833921316
   130 -1152.071416025      1148.729233891     -2300.800649916
   131 -1152.075623892      1148.782676863     -2300.858300755
   132 -1152.084300191      1148.907592909     -2300.991893100
   133 -1152.088811202      1149.068843098     -2301.157654300
   134 -1152.086286321      1149.178236123     -2301.264522444
   135 -1152.088504736      1149.116785179     -2301.205289915
   136 -1152.094384038      1148.898672689     -2300.993056727
   137 -1152.090556762      1148.661481598     -2300.752038360
   138 -1152.081286765      1148.487743148     -2300.569029913
   139 -1152.075275078      1148.401175503     -2300.476450582
   140 -1152.074544388      1148.405245555     -2300.479789943
   141 -1152.074950940      1148.485399353     -2300.560350292
   142 -1152.071064963      1148.598375415     -2300.669440378
   143 -1152.062299680      1148.667908621     -2300.730208301
   144 -1152.058280284      1148.611028553     -2300.669308838
   145 -1152.057220974      1148.454558329     -2300.511779303
   146 -1152.053223711      1148.290051694     -2300.343275405
   147 -1152.051791602      1148.163317946     -2300.215109548
   148 -1152.055267687      1148.099846073     -2300.155113760
   149 -1152.061624721      1148.109173610     -2300.170798330
   150 -1152.068702378      1148.171031187     -2300.239733565
   151 -1152.074182417      1148.244564248     -2300.318746665
   152 -1152.076055026      1148.282555080     -2300.358610107
   153 -1152.082245306      1148.226727168     -2300.308972475
   154 -1152.089958219      1148.107708690     -2300.197666909
   155 -1152.089863414      1148.013027948     -2300.102891362
   156 -1152.086810341      1147.969126873     -2300.055937214
   157 -1152.085350634      1147.976919063     -2300.062269697
   158 -1152.085286149      1148.031844061     -2300.117130211
   159 -1152.086749627      1148.110571477     -2300.197321104
   160 -1152.087153805      1148.190111103     -2300.277264908
   161 -1152.083007189      1148.246364996     -2300.329372185
   162 -1152.084300533      1148.223910950     -2300.308211483
   163 -1152.089650768      1148.152290264     -2300.241941031
   164 -1152.088557205      1148.121715620     -2300.210272826
   165 -1152.085468255      1148.150293854     -2300.235762109
   166 -1152.084957745      1148.224722018     -2300.309679763
   167 -1152.086588325      1148.333122636     -2300.419710961
   168 -1152.089690580      1148.456304946     -2300.545995527
   169 -1152.089324561      1148.584294900     -2300.673619461
   170 -1152.084110450      1148.685951433     -2300.770061884
   171 -1152.087089216      1148.695557203     -2300.782646419
   172 -1152.091713127      1148.663072104     -2300.754785231
   173 -1152.087373824      1148.677606548     -2300.764980372
   174 -1152.079613598      1148.746786679     -2300.826400278
   175 -1152.073939416      1148.846390113     -2300.920329530
   176 -1152.070998378      1148.956790688     -2301.027789066
   177 -1152.068347874      1149.065188957     -2301.133536831
   178 -1152.059515566      1149.162875289     -2301.222390855
   179 -1152.049959322      1149.192244861     -2301.242204183
   180 -1152.052535921      1149.105477998     -2301.158013919
   181 -1152.055300275      1148.999612924     -2301.054913198
   182 -1152.053846944      1148.955692624     -2301.009539568
   183 -1152.054080071      1148.971902655     -2301.025982726
   184 -1152.059270911      1149.010403862     -2301.069674774
   185 -1152.068241018      1149.032233882     -2301.100474900
   186 -1152.073616584      1149.027474078     -2301.101090662
   187 -1152.068757831      1148.989425148     -2301.058182979
   188 -1152.066919427      1148.857251948     -2300.924171375
   189 -1152.073215959      1148.649065413     -2300.722281373
   190 -1152.075128916      1148.485706398     -2300.560835313
   191 -1152.073791740      1148.417082213     -2300.490873953
   192 -1152.072968055      1148.424762203     -2300.497730258
   193 -1152.074651096      1148.454914439     -2300.529565535
   194 -1152.079104329      1148.456105721     -2300.535210050
   195 -1152.078491512      1148.425769899     -2300.504261411
   196 -1152.069900958      1148.356954625     -2300.426855583
   197 -1152.067789612      1148.206088524     -2300.273878136
   198 -1152.069217021      1148.038094990     -2300.107312011
   199 -1152.066374605      1147.954201744     -2300.020576350
   200 -1152.062183713      1147.977141082     -2300.039324794
   201 -1152.058710175      1148.073693260     -2300.132403434
   202 -1152.058752667      1148.174145332     -2300.232897999
   203 -1152.062632552      1148.225265006     -2300.287897558
   204 -1152.060803992      1148.239302083     -2300.300106075
   205 -1152.051625362      1148.219477401     -2300.271102763
   206 -1152.049795471      1148.130598774     -2300.180394245
   207 -1152.054287654      1148.025842544     -2300.080130198
   208 -1152.057139814      1147.990988364     -2300.048128178
   209 -1152.058053737      1148.046722658     -2300.104776395
   210 -1152.058035633      1148.155612248     -2300.213647881
   211 -1152.061244817      1148.243707161     -2300.304951978
   212 -1152.068815533      1148.269202463     -2300.338017996
   213 -1152.071571242      1148.267633272     -2300.339204515
   214 -1152.065582039      1148.268383706     -2300.333965744
   215 -1152.063338875      1148.236642741     -2300.299981616
   216 -1152.068610097      1148.185383264     -2300.253993362
   217 -1152.070230758      1148.199677508     -2300.269908266
   218 -1152.065407751      1148.311714649     -2300.377122400
   219 -1152.058171483      1148.480812939     -2300.538984422
   220 -1152.056357454      1148.629149762     -2300.685507216
   221 -1152.062858883      1148.715638342     -2300.778497225
   222 -1152.068604156      1148.773495771     -2300.842099927
   223 -1152.065322068      1148.836122107     -2300.901444175
   224 -1152.062874712      1148.863457149     -2300.926331860
   225 -1152.068706491      1148.845701767     -2300.914408258
   226 -1152.071451425      1148.868046314     -2300.939497738
   227 -1152.069400921      1148.961182587     -2301.030583507
   228 -1152.068839575      1149.081055816     -2301.149895391
   229 -1152.073689939      1149.169153053     -2301.242842992
   230 -1152.081229419      1149.200391889     -2301.281621308
   231 -1152.084989984      1149.183171317     -2301.268161301
   232 -1152.080855638      1149.125374348     -2301.206229986
   233 -1152.081149748      1148.989664540     -2301.070814288
   234 -1152.087097826      1148.812886713     -2300.899984539
   235 -1152.087264249      1148.693623516     -2300.780887764
   236 -1152.084200605      1148.647099986     -2300.731300591
   237 -1152.084292619      1148.628771576     -2300.713064195
   238 -1152.088179144      1148.599816638     -2300.687995781
   239 -1152.091786130      1148.548503811     -2300.640289941
   240 -1152.089239744      1148.482804172     -2300.572043915
   241 -1152.081720804      1148.392331059     -2300.474051863
   242 -1152.081932381      1148.248128692     -2300.330061073
   243 -1152.082583737      1148.125077195     -2300.207660932
   244 -1152.077554971      1148.093892581     -2300.171447552
   245 -1152.072327809      1148.137899853     -2300.210227662
   246 -1152.072114994      1148.201795824     -2300.273910818
   247 -1152.075877681      1148.247526223     -2300.323403905
   248 -1152.077724401      1148.269354360     -2300.347078761
   249 -1152.071693753      1148.272231427     -2300.343925180
   250 -1152.064815112      1148.222939463     -2300.287754575
   251 -1152.065980814      1148.112827558     -2300.178808372
   252 -1152.064733787      1148.035082553     -2300.099816341
   253 -1152.058938498      1148.039516846     -2300.098455344
   254 -1152.054495719      1148.098824236     -2300.153319956
   255 -1152.055518036      1148.163931387     -2300.219449423
   256 -1152.058641498      1148.216661639     -2300.275303137
$end
