$dipgrad          cartesian dipole gradients
  -.86804436609873D+00  0.16657780033622D-01  -.18528164037127D-01
  -.14735758455447D-01  -.86527850911860D+00  0.70362059409979D-02
  -.19268930513906D-01  0.38746338199494D-02  -.10601274561250D+01
  -.82412659850275D+00  -.23074524178658D-01  0.12048364331772D+00
  -.75289635421735D-03  -.55800374570743D+00  0.24983348785495D-01
  0.13018339736779D+00  0.52976315778896D-01  -.82217720590151D+00
  -.62788968899036D+00  -.14538269506872D+00  -.64476330220268D-01
  -.11774173135750D+00  -.77964102759667D+00  -.10090520047215D+00
  -.45966146762209D-01  -.11880421476074D+00  -.79949155105105D+00
  -.65619882669736D+00  0.13144338381073D+00  -.86529926126038D-01
  0.15856776925070D+00  -.76950502247605D+00  0.79883608346303D-01
  -.11264177944002D+00  0.77515592596699D-01  -.77941310678949D+00
  0.37479161337255D+00  0.61879088786687D-01  -.51480403087399D-01
  0.59741708616078D-01  0.31661670657763D+00  -.27546368972399D-02
  -.32571346249024D-01  0.28924438864836D-01  0.29600545212642D+00
  0.38187131511371D+00  -.61943771672814D-01  0.96403780434950D-02
  -.59102010309656D-01  0.31757197859036D+00  -.33208053191077D-01
  -.27345495141337D-01  -.32630706515875D-01  0.28624572216996D+00
  0.22316584248927D+00  0.62851192135639D-01  0.76680246592922D-01
  0.42392072546098D-01  0.39145150014678D+00  0.14780355122496D+00
  0.50115162684935D-01  0.19300782478547D+00  0.53535989352309D+00
  0.35083282137834D+00  -.10630241376652D+00  0.12742867339223D+00
  -.12468120879800D+00  0.29928696936411D+00  -.11166124901892D+00
  0.18035118864849D+00  -.11450508038224D+00  0.50086489212948D+00
  0.28969048398022D+00  -.20407274098902D-02  0.24144301901188D-01
  0.23608499515734D-02  0.41505471911185D+00  0.41207267147891D-01
  0.42348459018424D-01  0.93346846470447D-02  0.28247553258839D+00
  0.35590740395460D+00  0.65912687329867D-01  -.13736241977669D+00
  0.53951204910360D-01  0.23244643110772D+00  -.52384841866292D-01
  -.16520450961317D+00  -.99693488834045D-01  0.56025782732916D+00
$end
