$grad          cartesian gradients
  cycle =      1    SCF energy =     -689.3353551224   |dE/dxyz| =  0.043757
    0.68745156460783      0.09584048439111      4.03415805772921      cl
    2.74219538643113      1.41956491664028     -1.22451475513574      o
   -0.22959000884358     -2.98759503307504     -1.12401061562129      o
   -2.48095076410819      1.97553576199078     -0.71214688365761      o
    2.12355971073323     -0.29257968311322     -1.55371506303293      h
   -0.65245799402428      1.99920722742176     -1.03266843531690      h
   -0.02404695401358     -2.63459286864371      0.72447507900333      h
   -2.43470897666387      1.49575697356471      1.08523324640186      h
   -1.53729976800700     -1.70835437604877     -1.46250988787317      h
    2.45800892193712      1.47935433970388      0.63694258658284      h
  0.23150035916004D-02  0.21461894978701D-02  -.22403862764501D-02
  0.51034876321662D-02  0.25384619118875D-02  -.11195627898306D-01
  0.11278632066551D-01  -.12853080390636D-01  -.19671064247259D-01
  -.20213736012747D-02  0.77078759917362D-02  -.11793153098106D-01
  -.60251939958303D-02  -.28101001681506D-02  0.16353759901207D-02
  0.53091664094180D-02  -.78596915418869D-02  0.49351615478979D-02
  -.33215219627523D-02  0.57414871201512D-02  0.15817466581221D-01
  0.48687355810909D-03  -.51625945812515D-02  0.97692496301516D-02
  -.67317722515171D-02  0.89865489356188D-02  0.22436504142542D-02
  -.63798159939507D-02  0.15617525026453D-02  0.10389284598125D-01
  cycle =      2    SCF energy =     -689.3373577961   |dE/dxyz| =  0.021677
    0.70253422672948      0.05541470777133      4.06233715922822      cl
    2.74820500527461      1.44061682217966     -1.20393894164482      o
   -0.23751894183079     -2.96677151094431     -1.08727384062062      o
   -2.51057124136276      1.96938322331437     -0.72573390821586      o
    2.20547087781570     -0.27678661971638     -1.60926212026039      h
   -0.69186706523966      2.04894008414504     -1.07197581646191      h
   -0.02375008116731     -2.65413230414124      0.73637482842932      h
   -2.42283037822441      1.51594744019472      1.06016298585077      h
   -1.55574483554179     -1.72083554841726     -1.42904604640295      h
    2.43823355159574      1.43036144844585      0.63959902917783      h
  0.24190387859393D-02  0.14470077366575D-02  -.17807001003450D-02
  0.32996680153377D-02  0.25420489094310D-02  -.39915485978928D-02
  0.80641369847864D-02  -.36390370400289D-02  -.74427834126600D-02
  -.22402022961644D-02  0.44140212289405D-02  -.54237503299191D-02
  -.37112733541912D-02  -.31811117702946D-02  0.14569391395845D-03
  0.38929985411564D-02  -.60740807873425D-02  0.50287459374274D-02
  -.40454261401254D-02  0.20198861379507D-02  0.48796613871776D-02
  0.11517668488133D-02  -.26012985816503D-02  0.23498205795534D-02
  -.36075644425894D-02  0.41411125188518D-02  0.21143108645489D-02
  -.52156662669011D-02  0.94079165287614D-03  0.40078145652771D-02
  cycle =      3    SCF energy =     -689.3378448603   |dE/dxyz| =  0.026473
    0.68609295648310     -0.00230130020713      4.06141153855963      cl
    2.77455149843270      1.44309077717760     -1.21654730098134      o
   -0.26333124581671     -2.99615581382370     -1.04595899303279      o
   -2.49451735355390      1.98336120924669     -0.70046263492970      o
    2.20970123824505     -0.26747362888993     -1.57610768888800      h
   -0.70980085114167      2.16878399520048     -1.13290567034134      h
   -0.04041239333014     -2.70116377934585      0.73864342842214      h
   -2.47175579727085      1.49040011030842      1.05710905723486      h
   -1.57667182803730     -1.79170625310310     -1.43052966214215      h
    2.53830489403852      1.51530242626829      0.61659125517828      h
  0.17740554783868D-02  0.99049896374336D-03  -.26584913627226D-02
  -.75826893509682D-03  -.34482643829286D-02  0.30582527374235D-02
  0.20913625336032D-02  0.79266328597455D-02  0.11432746736496D-01
  0.77072114819057D-02  -.73200514443755D-03  0.90288836703690D-02
  -.16344121478341D-02  0.13683918742675D-03  -.12512471816568D-02
  0.25055613047712D-02  -.10558582255507D-02  -.40475884738125D-02
  -.48179690059369D-02  -.30992137224615D-02  -.12732493562958D-01
  -.76099305292008D-02  -.12147395455427D-02  -.33325397007284D-02
  0.21602962139989D-02  -.32639069651228D-02  0.15013072254808D-02
  -.13992000572404D-02  0.37650507890440D-02  -.11220063082568D-02
  cycle =      4    SCF energy =     -689.3387669851   |dE/dxyz| =  0.012506
    0.70209317060044     -0.01223152414295      4.09057490724905      cl
    2.77563465961543      1.45441290340861     -1.20539570564766      o
   -0.26102511020628     -2.99482992964340     -1.04394765202442      o
   -2.52875805547444      1.98784575964042     -0.72541766206669      o
    2.25171946459662     -0.25825700409487     -1.61106475178450      h
   -0.74075697528507      2.18744712405265     -1.13579511874457      h
   -0.03037362045746     -2.70714964963765      0.75788531175048      h
   -2.43845785796426      1.51081806234624      1.04113112036132      h
   -1.58567445115989     -1.79083771381412     -1.42345710736068      h
    2.50775989378373      1.46491971471683      0.62672998734725      h
  0.21205422567256D-02  0.77896264684498D-03  -.13080470913058D-02
  -.98901233564874D-04  -.21680309935907D-02  0.20747823083110D-02
  0.33024262649839D-02  0.48628078077934D-02  0.41050722281949D-02
  0.29666012348469D-02  0.63410044003803D-03  0.25831488767948D-02
  -.10031170100329D-02  -.29810312996406D-03  -.79720608552770D-03
  0.21220036698894D-02  -.17051146507130D-02  0.19153420574750D-03
  -.33781108584460D-02  -.23386041364362D-02  -.42062295093185D-02
  -.33111410439432D-02  -.11851818301855D-02  -.17919998433643D-02
  -.64253531019394D-03  -.10918364348768D-02  0.31285812934351D-03
  -.20664806062196D-02  0.25254890604636D-02  -.12669905588185D-02
  cycle =      5    SCF energy =     -689.3391942679   |dE/dxyz| =  0.013169
    0.71083146354187     -0.05520147682408      4.14964532727420      cl
    2.77912346075494      1.48371692629753     -1.18365896020288      o
   -0.26247625064781     -3.01022950815137     -1.01822760653991      o
   -2.56648494944149      2.00297152540609     -0.74501730340533      o
    2.35762980452967     -0.22432479550443     -1.69550282727206      h
   -0.80130872219935      2.27059012388932     -1.19413745146906      h
   -0.01850646826048     -2.73729991843664      0.78204002544368      h
   -2.40170803836698      1.55922522192502      1.02603977430454      h
   -1.59743228714733     -1.82203957718210     -1.38358553962220      h
    2.45249310528580      1.37472922141243      0.63364789056859      h
  0.22546453617274D-02  0.28350603185495D-03  0.51659691935229D-03
  -.63070577070726D-03  -.14200447644572D-02  0.32754069645616D-02
  0.17274761330881D-02  0.71745429988576D-02  0.42755888782451D-02
  0.21517409345249D-02  0.37803280376953D-04  0.62807212347055D-03
  0.64800593192393D-03  -.37340696058271D-03  -.82754229723995D-03
  0.59937754225838D-03  -.38240037016467D-03  0.10784342883401D-02
  -.33632550578589D-02  -.29575107697565D-02  -.44092768698839D-02
  -.18656777990045D-02  -.37681111540158D-03  -.17960172526539D-02
  0.47641401781276D-03  -.30716610587299D-02  0.71000728886278D-03
  -.20072218133858D-02  0.11114246687492D-02  -.35188215225360D-02
  cycle =      6    SCF energy =     -689.3393182291   |dE/dxyz| =  0.018816
    0.68917339865189     -0.06052453562235      4.13518602866359      cl
    2.84646915334037      1.48262670010122     -1.20639220766074      o
   -0.27540675135856     -3.08288846986872     -1.02897974316944      o
   -2.62679984091790      2.04490876841817     -0.74326715540579      o
    2.35973470821021     -0.22950199526754     -1.65237459835479      h
   -0.85842377644620      2.33395067453775     -1.16719862523983      h
   -0.02283005466688     -2.74856073109152      0.79160001009128      h
   -2.39315391746734      1.55434228565524      1.02061954585017      h
   -1.61095374003996     -1.87726669806372     -1.40491807722235      h
    2.54435193874321      1.42505174403324      0.62696815152747      h
  0.22772899668038D-02  0.23307328577941D-03  0.16770159901268D-02
  0.23092948468663D-02  0.94186002648566D-03  -.35165823391459D-02
  0.49789806982870D-02  -.29811427390149D-02  -.85431063856311D-02
  -.50311142879952D-02  0.23874543834922D-02  -.67910786752157D-02
  -.83001730234265D-04  -.12736889774889D-02  0.41078367258704D-03
  0.17493419204555D-02  -.92197967192011D-03  0.49010056090388D-02
  -.18692472224856D-02  -.65837728065404D-06  0.82434327286661D-02
  0.23873004932714D-02  -.10315346028195D-02  0.14859164555244D-02
  -.44423511943178D-02  0.20622593471549D-02  0.11223772006291D-03
  -.22948436979694D-02  0.60407771842472D-03  0.19567357483168D-02
  cycle =      7    SCF energy =     -689.3396473241   |dE/dxyz| =  0.008252
    0.68055637831599     -0.07246074880031      4.12352587215460      cl
    2.83681136401486      1.48643869526340     -1.19886264329853      o
   -0.27587838626900     -3.07524111527843     -1.01712515176707      o
   -2.61124068249003      2.03862010691700     -0.73310574829657      o
    2.37211773757260     -0.22345601833381     -1.66582878878963      h
   -0.85712552873206      2.33974787012837     -1.19475886896515      h
   -0.02240683037227     -2.74511592545051      0.78989644880532      h
   -2.39099249766090      1.55594195816332      1.02872298928717      h
   -1.60980801674433     -1.87793166485010     -1.38961879272732      h
    2.53012758041397      1.41559458507284      0.62839801267676      h
  0.21336424381666D-02  0.13638025452667D-03  0.86455487890502D-03
  0.88365966009778D-03  -.42812032652164D-03  -.72250137835219D-03
  0.34885586405622D-02  0.89463884814448D-03  -.30358435216993D-02
  -.85247982614442D-03  0.11797662016241D-02  -.26562048963766D-02
  0.47642020434721D-03  -.45852023706865D-03  0.74627945878453D-05
  0.76177243996543D-03  -.12970632892657D-03  0.22355857221067D-02
  -.28714079823861D-02  -.99098715657554D-03  0.22975883766052D-02
  -.39393296293447D-03  -.73904338473307D-03  0.87205268730063D-04
  -.19788406017344D-02  -.35346375310236D-03  0.99685532665941D-03
  -.16711400439327D-02  0.91095836813479D-03  -.13932859169022D-03
  cycle =      8    SCF energy =     -689.3399341763   |dE/dxyz| =  0.006940
    0.63589100177674     -0.09567636037471      4.07190704231407      cl
    2.85294342310541      1.49489941281694     -1.19462867345420      o
   -0.28565727153286     -3.09586306884376     -0.99854783575891      o
   -2.61391068909896      2.04044977203906     -0.70794489655153      o
    2.38774418338190     -0.21210224915891     -1.66286177794054      h
   -0.88805207579944      2.37317334631643     -1.23014621845376      h
   -0.02266572606979     -2.72561559386459      0.79523611488610      h
   -2.34241404669741      1.54440639764916      1.04140153538040      h
   -1.61891823086742     -1.90392120369804     -1.37364515408209      h
    2.54720054985066      1.42238728995020      0.63047319274005      h
  0.17575948370193D-02  -.12606891078726D-03  -.59909666577501D-03
  0.40901789103553D-04  -.10676886893227D-02  0.53902341112843D-04
  0.29663279670102D-02  0.14731632288337D-02  -.84141841548690D-03
  0.18433532164258D-02  0.59043884855247D-03  -.39646354638561D-03
  0.80561912937722D-03  0.29790861039531D-03  0.31125211841107D-03
  -.72839880869797D-03  0.21161925974808D-03  0.11494094014852D-02
  -.36369398769448D-02  -.54283505668505D-03  -.40586250201054D-03
  -.13840322919165D-02  -.45419308443605D-03  -.10117213293424D-02
  -.72143867720865D-03  -.11869945174305D-02  0.21482597633370D-02
  -.97426663483139D-03  0.82667577486164D-03  -.48315713828984D-03
  cycle =      9    SCF energy =     -689.3400674432   |dE/dxyz| =  0.007445
    0.59502653181556     -0.11154174278066      4.04590191886877      cl
    2.86697138742144      1.50446374010734     -1.19258712973217      o
   -0.29417948474432     -3.11560559621154     -0.98650153147767      o
   -2.61700777229152      2.04196469677458     -0.68582670721080      o
    2.40266891099198     -0.20023212816853     -1.66579946030932      h
   -0.91736936097042      2.40195795146574     -1.26376723565615      h
   -0.02310708576472     -2.71253039139700      0.80020066090638      h
   -2.29214274190028      1.53625306810231      1.05325243257068      h
   -1.62874795896990     -1.92822253831570     -1.36528652915714      h
    2.56004869246102      1.42563068325525      0.63165691027702      h
  0.13722521765900D-02  -.31775646659986D-03  -.12988636214245D-02
  -.33126771108627D-03  -.10067497486234D-02  -.13297677295014D-03
  0.26314477890287D-02  0.10975710667810D-02  -.91472502926239D-03
  0.29773254534675D-02  0.36831604060933D-03  0.35599753753661D-03
  0.99458053006733D-03  0.57127659945014D-03  0.48349025163376D-03
  -.12328157971651D-02  0.50721467649009D-03  0.26161765037857D-03
  -.38038892611801D-02  0.69578122138087D-04  -.56360655917151D-03
  -.18102257040390D-02  -.47808869893831D-03  -.84755310517268D-03
  -.25373382931236D-03  -.13935738458265D-02  0.27185329653506D-02
  -.57664951443434D-03  0.60295172815477D-03  -.14170238735011D-03
  cycle =     10    SCF energy =     -689.3402123559   |dE/dxyz| =  0.006063
    0.55984751817254     -0.10828500349043      4.04900858536477      cl
    2.87743462302744      1.50987630069821     -1.19080468880952      o
   -0.30069761046902     -3.12593031388870     -0.98612015416363      o
   -2.62164711550104      2.03797209433975     -0.66477138102236      o
    2.40655646949790     -0.19213521181780     -1.66799995043251      h
   -0.94187702023244      2.41131993272567     -1.29145512727370      h
   -0.02162976353530     -2.70340809090121      0.79793042894500      h
   -2.23664653554157      1.52945798741008      1.06477612579029      h
   -1.63924397745584     -1.94390865486372     -1.37214915226887      h
    2.57006453008616      1.42717870261992      0.63282864295013      h
  0.10223652092354D-02  -.29293268722068D-03  -.10749877846980D-02
  -.27130827219522D-03  -.39132482265818D-03  -.38197569894472D-03
  0.24381829224915D-02  0.17015500150208D-03  -.18491829033855D-02
  0.17453633208460D-02  0.38632370101156D-03  0.27001573137825D-03
  0.89929358879953D-03  0.40332162016775D-03  0.54006369909514D-03
  -.51000858703045D-03  0.50936428615539D-03  -.12832328924409D-03
  -.32199304757951D-02  0.49129704312007D-03  0.57549115563372D-03
  -.11223423520046D-02  -.55233604060616D-03  -.41187912974985D-03
  -.62516753272162D-03  -.10224510921817D-02  0.22975024509132D-02
  -.38174956777430D-03  0.31918609105789D-03  0.83758036026692D-04
  cycle =     11    SCF energy =     -689.3403783911   |dE/dxyz| =  0.003360
    0.51859925880648     -0.07181792147954      4.08348386650034      cl
    2.87796406290371      1.49764763800590     -1.18903435377854      o
   -0.30046168482031     -3.10621117212396     -1.00320693438471      o
   -2.62093815277342      2.01564420955892     -0.63369285433388      o
    2.37604230930619     -0.19834185683583     -1.66066754548989      h
   -0.96103445669428      2.37539080167664     -1.32011510109246      h
   -0.01131366116124     -2.68254431390652      0.77665914048476      h
   -2.16516946242983      1.51611295412578      1.08642847896558      h
   -1.64324840636049     -1.93252285657669     -1.40425318853948      h
    2.58172131127202      1.42878026038707      0.63564182074788      h
  0.56794765560804D-03  0.56870403840083D-04  -.21542279596120D-03
  -.23683058125222D-03  -.17982465758067D-05  -.14027853307767D-03
  0.16719488874676D-02  0.55991271910020D-03  -.61450042712118D-03
  0.11050279398550D-03  0.78565603153373D-03  0.84160866309845D-04
  0.43009145484836D-03  0.20310473064985D-03  0.32177526997600D-03
  0.18710023024609D-03  -.27913608637722D-03  -.30050390704452D-03
  -.19094564382333D-02  0.11748169316420D-04  0.10151339657204D-03
  0.21455817006649D-03  -.71686898717203D-03  -.48334258431764D-04
  -.88513467816237D-03  -.82845636398291D-03  0.63348231419157D-03
  -.16489255407704D-03  0.23891927444842D-03  0.96843053214404D-04
  cycle =     12    SCF energy =     -689.3403975933   |dE/dxyz| =  0.003103
    0.51257493956091     -0.06418319932695      4.09525546072922      cl
    2.87828290281042      1.49014245133574     -1.19036495213411      o
   -0.29644851727409     -3.10016154956045     -1.00783687203231      o
   -2.62446849740928      2.01243858004192     -0.62990068482247      o
    2.36775223111516     -0.20442695918315     -1.65921540430228      h
   -0.96703501748088      2.37202195486427     -1.32232374629020      h
   -0.00569412473132     -2.67879833661067      0.77225970720914      h
   -2.15985086275639      1.51571102241355      1.08949252650297      h
   -1.63831396289535     -1.92559398743677     -1.41067320700256      h
    2.58536202710965      1.42498776629429      0.63455050122219      h
  0.53156134186788D-03  0.12039943816915D-03  0.11157654376425D-03
  -.18552663255786D-03  0.43759747624926D-04  -.13072830492560D-03
  0.15174368876338D-02  0.54640281264463D-03  -.60568141036646D-03
  -.24754069432919D-03  0.89247473357513D-03  -.93488348282478D-04
  0.32772659121446D-03  0.16133790356891D-03  0.33646143159278D-03
  0.24280252171189D-03  -.40043195460706D-03  -.23731260689276D-03
  -.16176203947181D-02  -.36133186160971D-04  0.16764934897243D-03
  0.45650829448436D-03  -.73050817359677D-03  0.17173021869496D-04
  -.90028303182721D-03  -.74268589170106D-03  0.32514834330045D-03
  -.13662206958906D-03  0.17672911235326D-03  0.27235581407321D-04
  cycle =     13    SCF energy =     -689.3404583559   |dE/dxyz| =  0.002532
    0.48979048087174     -0.05614520868833      4.10841463727883      cl
    2.88171438130097      1.46056011530300     -1.19834517159091      o
   -0.27698360004737     -3.08438628274732     -1.01173049496397      o
   -2.63973814346208      2.00688002641817     -0.62189077882332      o
    2.34694563480108     -0.23046769564239     -1.65776257939280      h
   -0.99300502129222      2.39064761001715     -1.32235568988991      h
    0.01702936832986     -2.66503529829983      0.76779028753200      h
   -2.16372205914093      1.51469572475039      1.09528393259836      h
   -1.60926590097957     -1.89922965583034     -1.41516057606768      h
    2.59939597766735      1.40461840755128      0.62699976239898      h
  0.40971569077703D-03  0.15455765148205D-03  0.38600862947723D-03
  -.25185454467894D-03  0.97875475731800D-04  0.20181808772585D-04
  0.11903592677564D-02  0.62839089940829D-03  -.28868038068012D-03
  0.25478211187659D-03  0.76385787657132D-03  0.29283064858686D-03
  0.16307876334290D-03  -.10043714837910D-03  0.41137064945374D-03
  -.33146754397308D-03  -.30786182526466D-03  -.21422196305632D-03
  -.12578577459430D-02  0.74172991493093D-04  -.24545349240258D-03
  0.24320567263174D-03  -.55992224331467D-03  -.41444001996054D-03
  -.44698948907137D-03  -.66254077877410D-03  0.17779471570838D-03
  0.27937719965288D-04  -.58246028628033D-04  -.21191316886000D-03
  cycle =     14    SCF energy =     -689.3404906734   |dE/dxyz| =  0.002375
    0.47671278317169     -0.05703159643246      4.10789084541658      cl
    2.88404668496165      1.44140277155904     -1.20641597762228      o
   -0.26347371334189     -3.07490766394611     -1.00948709198582      o
   -2.64974789448122      2.00260704414199     -0.62345180606300      o
    2.33650618707329     -0.24812418898511     -1.66144039735131      h
   -1.00493777115235      2.41196961416040     -1.31295647341186      h
    0.03297814632368     -2.66095644652000      0.77134614339742      h
   -2.18120717642683      1.51475638284287      1.09637270753965      h
   -1.58422030989905     -1.87538889902986     -1.40975441502555      h
    2.60550418181986      1.38781072504101      0.61913979418575      h
  0.36470287147560D-03  0.86358345400196D-04  0.30450722362003D-03
  -.18292330795823D-03  0.32497741741746D-03  -.48402243754473D-04
  0.11135564512574D-02  0.60573032714624D-03  -.28789333862358D-03
  0.44494961763102D-03  0.48659759076919D-03  0.49419823857168D-03
  0.42742934300811D-04  -.48841393628732D-03  0.42740470319525D-03
  -.43748944436639D-03  -.64245856917944D-05  -.20154928303054D-03
  -.10969271887870D-02  0.17900547564043D-03  -.20733145560697D-03
  -.77120531253218D-04  -.39721672868517D-03  -.57578526009694D-03
  -.19249769689933D-03  -.51724629932189D-03  0.23060829923095D-03
  0.28855463858104D-04  -.24589279345442D-03  -.22432404674055D-03
  cycle =     15    SCF energy =     -689.3405119198   |dE/dxyz| =  0.002093
    0.46343462488495     -0.05639832178278      4.10194058341063      cl
    2.88686601085825      1.43719752964468     -1.21155745179991      o
   -0.26267671458291     -3.07409128719166     -1.00558494832699      o
   -2.65047610237448      1.99534964066797     -0.62423430302497      o
    2.33496994719693     -0.25090294339092     -1.66907311430537      h
   -1.00646472253991      2.42325292349730     -1.30529932266877      h
    0.03851724137976     -2.66489234626525      0.77620067647772      h
   -2.18608066682247      1.51236758783177      1.09868150598618      h
   -1.57230545248669     -1.86095036441474     -1.40352795167939      h
    2.60637695253541      1.38120532423539      0.61369765501045      h
  0.23926321104632D-03  0.28628472356302D-04  0.74385473873589D-04
  -.83597916467901D-04  0.56121589221210D-03  -.14764548419199D-03
  0.98009828172853D-03  0.53754488151724D-03  -.35926320900157D-03
  0.28553120308596D-03  0.22567863137804D-03  0.49962350080801D-03
  -.35365579418544D-04  -.72164764177724D-03  0.33820727949185D-03
  -.21005374368065D-03  0.21916099965998D-03  -.22815800437210D-03
  -.89467819534288D-03  0.18453736601839D-03  0.13755262849282D-03
  -.12677791024994D-03  -.31624490730783D-03  -.40253515288304D-03
  -.14092120652327D-03  -.38774055356819D-03  0.13873055922221D-03
  -.40286498882012D-05  -.30565581771337D-03  -.13943011652234D-03
  cycle =     16    SCF energy =     -689.3405438067   |dE/dxyz| =  0.001697
    0.44478107992636     -0.04627854590570      4.09707326394029      cl
    2.89171671920376      1.44414909439082     -1.21677643257380      o
   -0.27663053006659     -3.08188301941472     -1.00193818325034      o
   -2.64197763030274      1.97759572962931     -0.62760804434516      o
    2.33908874197136     -0.23947119906903     -1.68795573746562      h
   -0.99467923766182      2.42397565728041     -1.29130508871720      h
    0.03859048357688     -2.68672126803671      0.78060608742642      h
   -2.18824897139538      1.51037153703233      1.10496815826349      h
   -1.56250402791886     -1.83984417424256     -1.39298911365441      h
    2.60202449071587      1.38024393116761      0.60716841945592      h
  0.17751243723576D-05  -.19254575735754D-04  -.13021828702770D-03
  0.93098678560173D-04  0.56208438259718D-03  -.25755743238793D-03
  0.59086753570205D-03  0.39545521511730D-03  -.39716399232271D-03
  -.26981464364874D-03  -.63990286548075D-04  -.12425290997513D-03
  -.10811825751459D-03  -.61449364015115D-03  0.54483474649864D-04
  0.29776217401312D-03  0.35334928333452D-03  -.86822895230066D-04
  -.49482959003138D-03  -.36874583611681D-04  0.72051894980231D-03
  0.93664410914175D-04  -.21594726256418D-03  0.39627376862527D-03
  -.11792658851223D-03  -.17455370246550D-03  -.20782286849609D-03
  -.82319311795211D-04  -.16240589363862D-03  -.52107356468644D-04
  cycle =     17    SCF energy =     -689.3405559328   |dE/dxyz| =  0.001199
    0.44391080542248     -0.03811014224311      4.09893900803990      cl
    2.89401888444661      1.45068772602655     -1.21396656004705      o
   -0.28781024821406     -3.08868060888299     -1.00328159601359      o
   -2.63805202141190      1.97058698437046     -0.62919513332223      o
    2.34423333584167     -0.22945237974793     -1.69592679903488      h
   -0.98948111136282      2.41574526692187     -1.28987908156683      h
    0.03634621468419     -2.69917734594060      0.77730691794613      h
   -2.18667254757427      1.51287349278132      1.10688255839368      h
   -1.56345852389865     -1.83398706864641     -1.38849938859932      h
    2.59912633011559      1.38165181819260      0.60886340328379      h
  -.46429283378414D-04  -.76576285900294D-05  -.61852980602918D-04
  0.24626282118164D-04  0.13969825521731D-03  -.51029320494336D-04
  0.50149839766815D-03  0.34934841970306D-03  -.44285202754719D-04
  -.24101972482214D-03  -.45063236336891D-04  -.27006840790458D-03
  -.53177537998668D-04  -.19634927469555D-03  -.84370880848482D-04
  0.19622665929819D-03  0.16173016873140D-03  0.77690908521537D-04
  -.50726880525357D-03  -.15643156349825D-03  0.36438332990887D-03
  0.20107611416530D-03  -.97558831354763D-04  0.43633388932870D-03
  -.33805715773983D-04  -.14785596218905D-03  -.24325342997233D-03
  -.41699602301029D-04  0.23530082573335D-04  -.20449875208083D-03
  cycle =     18    SCF energy =     -689.3405667931   |dE/dxyz| =  0.001155
    0.44955263324191     -0.02945066805276      4.10044644031633      cl
    2.89823276661730      1.45607820009916     -1.20705416241941      o
   -0.30169355799194     -3.09652359152025     -1.00560632846064      o
   -2.63791461210266      1.96292756768774     -0.63313191451899      o
    2.35080946171397     -0.21897477078692     -1.70401772438697      h
   -0.98923056271833      2.40825042308710     -1.29197109447422      h
    0.03732468170519     -2.71305161488897      0.77168555556983      h
   -2.18914304780209      1.51811732948713      1.10644756844837      h
   -1.56332791193276     -1.82413309909792     -1.38011212217968      h
    2.59755126731825      1.37889796681746      0.61455711118498      h
  -.32202010084225D-04  -.74749711172464D-05  0.35016330662742D-04
  -.41330186233621D-04  -.32952060847422D-03  0.28571450234188D-03
  0.38902362624971D-03  0.16533203107472D-03  0.25705357662200D-03
  -.69462635005447D-04  -.66898707080628D-04  -.22247000723559D-03
  -.24805993102811D-04  0.21626645426416D-03  -.26985400422055D-03
  -.48758634322405D-04  -.39239284676110D-04  0.20459207105007D-03
  -.55562930790428D-03  -.18639839156961D-03  -.10533645204322D-03
  0.16845063640976D-03  0.10836150958761D-03  0.22789997753667D-03
  0.16100040212460D-03  -.60293730366288D-04  -.13366020623423D-03
  0.49856446850671D-04  0.22193223021341D-03  -.35402632755482D-03
  cycle =     19    SCF energy =     -689.3405721731   |dE/dxyz| =  0.001108
    0.45758746818000     -0.02824248467303      4.09866298298683      cl
    2.90027274237964      1.45765151251690     -1.20111758024238      o
   -0.30749494734128     -3.09910027525492     -1.00649829702650      o
   -2.64064682895813      1.96147339945402     -0.63533040896413      o
    2.35347627556813     -0.21556817934293     -1.70376670673922      h
   -0.99348561114484      2.40656786903987     -1.29764650336476      h
    0.03948281654850     -2.71535531324842      0.76896697929542      h
   -2.18960516272621      1.52033265420991      1.10391478443565      h
   -1.56549451858934     -1.82152858648695     -1.37635638516808      h
    2.59806888413236      1.37590714661733      0.62041446386676      h
  0.23179628933157D-04  -.88147697545738D-05  0.27659142819423D-04
  -.33171922348414D-04  -.36538358628587D-03  0.40182907086305D-03
  0.34285045676579D-03  -.27646258735692D-05  0.21545898288197D-03
  -.44301358128604D-05  -.91504703114195D-04  0.62969378085218D-05
  -.45672851060127D-04  0.26270973160838D-03  -.31403813326787D-03
  -.14506263107403D-03  -.90300630599015D-04  0.12158829207077D-03
  -.51944670577978D-03  -.11598632247112D-03  -.16094711913844D-03
  0.96625684384169D-04  0.18882505977834D-03  -.97639777961293D-05
  0.18920455096164D-03  0.28126165528293D-04  -.54545940834102D-04
  0.91897508430763D-04  0.21634699834910D-03  -.30658114895177D-03
  cycle =     20    SCF energy =     -689.3405762773   |dE/dxyz| =  0.000803
    0.46660463925927     -0.03078901131238      4.09524698269402      cl
    2.89998278958591      1.45763421681847     -1.19711443683603      o
   -0.30894569997310     -3.09883112754880     -1.00656949707366      o
   -2.64316509074516      1.96290300188083     -0.63746175801623      o
    2.35211205344284     -0.21597566915615     -1.69819356944826      h
   -0.99681938919321      2.40719945730054     -1.30277734752835      h
    0.04175408671153     -2.71238964636384      0.76818984337359      h
   -2.19020783905789      1.52038103829630      1.10053453917639      h
   -1.56864890869570     -1.82263055513420     -1.37592258508431      h
    2.59949447671434      1.37463603805102      0.62531115782243      h
  0.91331284647513D-04  -.11150600925633D-04  -.37587377271006D-04
  0.23818895918836D-04  -.20743063311471D-03  0.21701269431015D-03
  0.38612003188831D-03  -.89304441835217D-04  0.65271260192793D-04
  -.38036539252076D-04  -.66810222049051D-04  0.98185585023904D-04
  -.10244331121293D-03  0.15022893524750D-03  -.18491861865161D-03
  -.10768410400131D-03  -.53847232637826D-04  -.65294461364740D-05
  -.45402950476506D-03  -.41093431673281D-04  0.24063490777966D-04
  0.23799411264336D-04  0.13636458467116D-03  -.65520384376103D-04
  0.82598523395123D-04  0.78020408814046D-04  -.90633408857275D-04
  0.91331381548226D-04  0.12607020038307D-03  -.93145902921604D-04
  cycle =     21    SCF energy =     -689.3405776451   |dE/dxyz| =  0.000656
    0.47075651729932     -0.03122047113162      4.09395420411609      cl
    2.89945190702006      1.45912702446571     -1.19419223407474      o
   -0.31201842458631     -3.09947636077266     -1.00611620003548      o
   -2.64309555255281      1.96139263501387     -0.63953312399911      o
    2.35269253516016     -0.21391483385326     -1.69844407954588      h
   -0.99750530018743      2.40756355437299     -1.30575566079163      h
    0.04383644367806     -2.71330189972077      0.76781006031058      h
   -2.18931061163254      1.52080158509403      1.09869989763097      h
   -1.56974670870118     -1.82064942688343     -1.37340039116855      h
    2.59710031255150      1.37181593624694      0.62822085663734      h
  0.11163243263603D-03  -.20026226193068D-04  -.65539096073114D-04
  0.80641523463746D-04  -.83915660576167D-04  0.14654995497549D-03
  0.29257225675459D-03  -.90156605190816D-04  0.77954720988594D-05
  -.63253750311896D-04  -.10731373578459D-03  0.86885023535383D-04
  -.13271207955814D-03  0.10314870000833D-03  -.14753242131930D-03
  -.82115970360596D-04  -.23767305888688D-04  -.63180060763274D-04
  -.36000383983826D-03  -.32875527250056D-04  0.11930110416857D-03
  0.13878721631801D-04  0.14389077134468D-03  -.41523308493534D-04
  0.89704061741076D-04  0.94880125473459D-04  -.11192028175009D-03
  0.45840745609559D-04  0.36585789873376D-04  -.35695109016401D-05
  cycle =     22    SCF energy =     -689.3405783703   |dE/dxyz| =  0.000572
    0.47193386651042     -0.03115747607716      4.09348234649634      cl
    2.89796609798527      1.46062779883747     -1.19305244364198      o
   -0.31413440389485     -3.10030626161584     -1.00574642496247      o
   -2.64143030673772      1.96016034738388     -0.64059221975333      o
    2.35194390762583     -0.21241203174602     -1.69829858794962      h
   -0.99618759772290      2.40797064506983     -1.30694409909252      h
    0.04526291953535     -2.71393470246855      0.76741776951503      h
   -2.18715599829308      1.52040927146926      1.09782925284182      h
   -1.57084566252821     -1.82025607616956     -1.37232374059748      h
    2.59480829556872      1.37103622814849      0.62947147622379      h
  0.10250823730923D-03  -.21500475218664D-04  -.79839384321519D-04
  0.11761748758251D-03  0.20943867364686D-04  0.31891927427608D-04
  0.21589431010378D-03  -.58062509861012D-04  0.24503787773897D-04
  -.86959944807471D-04  -.13847385157493D-03  0.64328304847910D-04
  -.15915884277483D-03  0.67200550176708D-04  -.87495476676319D-04
  -.35871315164924D-04  0.56161909933657D-05  -.89194113152538D-04
  -.27641313758814D-03  -.41742168238453D-04  0.15120676493598D-03
  0.33054291820948D-04  0.13674975437476D-03  -.86029699422336D-06
  0.81334323694283D-04  0.79839615180870D-04  -.16047554158055D-03
  0.34579956537655D-05  -.30304258717729D-04  0.73540800772953D-04
  cycle =     23    SCF energy =     -689.3405790194   |dE/dxyz| =  0.000585
    0.47334180636179     -0.03085473530184      4.09355473926676      cl
    2.89543431337898      1.46273953130162     -1.19194495280188      o
   -0.31695671381275     -3.10179788078975     -1.00546785988403      o
   -2.63860882522358      1.95869144079658     -0.64230589397264      o
    2.35091537489087     -0.21049556031349     -1.69829407983780      h
   -0.99321704077238      2.40844043228268     -1.30753437914413      h
    0.04727287621457     -2.71521795766571      0.76655237990342      h
   -2.18504193473975      1.52012257054118      1.09670360662503      h
   -1.57232151002106     -1.82003672786254     -1.37072351762109      h
    2.59134277177214      1.37054662984308      0.63070328654593      h
  0.90184687857663D-04  -.22143784021031D-04  -.75504334747884D-04
  0.15316150689172D-03  0.13888393670866D-03  -.10002685389983D-03
  0.11243863551020D-03  -.21509216326556D-04  0.53569590192140D-04
  -.10941146204959D-03  -.18196432486370D-03  0.17356556205055D-04
  -.18229385253186D-03  0.31002692378356D-04  -.17169925714780D-04
  0.27466174407895D-04  0.49837892430255D-04  -.10473213637172D-03
  -.17630919757684D-03  -.51797557162802D-04  0.15033384426183D-03
  0.54546081440541D-04  0.13197041367851D-03  0.54694213155762D-04
  0.79311964906000D-04  0.51648777023783D-04  -.19931994714265D-03
  -.55167510556621D-04  -.10551619389797D-03  0.14899928949048D-03
  cycle =     24    SCF energy =     -689.3405800607   |dE/dxyz| =  0.000506
    0.47320112313654     -0.03034942701182      4.09430734264313      cl
    2.89352237543993      1.46335544648018     -1.19227613379335      o
   -0.31806114657684     -3.10269216272743     -1.00589871721532      o
   -2.63657138743291      1.95844644483527     -0.64319550954694      o
    2.35008267357788     -0.21046024329047     -1.69773348105540      h
   -0.99015209458933      2.40832186174123     -1.30609372083413      h
    0.04884512989900     -2.71543492762755      0.76521775489259      h
   -2.18519614883926      1.51983602144246      1.09630885533370      h
   -1.57354837415254     -1.82070616674290     -1.36991029736085      h
    2.59003896758637      1.37182089573286      0.63051723601613      h
  0.77133673388937D-04  -.17844275522290D-04  -.51242946495560D-04
  0.11286778586688D-03  0.11386035316006D-03  -.14375778043771D-03
  0.59956037031866D-04  -.14906777436687D-04  0.83981794627304D-04
  -.74901425016981D-04  -.19349957316506D-03  -.25381702349149D-04
  -.15871578246634D-03  0.38655042064705D-04  0.23029694252196D-04
  0.53947806133484D-04  0.67559157915523D-04  -.52361553189425D-04
  -.13004710464343D-03  -.35864651246178D-04  0.61640357413192D-04
  0.35044908875163D-04  0.12724879493403D-03  0.52569937730856D-04
  0.77804620037637D-04  0.21090930536091D-04  -.16738280394292D-03
  -.60568474517841D-04  -.85156894345001D-04  0.14707904546157D-03
  cycle =     25    SCF energy =     -689.3405809863   |dE/dxyz| =  0.000439
    0.47080913625188     -0.02988613250696      4.09624211942432      cl
    2.89175671599107      1.46366559497235     -1.19290920224812      o
   -0.31867451194659     -3.10336009157878     -1.00657222082482      o
   -2.63467469459238      1.95892950798312     -0.64293877707145      o
    2.35100198115319     -0.21098973704151     -1.69805943317132      h
   -0.98780803252376      2.40846264612841     -1.30508256102600      h
    0.05126657866073     -2.71424900322975      0.76322263495114      h
   -2.18388286633216      1.51926856509689      1.09636535098805      h
   -1.57600129661171     -1.82270029732166     -1.36873308018772      h
    2.58836810799857      1.37299669032973      0.62970849824548      h
  0.42488573598977D-04  -.10542686381134D-04  0.11236848878149D-04
  0.42217987575059D-04  0.57499086345117D-04  -.80004294970412D-04
  0.72698324270604D-04  -.22389581337809D-04  0.14122706979623D-03
  -.63592959823371D-04  -.20641017230535D-03  0.45941458591220D-04
  -.10636974921090D-03  0.58539468917316D-04  0.23378375785721D-04
  0.74328091523797D-04  0.93696947783440D-04  -.48801560263137D-04
  -.13485260558836D-03  0.13056360317637D-05  -.79156422055677D-04
  0.66011128924443D-04  0.12217530530152D-03  -.17720587064886D-04
  0.53771704040357D-04  -.14916138063465D-04  -.12622637233251D-03
  -.55499242366108D-04  -.56677132278986D-04  0.58090687600010D-04
  cycle =     26    SCF energy =     -689.3405820614   |dE/dxyz| =  0.000365
    0.46943393874713     -0.02965384954461      4.09674770827757      cl
    2.89206572974960      1.46284172250149     -1.19345775995269      o
   -0.31908944200398     -3.10285677174510     -1.00745638681046      o
   -2.63486973817089      1.95944091127318     -0.64301456910047      o
    2.35266142695031     -0.21233289286150     -1.69802943086179      h
   -0.98696927782578      2.40745169883081     -1.30362702653724      h
    0.05372852395269     -2.71293721091260      0.76151913749276      h
   -2.18599555487962      1.51897767746604      1.09648379658511      h
   -1.57779966882617     -1.82274775679633     -1.36699799412040      h
    2.58899518035555      1.37395421462046      0.62907585410717      h
  0.26380089304400D-04  -.94404908709703D-05  0.38285647474277D-04
  -.19884815699514D-04  -.38580647974535D-04  -.15732585844955D-04
  0.68030732904842D-04  -.63872015178825D-04  0.98621488100514D-04
  -.44552368614808D-04  -.18542663125801D-03  0.43330666424479D-04
  -.51094423623955D-04  0.75332475492054D-04  0.36796806921731D-05
  0.75718547025364D-04  0.87285197389387D-04  -.17630988820646D-04
  -.10903039455240D-03  0.49297766219355D-04  -.12408993503337D-03
  0.42239955803554D-04  0.10880430839795D-03  -.44812949534358D-04
  0.27277267724350D-04  -.10568190408151D-04  -.58285827685847D-04
  -.24684338734931D-04  0.10361543275113D-04  0.43141592963220D-05
  cycle =     27    SCF energy =     -689.3405833416   |dE/dxyz| =  0.000269
    0.46740511297078     -0.03036343970219      4.09536521634740      cl
    2.89531957042155      1.46087849882707     -1.19409425421084      o
   -0.31899365271008     -3.10035542659529     -1.00815142108263      o
   -2.63773922922910      1.96065650229503     -0.64264831569766      o
    2.35698247989146     -0.21470264642886     -1.69845835569118      h
   -0.98877017877997      2.40542758976275     -1.30233509571118      h
    0.05709620082120     -2.71071906692136      0.76044080980544      h
   -2.19069444200944      1.51867985590988      1.09691956707094      h
   -1.57983958324940     -1.82118949996700     -1.36394882451236      h
    2.59139483992185      1.37382537565181      0.62815400276163      h
  0.12253242465419D-04  -.18803321175813D-04  0.15029538024015D-04
  -.39193090736999D-04  -.96461749903622D-04  0.61631421751464D-04
  0.60465858946743D-04  -.75565249183881D-04  -.36642521835466D-06
  -.12355730158891D-04  -.11723912145158D-03  0.85249519305573D-05
  0.99469365715599D-05  0.45482358283002D-04  -.40430062118365D-04
  0.15377442263209D-04  0.41923773992811D-04  0.14093806622831D-04
  -.52562163360284D-04  0.85527270340958D-04  -.60387051995981D-04
  0.79332716126625D-05  0.76110620134888D-04  -.41473184709127D-04
  -.20205172784709D-04  0.14232752075135D-04  0.48194040226056D-06
  0.87904901207841D-05  0.68916764232323D-04  -.30012886786955D-04
  cycle =     28    SCF energy =     -689.3405836185   |dE/dxyz| =  0.000175
    0.46674560729093     -0.03065996939188      4.09469751492417      cl
    2.89636440223536      1.46072296070529     -1.19435465048501      o
   -0.31903997912405     -3.09983621929834     -1.00815932796691      o
   -2.63847025126927      1.96132447957038     -0.64248993275984      o
    2.35818457538044     -0.21496689073133     -1.69866789047969      h
   -0.98919741279082      2.40477262891055     -1.30218042024098      h
    0.05797259148030     -2.71101583361145      0.76050306318384      h
   -2.19195704939330      1.51888703269721      1.09717323502182      h
   -1.58017685990440     -1.82071323436854     -1.36308091380866      h
    2.59173549414366      1.37362278834997      0.62780265169081      h
  0.59825381932770D-05  -.20594002599725D-04  0.32622352299501D-05
  -.50939166816081D-05  -.50042374582818D-04  0.37578184579796D-04
  0.35461133683671D-04  -.51296090939514D-04  -.17044661955802D-04
  -.62412498088873D-05  -.85486579730010D-04  -.21302637356578D-04
  0.90219470281818D-05  0.19635932997417D-04  -.34447745867741D-04
  -.39467189092104D-06  0.23073325843382D-04  0.71336388288504D-05
  -.18182493436280D-04  0.62051636517017D-04  -.13558205403803D-04
  -.15325082968799D-05  0.59710554519261D-04  -.12633546435853D-05
  -.27002936604912D-04  0.18551644659014D-04  -.16376908943196D-04
  -.15368158405591D-05  0.48900464118195D-04  -.17035694248605D-04
  cycle =     29    SCF energy =     -689.3405838014   |dE/dxyz| =  0.000109
    0.46610584380040     -0.03096474952996      4.09399062175493      cl
    2.89676844968401      1.46073497707750     -1.19467806818506      o
   -0.31894225873933     -3.09976238292243     -1.00815038377332      o
   -2.63883194911928      1.96248199524299     -0.64229147146667      o
    2.35877918477666     -0.21520067656863     -1.69848603800318      h
   -0.98921244383701      2.40445443126334     -1.30198638005548      h
    0.05888663942389     -2.71168003554740      0.76051207334620      h
   -2.19274244877067      1.51922356105698      1.09730370347935      h
   -1.58039783006335     -1.82084087936423     -1.36241653926812      h
    2.59174793089353      1.37369150212371      0.62744581125090      h
  -.21463274191839D-05  -.19647374128737D-04  -.98234955172670D-05
  0.16937548242440D-04  -.80519137455212D-05  -.40522186286875D-05
  0.81556252298261D-05  -.14299600156600D-04  -.34073581883711D-05
  0.98219395208543D-05  -.50023251550681D-04  -.34900672378068D-04
  0.78490024943940D-05  0.39815667355997D-05  -.30514733541552D-05
  -.19216176966723D-04  0.48537034907867D-05  0.95863789281381D-05
  0.13819551820212D-04  0.34892298223963D-04  0.73284929264337D-06
  -.82841891445221D-05  0.43119999420905D-04  0.15181033444262D-04
  -.26860977332413D-04  0.55373821051550D-05  -.34958874524932D-04
  -.97077625031919D-05  0.24740365311111D-04  -.86389236690436D-05
$end
