$hessapprox internal
  0.573553410335D+00  0.947372356262D-02  0.186038209427D-01  0.126325542209D-02
 -0.188771945707D-01  0.164856955352D+00  0.971554069904D-03 -0.121555659639D-02
  0.576614482931D-02  0.762704567781D-01 -0.414158444851D-03  0.452317592066D-02
 -0.357499440671D-02 -0.130114910762D-02  0.574083528001D+00 -0.214233068181D-02
  0.646314364173D-02  0.301362243106D-02 -0.108030345238D-01 -0.866726853586D-02
  0.530214412133D+00  0.945118925251D-02  0.562180258301D-02 -0.813728179155D-02
 -0.515009398842D-02  0.312059223768D-02  0.363165895093D-02  0.587759012616D+00
  0.175738977603D-01  0.357526455512D-02 -0.189695342744D-01  0.173679284853D-02
 -0.217868025914D-02  0.146635769614D-02  0.250354208166D-01  0.566816204790D+00
 -0.243922185266D-02  0.510234724757D-02  0.134923741360D-01 -0.776914581427D-02
 -0.367953926791D-02  0.824472327051D-03  0.682224406150D-03  0.612091522183D-02
  0.561442029451D+00 -0.109936682580D-01  0.794984184869D-02 -0.114675244905D-01
  0.544248842463D-02 -0.220403104799D-01 -0.290410667443D-01  0.280220032394D-02
 -0.183424079023D-01  0.438241527276D-03  0.280021525189D+00  0.483987882508D-02
 -0.124535555657D-01  0.334507943099D-01  0.338599514015D-02 -0.663134631323D-02
 -0.104775146592D-01 -0.304102052569D-01 -0.497545172960D-01 -0.113345500456D-01
  0.391260130192D-02  0.268099400174D+00  0.459030603104D-02  0.574107891949D-02
 -0.338304846511D-01 -0.320771129664D-02  0.613340707062D-02 -0.118452762313D-01
  0.107119936601D-01  0.126345665876D-01 -0.727735505714D-02 -0.886977341795D-02
 -0.109496698749D-01  0.424483029943D-01  0.406424474582D-02 -0.361681810389D-02
 -0.175065821030D-01  0.103926402407D-02  0.492309606596D-03  0.159952403213D-02
  0.162256294236D-02 -0.732784864460D-03 -0.237436032960D-02 -0.230043070221D-02
  0.395887620811D-02  0.163982058992D-02  0.828638928852D-01  0.252251142839D-02
 -0.647728344745D-03  0.856910402515D-03 -0.135044656423D-01 -0.916969022640D-03
  0.270790420441D-02  0.698735396746D-02 -0.156765610397D-02  0.228520398779D-02
 -0.780717055023D-02  0.673793029584D-02  0.856379173433D-03  0.457016340444D-01
  0.623100243821D-01  0.929838152536D-03 -0.254552928009D-02 -0.104124224759D-01
  0.364993372515D-02 -0.215941243118D-02 -0.238910123773D-02 -0.175242843796D-02
 -0.176609683649D-03 -0.398461775916D-02 -0.488819182925D-02  0.205076216248D-02
 -0.109305260202D-02  0.720873442694D-02  0.210795718454D-02  0.617998483703D-01
  0.243260303576D-03 -0.170147639757D-02 -0.123472525036D-01  0.139724873547D-01
  0.166893196491D-02  0.198020471379D-02 -0.232309979781D-02 -0.124081780284D-02
 -0.125154712970D-02  0.714135867208D-02 -0.721233218483D-02  0.216203765947D-02
  0.431177201740D-01 -0.501582993410D-02 -0.287579192370D-01  0.703940193215D-01
  0.102418329694D-02  0.615488183757D-03  0.993990057136D-02 -0.515551236405D-02
  0.185046273742D-03 -0.213890528400D-02  0.285000496866D-02 -0.753726980508D-03
  0.236032906444D-02 -0.728292502152D-02  0.867342950609D-02  0.480847239693D-02
  0.118897986341D-01 -0.256850953687D-01  0.273559497153D-01  0.177730839737D-01
  0.770716902593D-01  0.193176939279D-02  0.165935560103D-02 -0.613855354062D-02
 -0.849104908997D-02  0.519309906206D-03 -0.259201619533D-02  0.564041066337D-02
 -0.580717589391D-03 -0.246499735551D-02 -0.866428257137D-02 -0.509419234848D-02
  0.351742443794D-02  0.264532322589D-03 -0.442571577179D-02  0.166779076692D-02
  0.471427946967D-02  0.110698811702D-01  0.193432147869D-01 -0.125592451516D-02
 -0.650398511495D-03 -0.138922774489D-01  0.158028045897D-01  0.306431227621D-02
  0.279000878126D-02 -0.299869652640D-02 -0.620291547621D-02  0.841727214109D-02
  0.116957214724D-01 -0.213126753152D-01 -0.564368942453D-02  0.164518376826D-01
 -0.948690162888D-02  0.159510435865D-01  0.185366011136D-01  0.223027162153D-02
 -0.107623321415D-02  0.497854554455D-01  0.537170053417D-02  0.255183814698D-02
 -0.300186837318D-01 -0.116381373625D-01  0.898625968106D-03  0.498691691583D-02
  0.113788192896D-01  0.332076473215D-02 -0.176449585249D-01 -0.251756702575D-02
 -0.156179460152D-03  0.209421230243D-01 -0.983042054963D-02 -0.109721353830D-01
 -0.298851684676D-02 -0.195846140910D-02  0.113620654873D-01  0.247644078480D-02
 -0.124722723455D-01  0.336356292392D-01  0.270920967915D-02 -0.205153423599D-02
  0.613039797727D-02  0.530386778351D-02 -0.298031049496D-03  0.434080591807D-02
 -0.141527098224D-02 -0.117210422726D-01 -0.904876339044D-02  0.130939448516D-02
 -0.252062618522D-02  0.591518707179D-02  0.317471073062D-02 -0.620343195223D-02
  0.153511448609D-01 -0.173614498933D-02  0.241033350624D-01 -0.243983682914D-04
 -0.178527598436D-02  0.425698044121D-02  0.354238022832D-01  0.432542607120D-02
  0.809036601483D-03 -0.342867952508D-01 -0.365399881137D-02 -0.106298115321D-01
 -0.402257844325D-02  0.739880392440D-02  0.382637206821D-03 -0.433238375868D-02
 -0.189282138510D-01  0.104748547899D-02  0.224064927364D-01 -0.137884972939D-02
 -0.177795297774D-01  0.618761160229D-02  0.752317486491D-02  0.266773516134D-01
  0.636518487722D-02 -0.452196937238D-02  0.220690646568D-01  0.981642754838D-02
  0.430685243122D-01  0.129211296553D-01 -0.879654144762D-02 -0.107902934136D-01
 -0.119354050878D-01  0.631299991645D-03 -0.981375909886D-02  0.815432539555D-02
 -0.100302051374D-01 -0.105282475179D-01 -0.353763301569D-01  0.231019676503D-01
  0.723983836982D-02 -0.123966299215D-01  0.886650290584D-02 -0.196853208657D-01
 -0.132896571229D-01 -0.193703980879D-01 -0.429448199647D-02 -0.419008525031D-01
  0.139730175504D-01  0.583408936142D-02  0.162308995083D-01  0.964804483431D-01
 -0.792150048073D-03 -0.799342287417D-02  0.597175148360D-01  0.174591408233D-01
 -0.836171763979D-02  0.118858067189D-01 -0.566104770090D-02 -0.527425564347D-02
  0.172288790064D-02  0.196231447117D-02  0.102500967226D-01 -0.185674859135D-01
  0.869960795771D-02 -0.831154547911D-02  0.609859251142D-03  0.223738897175D-01
  0.151209585642D-01  0.337520873885D-02  0.217659649529D-01 -0.232049334806D-01
 -0.473091763656D-02 -0.215608291028D-01 -0.397106481747D-01  0.751133418435D-01
$end
