$vibrational normal modes
 1  1   0.0732102056  -0.1358700710   0.3910812240  -0.2103599071   0.0462793850
 1  2   0.1797578304   0.0575154131   0.1591614057   0.0102433568  -0.0637299722
 1  3  -0.1151674266   0.0266153903  -0.0032385931   0.0029104115   0.0007166517
 1  4  -0.0036157992   0.0022679648  -0.0002604204   0.0001870469   0.0067962369
 1  5   0.0002521845  -0.0005257753   0.0010884050  -0.0001675402   0.0003031611
 1  6  -0.0005446565  -0.0000053486  -0.0000207060  -0.0000757440   0.0001726591
 2  1   0.0142594865   0.0712299294  -0.2349331784  -0.4899175153   0.0046420915
 2  2   0.0753433141   0.1565484829  -0.0563535441  -0.0119021618  -0.1170081219
 2  3   0.0646560705  -0.0061579198  -0.0035597112  -0.0039487414  -0.0007242490
 2  4  -0.0020329620  -0.0033232807  -0.0000524089   0.0067572024  -0.0001369367
 2  5  -0.0000951211  -0.0010762307  -0.0005479748   0.0000570335  -0.0005457412
 2  6  -0.0003080777   0.0000113693  -0.0000131218   0.0001760187   0.0000679616
 3  1   0.0746798768   0.0760864320   0.1062411180  -0.1069932838  -0.0738691711
 3  2  -0.2643624203   0.0134050245  -0.0076631233   0.2760976142   0.0044231483
 3  3   0.0026330899   0.2610110646  -0.0015706556  -0.0003492601  -0.0067235596
 3  4   0.0001442611   0.0008129716  -0.0042105000   0.0001803161  -0.0006578168
 3  5   0.0034693181   0.0000069303  -0.0001181383  -0.0017633594  -0.0000448889
 3  6   0.0000354436  -0.0001669211  -0.0001265271   0.0000097112  -0.0000160407
 4  1  -0.2615179901  -0.0431787907   0.1336819533  -0.1182197804   0.2175951290
 4  2  -0.1506019988   0.2101804799  -0.2362195973  -0.3143823259   0.2277412212
 4  3  -0.1033450606   0.2173781792  -0.0006485890  -0.0066691455   0.0084803385
 4  4   0.0022950878  -0.0227871092  -0.0040113128  -0.0171236903   0.0431668984
 4  5   0.0309966204  -0.0087674647  -0.0152354595  -0.0168815004  -0.0005089004
 4  6   0.0077552280  -0.0068715453   0.0084852645   0.0038047448   0.0133208771
 5  1   0.2418896495  -0.3700090407  -0.2517581493  -0.0741016771   0.0104674612
 5  2  -0.0925191830   0.0110921232   0.2683486131  -0.1202881027   0.2409533519
 5  3   0.1785271791   0.1073593274  -0.0029817609  -0.0095272257   0.0003825828
 5  4   0.0094556802  -0.0044900299   0.0199895277   0.0125132900  -0.0032087978
 5  5  -0.0042293791  -0.0247654486  -0.0346663516  -0.0301656024  -0.0029616710
 5  6   0.0004726965  -0.0061979335   0.0285828852   0.0130014449   0.0446197800
 6  1  -0.0149212015  -0.0058072390  -0.0167933803   0.0526666500   0.0065023427
 6  2  -0.4635391399   0.2178889989   0.2738337076  -0.2010610470  -0.2337559129
 6  3  -0.1416830762  -0.1822704631   0.0119116957   0.0083004030  -0.0265415092
 6  4  -0.0014350893  -0.0165941719   0.0057967021   0.0021158243  -0.0045520819
 6  5   0.0073445779   0.0159502406   0.0262026493   0.0233224256  -0.0056629932
 6  6  -0.0481735196   0.0326409273   0.0172849534   0.0084480241   0.0160725870
 7  1  -0.1871916623  -0.4251898319  -0.0197125406  -0.1852565851  -0.1304560856
 7  2  -0.1545033174  -0.3081261373  -0.2422640842   0.0497880553  -0.1831753048
 7  3  -0.0451469114  -0.0489970579  -0.0042114997   0.0015254890  -0.0079178565
 7  4  -0.0016569433  -0.0057689413   0.0200559042   0.0112490848   0.0283171821
 7  5  -0.0176158724  -0.0083290459   0.0216583162  -0.0136239944   0.0116016359
 7  6   0.0029428995   0.0030003033   0.0272113734  -0.0325298882  -0.0075124140
 8  1   0.1904650523  -0.0915537627  -0.1383884223  -0.0444973090   0.2476527675
 8  2  -0.0757988938   0.0628470739  -0.1881013792   0.3060054201   0.1579614473
 8  3  -0.2965959331  -0.2541445606   0.0009070553  -0.0059719791  -0.0143549863
 8  4   0.0198929947  -0.0025155389  -0.0047635040   0.0258291656   0.0246282603
 8  5  -0.0247427760   0.0168253665  -0.0340072418   0.0302748714   0.0072765932
 8  6   0.0062889470   0.0102656822  -0.0245580586   0.0308775271   0.0079616606
 9  1   0.0087405347   0.2185194212   0.1113587403  -0.3788038006  -0.1928670746
 9  2  -0.1220188596  -0.3167161637   0.1036737697  -0.1777413991   0.2759939922
 9  3  -0.1028489752  -0.1726324816  -0.0005311753  -0.0159300428  -0.0146768753
 9  4  -0.0192500364   0.0179852493   0.0036458602   0.0000775503  -0.0010283651
 9  5   0.0114070683   0.0155124308  -0.0297152778   0.0242991639   0.0437627254
 9  6   0.0195185639   0.0304924019   0.0159656282  -0.0123778693   0.0004508766
10  1  -0.2356795327   0.0024316514   0.1842896793  -0.1185324390   0.2496297263
10  2  -0.1138217973  -0.0231479346   0.1443872602   0.2402152211   0.0749843900
10  3   0.3489564448  -0.2190575306  -0.0171232271   0.0003560878  -0.0106550556
10  4  -0.0068112059  -0.0129254279  -0.0135580626  -0.0145971609   0.0107359846
10  5  -0.0108448024  -0.0494074667   0.0035315895   0.0364982509  -0.0099540993
10  6   0.0036126597   0.0125544128  -0.0286245900  -0.0325393265   0.0290785540
11  1   0.1448817570   0.1197244443  -0.0596830177  -0.0428209407   0.4104725753
11  2  -0.0567620381  -0.4030460013   0.0369532768  -0.1593507731  -0.1938515377
11  3  -0.0046644783   0.1577578894   0.0064014229  -0.0033320070   0.0130665688
11  4   0.0141237012   0.0025324660  -0.0137816895   0.0443550681  -0.0005013838
11  5   0.0278091535  -0.0024187911   0.0019931175  -0.0021805860   0.0099098729
11  6  -0.0079391719  -0.0064349161  -0.0098339524  -0.0094678351   0.0091948165
12  1   0.3321780842   0.0058452252   0.3156028653   0.0210890305  -0.0362729160
12  2  -0.1275393866   0.0689967906  -0.3615431730  -0.1989655650  -0.0507741685
12  3   0.2424416865  -0.1427857874  -0.0161076765   0.0110949056  -0.0135586772
12  4   0.0208183595   0.0149946006   0.0060838385   0.0018494253  -0.0006936493
12  5   0.0122416711  -0.0256653273   0.0004029063   0.0184465256  -0.0373369279
12  6   0.0291109415   0.0293051552   0.0210217187   0.0134548420  -0.0162447727
13  1  -0.2681979493  -0.1870856708   0.0436348537  -0.1351645615   0.0959932507
13  2  -0.1883511593   0.1765933589   0.0951131221  -0.3578839436   0.1238731681
13  3   0.0454911373   0.2474656183   0.0122470507  -0.2250434671  -0.0820038715
13  4   0.4155816233   0.5755543909  -0.2118651071   0.1067364205  -0.2138451414
13  5  -0.4712394545   0.0657249020   0.0878462083   0.0959353949   0.0127731099
13  6  -0.0045079170   0.0244272984  -0.1434712840  -0.0672853630  -0.2219762907
14  1   0.2529120449  -0.3474354703  -0.2256427923  -0.0236023085   0.0693689526
14  2  -0.1058585672   0.0820351545   0.2105745843  -0.1629761708   0.2421087512
14  3   0.1540877909   0.1252156150   0.0576602217  -0.0828180569  -0.1203847495
14  4  -0.1371178718  -0.2170974592   0.1191388539  -0.0156813225   0.0943803621
14  5   0.1869486456   0.0767758136   0.1150252435   0.1009941650   0.0480805703
14  6  -0.0137937779   0.1025701676  -0.4729352605  -0.2153258060  -0.7320629765
15  1  -0.0444583725   0.0726482887  -0.0075854990  -0.0972329070  -0.0596804358
15  2  -0.3788906055   0.0392959677   0.1379495545  -0.0530980490  -0.1369606492
15  3  -0.2037520086  -0.2464577660  -0.1900713267   0.4565651020   0.4395745870
15  4   0.0545875988   0.0753815911  -0.1170058504  -0.0342445270  -0.0721623990
15  5  -0.0988313855  -0.3004932363  -0.4364549262  -0.3802232644   0.0174835681
15  6  -0.0355988530   0.0594823134  -0.1673405551  -0.0734074771  -0.2566220759
16  1  -0.2809824279   0.0354210340   0.1613624770  -0.1034273323   0.2903518330
16  2  -0.1541633673  -0.0974874133   0.2781558327   0.3131008394  -0.0071073828
16  3   0.3170807597  -0.2638831783  -0.1384475689  -0.2283752157   0.1786282324
16  4   0.0746826629  -0.0700465866  -0.0104409296   0.0382816910   0.0299157328
16  5   0.0546432009   0.2395114700  -0.0189792330  -0.1776491867   0.0331725763
16  6   0.0315667174  -0.0955541892   0.4897220312   0.5300231899  -0.4865135850
17  1   0.1919558652  -0.0484448825  -0.1103064484  -0.0099863775   0.3090575872
17  2  -0.0823535757  -0.0966378456  -0.0997691974  -0.2122894419  -0.0139732657
17  3   0.0251507090   0.1922015933   0.1899455130   0.1423085912  -0.1423604092
17  4  -0.6961422771   0.0912939799  -0.2364591305  -0.2440044993   0.0194525474
17  5  -0.4817945180  -0.0918733106   0.0116593333   0.0779221013   0.0148193175
17  6   0.0081757584  -0.0385955958   0.1444142819   0.1568249037  -0.1406875800
18  1   0.2503925481  -0.0241191963   0.2244362436   0.0808061605  -0.0022724692
18  2  -0.2455063204   0.0956193135  -0.1483237705  -0.0831926286  -0.1213227479
18  3   0.1851290226  -0.2095365186  -0.1861078558  -0.4364246212   0.3309789011
18  4  -0.2659436735  -0.0644538979  -0.1458011926  -0.0702822926   0.0643980563
18  5  -0.1700610156   0.5014980841  -0.0377425858  -0.3478680984  -0.0432981693
18  6   0.0017951342   0.0673885003  -0.2239637124  -0.2419301935   0.2187785528
19  1  -0.0875376111  -0.3817217389   0.0983175471  -0.2035302613  -0.1205056088
19  2  -0.0409594781  -0.1684936398  -0.1869626961  -0.0050005100  -0.0945876860
19  3   0.0486216583  -0.0379946488   0.3526408564  -0.0851089612   0.0384694851
19  4   0.1091654440  -0.2650805856  -0.4466915011  -0.1997243518  -0.4728935743
19  5   0.1982032189   0.1488820685  -0.3898229305   0.2393579735  -0.1765223783
19  6  -0.0867591152  -0.1327125645  -0.0090541330  -0.0118846831  -0.0165508426
20  1   0.1308506418  -0.0440312583  -0.1756796659  -0.2004113909   0.1553629157
20  2  -0.0237684728  -0.1986423341  -0.0870498182   0.0280389874   0.2194268545
20  3  -0.3750088037  -0.1628841937  -0.4756805919  -0.0423920052  -0.3352879320
20  4  -0.0149469726  -0.0406011725  -0.2147780447  -0.3151410100  -0.4058760859
20  5   0.1704688249  -0.1912239233   0.3716378173  -0.3356769312  -0.1133560062
20  6  -0.0522736510  -0.0836609993  -0.0342867146   0.0212780924  -0.0042300468
21  1   0.0004937304   0.1988151325   0.0942927847  -0.3407410659  -0.1747767879
21  2  -0.1576931396  -0.3096376540   0.0675048678  -0.1098106392   0.2491439731
21  3  -0.1177301791  -0.1987400144   0.0098215553   0.0124881025   0.0390398455
21  4  -0.0360655176   0.0786391233   0.1491320303   0.1116599182   0.1922313627
21  5  -0.0719544528  -0.0028368595   0.0265520480   0.0055088915  -0.7108138332
21  6  -0.3345778769  -0.5302614024  -0.1069285100   0.0187068551  -0.0519908133
22  1  -0.1262339172  -0.0240960944   0.2706528439  -0.1481723209   0.1968565761
22  2  -0.0049966321   0.0451226465  -0.1165196943   0.0677884007   0.1668063163
22  3   0.4166960351  -0.1548930369   0.1867669735   0.4851084762  -0.4073159013
22  4   0.0267487771   0.0865547476   0.0449389059   0.1574456047  -0.0902154239
22  5   0.0345459781   0.5627546144  -0.0455887782  -0.4002400168   0.1143898625
22  6  -0.0864561308  -0.0971310842  -0.0423735910  -0.0135520605   0.0250340993
23  1   0.0872790805   0.1602333195  -0.0990315457  -0.1972121552   0.3140797260
23  2  -0.0058458203  -0.2981767115   0.0903363026   0.0107268813  -0.1103288426
23  3  -0.0746363890   0.1029256955   0.1266374285   0.0489060435   0.0163034352
23  4   0.2799611110  -0.0781906649   0.4866819262  -0.7173850112  -0.0282007029
23  5  -0.2519216585   0.1504743601  -0.0464709697  -0.0412077040  -0.1609792327
23  6   0.1147354006   0.1344239904   0.0221265854  -0.0111770712  -0.0064499843
24  1   0.2894216538   0.0229790407   0.2834210352  -0.0106852957  -0.0473234727
24  2  -0.1424606729   0.0900460206  -0.2972959891  -0.1152128586  -0.0454867308
24  3   0.2182687429  -0.1771983910  -0.0290212388  -0.0858114695   0.0802223651
24  4   0.0753277338  -0.0273836748   0.1181416101  -0.2248191910   0.0150046534
24  5  -0.0652856437  -0.0777895805  -0.0008398451   0.0752266513   0.6292716991
24  6  -0.4597024308  -0.5314475285  -0.1072411524   0.0286318602   0.0372724810
25  1  -0.2259470493  -0.3199226760   0.0055566991  -0.1624057594  -0.0295346263
25  2  -0.1725454492  -0.1165940586  -0.0864557037   0.0654357505  -0.1326298858
25  3   0.0821072932  -0.0663559035   0.1635742906  -0.0636460887   0.1602059434
25  4  -0.2194950499   0.4655784532   0.1760306216  -0.1187193467  -0.1445962586
25  5   0.3671983004  -0.0068808061   0.0235321306  -0.0235555474  -0.0034553361
25  6   0.0436697543   0.0871819720  -0.4269418655   0.5265325662   0.1320870028
26  1   0.1859560575  -0.0014704718  -0.0882007442   0.0034785921   0.3560568350
26  2  -0.0821208414   0.3267546373  -0.0703416561   0.3818337851   0.2086484303
26  3  -0.1376294811  -0.3041192662   0.3318111563  -0.0722748386   0.2200994857
26  4  -0.1396290468   0.3754587633   0.1073650831  -0.0797009786  -0.1428524492
26  5   0.3042067471  -0.0771134731   0.1723940085  -0.1487174073   0.0072598013
26  6  -0.0367528116  -0.0707784125   0.4132891880  -0.5117190480  -0.1248055291
27  1   0.1305414264   0.1689637881   0.2026834156  -0.2868544978  -0.1607313170
27  2  -0.0805760769  -0.1079929425  -0.0186113950  -0.0197825238   0.2671192506
27  3  -0.0066840821  -0.2492974575   0.5357976370  -0.0220454689   0.1928106787
27  4   0.1887948755  -0.3099473728  -0.1643200199   0.0983793769   0.0262085359
27  5  -0.1806240583  -0.2253018574   0.4785517294  -0.3704444531   0.0239204200
27  6   0.0295345436   0.0482613157  -0.1449068679   0.1761032886   0.0455170443
28  1  -0.1521053093  -0.0392792237   0.2377398686  -0.1439306243   0.1909296103
28  2  -0.0353072635   0.0599938764  -0.2783863034  -0.0567607368   0.2875897677
28  3  -0.0412016930   0.1439079323  -0.1139328026   0.0906908705   0.2470078964
28  4  -0.1815217865  -0.2138997366   0.4177192859   0.3343471990  -0.6524774578
28  5  -0.2324740391   0.0641111922   0.1467246305   0.1769218448  -0.0090942742
28  6  -0.1055098785   0.0761496531   0.0205932665   0.0112748486   0.0080888437
29  1   0.1708389217  -0.2626775973  -0.2651344250  -0.2248948252  -0.0318986753
29  2  -0.0365192981  -0.0976845181   0.0780434365  -0.0452165226   0.3146593575
29  3   0.0820407671   0.0890832617  -0.1738466896   0.4440638688   0.4014821599
29  4   0.0893473878   0.0570263029  -0.2830310907  -0.1784050008   0.1358823322
29  5   0.0938978223   0.3352397308   0.4534403688   0.3775575479  -0.0024179244
29  6   0.0094357792  -0.0067852451   0.0200610838   0.0077235860   0.0252778029
30  1   0.0000000000   0.0000000000   0.0000000000   0.0411178258   0.0000000000
30  2  -0.4415316444   0.1946730773   0.2749095735  -0.1591447752  -0.2325746176
30  3  -0.1346641716  -0.1994668711  -0.0101409701   0.0325089718   0.0233296315
30  4  -0.0238898731  -0.0409182686   0.0614990650   0.0487935849  -0.1029549741
30  5  -0.0272222490   0.0126590703   0.0234491065   0.0311302127   0.0729072684
30  6   0.7900650216  -0.5748183138  -0.1066273224  -0.0596351594   0.0031853737
$end
