$dipgrad          cartesian dipole gradients
  -.86890988749317D+00  -.17586082775229D-01  -.21250998796648D-01
  0.14955398670190D-01  -.86609687098288D+00  -.14238643206747D-01
  -.23381658489088D-01  -.10670124821942D-01  -.10582594447332D+01
  -.66831589394447D+00  -.12088777504159D+00  0.87677642154927D-01
  -.14451041094411D+00  -.70087694380281D+00  0.81574448426713D-01
  0.11231284435096D+00  0.75079758859038D-01  -.83591062547321D+00
  -.58125488524338D+00  0.77513321870878D-01  -.15042665819837D-01
  0.52863903415905D-01  -.84276915982701D+00  -.12145191186587D+00
  -.28616968861077D-01  -.14142629677309D+00  -.78085250570697D+00
  -.85993079403955D+00  0.77770325573858D-01  -.10891712137453D+00
  0.48394596310519D-01  -.56444832629796D+00  0.25475429704305D-01
  -.11517595438808D+00  0.43793085852156D-01  -.78219829704836D+00
  0.39680464793688D+00  0.34338096508234D-01  -.42589478777681D-01
  0.36024106964180D-01  0.29126803639483D+00  -.39821903725580D-01
  -.69592502021978D-02  -.46174571958704D-01  0.29702527094203D+00
  0.39664613716044D+00  -.97422899334075D-01  0.17038474830810D+00
  -.73556652331091D-01  0.24704595900443D+00  -.40949421523820D-01
  0.18700312286177D+00  -.89028509712372D-01  0.50679658615636D+00
  0.28274389952174D+00  0.27077977159282D-01  -.18711004016899D-01
  0.26932371977869D-01  0.41429502847779D+00  0.30059690119258D-01
  -.41467986234026D-01  0.20023388809800D-02  0.29150140538922D+00
  0.36620291424190D+00  -.58534141682543D-01  0.39294747170669D-01
  -.65276078739401D-01  0.34337770585548D+00  -.26532040200799D-02
  0.27018731665777D-01  0.30949254195455D-01  0.27758424126580D+00
  0.21182595288226D+00  0.15977402284514D-01  0.21235230544962D-01
  0.30604542745929D-01  0.43273824941410D+00  0.16423473043710D+00
  0.54721776520608D-01  0.20690665398922D+00  0.50349171539869D+00
  0.32418790897724D+00  0.61753775436758D-01  -.11208109939322D+00
  0.73568221929955D-01  0.24546632176403D+00  -.82229214345345D-01
  -.16545465722471D+00  -.71431588510755D-01  0.58082165380954D+00
$end
