$hessian (projected)
 1  1   0.0077129467   0.0000589599   0.0025798930   0.0018338502  -0.0012695926
 1  2   0.0106626655   0.0043985352  -0.0020218996  -0.0030983298  -0.0014823133
 1  3   0.0023888548  -0.0123260443  -0.0030300703  -0.0000945525   0.0005127624
 1  4  -0.0008897381  -0.0021442011   0.0061653630  -0.0016664838  -0.0011317975
 1  5  -0.0007410744  -0.0006556236   0.0011593809   0.0014945324  -0.0045920369
 1  6   0.0016509203   0.0020951995  -0.0016290661   0.0014039273  -0.0073449672
 2  1   0.0000589599   0.0074565215   0.0014299859  -0.0010801905   0.0044164580
 2  2   0.0044102834  -0.0020420026  -0.0026936061  -0.0136095502   0.0034389204
 2  3   0.0035881815   0.0066667520   0.0000250340  -0.0008479798  -0.0011836375
 2  4  -0.0031451251  -0.0035163063  -0.0046969283  -0.0010280374  -0.0023227467
 2  5   0.0010656598   0.0010626118  -0.0025260152   0.0006278133   0.0015755628
 2  6   0.0010349780   0.0074902151   0.0011342667  -0.0045894849  -0.0022005937
 3  1   0.0025798930   0.0014299859   0.0292535365   0.0064354054   0.0033245052
 3  2  -0.0144172386  -0.0019907646  -0.0093794702  -0.0096404952  -0.0091667724
 3  3   0.0034697842  -0.0100103981   0.0006247848  -0.0010135830   0.0013145693
 3  4   0.0035002505  -0.0019424015  -0.0002640243  -0.0006761249   0.0009605590
 3  5   0.0014385960   0.0013095076   0.0007847682   0.0009841787   0.0009903401
 3  6   0.0037314084  -0.0006941958  -0.0036065195  -0.0013655562   0.0020354716
 4  1   0.0018338502  -0.0010801905   0.0064354054   0.4555608361  -0.1751472372
 4  2   0.0368936536  -0.0007047235  -0.0076219687   0.0016168962  -0.0131869018
 4  3   0.0004453476   0.0035854275  -0.3961072684   0.1644026620  -0.0534122644
 4  4   0.0004323251  -0.0002359773  -0.0033602925  -0.0038052067   0.0046747063
 4  5   0.0003367561   0.0017731094   0.0019640822   0.0001825658  -0.0003250195
 4  6   0.0008488515  -0.0016159851  -0.0454710010   0.0117497240   0.0093378374
 5  1  -0.0012695926   0.0044164580   0.0033245052  -0.1751472372   0.1080822425
 5  2  -0.0898355114  -0.0090920140  -0.0079962429   0.0031511449   0.0017641335
 5  3   0.0046988834  -0.0005760042   0.1709904971  -0.0855278266   0.0278251769
 5  4  -0.0002424923  -0.0015568276   0.0010770746   0.0044409616   0.0066447884
 5  5   0.0014190371   0.0022787758  -0.0020224973  -0.0002902650   0.0010683553
 5  6  -0.0007178793  -0.0034380896   0.0052086129  -0.0260210986   0.0573429314
 6  1   0.0106626655   0.0044102834  -0.0144172386   0.0368936536  -0.0898355114
 6  2   0.5124746239   0.0002406372   0.0008063946   0.0056455924   0.0009963738
 6  3  -0.0001920453   0.0055859585  -0.1005393619   0.0471789695  -0.0630119963
 6  4  -0.0027888395   0.0005013156  -0.0025236184   0.0006992767   0.0025229819
 6  5  -0.0056858846   0.0006703960   0.0002778512  -0.0015220826  -0.0011097630
 6  6  -0.0025482790  -0.0025725197   0.0542749616   0.0368780395  -0.4339728345
 7  1   0.0043985352  -0.0020420026  -0.0019907646  -0.0007047235  -0.0090920140
 7  2   0.0002406372   0.3157328614   0.2208868739  -0.1208266902   0.0011986945
 7  3   0.0085695523   0.0009170649  -0.0029831136  -0.0000434598  -0.0001288246
 7  4  -0.0018043330  -0.0006735400  -0.0022628660  -0.2789781104  -0.1965828006
 7  5   0.1155766302   0.0002699340  -0.0065997605   0.0016138423  -0.0366801315
 7  6  -0.0160789095   0.0047941185  -0.0004496132   0.0016560606   0.0020668523
 8  1  -0.0020218996  -0.0026936061  -0.0093794702  -0.0076219687  -0.0079962429
 8  2   0.0008063946   0.2208868739   0.2350306203   0.0443654294   0.0064551942
 8  3  -0.0098692617  -0.0006728235   0.0006878487   0.0024480271  -0.0009160627
 8  4  -0.0002927551   0.0013171141   0.0024117653  -0.1859276362  -0.1513934038
 8  5   0.0716981575  -0.0066502775   0.0018492341  -0.0017035459  -0.0269711057
 8  6  -0.0691719466  -0.1082072419   0.0014557260   0.0004794655   0.0015973973
 9  1  -0.0030983298  -0.0136095502  -0.0096404952   0.0016168962   0.0031511449
 9  2   0.0056455924  -0.1208266902   0.0443654294   0.5266765444  -0.0001785521
 9  3   0.0015985632   0.0057847320  -0.0000644021  -0.0015495809  -0.0010966037
 9  4  -0.0017028076   0.0014606381  -0.0030728914   0.1537749491   0.1041055818
 9  5  -0.1142826535   0.0024563020  -0.0026550867  -0.0053963675  -0.0332384601
 9  6  -0.1382271367  -0.4008820291   0.0012610945   0.0013599970  -0.0037358285
10  1  -0.0014823133   0.0034389204  -0.0091667724  -0.0131869018   0.0017641335
10  2   0.0009963738   0.0011986945   0.0064551942  -0.0001785521   0.0951476413
10  3  -0.0433770674   0.1588414347   0.0063237892   0.0022306508  -0.0042478714
10  4  -0.0711535528   0.0140132738  -0.1408514034   0.0005617677  -0.0028671704
10  5  -0.0003592425  -0.0178328525   0.0202860817  -0.0081916153  -0.0010037236
10  6  -0.0012834065   0.0003346011   0.0014274514  -0.0006606100   0.0028230475
11  1   0.0023888548   0.0035881815   0.0034697842   0.0004453476   0.0046988834
11  2  -0.0001920453   0.0085695523  -0.0098692617   0.0015985632  -0.0433770674
11  3   0.5204360632   0.0897167085   0.0017911721  -0.0050098591  -0.0009087343
11  4  -0.0032965867  -0.0483309039  -0.0198538453  -0.0025122832  -0.0011036454
11  5   0.0009118903   0.0380326206  -0.4633172576  -0.0719748254  -0.0015312889
11  6   0.0001352741  -0.0031803508  -0.0005103212  -0.0012274744   0.0004128549
12  1  -0.0123260443   0.0066667520  -0.0100103981   0.0035854275  -0.0005760042
12  2   0.0055859585   0.0009170649  -0.0006728235   0.0057847320   0.1588414347
12  3   0.0897167085   0.4621270969  -0.0052893698  -0.0011672577  -0.0040222315
12  4  -0.1451547954   0.0261973730  -0.3874910767  -0.0010723723   0.0011374521
12  5  -0.0012876308  -0.0019564241  -0.1193511552  -0.0639635631   0.0005918058
12  6  -0.0024271302  -0.0028329601   0.0018632731   0.0004760852  -0.0038899272
13  1  -0.0030300703   0.0000250340   0.0006247848  -0.3961072684   0.1709904971
13  2  -0.1005393619  -0.0029831136   0.0006878487  -0.0000644021   0.0063237892
13  3   0.0017911721  -0.0052893698   0.3960951663  -0.1730655704   0.0985469342
13  4   0.0004018068  -0.0004835541   0.0053645875   0.0029045865   0.0014901828
13  5  -0.0000966271  -0.0022083163  -0.0040581629   0.0005041721   0.0007157394
13  6  -0.0003624521   0.0003461115  -0.0021123196   0.0029850049   0.0006031708
14  1  -0.0000945525  -0.0008479798  -0.0010135830   0.1644026620  -0.0855278266
14  2   0.0471789695  -0.0000434598   0.0024480271  -0.0015495809   0.0022306508
14  3  -0.0050098591  -0.0011672577  -0.1730655704   0.0937622514  -0.0486945488
14  4  -0.0001146297   0.0015641069   0.0000544702   0.0020772117  -0.0052204334
14  5   0.0010519972  -0.0043851052  -0.0005367234   0.0012882849  -0.0000034923
14  6  -0.0001942558   0.0012868657   0.0089962853  -0.0004373073   0.0015643830
15  1   0.0005127624  -0.0011836375   0.0013145693  -0.0534122644   0.0278251769
15  2  -0.0630119963  -0.0001288246  -0.0009160627  -0.0010966037  -0.0042478714
15  3  -0.0009087343  -0.0040222315   0.0985469342  -0.0486945488   0.0819975815
15  4   0.0044339447   0.0007400406  -0.0022874538   0.0002881082   0.0000813864
15  5   0.0014720386  -0.0000328308   0.0003388118   0.0015223976   0.0000719289
15  6   0.0009025500   0.0002089764  -0.0460318871   0.0218150175  -0.0160972781
16  1  -0.0008897381  -0.0031451251   0.0035002505   0.0004323251  -0.0002424923
16  2  -0.0027888395  -0.0018043330  -0.0002927551  -0.0017028076  -0.0711535528
16  3  -0.0032965867  -0.1451547954   0.0004018068  -0.0001146297   0.0044339447
16  4   0.0714378858   0.0034670295   0.1393294468   0.0003698663   0.0007193789
16  5   0.0006636275   0.0032150957   0.0004720648  -0.0010078155   0.0009921661
16  6   0.0018948726   0.0015596614  -0.0030015219   0.0005382432   0.0011673272
17  1  -0.0021442011  -0.0035163063  -0.0019424015  -0.0002359773  -0.0015568276
17  2   0.0005013156  -0.0006735400   0.0013171141   0.0014606381   0.0140132738
17  3  -0.0483309039   0.0261973730  -0.0004835541   0.0015641069   0.0007400406
17  4   0.0034670295   0.0587310231   0.0221484856   0.0004125581   0.0000280974
17  5  -0.0005625212  -0.0163718284  -0.0065931210  -0.0477505518   0.0014664966
17  6  -0.0026853021   0.0000623084   0.0005497429   0.0010421194  -0.0008546866
18  1   0.0061653630  -0.0046969283  -0.0002640243  -0.0033602925   0.0010770746
18  2  -0.0025236184  -0.0022628660   0.0024117653  -0.0030728914  -0.1408514034
18  3  -0.0198538453  -0.3874910767   0.0053645875   0.0000544702  -0.0022874538
18  4   0.1393294468   0.0221484856   0.4026606864   0.0008853926  -0.0010336659
18  5   0.0003031220  -0.0062656063  -0.0003108628  -0.0154638921   0.0009630443
18  6   0.0010567326   0.0038351466   0.0000323342  -0.0008532261   0.0043040018
19  1  -0.0016664838  -0.0010280374  -0.0006761249  -0.0038052067   0.0044409616
19  2   0.0006992767  -0.2789781104  -0.1859276362   0.1537749491   0.0005617677
19  3  -0.0025122832  -0.0010723723   0.0029045865   0.0020772117   0.0002881082
19  4   0.0003698663   0.0004125581   0.0008853926   0.2851239022   0.1850666736
19  5  -0.1526009085  -0.0042939014   0.0025467896   0.0012523783  -0.0012821550
19  6  -0.0035234612   0.0001015469   0.0010657345  -0.0015527765  -0.0026522462
20  1  -0.0011317975  -0.0023227467   0.0009605590   0.0046747063   0.0066447884
20  2   0.0025229819  -0.1965828006  -0.1513934038   0.1041055818  -0.0028671704
20  3  -0.0011036454   0.0011374521   0.0014901828  -0.0052204334   0.0000813864
20  4   0.0007193789   0.0000280974  -0.0010336659   0.1850666736   0.1446368865
20  5  -0.0951414758   0.0029145464   0.0020239625  -0.0008763996   0.0067641212
20  6   0.0081164406  -0.0068981187  -0.0010478407  -0.0014099461  -0.0048583014
21  1  -0.0007410744   0.0010656598   0.0014385960   0.0003367561   0.0014190371
21  2  -0.0056858846   0.1155766302   0.0716981575  -0.1142826535  -0.0003592425
21  3   0.0009118903  -0.0012876308  -0.0000966271   0.0010519972   0.0014720386
21  4   0.0006636275  -0.0005625212   0.0003031220  -0.1526009085  -0.0951414758
21  5   0.1418015401  -0.0000030056  -0.0008260412   0.0015910030   0.0389366997
21  6   0.0246362926  -0.0253465858  -0.0017128554  -0.0042529963  -0.0000035450
22  1  -0.0006556236   0.0010626118   0.0013095076   0.0017731094   0.0022787758
22  2   0.0006703960   0.0002699340  -0.0066502775   0.0024563020  -0.0178328525
22  3   0.0380326206  -0.0019564241  -0.0022083163  -0.0043851052  -0.0000328308
22  4   0.0032150957  -0.0163718284  -0.0062656063  -0.0042939014   0.0029145464
22  5  -0.0000030056   0.0206853642  -0.0174328518   0.0081234790  -0.0003351601
22  6   0.0011324212  -0.0031782519  -0.0006176494  -0.0005809129  -0.0011235657
23  1   0.0011593809  -0.0025260152   0.0007847682   0.0019640822  -0.0020224973
23  2   0.0002778512  -0.0065997605   0.0018492341  -0.0026550867   0.0202860817
23  3  -0.4633172576  -0.1193511552  -0.0040581629  -0.0005367234   0.0003388118
23  4   0.0004720648  -0.0065931210  -0.0003108628   0.0025467896   0.0020239625
23  5  -0.0008260412  -0.0174328518   0.4694719077   0.1177250754   0.0018510141
23  6   0.0009951865   0.0043240893  -0.0001886381   0.0006553237  -0.0003074500
24  1   0.0014945324   0.0006278133   0.0009841787   0.0001825658  -0.0002902650
24  2  -0.0015220826   0.0016138423  -0.0017035459  -0.0053963675  -0.0081916153
24  3  -0.0719748254  -0.0639635631   0.0005041721   0.0012882849   0.0015223976
24  4  -0.0010078155  -0.0477505518  -0.0154638921   0.0012523783  -0.0008763996
24  5   0.0015910030   0.0081234790   0.1177250754   0.0824832015  -0.0032818778
24  6   0.0032484178  -0.0008891009  -0.0006896613  -0.0002940037   0.0006542253
25  1  -0.0045920369   0.0015755628   0.0009903401  -0.0003250195   0.0010683553
25  2  -0.0011097630  -0.0366801315  -0.0269711057  -0.0332384601  -0.0010037236
25  3  -0.0015312889   0.0005918058   0.0007157394  -0.0000034923   0.0000719289
25  4   0.0009921661   0.0014664966   0.0009630443  -0.0012821550   0.0067641212
25  5   0.0389366997  -0.0003351601   0.0018510141  -0.0032818778   0.0430437444
25  6   0.0178019396  -0.0041467660  -0.0005334233  -0.0020216028   0.0002230481
26  1   0.0016509203   0.0010349780   0.0037314084   0.0008488515  -0.0007178793
26  2  -0.0025482790  -0.0160789095  -0.0691719466  -0.1382271367  -0.0012834065
26  3   0.0001352741  -0.0024271302  -0.0003624521  -0.0001942558   0.0009025500
26  4   0.0018948726  -0.0026853021   0.0010567326  -0.0035234612   0.0081164406
26  5   0.0246362926   0.0011324212   0.0009951865   0.0032484178   0.0178019396
26  6   0.0637748877   0.1077269049  -0.0020807758  -0.0012873830   0.0019002397
27  1   0.0020951995   0.0074902151  -0.0006941958  -0.0016159851  -0.0034380896
27  2  -0.0025725197   0.0047941185  -0.1082072419  -0.4008820291   0.0003346011
27  3  -0.0031803508  -0.0028329601   0.0003461115   0.0012868657   0.0002089764
27  4   0.0015596614   0.0000623084   0.0038351466   0.0001015469  -0.0068981187
27  5  -0.0253465858  -0.0031782519   0.0043240893  -0.0008891009  -0.0041467660
27  6   0.1077269049   0.4250304464  -0.0002902359   0.0008334175   0.0041428219
28  1  -0.0016290661   0.0011342667  -0.0036065195  -0.0454710010   0.0052086129
28  2   0.0542749616  -0.0004496132   0.0014557260   0.0012610945   0.0014274514
28  3  -0.0005103212   0.0018632731  -0.0021123196   0.0089962853  -0.0460318871
28  4  -0.0030015219   0.0005497429   0.0000323342   0.0010657345  -0.0010478407
28  5  -0.0017128554  -0.0006176494  -0.0001886381  -0.0006896613  -0.0005334233
28  6  -0.0020807758  -0.0002902359   0.0513214086  -0.0135170579  -0.0051005043
29  1   0.0014039273  -0.0045894849  -0.0013655562   0.0117497240  -0.0260210986
29  2   0.0368780395   0.0016560606   0.0004794655   0.0013599970  -0.0006606100
29  3  -0.0012274744   0.0004760852   0.0029850049  -0.0004373073   0.0218150175
29  4   0.0005382432   0.0010421194  -0.0008532261  -0.0015527765  -0.0014099461
29  5  -0.0042529963  -0.0005809129   0.0006553237  -0.0002940037  -0.0020216028
29  6  -0.0012873830   0.0008334175  -0.0135170579   0.0327957858  -0.0545967745
30  1  -0.0073449672  -0.0022005937   0.0020354716   0.0093378374   0.0573429314
30  2  -0.4339728345   0.0020668523   0.0015973973  -0.0037358285   0.0028230475
30  3   0.0004128549  -0.0038899272   0.0006031708   0.0015643830  -0.0160972781
30  4   0.0011673272  -0.0008546866   0.0043040018  -0.0026522462  -0.0048583014
30  5  -0.0000035450  -0.0011235657  -0.0003074500   0.0006542253   0.0002230481
30  6   0.0019002397   0.0041428219  -0.0051005043  -0.0545967745   0.4465628927
$end
