$coord
   -0.12178132193507      0.03128006975982     -0.00163234543359      ti
    1.01152183297207     -2.23218532624899      1.92802502344822       o
   -2.46996862068693     -1.37095511337884     -2.18244282114350       o
   -3.95374756515834     -0.42916493060070     -2.00386389055842       h
   -0.75637422304428      2.76373750845557      1.77835398940835       o
   -0.21967272609820      3.58809897550051      3.33057749160459       h
    2.76260953092685      0.65254605526207     -1.76635498435498       o
    3.92384548369463      1.60610186191617     -2.82137736804301       h
   -0.12239491601042     -3.63101578981403      1.82463054781352       h
$end
