$coord
    0.01386170810256     -0.06056175413411      0.01931772539342      ti
    1.03496369667790     -2.56275228408548      2.07475280903613       o
   -2.47774427680591     -0.62896359593195     -1.86707927696392       o
   -3.79654861809550     -1.78969914921974     -2.38180174720363       h
   -1.12445791379694      2.56114450509162      1.65952989989863       o
   -1.67800329565588      4.23938930774728      2.14945632868568       h
    2.86188591537277      0.79963647929488     -2.01061890559303       o
    2.46463127819720      0.97196608555851     -3.75367659029134       h
   -0.30398966053097     -2.60702667765286      3.47368342808621       h
$end
