$coord
   -0.15422905347240     -0.01421489791679     -0.03899827820436      ti
    0.95711227123619     -2.55251847221284      1.90126498962566       o
   -2.56906718190374     -0.98456715735782     -1.99393111205874       o
   -3.89800499060832     -2.05571721975435     -2.65861639005325       h
   -0.72311088570800      2.80380745034989      2.05766155897247       o
   -2.32171091282184      3.57352616345415      1.78939320255883       h
    2.94730796164805      0.76891406771688     -1.82011164571195       o
    3.21944326464742      1.17067494582892     -3.55761731503184       h
    1.59614810745642     -2.48906373634190      3.60031737775791       h
$end
