$energy      SCF               SCFKIN            SCFPOT
     1 -1152.114467382      1148.281717553     -2300.396184935
     2 -1152.108555236      1148.156842933     -2300.265398169
     3 -1152.100809293      1148.116577516     -2300.217386809
     4 -1152.098508035      1148.165758771     -2300.264266806
     5 -1152.101488944      1148.301910837     -2300.403399781
     6 -1152.102658838      1148.513970998     -2300.616629836
     7 -1152.094360752      1148.752531615     -2300.846892366
     8 -1152.084448907      1148.894550076     -2300.978998982
     9 -1152.085690662      1148.854444280     -2300.940134942
    10 -1152.084776722      1148.731573979     -2300.816350701
    11 -1152.076593183      1148.637599900     -2300.714193083
    12 -1152.070160676      1148.605523809     -2300.675684485
    13 -1152.071557666      1148.637481472     -2300.709039138
    14 -1152.079277152      1148.731018406     -2300.810295558
    15 -1152.085476381      1148.875343068     -2300.960819449
    16 -1152.083076520      1149.021439294     -2301.104515814
    17 -1152.081103409      1149.053170587     -2301.134273997
    18 -1152.089738353      1148.911524017     -2301.001262370
    19 -1152.093582373      1148.716555854     -2300.810138227
    20 -1152.088619623      1148.578409150     -2300.667028773
    21 -1152.083986891      1148.525169304     -2300.609156196
    22 -1152.085274833      1148.554376438     -2300.639651270
    23 -1152.090719339      1148.657886560     -2300.748605899
    24 -1152.092674841      1148.817466399     -2300.910141240
    25 -1152.085321070      1148.974685693     -2301.060006764
    26 -1152.079745049      1149.008511618     -2301.088256667
    27 -1152.083899742      1148.876725476     -2300.960625219
    28 -1152.081770309      1148.707494835     -2300.789265144
    29 -1152.072278296      1148.596667956     -2300.668946252
    30 -1152.065301893      1148.562291137     -2300.627593030
    31 -1152.065727942      1148.598051984     -2300.663779925
    32 -1152.070695434      1148.694109015     -2300.764804449
    33 -1152.071890930      1148.828067723     -2300.899958653
    34 -1152.065580364      1148.929483807     -2300.995064171
    35 -1152.065627345      1148.876265738     -2300.941893084
    36 -1152.074208678      1148.666741156     -2300.740949834
    37 -1152.075043426      1148.442985294     -2300.518028720
    38 -1152.070793525      1148.284907654     -2300.355701179
    39 -1152.070897480      1148.204546463     -2300.275443943
    40 -1152.078203800      1148.197790848     -2300.275994648
    41 -1152.087906932      1148.258017970     -2300.345924902
    42 -1152.091191311      1148.359676643     -2300.450867954
    43 -1152.087437858      1148.420661602     -2300.508099460
    44 -1152.091429286      1148.330803020     -2300.422232305
    45 -1152.098686215      1148.133638341     -2300.232324556
    46 -1152.096461538      1147.965834367     -2300.062295905
    47 -1152.091171366      1147.884508899     -2299.975680265
    48 -1152.091164553      1147.894527673     -2299.985692226
    49 -1152.097380143      1147.990361852     -2300.087741995
    50 -1152.103706803      1148.160454366     -2300.264161169
    51 -1152.101754793      1148.367941805     -2300.469696598
    52 -1152.094530844      1148.515345977     -2300.609876821
    53 -1152.096069271      1148.506430930     -2300.602500201
    54 -1152.096687611      1148.416262765     -2300.512950376
    55 -1152.087884087      1148.365772759     -2300.453656846
    56 -1152.078003149      1148.392509257     -2300.470512406
    57 -1152.074267351      1148.493757667     -2300.568025018
    58 -1152.076610482      1148.659807465     -2300.736417947
    59 -1152.078527626      1148.875244977     -2300.953772603
    60 -1152.072618215      1149.095083231     -2301.167701446
    61 -1152.065779921      1149.209069398     -2301.274849319
    62 -1152.071492677      1149.135553239     -2301.207045915
    63 -1152.076768898      1148.974875948     -2301.051644846
    64 -1152.074329569      1148.846821699     -2300.921151267
    65 -1152.071829740      1148.788729425     -2300.860559165
    66 -1152.075074498      1148.801131571     -2300.876206070
    67 -1152.083332604      1148.876145871     -2300.959478475
    68 -1152.090083511      1148.999665511     -2301.089749021
    69 -1152.088144072      1149.130355947     -2301.218500019
    70 -1152.084429678      1149.167381835     -2301.251811514
    71 -1152.090490596      1149.043524592     -2301.134015187
    72 -1152.093226528      1148.858528751     -2300.951755280
    73 -1152.087170518      1148.718668669     -2300.805839187
    74 -1152.080675070      1148.651666872     -2300.732341942
    75 -1152.080006914      1148.650643604     -2300.730650519
    76 -1152.084943244      1148.702117342     -2300.787060586
    77 -1152.089124383      1148.790519842     -2300.879644225
    78 -1152.085231849      1148.877815065     -2300.963046915
    79 -1152.080640906      1148.865712490     -2300.946353396
    80 -1152.086520090      1148.694787222     -2300.781307312
    81 -1152.089033035      1148.474208204     -2300.563241239
    82 -1152.083725105      1148.308679921     -2300.392405026
    83 -1152.079461513      1148.220157596     -2300.299619109
    84 -1152.082029538      1148.198567775     -2300.280597313
    85 -1152.090154038      1148.231618087     -2300.321772124
    86 -1152.096326772      1148.306787144     -2300.403113916
    87 -1152.093774062      1148.383158880     -2300.476932942
    88 -1152.092244279      1148.358747193     -2300.450991472
    89 -1152.099366436      1148.199369587     -2300.298736024
    90 -1152.100242669      1148.026399176     -2300.126641846
    91 -1152.093942597      1147.926804964     -2300.020747561
    92 -1152.089426863      1147.910823298     -2300.000250161
    93 -1152.091181485      1147.966076065     -2300.057257551
    94 -1152.096869704      1148.080267619     -2300.177137323
    95 -1152.098390006      1148.240735803     -2300.339125809
    96 -1152.090336851      1148.400072612     -2300.490409463
    97 -1152.084981609      1148.452241367     -2300.537222976
    98 -1152.086726811      1148.383049773     -2300.469776585
    99 -1152.081892654      1148.311085790     -2300.392978444
   100 -1152.072030985      1148.305617753     -2300.377648738
   101 -1152.065317342      1148.371011298     -2300.436328640
   102 -1152.065515776      1148.492089512     -2300.557605288
   103 -1152.070406443      1148.654526216     -2300.724932659
   104 -1152.072553679      1148.842742720     -2300.915296399
   105 -1152.068294829      1149.004824768     -2301.073119596
   106 -1152.070507948      1149.037497051     -2301.108004999
   107 -1152.080165058      1148.941480949     -2301.021646007
   108 -1152.083209599      1148.834234264     -2300.917443863
   109 -1152.080520319      1148.782456865     -2300.862977183
   110 -1152.079216261      1148.792472090     -2300.871688352
   111 -1152.083131521      1148.848741044     -2300.931872565
   112 -1152.090605454      1148.937092375     -2301.027697829
   113 -1152.094333992      1149.047778600     -2301.142112591
   114 -1152.090002926      1149.140139689     -2301.230142615
   115 -1152.089435406      1149.120810394     -2301.210245800
   116 -1152.094738084      1148.984332869     -2301.079070952
   117 -1152.094021687      1148.833237525     -2300.927259211
   118 -1152.087976111      1148.730239046     -2300.818215157
   119 -1152.083475563      1148.682580735     -2300.766056298
   120 -1152.084899358      1148.676616335     -2300.761515693
   121 -1152.090969651      1148.703617391     -2300.794587042
   122 -1152.093932999      1148.764885575     -2300.858818573
   123 -1152.088253378      1148.830654308     -2300.918907686
   124 -1152.085776213      1148.805178559     -2300.890954772
   125 -1152.090702012      1148.668857101     -2300.759559113
   126 -1152.089528932      1148.524858879     -2300.614387811
   127 -1152.082171488      1148.435627390     -2300.517798878
   128 -1152.076740541      1148.399581560     -2300.476322101
   129 -1152.078245197      1148.398668992     -2300.476914189
   130 -1152.084971692      1148.426459543     -2300.511431235
   131 -1152.088528690      1148.486729994     -2300.575258685
   132 -1152.083665411      1148.546189720     -2300.629855131
   133 -1152.083030414      1148.504852595     -2300.587883009
   134 -1152.089682242      1148.350322369     -2300.440004612
   135 -1152.089236223      1148.193811540     -2300.283047763
   136 -1152.082670510      1148.095447577     -2300.178118087
   137 -1152.078207383      1148.053425351     -2300.131632735
   138 -1152.079963583      1148.055213993     -2300.135177576
   139 -1152.085452652      1148.101907918     -2300.187360570
   140 -1152.086168061      1148.201617819     -2300.287785880
   141 -1152.077649594      1148.319471510     -2300.397121104
   142 -1152.073533223      1148.351964807     -2300.425498030
   143 -1152.076581283      1148.286587025     -2300.363168308
   144 -1152.074003200      1148.222167574     -2300.296170774
   145 -1152.067298128      1148.207672976     -2300.274971104
   146 -1152.063787129      1148.239748313     -2300.303535442
   147 -1152.067096390      1148.307573897     -2300.374670287
   148 -1152.074775771      1148.413442233     -2300.488218004
   149 -1152.078635282      1148.562850447     -2300.641485729
   150 -1152.075873145      1148.712390971     -2300.788264116
   151 -1152.079994217      1148.758483829     -2300.838478046
   152 -1152.088625346      1148.706775210     -2300.795400556
   153 -1152.089807605      1148.649609899     -2300.739417504
   154 -1152.086460015      1148.628305282     -2300.714765297
   155 -1152.085394207      1148.643955990     -2300.729350197
   156 -1152.089674041      1148.692716067     -2300.782390109
   157 -1152.096396629      1148.780203708     -2300.876600338
   158 -1152.097291031      1148.910133428     -2301.007424458
   159 -1152.091540784      1149.029286411     -2301.120827196
   160 -1152.092595990      1149.039502628     -2301.132098618
   161 -1152.096158488      1148.959136387     -2301.055294875
   162 -1152.093288019      1148.870166442     -2300.963454460
   163 -1152.087610625      1148.808826443     -2300.896437068
   164 -1152.085154825      1148.779903373     -2300.865058198
   165 -1152.088609417      1148.783527478     -2300.872136894
   166 -1152.094644836      1148.829465308     -2300.924110143
   167 -1152.094719456      1148.923444358     -2301.018163814
   168 -1152.088626619      1149.009676338     -2301.098302957
   169 -1152.090384709      1148.986048907     -2301.076433615
   170 -1152.095239683      1148.871511455     -2300.966751138
   171 -1152.092539881      1148.754452246     -2300.846992126
   172 -1152.085943080      1148.670538855     -2300.756481935
   173 -1152.082667554      1148.618618606     -2300.701286159
   174 -1152.085856646      1148.596556154     -2300.682412799
   175 -1152.091807703      1148.615969160     -2300.707776863
   176 -1152.091949148      1148.681796329     -2300.773745476
   177 -1152.086267503      1148.733450075     -2300.819717578
   178 -1152.088979736      1148.664782075     -2300.753761811
   179 -1152.094920203      1148.500015468     -2300.594935670
   180 -1152.092736619      1148.338315763     -2300.431052382
   181 -1152.086632214      1148.218594154     -2300.305226368
   182 -1152.083787383      1148.142028358     -2300.225815741
   183 -1152.086622908      1148.111713653     -2300.198336560
   184 -1152.090953700      1148.143452169     -2300.234405869
   185 -1152.088251269      1148.242051355     -2300.330302624
   186 -1152.079084438      1148.342458755     -2300.421543193
   187 -1152.078575443      1148.333207370     -2300.411782813
   188 -1152.081695288      1148.236636095     -2300.318331383
   189 -1152.077502820      1148.148110391     -2300.225613211
   190 -1152.070286432      1148.104944878     -2300.175231310
   191 -1152.067211398      1148.108286504     -2300.175497903
   192 -1152.070989432      1148.158908824     -2300.229898255
   193 -1152.077494259      1148.267355640     -2300.344849900
   194 -1152.077902347      1148.431650613     -2300.509552960
   195 -1152.073227658      1148.578756404     -2300.651984062
   196 -1152.077720277      1148.600652632     -2300.678372909
   197 -1152.084282576      1148.531721649     -2300.616004224
   198 -1152.082787384      1148.469908736     -2300.552696120
   199 -1152.077965594      1148.454443236     -2300.532408831
   200 -1152.076629980      1148.488577546     -2300.565207526
   201 -1152.081083766      1148.570304052     -2300.651387818
   202 -1152.086787088      1148.703729478     -2300.790516566
   203 -1152.084877940      1148.878029795     -2300.962907735
   204 -1152.078168518      1149.009946742     -2301.088115260
   205 -1152.081602507      1148.994198274     -2301.075800782
   206 -1152.086772220      1148.880648497     -2300.967420717
   207 -1152.084672335      1148.771491048     -2300.856163383
   208 -1152.080928328      1148.705013827     -2300.785942154
   209 -1152.082333203      1148.683128998     -2300.765462200
   210 -1152.090235884      1148.705091056     -2300.795326940
   211 -1152.098243720      1148.778911065     -2300.877154785
   212 -1152.097002448      1148.891562979     -2300.988565427
   213 -1152.092402963      1148.949478689     -2301.041881651
   214 -1152.098000938      1148.865772199     -2300.963773136
   215 -1152.101105263      1148.722832830     -2300.823938093
   216 -1152.094752995      1148.621521120     -2300.716274115
   217 -1152.086684388      1148.585144755     -2300.671829143
   218 -1152.083917098      1148.603132186     -2300.687049284
   219 -1152.086704792      1148.666816738     -2300.753521530
   220 -1152.087846371      1148.773915087     -2300.861761458
   221 -1152.080769020      1148.889085326     -2300.969854346
   222 -1152.075994253      1148.902354005     -2300.978348259
   223 -1152.083017747      1148.758384741     -2300.841402488
   224 -1152.086439864      1148.566917519     -2300.653357382
   225 -1152.082883912      1148.417915296     -2300.500799208
   226 -1152.080464342      1148.326309193     -2300.406773535
   227 -1152.083816984      1148.285971751     -2300.369788734
   228 -1152.090506034      1148.296286922     -2300.386792957
   229 -1152.092823592      1148.355861584     -2300.448685176
   230 -1152.086472835      1148.423794869     -2300.510267704
   231 -1152.082391320      1148.401746954     -2300.484138273
   232 -1152.086442030      1148.264393102     -2300.350835132
   233 -1152.084664378      1148.122320547     -2300.206984926
   234 -1152.076878256      1148.045663795     -2300.122542051
   235 -1152.071429895      1148.036660206     -2300.108090101
   236 -1152.072382882      1148.082544408     -2300.154927290
   237 -1152.077228978      1148.176934286     -2300.254163264
   238 -1152.079024528      1148.310653239     -2300.389677768
   239 -1152.074400912      1148.437641803     -2300.512042715
   240 -1152.073999759      1148.465262662     -2300.539262421
   241 -1152.081343526      1148.383306999     -2300.464650525
   242 -1152.082637555      1148.302787483     -2300.385425038
   243 -1152.078476015      1148.285726186     -2300.364202201
   244 -1152.076523346      1148.331270552     -2300.407793898
   245 -1152.079984046      1148.425449729     -2300.505433775
   246 -1152.085781756      1148.559944079     -2300.645725836
   247 -1152.087012420      1148.722464529     -2300.809476949
   248 -1152.081331542      1148.862982134     -2300.944313676
   249 -1152.080177243      1148.891431061     -2300.971608304
   250 -1152.085804365      1148.808201667     -2300.894006032
   251 -1152.085121273      1148.721788487     -2300.806909759
   252 -1152.079699760      1148.687119801     -2300.766819561
   253 -1152.077180900      1148.701467782     -2300.778648682
   254 -1152.080672006      1148.751596396     -2300.832268403
   255 -1152.087079138      1148.832160846     -2300.919239985
   256 -1152.089719412      1148.934284255     -2301.024003667
$end
