  0.0000000E+00
   40.0000000000000     
   80.0000000000000     
   120.000000000000     
   160.000000000000     
   200.000000000000     
   240.000000000000     
   280.000000000000     
   320.000000000000     
   360.000000000000     
   400.000000000000     
   440.000000000000     
   480.000000000000     
   520.000000000000     
   560.000000000000     
   600.000000000000     
   640.000000000000     
   680.000000000000     
   720.000000000000     
   760.000000000000     
   800.000000000000     
   840.000000000000     
   880.000000000000     
   920.000000000000     
   960.000000000000     
   1000.00000000000     
   1040.00000000000     
   1080.00000000000     
   1120.00000000000     
   1160.00000000000     
   1200.00000000000     
   1240.00000000000     
   1280.00000000000     
   1320.00000000000     
   1360.00000000000     
   1400.00000000000     
   1440.00000000000     
   1480.00000000000     
   1520.00000000000     
   1560.00000000000     
   1600.00000000000     
   1640.00000000000     
   1680.00000000000     
   1720.00000000000     
   1760.00000000000     
   1800.00000000000     
   1840.00000000000     
   1880.00000000000     
   1920.00000000000     
   1960.00000000000     
   2000.00000000000     
   2040.00000000000     
   2080.00000000000     
   2120.00000000000     
   2160.00000000000     
   2200.00000000000     
   2240.00000000000     
   2280.00000000000     
   2320.00000000000     
   2360.00000000000     
   2400.00000000000     
   2440.00000000000     
   2480.00000000000     
   2520.00000000000     
   2560.00000000000     
   2600.00000000000     
   2640.00000000000     
   2680.00000000000     
   2720.00000000000     
   2760.00000000000     
   2800.00000000000     
   2840.00000000000     
   2880.00000000000     
   2920.00000000000     
   2960.00000000000     
   3000.00000000000     
   3040.00000000000     
   3080.00000000000     
   3120.00000000000     
   3160.00000000000     
   3200.00000000000     
   3240.00000000000     
   3280.00000000000     
   3320.00000000000     
   3360.00000000000     
   3400.00000000000     
   3440.00000000000     
   3480.00000000000     
   3520.00000000000     
   3560.00000000000     
   3600.00000000000     
   3640.00000000000     
   3680.00000000000     
   3720.00000000000     
   3760.00000000000     
   3800.00000000000     
   3840.00000000000     
   3880.00000000000     
   3920.00000000000     
   3960.00000000000     
   4000.00000000000     
   4040.00000000000     
   4080.00000000000     
   4120.00000000000     
   4160.00000000000     
   4200.00000000000     
   4240.00000000000     
   4280.00000000000     
   4320.00000000000     
   4360.00000000000     
   4400.00000000000     
   4440.00000000000     
   4480.00000000000     
   4520.00000000000     
   4560.00000000000     
   4600.00000000000     
   4640.00000000000     
   4680.00000000000     
   4720.00000000000     
   4760.00000000000     
   4800.00000000000     
   4840.00000000000     
   4880.00000000000     
   4920.00000000000     
   4960.00000000000     
   5000.00000000000     
   5040.00000000000     
   5080.00000000000     
   5120.00000000000     
   5160.00000000000     
   5200.00000000000     
   5240.00000000000     
   5280.00000000000     
   5320.00000000000     
   5360.00000000000     
   5400.00000000000     
   5440.00000000000     
   5480.00000000000     
   5520.00000000000     
   5560.00000000000     
   5600.00000000000     
   5640.00000000000     
   5680.00000000000     
   5720.00000000000     
   5760.00000000000     
   5800.00000000000     
   5840.00000000000     
   5880.00000000000     
   5920.00000000000     
   5960.00000000000     
   6000.00000000000     
   6040.00000000000     
   6080.00000000000     
   6120.00000000000     
   6160.00000000000     
   6200.00000000000     
   6240.00000000000     
   6280.00000000000     
   6320.00000000000     
   6360.00000000000     
   6400.00000000000     
   6440.00000000000     
   6480.00000000000     
   6520.00000000000     
   6560.00000000000     
   6600.00000000000     
   6640.00000000000     
   6680.00000000000     
   6720.00000000000     
   6760.00000000000     
   6800.00000000000     
   6840.00000000000     
   6880.00000000000     
   6920.00000000000     
   6960.00000000000     
   7000.00000000000     
   7040.00000000000     
   7080.00000000000     
   7120.00000000000     
   7160.00000000000     
   7200.00000000000     
   7240.00000000000     
   7280.00000000000     
   7320.00000000000     
   7360.00000000000     
   7400.00000000000     
   7440.00000000000     
   7480.00000000000     
   7520.00000000000     
   7560.00000000000     
   7600.00000000000     
   7640.00000000000     
   7680.00000000000     
   7720.00000000000     
   7760.00000000000     
   7800.00000000000     
   7840.00000000000     
   7880.00000000000     
   7920.00000000000     
   7960.00000000000     
   8000.00000000000     
   8040.00000000000     
   8080.00000000000     
   8120.00000000000     
   8160.00000000000     
   8200.00000000000     
   8240.00000000000     
   8280.00000000000     
   8320.00000000000     
   8360.00000000000     
   8400.00000000000     
   8440.00000000000     
   8480.00000000000     
   8520.00000000000     
   8560.00000000000     
   8600.00000000000     
   8640.00000000000     
   8680.00000000000     
   8720.00000000000     
   8760.00000000000     
   8800.00000000000     
   8840.00000000000     
   8880.00000000000     
   8920.00000000000     
   8960.00000000000     
   9000.00000000000     
   9040.00000000000     
   9080.00000000000     
   9120.00000000000     
   9160.00000000000     
   9200.00000000000     
   9240.00000000000     
   9280.00000000000     
   9320.00000000000     
   9360.00000000000     
   9400.00000000000     
   9440.00000000000     
   9480.00000000000     
   9520.00000000000     
   9560.00000000000     
   9600.00000000000     
   9640.00000000000     
   9680.00000000000     
   9720.00000000000     
   9760.00000000000     
   9800.00000000000     
   9840.00000000000     
   9880.00000000000     
   9920.00000000000     
   9960.00000000000     
   10000.0000000000     
   10040.0000000000     
   10080.0000000000     
   10120.0000000000     
   10160.0000000000     
   10200.0000000000     
   10240.0000000000     
   10280.0000000000     
   10320.0000000000     
   10360.0000000000     
   10400.0000000000     
   10440.0000000000     
   10480.0000000000     
   10520.0000000000     
   10560.0000000000     
   10600.0000000000     
   10640.0000000000     
   10680.0000000000     
   10720.0000000000     
   10760.0000000000     
   10800.0000000000     
   10840.0000000000     
   10880.0000000000     
   10920.0000000000     
   10960.0000000000     
   11000.0000000000     
   11040.0000000000     
   11080.0000000000     
   11120.0000000000     
   11160.0000000000     
   11200.0000000000     
   11240.0000000000     
   11280.0000000000     
   11320.0000000000     
   11360.0000000000     
   11400.0000000000     
   11440.0000000000     
   11480.0000000000     
   11520.0000000000     
   11560.0000000000     
   11600.0000000000     
   11640.0000000000     
   11680.0000000000     
   11720.0000000000     
   11760.0000000000     
   11800.0000000000     
   11840.0000000000     
   11880.0000000000     
   11920.0000000000     
   11960.0000000000     
   12000.0000000000     
   12040.0000000000     
   12080.0000000000     
   12120.0000000000     
   12160.0000000000     
   12200.0000000000     
   12240.0000000000     
   12280.0000000000     
   12320.0000000000     
   12360.0000000000     
   12400.0000000000     
   12440.0000000000     
   12480.0000000000     
   12520.0000000000     
   12560.0000000000     
   12600.0000000000     
   12640.0000000000     
   12680.0000000000     
   12720.0000000000     
   12760.0000000000     
   12800.0000000000     
   12840.0000000000     
   12880.0000000000     
   12920.0000000000     
   12960.0000000000     
   13000.0000000000     
   13040.0000000000     
   13080.0000000000     
   13120.0000000000     
   13160.0000000000     
   13200.0000000000     
   13240.0000000000     
   13280.0000000000     
   13320.0000000000     
   13360.0000000000     
   13400.0000000000     
   13440.0000000000     
   13480.0000000000     
   13520.0000000000     
   13560.0000000000     
   13600.0000000000     
   13640.0000000000     
   13680.0000000000     
   13720.0000000000     
   13760.0000000000     
   13800.0000000000     
   13840.0000000000     
   13880.0000000000     
   13920.0000000000     
   13960.0000000000     
   14000.0000000000     
   14040.0000000000     
   14080.0000000000     
   14120.0000000000     
   14160.0000000000     
   14200.0000000000     
   14240.0000000000     
   14280.0000000000     
   14320.0000000000     
   14360.0000000000     
   14400.0000000000     
   14440.0000000000     
   14480.0000000000     
   14520.0000000000     
   14560.0000000000     
   14600.0000000000     
   14640.0000000000     
   14680.0000000000     
   14720.0000000000     
   14760.0000000000     
   14800.0000000000     
   14840.0000000000     
   14880.0000000000     
   14920.0000000000     
   14960.0000000000     
   15000.0000000000     
   15040.0000000000     
   15080.0000000000     
   15120.0000000000     
   15160.0000000000     
   15200.0000000000     
   15240.0000000000     
   15280.0000000000     
   15320.0000000000     
   15360.0000000000     
   15400.0000000000     
   15440.0000000000     
   15480.0000000000     
   15520.0000000000     
   15560.0000000000     
   15600.0000000000     
   15640.0000000000     
   15680.0000000000     
   15720.0000000000     
   15760.0000000000     
   15800.0000000000     
   15840.0000000000     
   15880.0000000000     
   15920.0000000000     
   15960.0000000000     
   16000.0000000000     
   16040.0000000000     
   16080.0000000000     
   16120.0000000000     
   16160.0000000000     
   16200.0000000000     
   16240.0000000000     
   16280.0000000000     
   16320.0000000000     
   16360.0000000000     
   16400.0000000000     
   16440.0000000000     
   16480.0000000000     
   16520.0000000000     
   16560.0000000000     
   16600.0000000000     
   16640.0000000000     
   16680.0000000000     
   16720.0000000000     
   16760.0000000000     
   16800.0000000000     
   16840.0000000000     
   16880.0000000000     
   16920.0000000000     
   16960.0000000000     
   17000.0000000000     
   17040.0000000000     
   17080.0000000000     
   17120.0000000000     
   17160.0000000000     
   17200.0000000000     
   17240.0000000000     
   17280.0000000000     
   17320.0000000000     
   17360.0000000000     
   17400.0000000000     
   17440.0000000000     
   17480.0000000000     
   17520.0000000000     
   17560.0000000000     
   17600.0000000000     
   17640.0000000000     
   17680.0000000000     
   17720.0000000000     
   17760.0000000000     
   17800.0000000000     
   17840.0000000000     
   17880.0000000000     
   17920.0000000000     
   17960.0000000000     
   18000.0000000000     
   18040.0000000000     
   18080.0000000000     
   18120.0000000000     
   18160.0000000000     
   18200.0000000000     
   18240.0000000000     
   18280.0000000000     
   18320.0000000000     
   18360.0000000000     
   18400.0000000000     
   18440.0000000000     
   18480.0000000000     
   18520.0000000000     
   18560.0000000000     
   18600.0000000000     
   18640.0000000000     
   18680.0000000000     
   18720.0000000000     
   18760.0000000000     
   18800.0000000000     
   18840.0000000000     
   18880.0000000000     
   18920.0000000000     
   18960.0000000000     
   19000.0000000000     
   19040.0000000000     
   19080.0000000000     
   19120.0000000000     
   19160.0000000000     
   19200.0000000000     
   19240.0000000000     
   19280.0000000000     
   19320.0000000000     
   19360.0000000000     
   19400.0000000000     
   19440.0000000000     
   19480.0000000000     
   19520.0000000000     
   19560.0000000000     
   19600.0000000000     
   19640.0000000000     
   19680.0000000000     
   19720.0000000000     
   19760.0000000000     
   19800.0000000000     
   19840.0000000000     
   19880.0000000000     
   19920.0000000000     
   19960.0000000000     
   20000.0000000000     
   20040.0000000000     
   20080.0000000000     
   20120.0000000000     
   20160.0000000000     
   20200.0000000000     
   20240.0000000000     
   20280.0000000000     
   20320.0000000000     
   20360.0000000000     
   20400.0000000000     
   20440.0000000000     
   20480.0000000000     
   20520.0000000000     
   20560.0000000000     
   20600.0000000000     
   20640.0000000000     
   20680.0000000000     
   20720.0000000000     
   20760.0000000000     
   20800.0000000000     
   20840.0000000000     
   20880.0000000000     
   20920.0000000000     
   20960.0000000000     
   21000.0000000000     
   21040.0000000000     
   21080.0000000000     
   21120.0000000000     
   21160.0000000000     
   21200.0000000000     
   21240.0000000000     
   21280.0000000000     
   21320.0000000000     
   21360.0000000000     
   21400.0000000000     
   21440.0000000000     
   21480.0000000000     
   21520.0000000000     
   21560.0000000000     
   21600.0000000000     
   21640.0000000000     
   21680.0000000000     
   21720.0000000000     
   21760.0000000000     
   21800.0000000000     
   21840.0000000000     
   21880.0000000000     
   21920.0000000000     
   21960.0000000000     
   22000.0000000000     
   22040.0000000000     
   22080.0000000000     
   22120.0000000000     
   22160.0000000000     
   22200.0000000000     
   22240.0000000000     
   22280.0000000000     
   22320.0000000000     
   22360.0000000000     
   22400.0000000000     
   22440.0000000000     
   22480.0000000000     
   22520.0000000000     
   22560.0000000000     
   22600.0000000000     
   22640.0000000000     
   22680.0000000000     
   22720.0000000000     
   22760.0000000000     
   22800.0000000000     
   22840.0000000000     
   22880.0000000000     
   22920.0000000000     
   22960.0000000000     
   23000.0000000000     
   23040.0000000000     
   23080.0000000000     
   23120.0000000000     
   23160.0000000000     
   23200.0000000000     
   23240.0000000000     
   23280.0000000000     
   23320.0000000000     
   23360.0000000000     
   23400.0000000000     
   23440.0000000000     
   23480.0000000000     
   23520.0000000000     
   23560.0000000000     
   23600.0000000000     
   23640.0000000000     
   23680.0000000000     
   23720.0000000000     
   23760.0000000000     
   23800.0000000000     
   23840.0000000000     
   23880.0000000000     
   23920.0000000000     
   23960.0000000000     
   24000.0000000000     
   24040.0000000000     
   24080.0000000000     
   24120.0000000000     
   24160.0000000000     
   24200.0000000000     
   24240.0000000000     
   24280.0000000000     
   24320.0000000000     
   24360.0000000000     
   24400.0000000000     
   24440.0000000000     
   24480.0000000000     
   24520.0000000000     
   24560.0000000000     
   24600.0000000000     
   24640.0000000000     
   24680.0000000000     
   24720.0000000000     
   24760.0000000000     
   24800.0000000000     
   24840.0000000000     
   24880.0000000000     
   24920.0000000000     
   24960.0000000000     
   25000.0000000000     
   25040.0000000000     
   25080.0000000000     
   25120.0000000000     
   25160.0000000000     
   25200.0000000000     
   25240.0000000000     
   25280.0000000000     
   25320.0000000000     
   25360.0000000000     
   25400.0000000000     
   25440.0000000000     
   25480.0000000000     
   25520.0000000000     
   25560.0000000000     
   25600.0000000000     
   25640.0000000000     
   25680.0000000000     
   25720.0000000000     
   25760.0000000000     
   25800.0000000000     
   25840.0000000000     
   25880.0000000000     
   25920.0000000000     
   25960.0000000000     
   26000.0000000000     
   26040.0000000000     
   26080.0000000000     
   26120.0000000000     
   26160.0000000000     
   26200.0000000000     
   26240.0000000000     
   26280.0000000000     
   26320.0000000000     
   26360.0000000000     
   26400.0000000000     
   26440.0000000000     
   26480.0000000000     
   26520.0000000000     
   26560.0000000000     
   26600.0000000000     
   26640.0000000000     
   26680.0000000000     
   26720.0000000000     
   26760.0000000000     
   26800.0000000000     
   26840.0000000000     
   26880.0000000000     
   26920.0000000000     
   26960.0000000000     
   27000.0000000000     
   27040.0000000000     
   27080.0000000000     
   27120.0000000000     
   27160.0000000000     
   27200.0000000000     
   27240.0000000000     
   27280.0000000000     
   27320.0000000000     
   27360.0000000000     
   27400.0000000000     
   27440.0000000000     
   27480.0000000000     
   27520.0000000000     
   27560.0000000000     
   27600.0000000000     
   27640.0000000000     
   27680.0000000000     
   27720.0000000000     
   27760.0000000000     
   27800.0000000000     
   27840.0000000000     
   27880.0000000000     
   27920.0000000000     
   27960.0000000000     
   28000.0000000000     
   28040.0000000000     
   28080.0000000000     
   28120.0000000000     
   28160.0000000000     
   28200.0000000000     
   28240.0000000000     
   28280.0000000000     
   28320.0000000000     
   28360.0000000000     
   28400.0000000000     
   28440.0000000000     
   28480.0000000000     
   28520.0000000000     
   28560.0000000000     
   28600.0000000000     
   28640.0000000000     
   28680.0000000000     
   28720.0000000000     
   28760.0000000000     
   28800.0000000000     
   28840.0000000000     
   28880.0000000000     
   28920.0000000000     
   28960.0000000000     
   29000.0000000000     
   29040.0000000000     
   29080.0000000000     
   29120.0000000000     
   29160.0000000000     
   29200.0000000000     
   29240.0000000000     
   29280.0000000000     
   29320.0000000000     
   29360.0000000000     
   29400.0000000000     
   29440.0000000000     
   29480.0000000000     
   29520.0000000000     
   29560.0000000000     
   29600.0000000000     
   29640.0000000000     
   29680.0000000000     
   29720.0000000000     
   29760.0000000000     
   29800.0000000000     
   29840.0000000000     
   29880.0000000000     
   29920.0000000000     
   29960.0000000000     
   30000.0000000000     
   30040.0000000000     
   30080.0000000000     
   30120.0000000000     
   30160.0000000000     
   30200.0000000000     
   30240.0000000000     
   30280.0000000000     
   30320.0000000000     
   30360.0000000000     
   30400.0000000000     
   30440.0000000000     
   30480.0000000000     
   30520.0000000000     
   30560.0000000000     
   30600.0000000000     
   30640.0000000000     
   30680.0000000000     
   30720.0000000000     
   30760.0000000000     
   30800.0000000000     
   30840.0000000000     
   30880.0000000000     
   30920.0000000000     
   30960.0000000000     
   31000.0000000000     
   31040.0000000000     
   31080.0000000000     
   31120.0000000000     
   31160.0000000000     
   31200.0000000000     
   31240.0000000000     
   31280.0000000000     
   31320.0000000000     
   31360.0000000000     
   31400.0000000000     
   31440.0000000000     
   31480.0000000000     
   31520.0000000000     
   31560.0000000000     
   31600.0000000000     
   31640.0000000000     
   31680.0000000000     
   31720.0000000000     
   31760.0000000000     
   31800.0000000000     
   31840.0000000000     
   31880.0000000000     
   31920.0000000000     
   31960.0000000000     
   32000.0000000000     
   32040.0000000000     
   32080.0000000000     
   32120.0000000000     
   32160.0000000000     
   32200.0000000000     
   32240.0000000000     
   32280.0000000000     
   32320.0000000000     
   32360.0000000000     
   32400.0000000000     
   32440.0000000000     
   32480.0000000000     
   32520.0000000000     
   32560.0000000000     
   32600.0000000000     
   32640.0000000000     
   32680.0000000000     
   32720.0000000000     
   32760.0000000000     
   32800.0000000000     
   32840.0000000000     
   32880.0000000000     
   32920.0000000000     
   32960.0000000000     
   33000.0000000000     
   33040.0000000000     
   33080.0000000000     
   33120.0000000000     
   33160.0000000000     
   33200.0000000000     
   33240.0000000000     
   33280.0000000000     
   33320.0000000000     
   33360.0000000000     
   33400.0000000000     
   33440.0000000000     
   33480.0000000000     
   33520.0000000000     
   33560.0000000000     
   33600.0000000000     
   33640.0000000000     
   33680.0000000000     
   33720.0000000000     
   33760.0000000000     
   33800.0000000000     
   33840.0000000000     
   33880.0000000000     
   33920.0000000000     
   33960.0000000000     
   34000.0000000000     
   34040.0000000000     
   34080.0000000000     
   34120.0000000000     
   34160.0000000000     
   34200.0000000000     
   34240.0000000000     
   34280.0000000000     
   34320.0000000000     
   34360.0000000000     
   34400.0000000000     
   34440.0000000000     
   34480.0000000000     
   34520.0000000000     
   34560.0000000000     
   34600.0000000000     
   34640.0000000000     
   34680.0000000000     
   34720.0000000000     
   34760.0000000000     
   34800.0000000000     
   34840.0000000000     
   34880.0000000000     
   34920.0000000000     
   34960.0000000000     
   35000.0000000000     
   35040.0000000000     
   35080.0000000000     
   35120.0000000000     
   35160.0000000000     
   35200.0000000000     
   35240.0000000000     
   35280.0000000000     
   35320.0000000000     
   35360.0000000000     
   35400.0000000000     
   35440.0000000000     
   35480.0000000000     
   35520.0000000000     
   35560.0000000000     
   35600.0000000000     
   35640.0000000000     
   35680.0000000000     
   35720.0000000000     
   35760.0000000000     
   35800.0000000000     
   35840.0000000000     
   35880.0000000000     
   35920.0000000000     
   35960.0000000000     
   36000.0000000000     
   36040.0000000000     
   36080.0000000000     
   36120.0000000000     
   36160.0000000000     
   36200.0000000000     
   36240.0000000000     
   36280.0000000000     
   36320.0000000000     
   36360.0000000000     
   36400.0000000000     
   36440.0000000000     
   36480.0000000000     
   36520.0000000000     
   36560.0000000000     
   36600.0000000000     
   36640.0000000000     
   36680.0000000000     
   36720.0000000000     
   36760.0000000000     
   36800.0000000000     
   36840.0000000000     
   36880.0000000000     
   36920.0000000000     
   36960.0000000000     
   37000.0000000000     
   37040.0000000000     
   37080.0000000000     
   37120.0000000000     
   37160.0000000000     
   37200.0000000000     
   37240.0000000000     
   37280.0000000000     
   37320.0000000000     
   37360.0000000000     
   37400.0000000000     
   37440.0000000000     
   37480.0000000000     
   37520.0000000000     
   37560.0000000000     
   37600.0000000000     
   37640.0000000000     
   37680.0000000000     
   37720.0000000000     
   37760.0000000000     
   37800.0000000000     
   37840.0000000000     
   37880.0000000000     
   37920.0000000000     
   37960.0000000000     
   38000.0000000000     
   38040.0000000000     
   38080.0000000000     
   38120.0000000000     
   38160.0000000000     
   38200.0000000000     
   38240.0000000000     
   38280.0000000000     
   38320.0000000000     
   38360.0000000000     
   38400.0000000000     
   38440.0000000000     
   38480.0000000000     
   38520.0000000000     
   38560.0000000000     
   38600.0000000000     
   38640.0000000000     
   38680.0000000000     
   38720.0000000000     
   38760.0000000000     
   38800.0000000000     
   38840.0000000000     
   38880.0000000000     
   38920.0000000000     
   38960.0000000000     
   39000.0000000000     
   39040.0000000000     
   39080.0000000000     
   39120.0000000000     
   39160.0000000000     
   39200.0000000000     
   39240.0000000000     
   39280.0000000000     
   39320.0000000000     
   39360.0000000000     
   39400.0000000000     
   39440.0000000000     
   39480.0000000000     
   39520.0000000000     
   39560.0000000000     
   39600.0000000000     
   39640.0000000000     
   39680.0000000000     
   39720.0000000000     
   39760.0000000000     
   39800.0000000000     
   39840.0000000000     
   39880.0000000000     
   39920.0000000000     
   39960.0000000000     
   40000.0000000000     
   40040.0000000000     
   40080.0000000000     
   40120.0000000000     
   40160.0000000000     
   40200.0000000000     
   40240.0000000000     
   40280.0000000000     
   40320.0000000000     
   40360.0000000000     
   40400.0000000000     
   40440.0000000000     
   40480.0000000000     
   40520.0000000000     
   40560.0000000000     
   40600.0000000000     
   40640.0000000000     
   40680.0000000000     
   40720.0000000000     
   40760.0000000000     
   40800.0000000000     
   40840.0000000000     
   40880.0000000000     
   40920.0000000000     
   40960.0000000000     
   41000.0000000000     
   41040.0000000000     
   41080.0000000000     
   41120.0000000000     
   41160.0000000000     
   41200.0000000000     
   41240.0000000000     
   41280.0000000000     
   41320.0000000000     
   41360.0000000000     
   41400.0000000000     
   41440.0000000000     
   41480.0000000000     
   41520.0000000000     
   41560.0000000000     
   41600.0000000000     
   41640.0000000000     
   41680.0000000000     
   41720.0000000000     
   41760.0000000000     
   41800.0000000000     
   41840.0000000000     
   41880.0000000000     
   41920.0000000000     
   41960.0000000000     
   42000.0000000000     
   42040.0000000000     
   42080.0000000000     
   42120.0000000000     
   42160.0000000000     
   42200.0000000000     
   42240.0000000000     
   42280.0000000000     
   42320.0000000000     
   42360.0000000000     
   42400.0000000000     
   42440.0000000000     
   42480.0000000000     
   42520.0000000000     
   42560.0000000000     
   42600.0000000000     
   42640.0000000000     
   42680.0000000000     
   42720.0000000000     
   42760.0000000000     
   42800.0000000000     
   42840.0000000000     
   42880.0000000000     
   42920.0000000000     
   42960.0000000000     
   43000.0000000000     
   43040.0000000000     
   43080.0000000000     
   43120.0000000000     
   43160.0000000000     
   43200.0000000000     
   43240.0000000000     
   43280.0000000000     
   43320.0000000000     
   43360.0000000000     
   43400.0000000000     
   43440.0000000000     
   43480.0000000000     
   43520.0000000000     
   43560.0000000000     
   43600.0000000000     
   43640.0000000000     
   43680.0000000000     
   43720.0000000000     
   43760.0000000000     
   43800.0000000000     
   43840.0000000000     
   43880.0000000000     
   43920.0000000000     
   43960.0000000000     
   44000.0000000000     
   44040.0000000000     
   44080.0000000000     
   44120.0000000000     
   44160.0000000000     
   44200.0000000000     
   44240.0000000000     
   44280.0000000000     
   44320.0000000000     
   44360.0000000000     
   44400.0000000000     
   44440.0000000000     
   44480.0000000000     
   44520.0000000000     
   44560.0000000000     
   44600.0000000000     
   44640.0000000000     
   44680.0000000000     
   44720.0000000000     
   44760.0000000000     
   44800.0000000000     
   44840.0000000000     
   44880.0000000000     
   44920.0000000000     
   44960.0000000000     
   45000.0000000000     
   45040.0000000000     
   45080.0000000000     
   45120.0000000000     
   45160.0000000000     
   45200.0000000000     
   45240.0000000000     
   45280.0000000000     
   45320.0000000000     
   45360.0000000000     
   45400.0000000000     
   45440.0000000000     
   45480.0000000000     
   45520.0000000000     
   45560.0000000000     
   45600.0000000000     
   45640.0000000000     
   45680.0000000000     
   45720.0000000000     
   45760.0000000000     
   45800.0000000000     
   45840.0000000000     
   45880.0000000000     
   45920.0000000000     
   45960.0000000000     
   46000.0000000000     
   46040.0000000000     
   46080.0000000000     
   46120.0000000000     
   46160.0000000000     
   46200.0000000000     
   46240.0000000000     
   46280.0000000000     
   46320.0000000000     
   46360.0000000000     
   46400.0000000000     
   46440.0000000000     
   46480.0000000000     
   46520.0000000000     
   46560.0000000000     
   46600.0000000000     
   46640.0000000000     
   46680.0000000000     
   46720.0000000000     
   46760.0000000000     
   46800.0000000000     
   46840.0000000000     
   46880.0000000000     
   46920.0000000000     
   46960.0000000000     
   47000.0000000000     
   47040.0000000000     
   47080.0000000000     
   47120.0000000000     
   47160.0000000000     
   47200.0000000000     
   47240.0000000000     
   47280.0000000000     
   47320.0000000000     
   47360.0000000000     
   47400.0000000000     
   47440.0000000000     
   47480.0000000000     
   47520.0000000000     
   47560.0000000000     
   47600.0000000000     
   47640.0000000000     
   47680.0000000000     
   47720.0000000000     
   47760.0000000000     
   47800.0000000000     
   47840.0000000000     
   47880.0000000000     
   47920.0000000000     
   47960.0000000000     
   48000.0000000000     
   48040.0000000000     
   48080.0000000000     
   48120.0000000000     
   48160.0000000000     
   48200.0000000000     
   48240.0000000000     
   48280.0000000000     
   48320.0000000000     
   48360.0000000000     
   48400.0000000000     
   48440.0000000000     
   48480.0000000000     
   48520.0000000000     
   48560.0000000000     
   48600.0000000000     
   48640.0000000000     
   48680.0000000000     
   48720.0000000000     
   48760.0000000000     
   48800.0000000000     
   48840.0000000000     
   48880.0000000000     
   48920.0000000000     
   48960.0000000000     
   49000.0000000000     
   49040.0000000000     
   49080.0000000000     
   49120.0000000000     
   49160.0000000000     
   49200.0000000000     
   49240.0000000000     
   49280.0000000000     
   49320.0000000000     
   49360.0000000000     
   49400.0000000000     
   49440.0000000000     
   49480.0000000000     
   49520.0000000000     
   49560.0000000000     
   49600.0000000000     
   49640.0000000000     
   49680.0000000000     
   49720.0000000000     
   49760.0000000000     
   49800.0000000000     
   49840.0000000000     
   49880.0000000000     
   49920.0000000000     
   49960.0000000000     
   50000.0000000000     
   50040.0000000000     
   50080.0000000000     
   50120.0000000000     
   50160.0000000000     
   50200.0000000000     
   50240.0000000000     
   50280.0000000000     
   50320.0000000000     
   50360.0000000000     
   50400.0000000000     
   50440.0000000000     
   50480.0000000000     
   50520.0000000000     
   50560.0000000000     
   50600.0000000000     
   50640.0000000000     
   50680.0000000000     
   50720.0000000000     
   50760.0000000000     
   50800.0000000000     
   50840.0000000000     
   50880.0000000000     
   50920.0000000000     
   50960.0000000000     
   51000.0000000000     
   51040.0000000000     
   51080.0000000000     
   51120.0000000000     
   51160.0000000000     
   51200.0000000000     
   51240.0000000000     
   51280.0000000000     
   51320.0000000000     
   51360.0000000000     
   51400.0000000000     
   51440.0000000000     
   51480.0000000000     
   51520.0000000000     
   51560.0000000000     
   51600.0000000000     
   51640.0000000000     
   51680.0000000000     
   51720.0000000000     
   51760.0000000000     
   51800.0000000000     
   51840.0000000000     
   51880.0000000000     
   51920.0000000000     
   51960.0000000000     
   52000.0000000000     
   52040.0000000000     
   52080.0000000000     
   52120.0000000000     
   52160.0000000000     
   52200.0000000000     
   52240.0000000000     
   52280.0000000000     
   52320.0000000000     
   52360.0000000000     
   52400.0000000000     
   52440.0000000000     
   52480.0000000000     
   52520.0000000000     
   52560.0000000000     
   52600.0000000000     
   52640.0000000000     
   52680.0000000000     
   52720.0000000000     
   52760.0000000000     
   52800.0000000000     
   52840.0000000000     
   52880.0000000000     
   52920.0000000000     
   52960.0000000000     
   53000.0000000000     
   53040.0000000000     
   53080.0000000000     
   53120.0000000000     
   53160.0000000000     
   53200.0000000000     
   53240.0000000000     
   53280.0000000000     
   53320.0000000000     
   53360.0000000000     
   53400.0000000000     
   53440.0000000000     
   53480.0000000000     
   53520.0000000000     
   53560.0000000000     
   53600.0000000000     
   53640.0000000000     
   53680.0000000000     
   53720.0000000000     
   53760.0000000000     
   53800.0000000000     
   53840.0000000000     
   53880.0000000000     
   53920.0000000000     
   53960.0000000000     
   54000.0000000000     
   54040.0000000000     
   54080.0000000000     
   54120.0000000000     
   54160.0000000000     
   54200.0000000000     
   54240.0000000000     
   54280.0000000000     
   54320.0000000000     
   54360.0000000000     
   54400.0000000000     
   54440.0000000000     
   54480.0000000000     
   54520.0000000000     
   54560.0000000000     
   54600.0000000000     
   54640.0000000000     
   54680.0000000000     
   54720.0000000000     
   54760.0000000000     
   54800.0000000000     
   54840.0000000000     
   54880.0000000000     
   54920.0000000000     
   54960.0000000000     
   55000.0000000000     
   55040.0000000000     
   55080.0000000000     
   55120.0000000000     
   55160.0000000000     
   55200.0000000000     
   55240.0000000000     
   55280.0000000000     
   55320.0000000000     
   55360.0000000000     
   55400.0000000000     
   55440.0000000000     
   55480.0000000000     
   55520.0000000000     
   55560.0000000000     
   55600.0000000000     
   55640.0000000000     
   55680.0000000000     
   55720.0000000000     
   55760.0000000000     
   55800.0000000000     
   55840.0000000000     
   55880.0000000000     
   55920.0000000000     
   55960.0000000000     
   56000.0000000000     
   56040.0000000000     
   56080.0000000000     
   56120.0000000000     
   56160.0000000000     
   56200.0000000000     
   56240.0000000000     
   56280.0000000000     
   56320.0000000000     
   56360.0000000000     
   56400.0000000000     
   56440.0000000000     
   56480.0000000000     
   56520.0000000000     
   56560.0000000000     
   56600.0000000000     
   56640.0000000000     
   56680.0000000000     
   56720.0000000000     
   56760.0000000000     
   56800.0000000000     
   56840.0000000000     
   56880.0000000000     
   56920.0000000000     
   56960.0000000000     
   57000.0000000000     
   57040.0000000000     
   57080.0000000000     
   57120.0000000000     
   57160.0000000000     
   57200.0000000000     
   57240.0000000000     
   57280.0000000000     
   57320.0000000000     
   57360.0000000000     
   57400.0000000000     
   57440.0000000000     
   57480.0000000000     
   57520.0000000000     
   57560.0000000000     
   57600.0000000000     
   57640.0000000000     
   57680.0000000000     
   57720.0000000000     
   57760.0000000000     
   57800.0000000000     
   57840.0000000000     
   57880.0000000000     
   57920.0000000000     
   57960.0000000000     
   58000.0000000000     
   58040.0000000000     
   58080.0000000000     
   58120.0000000000     
   58160.0000000000     
   58200.0000000000     
   58240.0000000000     
   58280.0000000000     
   58320.0000000000     
   58360.0000000000     
   58400.0000000000     
   58440.0000000000     
   58480.0000000000     
   58520.0000000000     
   58560.0000000000     
   58600.0000000000     
   58640.0000000000     
   58680.0000000000     
   58720.0000000000     
   58760.0000000000     
   58800.0000000000     
   58840.0000000000     
   58880.0000000000     
   58920.0000000000     
   58960.0000000000     
   59000.0000000000     
   59040.0000000000     
   59080.0000000000     
   59120.0000000000     
   59160.0000000000     
   59200.0000000000     
   59240.0000000000     
   59280.0000000000     
   59320.0000000000     
   59360.0000000000     
   59400.0000000000     
   59440.0000000000     
   59480.0000000000     
   59520.0000000000     
   59560.0000000000     
   59600.0000000000     
   59640.0000000000     
   59680.0000000000     
   59720.0000000000     
   59760.0000000000     
   59800.0000000000     
   59840.0000000000     
   59880.0000000000     
   59920.0000000000     
   59960.0000000000     
   60000.0000000000     
   60040.0000000000     
   60080.0000000000     
   60120.0000000000     
   60160.0000000000     
   60200.0000000000     
   60240.0000000000     
   60280.0000000000     
   60320.0000000000     
   60360.0000000000     
   60400.0000000000     
   60440.0000000000     
   60480.0000000000     
   60520.0000000000     
   60560.0000000000     
   60600.0000000000     
   60640.0000000000     
   60680.0000000000     
   60720.0000000000     
   60760.0000000000     
   60800.0000000000     
   60840.0000000000     
   60880.0000000000     
   60920.0000000000     
   60960.0000000000     
   61000.0000000000     
   61040.0000000000     
   61080.0000000000     
   61120.0000000000     
   61160.0000000000     
   61200.0000000000     
   61240.0000000000     
   61280.0000000000     
   61320.0000000000     
   61360.0000000000     
   61400.0000000000     
   61440.0000000000     
   61480.0000000000     
   61520.0000000000     
   61560.0000000000     
   61600.0000000000     
   61640.0000000000     
   61680.0000000000     
   61720.0000000000     
   61760.0000000000     
   61800.0000000000     
   61840.0000000000     
   61880.0000000000     
   61920.0000000000     
   61960.0000000000     
   62000.0000000000     
   62040.0000000000     
   62080.0000000000     
   62120.0000000000     
   62160.0000000000     
   62200.0000000000     
   62240.0000000000     
   62280.0000000000     
   62320.0000000000     
   62360.0000000000     
   62400.0000000000     
   62440.0000000000     
   62480.0000000000     
   62520.0000000000     
   62560.0000000000     
   62600.0000000000     
   62640.0000000000     
   62680.0000000000     
   62720.0000000000     
   62760.0000000000     
   62800.0000000000     
   62840.0000000000     
   62880.0000000000     
   62920.0000000000     
   62960.0000000000     
   63000.0000000000     
   63040.0000000000     
   63080.0000000000     
   63120.0000000000     
   63160.0000000000     
   63200.0000000000     
   63240.0000000000     
   63280.0000000000     
   63320.0000000000     
   63360.0000000000     
   63400.0000000000     
   63440.0000000000     
   63480.0000000000     
   63520.0000000000     
   63560.0000000000     
   63600.0000000000     
   63640.0000000000     
   63680.0000000000     
   63720.0000000000     
   63760.0000000000     
   63800.0000000000     
   63840.0000000000     
   63880.0000000000     
   63920.0000000000     
   63960.0000000000     
   64000.0000000000     
   64040.0000000000     
   64080.0000000000     
   64120.0000000000     
   64160.0000000000     
   64200.0000000000     
   64240.0000000000     
   64280.0000000000     
   64320.0000000000     
   64360.0000000000     
   64400.0000000000     
   64440.0000000000     
   64480.0000000000     
   64520.0000000000     
   64560.0000000000     
   64600.0000000000     
   64640.0000000000     
   64680.0000000000     
   64720.0000000000     
   64760.0000000000     
   64800.0000000000     
   64840.0000000000     
   64880.0000000000     
   64920.0000000000     
   64960.0000000000     
   65000.0000000000     
   65040.0000000000     
   65080.0000000000     
   65120.0000000000     
   65160.0000000000     
   65200.0000000000     
   65240.0000000000     
   65280.0000000000     
   65320.0000000000     
   65360.0000000000     
   65400.0000000000     
   65440.0000000000     
   65480.0000000000     
   65520.0000000000     
   65560.0000000000     
   65600.0000000000     
   65640.0000000000     
   65680.0000000000     
   65720.0000000000     
   65760.0000000000     
   65800.0000000000     
   65840.0000000000     
   65880.0000000000     
   65920.0000000000     
   65960.0000000000     
   66000.0000000000     
   66040.0000000000     
   66080.0000000000     
   66120.0000000000     
   66160.0000000000     
   66200.0000000000     
   66240.0000000000     
   66280.0000000000     
   66320.0000000000     
   66360.0000000000     
   66400.0000000000     
   66440.0000000000     
   66480.0000000000     
   66520.0000000000     
   66560.0000000000     
   66600.0000000000     
   66640.0000000000     
   66680.0000000000     
   66720.0000000000     
   66760.0000000000     
   66800.0000000000     
   66840.0000000000     
   66880.0000000000     
   66920.0000000000     
   66960.0000000000     
   67000.0000000000     
   67040.0000000000     
   67080.0000000000     
   67120.0000000000     
   67160.0000000000     
   67200.0000000000     
   67240.0000000000     
   67280.0000000000     
   67320.0000000000     
   67360.0000000000     
   67400.0000000000     
   67440.0000000000     
   67480.0000000000     
   67520.0000000000     
   67560.0000000000     
   67600.0000000000     
   67640.0000000000     
   67680.0000000000     
   67720.0000000000     
   67760.0000000000     
   67800.0000000000     
   67840.0000000000     
   67880.0000000000     
   67920.0000000000     
   67960.0000000000     
   68000.0000000000     
   68040.0000000000     
   68080.0000000000     
   68120.0000000000     
   68160.0000000000     
   68200.0000000000     
   68240.0000000000     
   68280.0000000000     
   68320.0000000000     
   68360.0000000000     
   68400.0000000000     
   68440.0000000000     
   68480.0000000000     
   68520.0000000000     
   68560.0000000000     
   68600.0000000000     
   68640.0000000000     
   68680.0000000000     
   68720.0000000000     
   68760.0000000000     
   68800.0000000000     
   68840.0000000000     
   68880.0000000000     
   68920.0000000000     
   68960.0000000000     
   69000.0000000000     
   69040.0000000000     
   69080.0000000000     
   69120.0000000000     
   69160.0000000000     
   69200.0000000000     
   69240.0000000000     
   69280.0000000000     
   69320.0000000000     
   69360.0000000000     
   69400.0000000000     
   69440.0000000000     
   69480.0000000000     
   69520.0000000000     
   69560.0000000000     
   69600.0000000000     
   69640.0000000000     
   69680.0000000000     
   69720.0000000000     
   69760.0000000000     
   69800.0000000000     
   69840.0000000000     
   69880.0000000000     
   69920.0000000000     
   69960.0000000000     
   70000.0000000000     
   70040.0000000000     
   70080.0000000000     
   70120.0000000000     
   70160.0000000000     
   70200.0000000000     
   70240.0000000000     
   70280.0000000000     
   70320.0000000000     
   70360.0000000000     
   70400.0000000000     
   70440.0000000000     
   70480.0000000000     
   70520.0000000000     
   70560.0000000000     
   70600.0000000000     
   70640.0000000000     
   70680.0000000000     
   70720.0000000000     
   70760.0000000000     
   70800.0000000000     
   70840.0000000000     
   70880.0000000000     
   70920.0000000000     
   70960.0000000000     
   71000.0000000000     
   71040.0000000000     
   71080.0000000000     
   71120.0000000000     
   71160.0000000000     
   71200.0000000000     
   71240.0000000000     
   71280.0000000000     
   71320.0000000000     
   71360.0000000000     
   71400.0000000000     
   71440.0000000000     
   71480.0000000000     
   71520.0000000000     
   71560.0000000000     
   71600.0000000000     
   71640.0000000000     
   71680.0000000000     
   71720.0000000000     
   71760.0000000000     
   71800.0000000000     
   71840.0000000000     
   71880.0000000000     
   71920.0000000000     
   71960.0000000000     
   72000.0000000000     
   72040.0000000000     
   72080.0000000000     
   72120.0000000000     
   72160.0000000000     
   72200.0000000000     
   72240.0000000000     
   72280.0000000000     
   72320.0000000000     
   72360.0000000000     
   72400.0000000000     
   72440.0000000000     
   72480.0000000000     
   72520.0000000000     
   72560.0000000000     
   72600.0000000000     
   72640.0000000000     
   72680.0000000000     
   72720.0000000000     
   72760.0000000000     
   72800.0000000000     
   72840.0000000000     
   72880.0000000000     
   72920.0000000000     
   72960.0000000000     
   73000.0000000000     
   73040.0000000000     
   73080.0000000000     
   73120.0000000000     
   73160.0000000000     
   73200.0000000000     
   73240.0000000000     
   73280.0000000000     
   73320.0000000000     
   73360.0000000000     
   73400.0000000000     
   73440.0000000000     
   73480.0000000000     
   73520.0000000000     
   73560.0000000000     
   73600.0000000000     
   73640.0000000000     
   73680.0000000000     
   73720.0000000000     
   73760.0000000000     
   73800.0000000000     
   73840.0000000000     
   73880.0000000000     
   73920.0000000000     
   73960.0000000000     
   74000.0000000000     
   74040.0000000000     
   74080.0000000000     
   74120.0000000000     
   74160.0000000000     
   74200.0000000000     
   74240.0000000000     
   74280.0000000000     
   74320.0000000000     
   74360.0000000000     
   74400.0000000000     
   74440.0000000000     
   74480.0000000000     
   74520.0000000000     
   74560.0000000000     
   74600.0000000000     
   74640.0000000000     
   74680.0000000000     
   74720.0000000000     
   74760.0000000000     
   74800.0000000000     
   74840.0000000000     
   74880.0000000000     
   74920.0000000000     
   74960.0000000000     
   75000.0000000000     
   75040.0000000000     
   75080.0000000000     
   75120.0000000000     
   75160.0000000000     
   75200.0000000000     
   75240.0000000000     
   75280.0000000000     
   75320.0000000000     
   75360.0000000000     
   75400.0000000000     
   75440.0000000000     
   75480.0000000000     
   75520.0000000000     
   75560.0000000000     
   75600.0000000000     
   75640.0000000000     
   75680.0000000000     
   75720.0000000000     
   75760.0000000000     
   75800.0000000000     
   75840.0000000000     
   75880.0000000000     
   75920.0000000000     
   75960.0000000000     
   76000.0000000000     
   76040.0000000000     
   76080.0000000000     
   76120.0000000000     
   76160.0000000000     
   76200.0000000000     
   76240.0000000000     
   76280.0000000000     
   76320.0000000000     
   76360.0000000000     
   76400.0000000000     
   76440.0000000000     
   76480.0000000000     
   76520.0000000000     
   76560.0000000000     
   76600.0000000000     
   76640.0000000000     
   76680.0000000000     
   76720.0000000000     
   76760.0000000000     
   76800.0000000000     
   76840.0000000000     
   76880.0000000000     
   76920.0000000000     
   76960.0000000000     
   77000.0000000000     
   77040.0000000000     
   77080.0000000000     
   77120.0000000000     
   77160.0000000000     
   77200.0000000000     
   77240.0000000000     
   77280.0000000000     
   77320.0000000000     
   77360.0000000000     
   77400.0000000000     
   77440.0000000000     
   77480.0000000000     
   77520.0000000000     
   77560.0000000000     
   77600.0000000000     
   77640.0000000000     
   77680.0000000000     
   77720.0000000000     
   77760.0000000000     
   77800.0000000000     
   77840.0000000000     
   77880.0000000000     
   77920.0000000000     
   77960.0000000000     
   78000.0000000000     
   78040.0000000000     
   78080.0000000000     
   78120.0000000000     
   78160.0000000000     
   78200.0000000000     
   78240.0000000000     
   78280.0000000000     
   78320.0000000000     
   78360.0000000000     
   78400.0000000000     
   78440.0000000000     
   78480.0000000000     
   78520.0000000000     
   78560.0000000000     
   78600.0000000000     
   78640.0000000000     
   78680.0000000000     
   78720.0000000000     
   78760.0000000000     
   78800.0000000000     
   78840.0000000000     
   78880.0000000000     
   78920.0000000000     
   78960.0000000000     
   79000.0000000000     
   79040.0000000000     
   79080.0000000000     
   79120.0000000000     
   79160.0000000000     
   79200.0000000000     
   79240.0000000000     
   79280.0000000000     
   79320.0000000000     
   79360.0000000000     
   79400.0000000000     
   79440.0000000000     
   79480.0000000000     
   79520.0000000000     
   79560.0000000000     
   79600.0000000000     
   79640.0000000000     
   79680.0000000000     
   79720.0000000000     
   79760.0000000000     
   79800.0000000000     
   79840.0000000000     
   79880.0000000000     
   79920.0000000000     
   79960.0000000000     
   80000.0000000000     
