$coord
   -0.40651478829659     -0.11494153614781      0.32657631116575      ti
    0.93321656167867     -2.75975301696174      1.82110723267959      o
   -2.90188943473964     -0.94058333110849     -1.88149073684321      o
   -4.99286714352826     -1.11004148512243     -1.91971952342773      h
   -0.73733485253875      2.87230230642949      1.77375526562344      o
   -1.30408385099377      4.44966167190829      1.25781465261999      h
    3.85460251703798      1.01105097820022     -2.57915086700378      o
    5.03477507405170      1.43626419305547     -3.60157525034429      h
    2.34874673546639     -2.21872661815115      2.48658300642198      h
$redundant
     number_of_atoms             9
     degrees_of_freedom         21
     internal_coordinates       21
     frozen_coordinates          0
# definitions of redundant internals
   1 k  1.0000000000000 tors    4    3    1    2 val= 114.36747
        1.0000000000000 tors    4    3    1    5
        1.0000000000000 tors    4    3    1    7
   2 k  1.0000000000000 stre    3    4           val=   1.63535
   3 k  1.0000000000000 bend    1    4    3      val= 137.09591
   4 k  1.0000000000000 tors    6    5    1    2 val=  36.08236
        1.0000000000000 tors    6    5    1    3
        1.0000000000000 tors    6    5    1    7
   5 k  1.0000000000000 stre    5    6           val=   1.85375
   6 k  1.0000000000000 bend    1    6    5      val= 153.14817
   7 k  1.0000000000000 tors    8    7    1    2 val= 109.36521
        1.0000000000000 tors    8    7    1    3
        1.0000000000000 tors    8    7    1    5
   8 k  1.0000000000000 stre    7    8           val=   2.12273
   9 k  1.0000000000000 bend    1    8    7      val= 107.05201
  10 k  1.0000000000000 tors    9    2    1    3 val=  56.25753
        1.0000000000000 tors    9    2    1    5
        1.0000000000000 tors    9    2    1    7
  11 k  1.0000000000000 stre    2    9           val=   2.06161
  12 k  1.0000000000000 bend    1    9    2      val= 127.11699
  13 k  1.0000000000000 stre    1    2           val=   3.23875
  14 k  1.0000000000000 stre    1    5           val=   3.28092
  15 k  1.0000000000000 stre    1    7           val=   3.39278
  16 k  1.0000000000000 stre    1    3           val=   3.45388
  17 k  0.6469451568243 bend    5    2    1      val=   2.17201
        0.3164326769770 bend    7    2    1
        0.2015911233692 bend    7    5    1
       -0.2486388291218 bend    3    2    1
       -0.3148397121275 bend    3    5    1
       -0.5289121215305 bend    3    7    1
  18 k -0.1300103948590 bend    5    2    1      val=   5.40176
       -0.0494373857035 bend    7    2    1
        0.6080084123570 bend    7    5    1
       -0.7110382886129 bend    3    2    1
        0.1792087400895 bend    3    5    1
        0.2707171812585 bend    3    7    1
  19 k -0.3326115407161 bend    5    2    1      val=   1.95527
        0.6255869886899 bend    7    2    1
        0.0296952346896 bend    7    5    1
        0.0160515395802 bend    3    2    1
       -0.6179848050641 bend    3    5    1
        0.3390660767285 bend    3    7    1
  20 k  0.0891176729567 bend    5    2    1      val=   5.28967
       -0.5455964202617 bend    7    2    1
        0.5272879007323 bend    7    5    1
        0.3845483283445 bend    3    2    1
       -0.5074262916193 bend    3    5    1
        0.1048389147530 bend    3    7    1
  21 k  0.5434516269842 bend    5    2    1      val=  10.77389
       -0.2068207286411 bend    7    2    1
       -0.4225343876171 bend    7    5    1
       -0.2599611318343 bend    3    2    1
       -0.1910170124884 bend    3    5    1
        0.6158594949249 bend    3    7    1
        21 non zero eigenvalues  of BmBt
           1          15.137284516    1    0
         1
           2           7.215193243    2    0
         2
           3           4.228550963    3    0
         3
           4           3.335768235    4    0
         4
           5           2.903713675    5    0
         5
           6           2.772557942    6    0
         6
           7           2.260259093    7    0
         7
           8           2.200448663    8    0
         8
           9           2.082513440    9    0
         9
          10           1.769171258   10    0
        10
          11           1.584661616   11    0
        11
          12           1.271593324   12    0
        12
          13           0.803086155   13    0
        13
          14           0.717532696   14    0
        14
          15           0.627924401   15    0
        15
          16           0.279735641   16    0
        16
          17           0.133095253   17    0
        17
          18           0.116418854   18    0
        18
          19           0.089105922   19    0
        19
          20           0.084399216   20    0
        20
          21           0.072114791   21    0
        21
$user-defined bonds
$end
