# Excitation spectrum ; written at 2020-03-07 16:29:07
#     Exc.     energy (Eh)   energy (eV)   energy (cm-1)   energy (nm)     Osc.(vel)      Osc.(len) 
       1 a'       0.152191       4.14134       33402.158       299.382     0.00146666     0.00110303
       2 a'       0.166691       4.53590       36584.491       273.340     0.00056350     0.00036619
       3 a'       0.175376       4.77222       38490.530       259.804     0.01115128     0.01106406
       4 a'       0.194855       5.30227       42765.664       233.832     0.00137009     0.00143876
       5 a'       0.215107       5.85337       47210.597       211.817     0.00271937     0.00270893
       6 a'       0.217464       5.91751       47727.940       209.521     0.00204729     0.00196980
       7 a'       0.227089       6.17940       49840.246       200.641     0.00360096     0.00375767
       8 a'       0.228654       6.22200       50183.807       199.267     0.01661458     0.01631075
       9 a'       0.229712       6.25078       50415.954       198.350     0.01226556     0.01203297
      10 a'       0.233125       6.34366       51165.091       195.446     0.00245277     0.00238553
       1 a"       0.165796       4.51154       36388.051       274.815     0.00028460     0.00021080
       2 a"       0.177285       4.82418       38909.614       257.006     0.00331879     0.00262810
       3 a"       0.200021       5.44284       43899.459       227.793     0.00081109     0.00086584
       4 a"       0.209485       5.70038       45976.666       217.502     0.01093892     0.01085124
       5 a"       0.212293       5.77679       46592.972       214.625     0.00453100     0.00460782
       6 a"       0.226778       6.17093       49771.916       200.917     0.00240397     0.00221359
       7 a"       0.243854       6.63560       53519.726       186.847     0.00047873     0.00048574
       8 a"       0.247100       6.72393       54232.128       184.393     0.00081000     0.00077312
       9 a"       0.256639       6.98349       56325.653       177.539     0.00005388     0.00005549
      10 a"       0.257715       7.01279       56561.970       176.797     0.00069049     0.00066569
# Excitation spectrum ; written at 2020-03-07 22:08:51
#     Exc.     energy (Eh)   energy (eV)   energy (cm-1)   energy (nm)     Osc.(vel)      Osc.(len) 
       1 a'       0.152191       4.14134       33402.158       299.382     0.00146666     0.00110303
       2 a'       0.166691       4.53590       36584.491       273.340     0.00056350     0.00036619
       3 a'       0.175376       4.77222       38490.530       259.804     0.01115128     0.01106406
       4 a'       0.194855       5.30227       42765.664       233.832     0.00137009     0.00143876
       5 a'       0.215107       5.85337       47210.597       211.817     0.00271937     0.00270893
       6 a'       0.217464       5.91751       47727.940       209.521     0.00204729     0.00196980
       7 a'       0.227089       6.17940       49840.246       200.641     0.00360096     0.00375767
       8 a'       0.228654       6.22200       50183.807       199.267     0.01661458     0.01631075
       9 a'       0.229712       6.25078       50415.954       198.350     0.01226556     0.01203297
      10 a'       0.233125       6.34366       51165.091       195.446     0.00245277     0.00238553
       1 a"       0.165796       4.51154       36388.051       274.815     0.00028460     0.00021080
       2 a"       0.177285       4.82418       38909.614       257.006     0.00331879     0.00262810
       3 a"       0.200021       5.44284       43899.459       227.793     0.00081109     0.00086584
       4 a"       0.209485       5.70038       45976.666       217.502     0.01093892     0.01085124
       5 a"       0.212293       5.77679       46592.972       214.625     0.00453100     0.00460782
       6 a"       0.226778       6.17093       49771.916       200.917     0.00240397     0.00221359
       7 a"       0.243854       6.63560       53519.726       186.847     0.00047873     0.00048574
       8 a"       0.247100       6.72393       54232.128       184.393     0.00081000     0.00077312
       9 a"       0.256639       6.98349       56325.653       177.539     0.00005388     0.00005549
      10 a"       0.257715       7.01279       56561.970       176.797     0.00069049     0.00066569
# Excitation spectrum ; written at 2020-03-07 22:09:12
#     Exc.     energy (Eh)   energy (eV)   energy (cm-1)   energy (nm)     Osc.(vel)      Osc.(len) 
       1 a'       0.152191       4.14134       33402.158       299.382     0.00146666     0.00110303
       2 a'       0.166691       4.53590       36584.491       273.340     0.00056350     0.00036619
       3 a'       0.175376       4.77222       38490.530       259.804     0.01115128     0.01106406
       4 a'       0.194855       5.30227       42765.664       233.832     0.00137009     0.00143876
       5 a'       0.215107       5.85337       47210.597       211.817     0.00271937     0.00270893
       6 a'       0.217464       5.91751       47727.940       209.521     0.00204729     0.00196980
       7 a'       0.227089       6.17940       49840.246       200.641     0.00360096     0.00375767
       8 a'       0.228654       6.22200       50183.807       199.267     0.01661458     0.01631075
       9 a'       0.229712       6.25078       50415.954       198.350     0.01226556     0.01203297
      10 a'       0.233125       6.34366       51165.091       195.446     0.00245277     0.00238553
       1 a"       0.165796       4.51154       36388.051       274.815     0.00028460     0.00021080
       2 a"       0.177285       4.82418       38909.614       257.006     0.00331879     0.00262810
       3 a"       0.200021       5.44284       43899.459       227.793     0.00081109     0.00086584
       4 a"       0.209485       5.70038       45976.666       217.502     0.01093892     0.01085124
       5 a"       0.212293       5.77679       46592.972       214.625     0.00453100     0.00460782
       6 a"       0.226778       6.17093       49771.916       200.917     0.00240397     0.00221359
       7 a"       0.243854       6.63560       53519.726       186.847     0.00047873     0.00048574
       8 a"       0.247100       6.72393       54232.128       184.393     0.00081000     0.00077312
       9 a"       0.256639       6.98349       56325.653       177.539     0.00005388     0.00005549
      10 a"       0.257715       7.01279       56561.970       176.797     0.00069049     0.00066569
