$grad          cartesian gradients
  cycle =      1    SCF energy =     -331.3010729347   |dE/dxyz| =  0.208044
   -1.17333095590870      7.78733462648579     11.87462327930415      c
   -2.97081955624819      6.78889782417566     11.37259863484175      h
    1.46215669805894     10.17921768466313     15.30379590908375      c
    1.57402848512577     10.91891318485856     17.28373756755336      h
    1.11713050071668      8.04881603149317      9.60355041280218      b
    0.96056669060710      7.29387044140536      7.63228259728252      h
    2.68694489656611     10.95152985791217     10.27219221040111      b
    3.99593929155467     10.65588220442221     13.36206451302109      b
    5.77564556898371     11.65632211643320     13.92006284553957      h
    1.11015741128633     12.32307418789924     12.91291440575684      b
    0.98781654144331     14.41997099673314     13.17360212578841      h
    1.48819712417010      5.99135780705260     12.23728062146623      b
    1.57843154701539      3.89032249798769     11.99824916291753      h
   -0.67175984571819     10.70121673435014     10.59482515306867      b
   -2.00397897487991     11.68992144707591      9.28057731943069      h
    4.02390723832137      8.01565133786103     11.30591019961221      b
    5.81483848897976      7.25921286412824     10.46932844058374      h
    3.26546565488772      7.61223260301261     14.57362462859807      b
    4.55325732266530      6.61156592386567     15.92251114225184      h
   -0.05136275629183      7.40198167346775     14.83179901287290      b
   -0.97203732823372      6.23734345777033     16.34031069297152      h
   -1.37538047403683     10.30700096576886     13.82332776479715      b
   -3.16241888886147     11.06181427502737     14.66984948328460      h
  0.17483426963343D-01  0.12907018802195D-01  0.11687981041933D-01
  -.11990177369331D-01  -.70820427946575D-02  -.47916011933106D-02
  -.50946001633809D-02  -.10460966215461D-01  -.21036464734988D-01
  0.26693956151386D-02  0.57047620847361D-02  0.13557171919688D-01
  -.14391056514935D-01  -.20771598012487D-01  -.38829286645703D-01
  0.11185739936690D-01  0.21075436147636D-01  0.44151372694468D-01
  0.86512719995009D-02  0.13253764375252D-01  -.14714263161102D-01
  0.34202371762084D-01  0.19527230700429D-01  0.22863779345520D-01
  -.38518555545982D-01  -.24714541716875D-01  -.20855159650494D-01
  -.97473923528992D-02  0.41801318564511D-01  0.15696524773188D-01
  0.45827414848736D-02  -.47830885536771D-01  -.13881657672384D-01
  -.63889326631096D-02  -.47212667316336D-01  -.12749604113134D-02
  0.50757159971241D-02  0.48843639826127D-01  0.50112263796133D-02
  -.38907648139432D-01  0.15116293649583D-01  -.21588593784370D-01
  0.36625894036775D-01  -.18568435781703D-01  0.28248758522946D-01
  0.43845885389529D-01  -.22389485375374D-01  -.15453383090207D-01
  -.42334527085365D-01  0.20218509521499D-01  0.18519697444437D-01
  0.22855553670361D-01  -.20304150973603D-01  0.37840445130509D-01
  -.26644377550696D-01  0.19956113499728D-01  -.36303739483582D-01
  -.22291192866270D-01  -.19429189093271D-01  0.28979084651188D-01
  0.24194852920617D-01  0.22715311336674D-01  -.34472899772049D-01
  -.34664568071037D-01  0.10463777826192D-01  0.18088424836326D-01
  0.40425590535238D-01  -.12785980194968D-01  -.22132816973046D-01
  cycle =      2    SCF energy =     -331.3199169882   |dE/dxyz| =  0.137949
   -1.17237407144957      7.78732084389805     11.86935310466535      c
   -2.95561624586924      6.79775365893523     11.37467020705807      h
    1.46473745826648     10.18264433443384     15.30323343630525      c
    1.57114864379137     10.91412004179579     17.26707557823197      h
    1.11840745608745      8.04803876957628      9.59852117492713      b
    0.94230731115537      7.26956382795559      7.58627061164109      h
    2.68605104454021     10.94866568177871     10.27438353563176      b
    3.99942844138522     10.65998271807744     13.36104810555205      b
    5.81265824665999     11.68667830330305     13.94748691360879      h
    1.11268847156149     12.32746184190622     12.91243782607176      b
    0.98449142414313     14.46958843496174     13.19530037075407      h
    1.48934020428815      5.99115616315244     12.23337725798617      b
    1.56530545689979      3.84218981726056     11.99077450241177      h
   -0.67065680426071     10.70367038758857     10.59082079819672      b
   -2.04404369996666     11.70561505711743      9.25128656913147      h
    4.02657427177415      8.01552473222081     11.30219935616613      b
    5.85830420157383      7.23768966139247     10.44844591312591      h
    3.26898558381841      7.61451239798177     14.57123855621324      b
    4.57890315774909      6.59849126470407     15.96187227277166      h
   -0.04952460422747      7.40365200870237     14.83006013832098      b
   -0.99764593804687      6.22124160415297     16.37287122482001      h
   -1.37460954778412     10.30836289816592     13.82210485961061      b
   -3.20146578188603     11.06952629478852     14.69418581002790      h
  0.12758470144956D-01  0.97935194549832D-02  0.91806643425352D-02
  -.73152838783577D-02  -.44312754563460D-02  -.33393705915147D-02
  -.40492737974666D-02  -.78732555846122D-02  -.15502668229276D-01
  0.21414439719491D-02  0.37042053757462D-02  0.83206651951498D-02
  -.12683990751130D-01  -.14859167463934D-01  -.23639003132395D-01
  0.93876554346576D-02  0.14680206760446D-01  0.28312502403090D-01
  0.80984162162928D-02  0.12125071649967D-01  -.13632239285011D-01
  0.20422256616760D-01  0.12003631185312D-01  0.18179543398880D-01
  -.24283215816262D-01  -.16485579077788D-01  -.15767912571466D-01
  -.80965814936721D-02  0.25687382462149D-01  0.13489352428271D-01
  0.34665363646713D-02  -.30947720620436D-01  -.11229726219134D-01
  -.68754366682656D-02  -.30591130196389D-01  -.42309274491853D-05
  0.53435309691508D-02  0.32000657346590D-01  0.31004782488122D-02
  -.28007650021618D-01  0.74921941113355D-02  -.11844202846004D-01
  0.25513719875221D-01  -.10875239919517D-01  0.17811787292030D-01
  0.29230427291526D-01  -.16092929025439D-01  -.90846903267367D-02
  -.27664718439730D-01  0.13812472253298D-01  0.11754281962585D-01
  0.13154840809962D-01  -.12151617241823D-01  0.26800033723714D-01
  -.16520237450570D-01  0.12172019932600D-01  -.25205848817925D-01
  -.15258951374520D-01  -.10629013457844D-01  0.17716208203315D-01
  0.16808451610946D-01  0.13828372320552D-01  -.22654926746195D-01
  -.21233223910226D-01  0.48060863555643D-02  0.11902097319449D-01
  0.26472759896475D-01  -.71329258672576D-02  -.15335903048032D-01
  cycle =      3    SCF energy =     -331.3357300724   |dE/dxyz| =  0.053041
   -1.16866451466227      7.78678934217347     11.85683259313368      c
   -2.93499281740281      6.80872310042301     11.37470712564277      h
    1.47207230106026     10.18958960299342     15.30104837286428      c
    1.56710934738508     10.90861042668838     17.24556671812800      h
    1.12403745420827      8.04647537552662      9.58610060404162      b
    0.90171707725722      7.22671873978565      7.51814116438834      h
    2.68552657528967     10.94134241312283     10.27872758897214      b
    4.00934738964890     10.66857632889086     13.35659917113466      b
    5.86389270487192     11.73726808984312     14.00211476128485      h
    1.12058208789504     12.33720569346432     12.90899427038438      b
    0.98069929214595     14.54294475698710     13.24223707433134      h
    1.49466061435466      5.99007788226875     12.22363577316927      b
    1.53162193990612      3.77019553622147     11.97758301951947      h
   -0.66557678496291     10.70951548263764     10.58006744561812      b
   -2.11169168064914     11.72023923607239      9.20825448909439      h
    4.03488951398415      8.01511254654197     11.29236769410944      b
    5.92632302484413      7.20193547306577     10.41556365138536      h
    3.27917688179427      7.61844438770833     14.56429494880422      b
    4.61381827077925      6.58781811426157     16.02903227236628      h
   -0.04316404775682      7.40651783576511     14.82505451169355      b
   -1.04005187659185      6.20682249188312     16.41948767177701      h
   -1.37098062655723     10.31157774497541     13.81767828973732      b
   -3.25695744663840     11.07095014254952     14.73492891164936      h
  0.56520959526219D-02  0.48334460859792D-02  0.47647532226569D-02
  -.11015733165029D-02  -.86663827546745D-03  -.12671412144286D-02
  -.21158622313419D-02  -.36614830422687D-02  -.70437641828550D-02
  0.12384775738734D-02  0.98261397931543D-03  0.13370924696855D-02
  -.93605484714520D-02  -.70902891820101D-02  -.51055797877080D-02
  0.62124010795561D-02  0.61372455973425D-02  0.83679487012005D-02
  0.67117579231936D-02  0.94866192142201D-02  -.11033498757647D-01
  0.37007442990570D-02  0.28359495814862D-02  0.11221091243918D-01
  -.65371777034015D-02  -.58274489301032D-02  -.83842060050795D-02
  -.52340865986794D-02  0.59687685713014D-02  0.97487066308714D-02
  0.18358783191023D-02  -.95582088662801D-02  -.69446115254713D-02
  -.65660050010849D-02  -.96269442837323D-02  0.10275656225632D-02
  0.48259370821219D-02  0.10474194972009D-01  0.75368400747628D-03
  -.13347565508154D-01  -.14131393037400D-02  -.40210211014201D-03
  0.10722804764965D-01  -.15564594727492D-02  0.47895325389307D-02
  0.10710861761125D-01  -.77251002066084D-02  -.15635237096218D-02
  -.90512134236041D-02  0.54012077291371D-02  0.33030807312325D-02
  0.16490562163227D-02  -.20374728286082D-02  0.12026800545911D-01
  -.39769224672850D-02  0.26007797758399D-02  -.10437573280907D-01
  -.61847040878274D-02  -.40756435087624D-04  0.38727302102032D-02
  0.70140327312912D-02  0.28934141547617D-02  -.75219352169024D-02
  -.46691984999572D-02  -.17550598379227D-02  0.41603646394913D-02
  0.86484587520798D-02  -.41737343100906D-03  -.63089973522771D-02
  cycle =      4    SCF energy =     -331.3395683544   |dE/dxyz| =  0.024851
   -1.16276777045170      7.78620266801748     11.84379340861420      c
   -2.92510557498028      6.81247158627177     11.37136672782060      h
    1.48085093593536     10.19556197749973     15.29716350533869      c
    1.56483699802366     10.90688550506669     17.23678795443292      h
    1.13288507654870      8.04557199229962      9.57232246660846      b
    0.85873886539113      7.19255281004950      7.47876506238232      h
    2.68609118893879     10.93289938876372     10.28293816466155      b
    4.02157140018125     10.67675378733353     13.34933371376073      b
    5.88853582568125     11.77430214425647     14.05375172463607      h
    1.13090226694230     12.34735568007438     12.90240115334666      b
    0.98027055793004     14.58561443937751     13.29027165613100      h
    1.50329627540908      5.98847747085447     12.21279174585157      b
    1.49191946829577      3.72719527785291     11.96688180438484      h
   -0.65749196086999     10.71637859332708     10.56698308685082      b
   -2.16324137461162     11.71623666484877      9.18328864841184      h
    4.04576003834824      8.01490889821507     11.28067016377622      b
    5.97182527140501      7.17600850646038     10.39335067731091      h
    3.29200217093900      7.62102206556321     14.55528245232412      b
    4.62979547881950      6.59368079340047     16.08107947924654      h
   -0.03413782506375      7.40840755308466     14.81875430776424      b
   -1.07157305558783      6.21143972434858     16.44472575440311      h
   -1.36528750155038     10.31548955169265     13.81106095139280      b
   -3.28628207547008     11.05803366519119     14.76525351377963      h
  0.21044129784855D-02  0.18963740368956D-02  0.15330613303971D-02
  0.94407398730033D-03  0.39318412278482D-03  -.28727905292826D-03
  -.54004866450040D-03  -.10740268149527D-02  -.26028200790403D-02
  0.54560946462089D-03  -.55649656607926D-04  -.99873262379049D-03
  -.60788787022738D-02  -.26492917184649D-02  0.34461490528713D-02
  0.34854160106639D-02  0.13045505446380D-02  -.15031268460394D-02
  0.50264851569109D-02  0.65706398544267D-02  -.80422821132825D-02
  -.38511672844977D-02  -.14232817543147D-02  0.61984132308152D-02
  0.20227785770133D-02  -.19097923821412D-03  -.34938477945645D-02
  -.28622690149111D-02  -.31832068709185D-02  0.64763996657969D-02
  0.75068565926443D-03  0.11620349200662D-02  -.36476938056675D-02
  -.51384929566876D-02  0.82387687448637D-03  0.93368234916157D-03
  0.34879845760149D-02  -.50485281537664D-03  -.31810168011667D-03
  -.47224111677989D-02  -.48695790731911D-02  0.42723107142629D-02
  0.24044734367191D-02  0.25659331161135D-02  -.14913894218318D-02
  0.11907065656451D-02  -.28756028068219D-02  0.16392489875496D-02
  0.39503417399947D-03  0.80151532594878D-03  -.81830507507046D-03
  -.31751300454062D-02  0.26651950373920D-02  0.35403835967977D-02
  0.19149400974034D-02  -.18176332721713D-02  -.21640224955962D-02
  -.13428280758841D-02  0.44779156678242D-02  -.25439188478236D-02
  0.15624228307984D-02  -.21557583346131D-02  0.23237257416175D-03
  0.30439028488809D-02  -.41904460348411D-02  0.32134276152614D-03
  -.41754145322687D-03  0.23691338683815D-02  -.12907875398651D-02
  cycle =      5    SCF energy =     -331.3404196186   |dE/dxyz| =  0.022422
   -1.15761549628972      7.78635763967189     11.83668668043440      c
   -2.92184749583252      6.81265149427635     11.36888442728513      h
    1.48637608922877     10.19790864591165     15.29319461557983      c
    1.56443380498171     10.90624508764189     17.23475917997335      h
    1.14011148996407      8.04588755240023      9.56373856374945      b
    0.83126620169812      7.17687590219602      7.47067280820404      h
    2.68658521293847     10.92727528468660     10.28575783058410      b
    4.02988627013929     10.68112409910976     13.34311111030654      b
    5.88898712291851     11.78905395043246     14.08358147458343      h
    1.13819978250745     12.35371592364180     12.89613406937339      b
    0.98185208454758     14.59518165012960     13.31993611663213      h
    1.51060578555811      5.98728879712078     12.20610475381199      b
    1.46460794060503      3.71653559754957     11.96167863327403      h
   -0.65100278370600     10.72140325407976     10.55783693215349      b
   -2.18651698304172     11.70337227245576      9.17759796980247      h
    4.05355401170580      8.01512651186451     11.27283760501089      b
    5.98768902327558      7.16593056426473     10.38562441514827      h
    3.30094016583210      7.62134533808677     14.54868931955726      b
    4.62921332314914      6.60592452607049     16.10502806930125      h
   -0.02720347251926      7.40867745245882     14.81436908735961      b
   -1.08554335396748      6.22438163068235     16.44887564275219      h
   -1.36081168857628     10.31854928313972     13.80565990782741      b
   -3.29037235491331     11.04263828597832     14.77825891052519      h
  0.13553043430009D-02  0.97195781160536D-03  0.20494452061417D-03
  0.62503841012630D-03  0.30193136431691D-03  -.65363740934343D-04
  0.18417397478249D-03  -.25233725820444D-03  -.15299071421654D-02
  0.18876975018200D-03  -.89950235148566D-04  -.68449972665263D-03
  -.40755845237579D-02  -.11610478102405D-02  0.47374338071865D-02
  0.20854459204049D-02  -.11656638373087D-03  -.35112166427649D-02
  0.37267526013717D-02  0.45972052951575D-02  -.58758877291721D-02
  -.48388249768691D-02  -.20867135689675D-02  0.38292045105412D-02
  0.36037522342531D-02  0.12058160215256D-02  -.15912881571984D-02
  -.16482444333790D-02  -.46189603454316D-02  0.45790091055496D-02
  0.31961916095863D-03  0.34399273942988D-02  -.21270752004797D-02
  -.38286771782113D-02  0.30266184172543D-02  0.54159466746612D-03
  0.24328643717796D-02  -.29618293770070D-02  -.46171810439654D-03
  -.18066994327827D-02  -.47846795526192D-02  0.44619347076300D-02
  -.33891631849810D-04  0.30406741750087D-02  -.26474303825738D-02
  -.11636331780327D-02  -.12308713329567D-02  0.19554335404283D-02
  0.25409886984341D-02  -.47207423330416D-03  -.16234771188860D-02
  -.35271152120322D-02  0.33275250571406D-02  0.88187686900494D-03
  0.28669830566398D-02  -.24913102605125D-02  0.22104996843816D-03
  -.60152340401897D-04  0.47528978878728D-02  -.34737810379026D-02
  0.20036585012902D-04  -.28956744227258D-02  0.19724481925946D-02
  0.41762900256282D-02  -.39969825097823D-02  -.49737109493296D-03
  -.24072236191749D-02  0.25345391886559D-02  0.11370598329644D-03
  cycle =      6    SCF energy =     -331.3412738314   |dE/dxyz| =  0.016813
   -1.14876685874255      7.78741386411924     11.82815697071268      c
   -2.91568035247211      6.81322593688931     11.36584309839679      h
    1.49386742440499     10.19965113556494     15.28574844543742      c
    1.56514959217840     10.90426877440998     17.23030418479300      h
    1.15189246383742      8.04742328547601      9.55180170606106      b
    0.79094087570242      7.15898853540797      7.47245423025037      h
    2.68703222820069     10.91898549655183     10.29028392003011      b
    4.04209580465039     10.68652372048808     13.33264592709275      b
    5.87753598515648     11.80323553009845     14.12490931525478      h
    1.14914599685917     12.36292290813462     12.88497884708670      b
    0.98573453739392     14.59555948069336     13.36271298281869      h
    1.52284164240098      5.98545292333144     12.19693525472091      b
    1.42308356234269      3.71381379067860     11.95505015816983      h
   -0.64062526633111     10.72948289779028     10.54393406923146      b
   -2.21374724845254     11.67599778928001      9.17701676164165      h
    4.06535270747277      8.01590379098115     11.26140014035664      b
    6.00109177147989      7.15645355295504     10.37926561694243      h
    3.31428143250723      7.62038438473899     14.53849173527549      b
    4.62002518836719      6.63045214857591     16.13338848267434      h
   -0.01625698128597      7.40800682212565     14.80787532109997      b
   -1.10216334491719      6.25087899068534     16.44624420865033      h
   -1.35377903845176     10.32371691680755     13.79676688221508      b
   -3.28565744209795     11.01470806806608     14.79280986431734      h
  0.46198779467292D-03  -.12397453105526D-03  -.13176715277810D-02
  0.23128273474528D-04  0.89620069438676D-04  0.22972691476716D-03
  0.10271933660897D-02  0.65126187980729D-03  -.27773768257641D-03
  -.28946619919229D-03  -.10464256855228D-03  -.74854077392878D-04
  -.12432724218864D-02  0.18309803734726D-03  0.39281222491507D-02
  0.35219558170204D-03  -.10449541348787D-02  -.35921211570508D-02
  0.15954240056949D-02  0.16437253874046D-02  -.24563064722404D-02
  -.37978059373044D-02  -.17442349708819D-02  0.91770324691914D-03
  0.33489216641063D-02  0.17421266763453D-02  0.29062162630219D-03
  -.11017170303007D-03  -.38963628450263D-02  0.19105070517716D-02
  -.12243277672713D-03  0.37286075806940D-02  -.37762401936817D-03
  -.16765996722429D-02  0.33451964990683D-02  -.17055130114837D-03
  0.84146488490092D-03  -.35203827589282D-02  -.32059735209276D-03
  0.74670087106952D-03  -.31952731368349D-02  0.29513272341089D-02
  -.16354234904287D-02  0.23304635443934D-02  -.24508029070120D-02
  -.22530547082790D-02  0.27406811953073D-03  0.13664545207084D-02
  0.31194168444349D-02  -.12134586826270D-02  -.15996589645824D-02
  -.23306869625628D-02  0.27472549296511D-02  -.11602352010139D-02
  0.24210879236654D-02  -.20857428089533D-02  0.17286860381273D-02
  0.62494952452575D-03  0.34089064708550D-02  -.27601452154975D-02
  -.92789200444926D-03  -.23720977282866D-02  0.23885839558473D-02
  0.33468022391102D-02  -.25645873214131D-02  -.66277238592795D-03
  -.28055142921411D-02  0.17604510341011D-02  0.94494058346162D-03
  cycle =      7    SCF energy =     -331.3416464885   |dE/dxyz| =  0.007983
   -1.14258482261137      7.78898860627477     11.82552741258022      c
   -2.91003231583139      6.81424361085581     11.36436129131792      h
    1.49716423112189     10.19890766088728     15.27991013543114      c
    1.56733712711774     10.90226970897957     17.22546625009286      h
    1.15944939817970      8.04935997311172      9.54579012383335      b
    0.76799068583509      7.15254483554479      7.48322675148602      h
    2.68693734648252     10.91434416253179     10.29327280766390      b
    4.04884800780343     10.68858834385245     13.32560282443488      b
    5.86252949914602     11.80563958969947     14.14679771667874      h
    1.15536007384763     12.36819446397427     12.87676798487170      b
    0.98937658221427     14.58640106121542     13.38672767932967      h
    1.53112022606840      5.98429803583794     12.19253105499690      b
    1.39848022925983      3.72110138929118     11.95149073301148      h
   -0.63418670636587     10.73491990251401     10.53561387661788      b
   -2.22492040714311     11.65389089590298      9.18173087831192      h
    4.07221045815197      8.01679333193678     11.25512309142234      b
    6.00179304979511      7.15522046139250     10.37919156511042      h
    3.32186125403614      7.61838484881785     14.53236391103157      b
    4.60920545020193      6.64916718694589     16.14517922321216      h
   -0.00947859017368      7.40650024180441     14.80427742464063      b
   -1.10970991848564      6.27129161810703     16.43893512560486      h
   -1.34953878886410     10.32742394969873     13.79085329759758      b
   -3.27581738958306     10.99497686467319     14.79827696395167      h
  -.20145387433563D-04  -.57414873010685D-03  -.17476128848076D-02
  -.21907215554958D-03  0.97432079892169D-05  0.39394266633297D-03
  0.12440818215013D-02  0.91244120473258D-03  0.30440915088204D-03
  -.49294046488934D-03  -.14776086399071D-03  0.17084767735316D-03
  0.23589588757475D-03  0.39631744762962D-03  0.16589835097027D-02
  -.32762902925278D-03  -.75514631824907D-03  -.17234555237205D-02
  0.18818319297488D-03  -.83218197569683D-04  -.27935227018045D-03
  -.15383961764676D-02  -.67068815267284D-03  -.32377756690318D-03
  0.15025785252316D-02  0.10002501598566D-02  0.65886801048752D-03
  0.56657236590450D-03  -.16148683521478D-02  0.47274440425247D-03
  -.23389523536422D-03  0.18460744518903D-02  0.20898649729848D-03
  -.34280404783490D-03  0.15972523111182D-02  -.59266870082639D-03
  -.54959479692182D-05  -.17949141692244D-02  -.13002558174914D-04
  0.99384709693515D-03  -.13232114529333D-02  0.90953392827026D-03
  -.11609061396689D-02  0.10207567256891D-02  -.10800607179515D-02
  -.13064073672253D-02  0.53342261674230D-03  0.36265672506337D-03
  0.16913752610624D-02  -.84519807914956D-03  -.76599390117651D-03
  -.57814255236146D-03  0.13655234519436D-02  -.10351111325872D-02
  0.96656185282641D-03  -.95612684206059D-03  0.11903485757485D-02
  0.22452153405016D-03  0.14701154724453D-02  -.98928615746004D-03
  -.55965194466278D-03  -.10345788186954D-02  0.11919468433971D-02
  0.12354894254395D-02  -.10031797371364D-02  -.94335032696171D-04
  -.13579059860308D-02  0.68901604135200D-03  0.57123798962067D-03
  cycle =      8    SCF energy =     -331.3417397310   |dE/dxyz| =  0.001592
   -1.14041285127387      7.79129353393215     11.83052911758572      c
   -2.90505704487041      6.81559508750606     11.36254540499913      h
    1.49460407437052     10.19541967082039     15.27662923659506      c
    1.57301612655765     10.90198389095594     17.22028812221337      h
    1.16067188829007      8.05146231016492      9.54738572033584      b
    0.76677072778283      7.15609652527388      7.49381111653397      h
    2.68646913995452     10.91476487156451     10.29382335819370      b
    4.04824960473919     10.68660584544899     13.32373256103101      b
    5.85370345697340     11.79870091421470     14.14673673946580      h
    1.15506129265501     12.36884962374494     12.87287876531088      b
    0.99252230515876     14.57755799103787     13.38887865704970      h
    1.53370721613177      5.98396864936412     12.19432667517672      b
    1.39624436432048      3.72926957095398     11.94928183376695      h
   -0.63349315438390     10.73716416977283     10.53456778494056      b
   -2.22331254392453     11.64403422261021      9.18515839740704      h
    4.07234425921073      8.01766928192846     11.25568286438283      b
    5.99496569317392      7.16086817950327     10.38275012474035      h
    3.32165119913992      7.61539808199298     14.53192714542145      b
    4.60446491717451      6.65580732114007     16.14313089886713      h
   -0.00856976830869      7.40400660038535     14.80463863307583      b
   -1.11144389319581      6.27813035206924     16.43395227687903      h
   -1.34930788893897     10.32935443555758     13.78907778692948      b
   -3.26945444053363     10.98944961390736     14.79728490232825      h
  0.11068397490445D-03  -.12791782325739D-03  -.58781593055834D-03
  -.31070535257498D-04  0.47189280159902D-04  0.26136137614378D-03
  0.49334515620050D-03  0.25553882054653D-03  -.49721283531055D-04
  -.24301812316589D-03  -.13902351814562D-03  0.35980484953144D-05
  0.19101781268912D-03  -.17807597000323D-04  -.20143631221290D-03
  -.19924148378141D-04  0.60085914931591D-04  0.16270423242134D-03
  -.11702118149803D-03  -.17271934951096D-03  0.16013558115627D-03
  0.22461559442425D-03  0.12648865412552D-03  -.97038573724623D-04
  -.16224587085699D-03  -.53806612936242D-04  -.26832684986312D-04
  0.26463265634130D-03  0.24350876364868D-03  0.20856529457651D-03
  -.78348941808362D-04  -.16134689091399D-03  -.14126600642619D-03
  -.42178087451843D-04  -.21833484581471D-03  -.35528510511982D-03
  0.26750203526339D-04  0.15201535401723D-03  0.17408031145514D-03
  -.13275389279636D-03  -.13180234104916D-03  -.29558908011606D-03
  0.15467477562225D-03  0.59885242634047D-04  0.15498775749228D-03
  0.22726767521691D-03  0.16993987100219D-04  -.23067600166599D-03
  -.13888259574170D-03  -.16369694989668D-05  0.99573256352851D-04
  0.35448359609754D-03  0.11770231414549D-03  0.12951528268148D-03
  -.18543043580576D-03  -.53273464983565D-04  -.12240488512828D-03
  -.32061522314559D-03  0.13642721212899D-03  0.21250001049567D-03
  0.21132510216122D-03  -.13277097461265D-04  -.13985087389967D-03
  -.24405106214443D-03  -.13161200053133D-03  0.28486385803993D-03
  0.16580512206799D-03  0.46134957071390D-04  -.15787907248698D-03
  cycle =      9    SCF energy =     -331.3417452503   |dE/dxyz| =  0.000664
   -1.14023803078008      7.79204590075334     11.83261799630345      c
   -2.90336567515212      6.81575798337542     11.35980205481807      h
    1.49319551733811     10.19432631134008     15.27604076158588      c
    1.57663829844440     10.90335125948329     17.21868249687457      h
    1.16033211463816      8.05200164754492      9.54847661295927      b
    0.76707524866016      7.15613566634343      7.49416631455361      h
    2.68645598114557     10.91527390149256     10.29367821119906      b
    4.04735861807702     10.68572957020156     13.32371468512846      b
    5.85402133461816     11.79737450301147     14.14673844669337      h
    1.15447744197327     12.36897992077103     12.87193928926354      b
    0.99418597133331     14.57814776505211     13.39004950215164      h
    1.53405158158456      5.98381257041821     12.19536626679030      b
    1.39640172151202      3.72866994984119     11.94684510226160      h
   -0.63366967353616     10.73789886139511     10.53463904348284      b
   -2.22462114974949     11.64203214023092      9.18351188242185      h
    4.07178645120602      8.01786271527903     11.25635999304341      b
    5.99516937014298      7.16207064085946     10.38246168182898      h
    3.32098760663205      7.61442572103941     14.53230156900632      b
    4.60610475430095      6.65710864558151     16.14414876349371      h
   -0.00873611161373      7.40298509426774     14.80514532927071      b
   -1.11423907286687      6.27863595469678     16.43498983101648      h
   -1.34955561768341     10.33002355163075     13.78877183160008      b
   -3.27042200002139     10.98880046924049     14.79857045748259      h
  0.19619333624399D-03  0.95451990322426D-04  -.43916120440913D-04
  0.20483373829266D-05  0.96091285311934D-05  0.88581032520261D-04
  0.11048099130032D-03  -.32188868282043D-04  -.21927862316143D-03
  -.53768299178936D-04  -.56299999033611D-04  -.51074451340099D-05
  0.15550327892907D-03  0.87403332705305D-04  -.22484276159099D-04
  -.23133310108650D-05  0.28282807342117D-05  -.30945399717872D-04
  -.93334533622998D-04  -.69767065416399D-04  0.13375988818213D-03
  0.73251550485746D-04  -.34575998655898D-04  -.16433271450510D-03
  0.24376687644363D-04  0.18168566032115D-04  0.70186728706827D-07
  0.13425482271023D-03  -.85006514231282D-05  0.28542454911450D-04
  -.47668575967335D-04  0.31453931308370D-04  -.87731429345994D-04
  0.17636200881302D-04  0.30615375595277D-04  -.12709759775821D-03
  0.36536082522115D-04  -.59389672147209D-04  0.94054180773883D-04
  -.49917075164056D-05  -.11252465797026D-03  -.10626416131188D-03
  0.21686017803105D-04  0.90464663360025D-04  0.13446200174055D-04
  0.24011251978143D-04  0.89486774080668D-04  -.51292173464235D-04
  0.77583280416567D-05  -.28811089717661D-04  0.22073505436345D-04
  0.97919814771999D-04  0.87688196335058D-04  -.18032849527224D-04
  -.25894731005115D-04  -.10739540248033D-03  0.15732393074123D-04
  -.56915419593423D-04  0.15651924526234D-03  -.71888666242396D-04
  0.57687321041522D-04  -.99993278069825D-04  0.25932701100450D-04
  0.76269283278463D-04  -.13504517066375D-03  0.21674110283318D-07
  -.39193138643228D-04  0.85536120238103D-04  -.30701548032720D-04
  cycle =     10    SCF energy =     -331.3417470722   |dE/dxyz| =  0.000451
   -1.14049081236287      7.79208210971633     11.83322587098365      c
   -2.90264481755191      6.81556269602601     11.35700378061417      h
    1.49257347759588     10.19412794136790     15.27629895628320      c
    1.57906081014767     10.90491507652194     17.21823141782134      h
    1.16001318132643      8.05194887611121      9.54902042572528      b
    0.76671497136600      7.15562242643792      7.49516581191617      h
    2.68666476740512     10.91528073077686     10.29351922880971      b
    4.04681025205337     10.68539413500635     13.32392303600105      b
    5.85337760765101     11.79648387719030     14.14727140741613      h
    1.15434089654350     12.36918570871631     12.87156095148143      b
    0.99602617424965     14.57766459901546     13.39207937556919      h
    1.53416010182889      5.98355037066829     12.19578736065963      b
    1.39559284821785      3.72915163391637     11.94429364358454      h
   -0.63350333828148     10.73837112679113     10.53456948191136      b
   -2.22503966147217     11.63952170827500      9.18258660167454      h
    4.07150553843603      8.01776489602727     11.25658870842182      b
    5.99489181815478      7.16282726087998     10.38210038324293      h
    3.32079667325678      7.61402060353673     14.53248643942296      b
    4.60731880554844      6.65963990793772     16.14447487799399      h
   -0.00877193331282      7.40232636885439     14.80555071087371      b
   -1.11618868279234      6.28033557236376     16.43510306477344      h
   -1.34968502273042     10.33044878394059     13.78865849542178      b
   -3.27012897507393     10.98722433377199     14.79951809262778      h
  0.87338707415557D-04  0.81856578241664D-04  0.94949574487003D-04
  0.16515622815894D-04  -.20153626417539D-04  -.45007294798498D-04
  -.37820132075012D-04  -.62603221161226D-04  -.10750908474517D-03
  0.63963933660086D-04  0.15051695349734D-04  -.14260960075825D-05
  0.11056060671746D-03  0.41563275433663D-04  -.87674519360283D-04
  0.11865135348990D-04  0.18182892286181D-04  0.22103691079012D-04
  -.53445073112018D-04  -.60286633745513D-04  0.10337188233215D-03
  0.11772346137826D-03  -.90333430819900D-05  -.11976412452427D-03
  -.18013469019248D-04  -.18321492100414D-04  -.19905158696620D-04
  0.80197082675349D-04  0.54620975051405D-04  -.44937460612443D-04
  -.24254773535959D-05  -.42663385280784D-04  -.47751810885104D-04
  0.65653860008591D-04  -.48001974251261D-04  -.67217250449317D-04
  0.21595306734533D-04  0.38873038148597D-04  0.39991796817765D-04
  0.43090765246366D-05  0.35470833941555D-05  -.12484053850321D-03
  0.52587480909746D-04  0.12932506844296D-05  0.33733978746267D-04
  0.13118574062797D-04  0.66225886686855D-04  -.31526919533190D-04
  -.11383636766066D-04  0.12129670413713D-05  0.14274554269325D-04
  0.10950435824529D-03  -.77286177640473D-05  0.15431469749236D-05
  -.42311516632637D-04  -.10382452436405D-04  -.36662997856547D-04
  -.17962514714586D-04  0.34892524197718D-05  -.80191034955036D-05
  0.68824991273243D-04  0.23301047241565D-05  -.55546611435060D-04
  0.60833916291039D-05  -.13194036721732D-04  -.16344728822279D-04
  0.65855570454329D-04  0.50085204958473D-05  -.53361996033819D-04
  cycle =     11    SCF energy =     -331.3417472756   |dE/dxyz| =  0.000258
   -1.14085676663435      7.79186655749002     11.83309168992082      c
   -2.90285506292652      6.81548607936328     11.35634980826463      h
    1.49247638292493     10.19432465372248     15.27675897328898      c
    1.57918891181447     10.90542077195519     17.21848431404866      h
    1.15966827768868      8.05168817281317      9.54922687318189      b
    0.76705757740230      7.15530180488004      7.49502595328138      h
    2.68685296599331     10.91530248740508     10.29331019529759      b
    4.04650955930220     10.68540515586277     13.32429569855178      b
    5.85364147931987     11.79644321803724     14.14708609118519      h
    1.15423436024840     12.36914439988566     12.87182375244311      b
    0.99665414938885     14.57787028152683     13.39239763022138      h
    1.53387673726187      5.98346021414933     12.19588120688417      b
    1.39576439726174      3.72900547496251     11.94330689408063      h
   -0.63352911706413     10.73832224743783     10.53475141366554      b
   -2.22482620174964     11.63931226082415      9.18202485934030      h
    4.07132791175826      8.01759838787203     11.25670520653517      b
    5.99496128753216      7.16287021194600     10.38178703795395      h
    3.32065232646896      7.61410103030996     14.53266148633532      b
    4.60830249667160      6.66019611334582     16.14425716242474      h
   -0.00892596472041      7.40226017723205     14.80575803048092      b
   -1.11663583754053      6.28051947306082     16.43541634325214      h
   -1.34981289878771     10.33043346473278     13.78883162295233      b
   -3.27033229141085     10.98711810503476     14.79978587963917      h
  -.62308231303868D-05  0.99115911061940D-05  0.17712035699288D-04
  0.45972126095071D-04  -.77568251544285D-05  -.68164649334579D-04
  -.17132165239336D-04  0.37410510842908D-05  0.10021103962646D-04
  0.77467738017645D-04  0.23364093716091D-04  -.31848111802809D-04
  0.46257751607005D-04  0.61327994403361D-05  -.14339490878665D-04
  0.24080108245588D-04  -.29724882709211D-05  -.33316003929535D-04
  0.28170031309184D-04  -.19532792013068D-04  -.26978690438008D-05
  0.29520222202836D-04  -.21148270553613D-04  -.51017642064255D-04
  0.37875019552108D-04  0.75458141034215D-05  -.19407956938884D-04
  0.57882940828286D-04  -.44001958480290D-05  -.94891172628690D-05
  0.17719060223161D-04  0.98164298593406D-05  -.33464733890197D-04
  0.31616152540727D-04  -.78283306364445D-05  -.63169546469960D-04
  0.31797108681288D-04  0.26747221539704D-05  0.13921175833977D-05
  0.34080090753667D-04  -.25394364903818D-04  -.52581867231015D-04
  0.27558116462417D-04  0.14928008982973D-04  -.17826974126110D-04
  -.24391351017037D-04  0.44137455548209D-04  -.11795886294802D-04
  0.51143348173432D-04  -.14746170265944D-04  -.27967839842871D-04
  0.68035462331519D-04  0.31017082795058D-04  -.18689679803573D-04
  0.12761720407081D-04  -.10403723584589D-04  -.21328937718623D-04
  0.35583072620135D-05  0.13267475780907D-04  -.19058448161181D-04
  0.51433734097362D-04  -.42552517374333D-05  -.34826676447913D-04
  0.36293662780564D-04  -.17033091603687D-04  -.15015738531437D-04
  0.47286296867075D-04  0.97247590904987D-05  -.40861754722444D-04
  cycle =     13    SCF energy =     -331.6498150045   |dE/dxyz| =  0.038372
   -1.14085679712505      7.79184921567870     11.83306468944366      c
   -2.90292724399290      6.81553596070042     11.35650978973199      h
    1.49247944768540     10.19433312290547     15.27676668199009      c
    1.57895511604847     10.90535677449226     17.21851332411159      h
    1.15965255710829      8.05164922290034      9.54922995299167      b
    0.76704690082193      7.15521483441667      7.49505286493262      h
    2.68690273587850     10.91530256807173     10.29325992283997      b
    4.04649482695026     10.68543097965762     13.32433493832353      b
    5.85362006305073     11.79646091532853     14.14714560409460      h
    1.15424622358903     12.36917175438808     12.87181503310422      b
    0.99682178421665     14.57787405457180     13.39253670739752      h
    1.53387435843587      5.98343483296232     12.19587602093223      b
    1.39569570235997      3.72900250014190     11.94305639589726      h
   -0.63349981105282     10.73834844844120     10.53474421632188      b
   -2.22481161394556     11.63916853919008      9.18190986345261      h
    4.07136987115548      8.01755608099783     11.25668438461977      b
    5.99499121486303      7.16287891039819     10.38171992631985      h
    3.32067187186845      7.61408619340647     14.53264873744359      b
    4.60849058812351      6.66037521054240     16.14423898749068      h
   -0.00890160038321      7.40225628752245     14.80576425654387      b
   -1.11676972600461      6.28068643392377     16.43545641517288      h
   -1.34980732535549     10.33046000684952     13.78881982617602      b
   -3.27034446409248     10.98701789636206     14.79986958389769      h
  0.30793434275441D-02  0.15751068080547D-02  0.41455687026148D-03
  -.80055574273436D-02  -.44844453906028D-02  -.22586746743979D-02
  0.21171931166557D-03  -.10436009475568D-02  -.32859764734525D-02
  0.47206552479797D-03  0.32536085842025D-02  0.88479922377682D-02
  0.13803682914681D-02  0.25500321014923D-02  0.54817325261183D-02
  -.17889571310271D-02  -.40224752880580D-02  -.91012746913679D-02
  0.19287595055571D-02  0.22464074108553D-02  -.30598175891739D-02
  -.47540530278919D-02  -.30676429520491D-02  -.25424026060288D-02
  0.80144394277420D-02  0.49257714870102D-02  0.37174587000562D-02
  0.87063454594533D-03  -.55483688080903D-02  -.18294798952965D-02
  -.67939291527528D-03  0.98650488625786D-02  0.24176024854332D-02
  0.79948497188356D-03  0.58414484281500D-02  0.19371324596767D-03
  -.65178963108314D-03  -.10024653972494D-01  -.11394330160524D-02
  0.45486217029945D-02  -.21400463614747D-02  0.30239531707618D-02
  -.71619512245126D-02  0.39371237620944D-02  -.60295906621386D-02
  -.44768607578669D-02  0.22367116666195D-02  0.18554395824963D-02
  0.86217084511111D-02  -.38357625545911D-02  -.39200092416774D-02
  -.28007206999914D-02  0.25815537177093D-02  -.44965753341846D-02
  0.57068438235249D-02  -.42011162456335D-02  0.71759325763453D-02
  0.30849982356131D-02  0.33838811243994D-02  -.47307464025877D-02
  -.48299449142042D-02  -.50437025940355D-02  0.72060809499235D-02
  0.56030212797812D-02  -.19159377686780D-02  -.29229481417075D-02
  -.84818018517196D-02  0.29746410264529D-02  0.44149682563726D-02
  cycle =     14    SCF energy =     -331.6522436407   |dE/dxyz| =  0.007263
   -1.13371878911520      7.79808708673083     11.84505533435798      c
   -2.87023589394172      6.82989564455983     11.36219116198026      h
    1.48664988740858     10.18546770354365     15.26724304028057      c
    1.58828535754312     10.89330721867642     17.18384862195628      h
    1.16064950995061      8.05701258257400      9.55792213288243      b
    0.77501609400604      7.17791175665670      7.53780680747900      h
    2.68113810121750     10.91390386777790     10.29985338545742      b
    4.04043132332289     10.67842847360063     13.32093227573643      b
    5.81745746857012     11.76935230260173     14.12941554315550      h
    1.15099299699320     12.36245690351394     12.86886096611838      b
    0.99322566803452     14.53414012219629     13.37708816440763      h
    1.53502892071116      5.98776902938958     12.20168523168347      b
    1.40131688088027      3.77054057749632     11.95813358034886      h
   -0.63299519042594     10.73662138672565     10.53970335814518      b
   -2.19809471360529     11.62367193556163      9.21239528208216      h
    4.06391564669566      8.02110675861287     11.26265138238848      b
    5.95481235871609      7.18186892632905     10.40416956975747      h
    3.31444076479267      7.61151629539214     14.53194766038724      b
    4.57563718740253      6.66934409129030     16.11764418997636      h
   -0.00885040896814      7.40054947254176     14.80523600758860      b
   -1.09631412670001      6.29351720319828     16.40689281744318      h
   -1.34826003970901     10.32901419609215     13.78774249987429      b
   -3.23713432357621     10.97796720878818     14.78059910974263      h
  -.14196943256879D-02  -.49324484197255D-04  0.13594737180925D-02
  -.71232988258297D-03  -.60937819750736D-03  -.60080004565452D-03
  -.98232608160742D-03  -.29128922397464D-03  0.12248314357141D-02
  0.65524383299942D-03  0.43332969135422D-03  0.92736630257620D-03
  0.17943124781054D-03  -.15266705505924D-04  -.16058416267048D-02
  -.44816674298433D-04  -.16333258728059D-03  -.71526658556204D-03
  0.87764125838581D-03  0.17400283458338D-02  -.15611263008167D-02
  0.17325029818714D-02  0.36231086864592D-03  -.25781516800068D-03
  0.62948274864802D-03  0.26110334386009D-03  0.16765611383245D-03
  -.16863457474578D-04  0.18888679086047D-02  -.42810090958570D-03
  -.19501938895386D-03  0.79519410814888D-03  -.10322790080233D-04
  0.43961496042943D-03  -.20853762783462D-02  -.81862758490973D-04
  0.64179625178198D-04  -.84306519019533D-03  0.22010593862748D-03
  -.12360149763764D-02  0.10659248565928D-02  -.17377808717587D-02
  -.55826715587314D-03  0.38715871081005D-03  -.33272355119246D-03
  0.16535431866499D-02  -.16106569954562D-03  -.67764973106766D-03
  0.61855492591179D-03  -.26114825088400D-03  -.16515910445558D-03
  0.14743762149143D-02  -.11639888729541D-02  0.14413202753057D-02
  0.23044030480483D-03  -.57434063356773D-03  0.57593654876666D-03
  -.69878480425473D-03  -.87392555405616D-03  0.76027580247320D-03
  -.26817407370122D-03  -.62111120386777D-03  0.55567101988685D-03
  -.98479830095713D-03  0.41956793994044D-03  0.11264480089574D-03
  -.73841418966061D-03  0.39586267041086D-03  0.26264635139871D-03
  cycle =     15    SCF energy =     -331.6523366899   |dE/dxyz| =  0.006840
   -1.13077281500299      7.79894614324041     11.84418535260901      c
   -2.86551299055226      6.83313923529071     11.36501653562605      h
    1.48711138152218     10.18522634058136     15.26460163701917      c
    1.58454612346316     10.89064689174280     17.17853289318097      h
    1.16052041347846      8.05672950632953      9.56033102464670      b
    0.77555933385231      7.17919689053711      7.54372090291081      h
    2.67988479913275     10.91109147400951     10.30247846229205      b
    4.03791194667710     10.67774505476263     13.32103543941287      b
    5.81165130416168     11.76745137304556     14.12773206060713      h
    1.15128929131724     12.35879025947290     12.87041032025560      b
    0.99308149325573     14.52681247607065     13.37631443314029      h
    1.53377839123808      5.99088319996580     12.20144129817320      b
    1.40073397011350      3.77753194182288     11.95937019166578      h
   -0.63084749598558     10.73409756404258     10.54248793873693      b
   -2.19187337944564     11.62188173571069      9.21757472952117      h
    4.06088488581785      8.02141331077866     11.26381397838726      b
    5.94822982598909      7.18287579503700     10.40690220159522      h
    3.31253387817750      7.61407582740098     14.52985827715169      b
    4.57165300079653      6.67259488821701     16.11197995595567      h
   -0.00774167905847      7.40286737349703     14.80332923295698      b
   -1.09184347465482      6.29691858857301     16.40231637117788      h
   -1.34596016759449     10.32701395025613     13.78761603609188      b
   -3.23142335649546     10.97552092346489     14.77796885011550      h
  -.15122799952823D-02  -.29079133565811D-03  0.88086146850819D-03
  0.33631571160989D-03  0.21044173312768D-04  -.20244619812576D-03
  -.75059465282051D-03  -.68284255570900D-05  0.14321495905170D-02
  0.42514441668154D-03  -.36184672763620D-04  -.27045852701644D-03
  0.68198092015859D-05  -.29497164474548D-03  -.17426551822885D-02
  0.10816898187519D-03  0.20794685160274D-03  0.19910523591786D-03
  0.58249087444878D-03  0.11876635894339D-02  -.10405693038840D-02
  0.17606586926526D-02  0.57998413585779D-03  0.64278216431964D-04
  -.17913171321929D-03  -.19140224029995D-03  -.17796223188332D-03
  0.27067880035675D-04  0.20648830115960D-02  -.11136608497164D-04
  -.12770743933777D-03  -.22058980490308D-03  -.24253373151221D-03
  0.18769872264341D-03  -.22653300569515D-02  -.27563459267557D-03
  0.11366470733897D-03  0.19704468879297D-03  0.32683811963473D-03
  -.14328412245786D-02  0.93496592355024D-03  -.17469353447710D-02
  0.19063378223725D-03  0.14761723160135D-04  0.27884285886974D-03
  0.17582456451372D-02  -.32761259384279D-03  -.80075043096696D-03
  -.22937393710085D-03  0.88859936192821D-04  0.19945855231041D-03
  0.15541570491232D-02  -.10278900126595D-02  0.16270507953249D-02
  -.34283790567037D-03  -.13512188790484D-03  -.16942574906116D-03
  -.95521749280793D-03  -.83768495832937D-03  0.10452281436520D-02
  0.27308186535622D-03  -.99641111768373D-04  -.19823794584213D-03
  -.12734446889788D-02  0.37525009936309D-03  0.48359990788839D-03
  0.17355181500364D-03  0.95522025203200D-04  -.21553305833326D-03
  cycle =     16    SCF energy =     -331.6524009873   |dE/dxyz| =  0.002401
   -1.12669473437175      7.79969218116675     11.84146430272741      c
   -2.86310775526074      6.83581825302817     11.36578543462907      h
    1.48827846260315     10.18582511197772     15.26133008270186      c
    1.57913815234831     10.89012035314465     17.17564256135050      h
    1.15987316102441      8.05548033564457      9.56422256454013      b
    0.77488602862546      7.17668427522179      7.54773816616535      h
    2.67876140461494     10.90610706394509     10.30610222574509      b
    4.03348233092397     10.67708928931730     13.32188920275755      b
    5.80725319774433     11.76770541539378     14.12862947026743      h
    1.15217384658346     12.35330510137010     12.87280773535498      b
    0.99638789851741     14.52127514113675     13.38036525060038      h
    1.53166840699238      5.99583336847061     12.20071292309813      b
    1.39776073224449      3.78295057852810     11.95467691406848      h
   -0.62658435752509     10.73047380992478     10.54672933670423      b
   -2.18630795781158     11.61783768715284      9.21944937910693      h
    4.05612176337782      8.02136704469459     11.26543621576914      b
    5.94353606038819      7.18247782185081     10.40726125189546      h
    3.30970310073965      7.61850675936089     14.52605524563450      b
    4.57281529781707      6.68027310990268     16.10710598960762      h
   -0.00551821437863      7.40650547364541     14.80026631854525      b
   -1.09094431931376      6.30323981225734     16.39986199081778      h
   -1.34198191431612     10.32432641129780     13.78706959371045      b
   -3.22730591136392     10.97055634541732     14.77841596743208      h
  -.38054762169989D-03  -.92451247506009D-04  0.25159485546861D-03
  0.38716754159977D-03  0.12616947416712D-03  -.99178577931843D-04
  -.34988293812976D-03  0.27334121521436D-04  0.40196116498272D-03
  0.16787964996409D-03  -.57165230861712D-04  -.38476663830704D-03
  -.74188351217880D-04  -.22859807772188D-03  -.44214433607721D-03
  0.42438129100472D-04  0.91497766886547D-04  0.15191835022859D-03
  0.23509014060562D-03  0.24585038106814D-03  -.32562591512522D-03
  0.39718175094053D-03  0.19212795976363D-03  0.14778446557177D-03
  -.13563272979712D-03  -.82015468562381D-04  -.84416436396178D-04
  0.18456823003780D-03  0.69710153637899D-03  0.24812582884758D-03
  -.41023450483922D-04  -.22138320238865D-03  -.95567608506954D-04
  -.82875773546079D-04  -.78535590636290D-03  -.38217056548065D-03
  0.33354230347570D-04  0.22413709099906D-03  0.14321160893900D-03
  -.43836817410814D-03  0.13698086145314D-03  -.64101196520493D-03
  0.17092881867424D-03  -.31840404976325D-04  0.18719461151123D-03
  0.51603694666030D-03  -.10027927248846D-03  -.36126770928932D-03
  -.12458817946491D-03  0.30359667130754D-04  0.72335313587198D-04
  0.64082743775495D-03  -.96556413016327D-04  0.57333956335209D-03
  -.21416392801039D-03  0.98164475350604D-05  -.16221069359809D-03
  -.43306754850528D-03  -.23182357608502D-04  0.32888135032486D-03
  0.25229938350228D-03  0.17537243785469D-04  -.21389631827413D-03
  -.32486426718902D-03  -.58538961992954D-04  0.34053040473529D-03
  0.25320981721756D-03  0.89999171223652D-05  -.19385939103654D-03
  cycle =     17    SCF energy =     -331.6524054370   |dE/dxyz| =  0.000808
   -1.12592304074087      7.79981797958506     11.84081544253254      c
   -2.86365532027475      6.83611892651899     11.36579380212433      h
    1.48871017599211     10.18591680211757     15.26065645582612      c
    1.57804583312294     10.89033145130046     17.17596536255955      h
    1.15974866973647      8.05534038632894      9.56544914117389      b
    0.77507627755661      7.17578584397983      7.54833316434611      h
    2.67842107799849     10.90482861825078     10.30709640105374      b
    4.03223634525308     10.67675982157733     13.32205920579989      b
    5.80682925501478     11.76765153831692     14.12891172981015      h
    1.15223836334101     12.35188569598332     12.87297168341323      b
    0.99823067998129     14.52055963141646     13.38177794202899      h
    1.53131734413500      5.99719091784797     12.20085556878508      b
    1.39714376225479      3.78381961238140     11.95187277589219      h
   -0.62545017381594     10.72978241736993     10.54785782106214      b
   -2.18539186522396     11.61612051863331      9.21863507184510      h
    4.05477430589267      8.02138433250293     11.26615936455199      b
    5.94287003315407      7.18267129453422     10.40707936133264      h
    3.30882055996298      7.61928632016247     14.52498353222683      b
    4.57461969667353      6.68280635093653     16.10612760278716      h
   -0.00486093674993      7.40712929049809     14.79957852779303      b
   -1.09233918034934      6.30548289202875     16.39999129473998      h
   -1.34103012942736     10.32393518008909     13.78668291524936      b
   -3.22703705328421     10.96884492148950     14.77936395629576      h
  0.10784644246217D-03  0.70140686083672D-04  0.13842095815397D-03
  0.92369664287259D-04  -.62468797280965D-05  -.15121094386343D-03
  -.21024039246240D-03  -.69418955449041D-04  -.10478492528825D-03
  0.12278561339615D-03  0.60658023066096D-04  -.70830471518620D-04
  -.45109078081119D-04  -.10416695266495D-03  0.70950724057481D-04
  0.34145265522256D-05  -.10942635797050D-04  -.26470788791694D-04
  0.13079930097953D-03  -.28824677629491D-05  -.12182549296151D-03
  -.92878472472781D-04  -.11393407246360D-04  0.75707043342303D-04
  0.25601788603667D-04  0.26562668911025D-04  0.12814162395521D-05
  0.17341505646037D-03  0.96985134719785D-04  0.15759974798836D-03
  -.37375414475580D-05  -.24033905315687D-04  0.33618847503911D-05
  -.73517612185311D-04  -.12356856546343D-03  -.27770139933374D-03
  -.17128691005112D-05  0.25937478047168D-04  0.28765758438944D-04
  0.10778647944954D-04  -.85077586270535D-04  -.16413696803458D-03
  0.18447607761797D-04  0.55769675479499D-05  0.19508578355054D-04
  0.23471629299818D-04  0.17501710595086D-04  -.12196917330221D-03
  0.51770799684834D-04  -.34297782276670D-04  -.31550819281287D-04
  0.21280070941758D-03  0.16020148732596D-03  0.75125777488319D-04
  -.31448429538550D-04  -.93153331436405D-05  -.14884639943672D-04
  -.11835189347886D-03  0.21034164129730D-03  -.19927213390239D-04
  0.10759216143172D-03  -.32489175044326D-04  -.56659129704520D-04
  0.95526739166910D-04  -.15950677040318D-03  0.12916803881532D-03
  0.78538367375234D-04  0.29646262737324D-04  -.73294402466747D-04
  cycle =     18    SCF energy =     -331.6524071235   |dE/dxyz| =  0.000368
   -1.12636236420758      7.79963010130203     11.84071271318757      c
   -2.86484719194646      6.83610210932743     11.36748812550976      h
    1.48921581062698     10.18587697246635     15.26092369257253      c
    1.57721909742132     10.88950074552676     17.17673674355961      h
    1.15997850871078      8.05575426582666      9.56552934205131      b
    0.77617988400131      7.17626755715511      7.54810785287608      h
    2.67805250622270     10.90488542589791     10.30741397493529      b
    4.03239389418465     10.67659006723192     13.32184996140333      b
    5.80752105089675     11.76716878994520     14.12815103590528      h
    1.15190199805802     12.35176742543306     12.87240800185546      b
    0.99886958733377     14.52084791390894     13.38081631287590      h
    1.53158634648958      5.99738675188666     12.20136545205320      b
    1.39808093915442      3.78385373018774     11.95090748722374      h
   -0.62564787242984     10.72995803901698     10.54802314640053      b
   -2.18524023113474     11.61595494699206      9.21775360733821      h
    4.05462791904732      8.02149562394809     11.26667950508829      b
    5.94284707631755      7.18325796943467     10.40738125846794      h
    3.30854816448368      7.61873133422667     14.52489683469000      b
    4.57563291016460      6.68266509866384     16.10563718972888      h
   -0.00479287506163      7.40679587297347     14.79966731120541      b
   -1.09361202798171      6.30619066955795     16.40037426557317      h
   -1.34122585663907     10.32423776285530     13.78639669417266      b
   -3.22753259350893     10.96853157008504     14.77979761455565      h
  0.20932499670070D-04  0.14776427584295D-04  0.48034878352990D-04
  0.12542203678592D-04  -.14234139133338D-04  -.71739751305672D-04
  -.21754145886427D-04  -.42551613572001D-04  -.31854145549182D-04
  0.65140192761954D-04  0.31807271336667D-04  -.39787001946470D-05
  0.29450243667479D-04  -.43374050644265D-05  0.64512945666811D-04
  0.17524299377038D-04  -.15036949946092D-04  -.58682100361973D-04
  0.65535300540806D-04  0.22990233697298D-04  -.68299415208986D-04
  -.47380617374700D-04  -.48106386482921D-04  -.14265855837671D-04
  0.56221189005728D-04  0.25499137635093D-04  -.31859982298384D-05
  0.70947057462613D-04  -.20142263770019D-04  -.22931300420019D-04
  0.15871248646111D-04  0.40539789189907D-04  -.12535585306415D-05
  0.38219838465747D-04  0.30749503635852D-04  -.92029247148996D-04
  0.11074724297657D-04  -.46463350920178D-04  -.11150051816742D-04
  0.79167679921742D-04  -.32644374710178D-04  -.34431627733880D-04
  -.16308949944326D-04  0.17968909222000D-04  -.41273107378888D-04
  0.19439410447030D-05  0.22083939170022D-04  -.20965236896361D-04
  0.63579302434633D-04  -.22794388410220D-04  -.32919945719049D-04
  0.59542259767086D-04  0.57574792226244D-04  -.61947047159561D-04
  0.37199852971806D-04  -.27554586387722D-04  0.21866708836379D-04
  -.45970922021576D-05  0.11559690576958D-03  -.69552239132090D-04
  0.33658772946685D-04  -.49563248891299D-04  0.82988625806782D-05
  0.99557914114090D-04  -.68562364759689D-04  -.16813302079411D-04
  -.10060272234658D-04  0.42982309988287D-04  -.21898802938747D-04
  cycle =     19    SCF energy =     -331.6524074892   |dE/dxyz| =  0.000240
   -1.12642925938735      7.79956573203762     11.84061863059281      c
   -2.86507625423886      6.83616357258599     11.36811182852792      h
    1.48937497969680     10.18589732724072     15.26097987149110      c
    1.57678173377016     10.88918352044189     17.17686079904465      h
    1.16003500842459      8.05587549400603      9.56555203348066      b
    0.77654101283372      7.17647358937722      7.54822617914609      h
    2.67789230662491     10.90482511410405     10.30759085084419      b
    4.03243884692322     10.67653982767679     13.32177956179645      b
    5.80759725563207     11.76689747940774     14.12781662260808      h
    1.15178747205385     12.35169195183978     12.87227031849945      b
    0.99918095786242     14.52069028514947     13.38051034579055      h
    1.53164564601247      5.99745820123701     12.20156565766239      b
    1.39837244763802      3.78412329670365     11.95053760145995      h
   -0.62568913305304     10.73001355664840     10.54813164181174      b
   -2.18495218678175     11.61580105428658      9.21759557740390      h
    4.05451240145894      8.02149731208034     11.26686777997821      b
    5.94259713333012      7.18349982061689     10.40752580027878      h
    3.30842260857525      7.61857851680918     14.52488226629373      b
    4.57589527390195      6.68286380129235     16.10530678980455      h
   -0.00473548461238      7.40666604665796     14.79969422808765      b
   -1.09405737129296      6.30671921768265     16.40032719814053      h
   -1.34127406688211     10.32430344166038     13.78631057952803      b
   -3.22746664828658     10.96812258430714     14.77995596095839      h
  -.18812318380010D-04  -.15896456111560D-04  -.36986421823038D-05
  0.30590723294720D-04  0.61797855949106D-05  -.38891092079038D-04
  0.18510664478978D-04  -.12491392496650D-04  0.11567975090693D-04
  0.43878348898456D-04  0.92091186939501D-05  -.25629136996337D-04
  0.42099651255234D-04  0.47279834067410D-05  0.23909185909277D-04
  0.26690399800167D-04  0.44826520815486D-05  -.18673705623248D-04
  0.41581055488321D-04  0.91195201759459D-05  -.39835556130061D-04
  0.51870682177199D-05  -.32600757428558D-04  -.28460312055958D-04
  0.21952028838191D-04  -.31476545350002D-06  -.21506104901148D-04
  0.48301789526625D-04  -.11257116047714D-04  -.55518388243900D-04
  0.26342425488447D-04  0.84951102135439D-07  -.14114899304496D-04
  0.60628941911750D-04  0.26213502573952D-04  -.48691929065842D-04
  0.15715500218048D-04  -.34309221925675D-05  -.15594444616331D-04
  0.69671156102097D-04  0.39742133728093D-05  -.28804775564405D-04
  0.17387141710731D-04  -.39684134303473D-05  -.20753241651246D-04
  0.22273363731002D-04  0.79120171944599D-05  -.14424530063736D-04
  0.22857872119130D-04  -.87826483235933D-06  -.13369953406325D-04
  0.53343717920512D-04  0.15545201499344D-04  -.62706583345937D-04
  0.20457681538218D-04  -.25681464618128D-05  -.11569374822168D-04
  0.10716135057376D-05  0.53038903696428D-04  -.34899290141388D-04
  0.41750712730639D-04  -.20809231685647D-04  -.18795483241837D-04
  0.46607961511895D-04  -.30559099883788D-04  -.21267912655235D-04
  0.19817859701662D-04  0.24924827071930D-04  -.34885980114150D-04
$end
