$coord
   -0.86768375284872     -2.44553560933312      0.00088973470720  c
   -2.57680943241343     -0.44585401801321      0.00085252080732  c
    1.67452562218552     -2.00865542017477      0.00085252080732  c
    2.55173783996630      0.47133163224856      0.00088973470720  c
    0.90228381022791      2.45450943818798      0.00085252080732  c
   -1.68405408711760      1.97420397708456      0.00088973470720  c
    3.52519599774257     -3.84147345601157      0.00019589076503  c
    2.32615811083673     -6.29225130313368      0.00030514426430  c
   -0.27611391238983     -6.76429037423908      0.00010813929791  n
   -1.93305064927174     -4.80168371612559      0.00022416815550  c
   -4.94712723943735     -4.19765304174428     -0.00052183299416  c
   -5.08941159974092     -1.13217255935851      0.00019589076503  c
   -6.61232853092788      1.13161363436304      0.00030514426430  c
   -5.71999034647066      3.62126684958747      0.00010813929791  n
   -3.19185475446697      4.07491282713413      0.00022416815550  c
   -1.16171055070489      6.38316438597886     -0.00052183299416  c
    1.56421560199834      4.97364601537008      0.00019589076503  c
    6.10883779014223     -2.18551134423457     -0.00052183299416  c
    5.12490540373871      0.72677088899146      0.00022416815550  c
    5.99610425886049      3.14302352465162      0.00010813929791  n
    4.28617042009116      5.16063766877067      0.00030514426430  c
    5.24546291478767      7.00193538106371      0.00061379607016  h
    7.28079790760359     -2.59414532432231      1.68171547722305  h
    7.27872042774772     -2.59330490957337     -1.68438303829633  h
    3.44112245826440     -8.04367182934717      0.00061379607016  h
   -8.68658537305209      1.04173644828344      0.00061379607016  h
   -5.88522814532330     -5.00690434268757     -1.68438303829633  h
   -5.88699470577353     -5.00828328564415      1.68171547722305  h
   -1.39349228242442      7.60020925226094     -1.68438303829633  h
   -1.39380320183007      7.60242860996645      1.68171547722305  h
$user-defined bonds
$redundant
     number_of_atoms            30
     degrees_of_freedom         28
     internal_coordinates       42
     frozen_coordinates          0
# definitions of redundant internals
   1 k  1.7320508075689 outp  25    9    7    8 val=  -0.00136
   2 k  1.7320508075689 stre  11   27           val=   2.09053
   3 k  1.7320508075689 stre  11   28           val=   2.09055
   4 k  1.7320508075689 stre   8   25           val=   2.07620
   5 k  1.2247448713916 bend   7   25    8      val=   4.62457
       -1.2247448713916 bend   9   25    8
   6 k -0.0013151990321 bend  28   27   11      val=   0.03739
        0.8670900181113 bend  10   27   11
        0.8670900181113 bend  10   28   11
       -0.8649589791531 bend  12   27   11
       -0.8649589791531 bend  12   28   11
   7 k -1.5010309100057 bend  28   27   11      val=   9.79259
        0.4310157254056 bend  10   27   11
        0.4310157254056 bend  10   28   11
        0.4332188223713 bend  12   27   11
        0.4332188223713 bend  12   28   11
   8 k -0.8682848966016 bend  10   27   11      val=   0.00838
        0.8682848966016 bend  10   28   11
       -0.8637600004247 bend  12   27   11
        0.8637600004247 bend  12   28   11
   9 k -0.8637600004247 bend  10   27   11      val=   0.00098
        0.8637600004247 bend  10   28   11
        0.8682848966016 bend  12   27   11
       -0.8682848966016 bend  12   28   11
  10 k  1.7320508075689 stre   1   10           val=   2.58582
  11 k  1.7320508075689 stre   1    2           val=   2.63056
  12 k  1.7320508075689 stre   1    3           val=   2.57948
  13 k  1.7320508075689 stre   2   12           val=   2.60465
  14 k  1.7320508075689 stre   7    8           val=   2.72837
  15 k  1.7320508075689 stre   7   18           val=   3.06878
  16 k  1.7320508075689 stre   8    9           val=   2.64474
  17 k  1.7320508075689 stre   9   10           val=   2.56851
  18 k  1.7320508075689 stre  10   11           val=   3.07401
  19 k -0.5857207455122 bend   2   10    1      val=   0.20234
       -0.8219034615190 bend   3   10    1
        1.4076242070310 bend   3    2    1
  20 k -1.2872183996031 bend   2   10    1      val=   4.29112
        1.1508582449386 bend   3   10    1
        0.1363601546645 bend   3    2    1
  21 k  1.7320508075689 outp   3    2   10    1 val=  -0.01557
  22 k -0.5732871874415 bend   1   12    2      val=  -1.05180
       -0.8329573845463 bend   6   12    2
        1.4062445719878 bend   6    1    2
  23 k -1.2928038523749 bend   1   12    2      val=   4.77685
        1.1428831941760 bend   6   12    2
        0.1499206581989 bend   6    1    2
  24 k  1.7320508075689 outp   6    1   12    2 val=   0.01238
  25 k  1.3221521817494 bend   8    3    7      val= -16.08989
       -0.2264093148020 bend  18    3    7
       -1.0957428669474 bend  18    8    7
  26 k  0.5019099603467 bend   8    3    7      val=  15.84930
       -1.3959723572374 bend  18    3    7
        0.8940623968906 bend  18    8    7
  27 k  1.7320508075689 outp   8    3   18    7 val=   0.00303
  28 k  1.7320508075689 bend   9    7    8      val= 126.35147
  29 k  1.7320508075689 bend   8   10    9      val= 119.89146
  30 k -1.3532003416621 bend   9    1   10      val=   8.44086
        0.3207397677315 bend  11    1   10
        1.0324605739306 bend  11    9   10
  31 k  0.4109121990470 bend   9    1   10      val=  15.37355
       -1.3773619718126 bend  11    1   10
        0.9664497727656 bend  11    9   10
  32 k  1.7320508075689 outp   9    1   11   10 val=  -0.00605
  33 k  1.7320508075689 bend  12   10   11      val= 103.98962
  34 k  0.8660254037844 tors   9   10    1    2 val=  90.00909
        0.8660254037844 tors   9   10    1    3
        0.8660254037844 tors  11   10    1    2
        0.8660254037844 tors  11   10    1    3
  35 k  0.8660254037844 tors   6    2    1    3 val=  89.99912
        0.8660254037844 tors   6    2    1   10
        0.8660254037844 tors  12    2    1    3
        0.8660254037844 tors  12    2    1   10
  36 k  0.8660254037844 tors   4    3    1    2 val=  90.00081
        0.8660254037844 tors   4    3    1   10
        0.8660254037844 tors   7    3    1    2
        0.8660254037844 tors   7    3    1   10
  37 k  0.8660254037844 tors  11   12    2    1 val=  89.98941
        0.8660254037844 tors  11   12    2    6
        0.8660254037844 tors  13   12    2    1
        0.8660254037844 tors  13   12    2    6
  38 k  1.2247448713916 tors   9    8    7    3 val=  90.02602
        1.2247448713916 tors   9    8    7   18
  39 k  1.2247448713916 tors  19   18    7    3 val=  90.00295
        1.2247448713916 tors  19   18    7    8
  40 k  1.7320508075689 tors  10    9    8    7 val=  -0.01143
  41 k  1.2247448713916 tors   1   10    9    8 val=  89.98606
        1.2247448713916 tors  11   10    9    8
  42 k  1.2247448713916 tors  12   11   10    1 val=  89.99951
        1.2247448713916 tors  12   11   10    9
        28 non zero eigenvalues  of BmBt
           1           2.974828181    1    0
         1
           2           2.092112704    2    0
         2
           3           2.017499412    3    0
         3
           4           2.000035550    4    0
         4
           5           1.525981093    5    0
         5
           6           1.295769695    6    0
         6
           7           0.774727592    7    0
         7
           8           0.527457839    8    0
         8
           9           0.468767019    9    0
         9
          10           3.067525597   10    0
        10
          11           2.826314728   11    0
        11
          12           2.494786759   12    0
        12
          13           2.236467403   13    0
        13
          14           1.917261584   14    0
        14
          15           1.373103139   15    0
        15
          16           0.698754417   16    0
        16
          17           0.513992646   17    0
        17
          18           0.194914054   18    0
        18
          19           3.855409984    0    0
         0.000000000         0.000000000         0.000000000         0.000000000
         0.000000000         0.000000000         0.000000000         0.000000000
         0.000000000         0.000000000         0.000000000         0.000000000
         0.000000000         0.000000000         0.000000000         0.000000000
         0.000000000         0.000000000         0.000000000         0.000000000
        -0.694358829         0.000000000         0.000000000        -0.684032624
         0.000000000         0.000000000         0.141424160         0.000000000
         0.000000000         0.000000000         0.000000000         0.173102263
         0.000000000         0.000000000         0.000000000         0.000000000
         0.000000000         0.000000000         0.000000000         0.000000000
         0.000000000         0.000000000
          20           1.788039204    0    0
         0.000000000         0.000000000         0.000000000         0.000000000
         0.000000000         0.000000000         0.000000000         0.000000000
         0.000000000         0.000000000         0.000000000         0.000000000
         0.000000000         0.000000000         0.000000000         0.000000000
         0.000000000         0.000000000         0.168499757        -0.588472103
         0.000000000        -0.172353255         0.569839016         0.000000000
        -0.269573060        -0.195522787         0.000000000         0.104790247
        -0.118320751        -0.307889234         0.200206518         0.000000000
         0.011324585         0.000000000         0.000000000         0.000000000
         0.000000000         0.000000000         0.000000000         0.000000000
         0.000000000         0.000000000
          21           1.081238942    0    0
         0.000000000         0.000000000         0.000000000         0.000000000
         0.000000000         0.000000000         0.000000000         0.000000000
         0.000000000         0.000000000         0.000000000         0.000000000
         0.000000000         0.000000000         0.000000000         0.000000000
         0.000000000         0.000000000         0.566621135         0.206193382
         0.000000000        -0.565949056        -0.199061286         0.000000000
        -0.247341663         0.260366184         0.000000000         0.086554542
        -0.080832371        -0.215815783        -0.294732729         0.000000000
        -0.007950275         0.000000000         0.000000000         0.000000000
         0.000000000         0.000000000         0.000000000         0.000000000
         0.000000000         0.000000000
          22           0.875536159    0    0
         0.000000000         0.000000000         0.000000000         0.000000000
         0.000000000         0.000000000         0.000000000         0.000000000
         0.000000000         0.000000000         0.000000000         0.000000000
         0.000000000         0.000000000         0.000000000         0.000000000
         0.000000000         0.000000000         0.000000000         0.000000000
         0.259057568         0.000000000         0.000000000        -0.381663034
         0.000000000         0.000000000         0.397074816         0.000000000
         0.000000000         0.000000000         0.000000000        -0.793444450
         0.000000000         0.000000000         0.000000000         0.000000000
         0.000000000         0.000000000         0.000000000         0.000000000
         0.000000000         0.000000000
          23           0.675972834    0    0
         0.000000000         0.000000000         0.000000000         0.000000000
         0.000000000         0.000000000         0.000000000         0.000000000
         0.000000000         0.000000000         0.000000000         0.000000000
         0.000000000         0.000000000         0.000000000         0.000000000
         0.000000000         0.000000000         0.246931649        -0.056853872
         0.000000000        -0.265519791         0.223794380         0.000000000
         0.147775354        -0.196917369         0.000000000        -0.489124126
         0.605327842         0.353278511        -0.068904351         0.000000000
        -0.139197652         0.000000000         0.000000000         0.000000000
         0.000000000         0.000000000         0.000000000         0.000000000
         0.000000000         0.000000000
          24           0.429357847    0    0
         0.000000000         0.000000000         0.000000000         0.000000000
         0.000000000         0.000000000         0.000000000         0.000000000
         0.000000000         0.000000000         0.000000000         0.000000000
         0.000000000         0.000000000         0.000000000         0.000000000
         0.000000000         0.000000000         0.000000000         0.000000000
        -0.306856548         0.000000000         0.000000000         0.016312295
         0.000000000         0.000000000        -0.803366059         0.000000000
         0.000000000         0.000000000         0.000000000        -0.510074449
         0.000000000         0.000000000         0.000000000         0.000000000
         0.000000000         0.000000000         0.000000000         0.000000000
         0.000000000         0.000000000
          25           0.394999361    0    0
         0.000000000         0.000000000         0.000000000         0.000000000
         0.000000000         0.000000000         0.000000000         0.000000000
         0.000000000         0.000000000         0.000000000         0.000000000
         0.000000000         0.000000000         0.000000000         0.000000000
         0.000000000         0.000000000         0.116493714        -0.278725288
         0.000000000        -0.064700931        -0.233370213         0.000000000
         0.357268887         0.434452695         0.000000000        -0.344983516
         0.034291405        -0.220652466         0.434324450         0.000000000
         0.419748252         0.000000000         0.000000000         0.000000000
         0.000000000         0.000000000         0.000000000         0.000000000
         0.000000000         0.000000000
          26           1.066145217    0    0
         0.000000000         0.000000000         0.000000000         0.000000000
         0.000000000         0.000000000         0.000000000         0.000000000
         0.000000000         0.000000000         0.000000000         0.000000000
         0.000000000         0.000000000         0.000000000         0.000000000
         0.000000000         0.000000000         0.000000000         0.000000000
         0.000000000         0.000000000         0.000000000         0.000000000
         0.000000000         0.000000000         0.000000000         0.000000000
         0.000000000         0.000000000         0.000000000         0.000000000
         0.000000000         0.264557289        -0.183681112         0.183120533
        -0.014678057        -0.491949126         0.220852754         0.498912557
        -0.503509280        -0.263243042
          27           0.187317899    0    0
         0.000000000         0.000000000         0.000000000         0.000000000
         0.000000000         0.000000000         0.000000000         0.000000000
         0.000000000         0.000000000         0.000000000         0.000000000
         0.000000000         0.000000000         0.000000000         0.000000000
         0.000000000         0.000000000         0.000000000         0.000000000
         0.000000000         0.000000000         0.000000000         0.000000000
         0.000000000         0.000000000         0.000000000         0.000000000
         0.000000000         0.000000000         0.000000000         0.000000000
         0.000000000        -0.368204639        -0.061158125         0.062324642
         0.460186919        -0.436281440        -0.465943315         0.211787213
         0.041338649         0.437059826
          28           0.102712722    0    0
         0.000000000         0.000000000         0.000000000         0.000000000
         0.000000000         0.000000000         0.000000000         0.000000000
         0.000000000         0.000000000         0.000000000         0.000000000
         0.000000000         0.000000000         0.000000000         0.000000000
         0.000000000         0.000000000         0.000000000         0.000000000
         0.000000000         0.000000000         0.000000000         0.000000000
         0.000000000         0.000000000         0.000000000         0.000000000
         0.000000000         0.000000000         0.000000000         0.000000000
         0.000000000         0.179878485         0.025787303        -0.016572412
        -0.124807738         0.494948165        -0.437333858         0.126570618
        -0.632074007         0.315206072
$end
