$dipgrad          cartesian dipole gradients
  -.27764577426477D+00  -.63687683387692D-01  -.86645140551540D-04
  -.15978169371472D+00  -.10813118635629D+00  -.16015211897743D-04
  0.18888613785886D-03  0.16237932173939D-03  0.78970679487442D-01
  0.17763142319535D+00  -.20582034897632D+00  -.91583834834630D-06
  -.22472747732226D-01  0.12179086063884D+00  -.15109379217126D-03
  0.31520911004568D-03  0.40378247715693D-04  0.86294276124388D-02
  0.36897190648906D-01  -.58780199312710D-01  0.13130898154861D-03
  0.12456740193139D+00  0.26252509318537D+00  0.74753756809790D-04
  -.19257314330738D-03  0.25278997294384D-03  0.86294276124342D-02
  -.24727491210270D+00  0.17731631915951D+00  0.57192150625634D-04
  0.81222308832478D-01  -.13850204851836D+00  -.67029286880903D-04
  -.23506768660670D-03  0.82390532935187D-04  0.78970679487431D-01
  0.23460481190709D+00  -.10420853577100D-01  -.13039314319994D-03
  0.17292674766698D+00  0.64817471927138D-01  0.76340035361763D-04
  -.12263596673729D-03  -.29316822066120D-03  0.86294276124404D-02
  -.53744754564125D-01  0.30512379718729D-01  0.29452989924677D-04
  -.65581630608284D-01  -.33203220605695D+00  0.83044498779545D-04
  0.46181548753936D-04  -.24476985468093D-03  0.78970679487428D-01
  0.17514353027488D+00  0.13044692436667D+00  0.10643969964330D-03
  0.15033964045816D+00  -.44977296451665D+00  0.28404679157422D-04
  -.85464829394242D-04  0.18249771387234D-03  -.55157798045156D-01
  0.16458534205350D+00  0.53446956421203D-01  0.11117142344096D-03
  -.19049421088723D-01  0.50779054634623D+00  0.26140685644892D-04
  -.94260729424285D-04  0.53708120595497D-03  -.21122781730161D-01
  -.47782853836154D+00  -.13992479042933D+00  -.52746725085947D-04
  -.28066028449630D-01  -.60012119986089D+00  -.34355937019569D-04
  0.25162945999727D-03  0.44401632615781D-03  -.26597598659018D+00
  0.53130112248128D+00  0.13428539159524D+00  -.90161375878643D-04
  0.54571395373844D-01  0.12666161381708D+00  0.19466529585371D-03
  0.17648632439551D-03  0.26471542989173D-03  0.81895176846988D-02
  0.28315813467888D-01  -.24077371813918D-02  -.35963046446877D-03
  -.41782011036029D-01  0.50937890902751D-01  -.18096430179762D-03
  0.55995729370442D-03  0.26616378305911D-03  0.14713932164706D+00
  -.41512798990864D+00  0.19045378061474D+00  -.28620676085534D-04
  0.21034649670621D+00  0.14049855566682D+00  -.10638182344090D-03
  0.20078007104243D-03  -.17234143555618D-04  -.55157798045167D-01
  0.40709467556039D+00  -.12096340789245D+00  -.32947213879609D-04
  -.19345978540244D+00  0.26528121283943D+00  -.10934761969688D-03
  0.51225633295900D-03  -.18690841672374D-03  -.21122781730146D-01
  -.49680587611002D+00  0.39022599507204D-01  -.33797516858711D-05
  0.15088136148721D+00  -.58114386211236D+00  0.62857972400290D-04
  0.25871468814764D-03  -.43992566778454D-03  -.26597598659016D+00
  0.14604410338688D+00  0.16785684830758D+00  0.21366577938426D-03
  0.88142852086150D-01  0.51191863291128D+00  -.19250605975519D-04
  0.14100712487090D-03  -.28519935529523D-03  0.81895176846816D-02
  0.64417093815613D-01  0.20938927109103D-01  0.23095549700199D-04
  -.18435346745457D-01  0.14836610555161D-01  0.40193126910335D-03
  -.49474049156828D-04  -.61801913291862D-03  0.14713932164706D+00
  -.17195969172891D+00  -.35073977911856D+00  -.77819023558764D-04
  -.33084706302708D+00  -.10266974251257D+00  0.77977144284593D-04
  -.11531524164872D-03  -.16526357031994D-03  -.55157798045133D-01
  0.26147649272427D-01  0.40530220854160D-01  0.33653491476961D-03
  0.11559469996451D-02  0.53106055098136D-01  -.22096696730647D-03
  -.51048324455576D-03  0.35185534985033D-03  0.14713932164706D+00
  0.30959887857909D+00  -.18257124557061D+00  -.12350440350492D-03
  -.26228524179207D+00  0.34836385771906D+00  -.17541468987810D-03
  -.31749344926140D-03  0.20483925399074D-04  0.81895176847005D-02
  -.64229019286181D+00  -.66885952047485D-01  0.56126476772575D-04
  0.44972809932124D-01  -.43565954536053D+00  -.28502035381431D-04
  -.51034414814138D-03  -.40906583756695D-05  -.26597598659015D+00
  0.43688381498585D+00  0.17626101773618D+00  -.78224209560786D-04
  0.10376464022618D+00  0.23549207341390D+00  0.83206934052540D-04
  -.41799560354020D-03  -.35017278923108D-03  -.21122781730165D-01
  0.49759951719253D-01  -.25394305242858D-01  -.43413023357703D-05
  -.67150939263021D-01  -.69013332116157D-01  -.22064317435089D-04
  -.73343533619638D-04  -.11749928160285D-03  0.95531212377529D-01
  0.11304486644082D-01  -.22666324022467D-03  -.44901550166665D-01
  0.68334270688862D-02  0.13010439975021D-01  0.19119759453929D-01
  -.72977601820195D-01  0.25546259548832D-01  0.19300760279505D-02
  0.11457618946123D-01  -.32835640512553D-03  0.44542487992347D-01
  0.69477659036715D-02  0.12822355029739D-01  -.19097966227247D-01
  0.73072691965910D-01  -.25513910598542D-01  0.18663315361390D-02
  0.75325521346270D-03  0.95444968682736D-01  -.16937608248066D-04
  0.53688334662571D-01  -.20006635610357D-01  0.14791836825832D-04
  -.65085595984381D-04  0.12226700411765D-03  0.95531212377528D-01
  -.79393277528063D-01  -.74157124096348D-02  0.21278910583825D-04
  -.49172346429781D-01  0.60139897131169D-01  0.72724806092608D-05
  0.13842912960210D-03  -.47677225142391D-05  0.95531212377528D-01
  0.96148826169364D-02  -.58838615879745D-02  -.38810567909588D-01
  0.13922607208145D-02  0.14665091358915D-01  -.29025943035515D-01
  -.58632040711179D-01  -.50525852266125D-01  0.18663315361402D-02
  0.97231389860689D-02  -.59204355728548D-02  0.39008972484683D-01
  0.11396547362486D-02  0.14591787633022D-01  0.29326003386672D-01
  0.58612510651052D-01  0.50427327309135D-01  0.19300760279511D-02
  0.15347459400734D-01  -.47019654700958D-02  -.57319200827615D-02
  0.25741568387006D-02  0.89325145751192D-02  0.48123909262761D-01
  -.14440651254734D-01  0.76039762864662D-01  0.18663315361402D-02
  0.15444764298497D-01  -.44430366505865D-02  0.58925776819842D-02
  0.26170536585219D-02  0.88701623205901D-02  -.48445762840600D-01
  0.14365091169138D-01  -.75973586857968D-01  0.19300760279507D-02
$dipgrad          cartesian dipole gradients
  -.31997383299889D+00  -.85748643629297D-01  -.88337342196053D-04
  -.14017224273105D+00  -.15779066404645D+00  -.12117277075169D-03
  0.12967032065964D-04  -.76969345113678D-04  0.52966716502659D-01
  0.21842928173012D+00  -.18459917983116D+00  0.18722676274417D-03
  -.45483791226028D-01  0.15272204055480D+00  -.77129234479091D-04
  0.15404570638993D-03  -.22413855784007D-04  0.94771287238972D-02
  0.69520001891787D-01  -.40489021573462D-01  -.26817504938614D-04
  0.98626367031635D-01  0.30163132039316D+00  0.20070775004427D-03
  -.57611884698086D-04  0.14461442297712D-03  0.94771287239205D-02
  -.29616306970133D+00  0.15391939333050D+00  0.14910736881609D-03
  0.99495794228751D-01  -.18160142734397D+00  -.15915997068815D-04
  0.60173892150718D-04  0.49714451740735D-04  0.52966716502670D-01
  0.26877769980548D+00  0.16415118496953D-01  -.16040925780550D-03
  0.15553050710208D+00  0.10237362247942D+00  -.12357851556490D-03
  -.96433821703802D-04  -.12220056718882D-03  0.94771287238892D-02
  -.10050984286779D+00  0.13464648951416D-01  -.60770026619905D-04
  -.40958950150303D-01  -.37725465417756D+00  0.13708876782046D-03
  -.73140924218788D-04  0.27254893370751D-04  0.52966716502676D-01
  0.10550890729076D+00  0.11941465423707D+00  0.59232625467077D-04
  0.12153448323508D+00  -.47642884280037D+00  -.16314212401737D-04
  -.39614802299854D-03  0.16798116449789D-03  -.51616214971639D-01
  0.20323184764517D+00  0.26245502236885D-01  0.17608399603743D-03
  -.29775218669400D-01  0.57473274995021D+00  -.38168723159389D-04
  -.27409400712196D-04  0.28917200544914D-03  -.21452625381005D-01
  -.51924077124811D+00  -.45115288705975D-01  -.12781923316825D-03
  -.31517200071227D-01  -.63885638787800D+00  0.52095088281183D-04
  0.26046051331607D-04  0.36905731059381D-03  -.25018455760958D+00
  0.53839751247801D+00  0.76374570328082D-01  -.14753195523561D-04
  0.78867975896682D-01  0.22011259020034D+00  0.18576094713899D-03
  0.39901113912678D-03  0.35598523131024D-03  0.31707070786840D-01
  0.63994933301337D-01  -.52023983931129D-02  -.34147344522098D-03
  -.48603100955364D-01  0.12820992958296D+00  -.15781082863713D-03
  0.15549245030184D-03  0.86560770148865D-05  0.13199320532402D+00
  -.43527844231301D+00  0.19068923863297D+00  -.43744835116313D-04
  0.19280906763102D+00  0.64358506803405D-01  -.43139852186368D-04
  0.34354996731417D-03  0.25908366932242D-03  -.51616214971663D-01
  0.48338593642330D+00  -.13197181990125D+00  -.12109708190477D-03
  -.18799254080785D+00  0.29457866117212D+00  -.13340885218870D-03
  0.26413500313884D-03  -.12084876539916D-03  -.21452625380974D-01
  -.57576964270229D+00  0.64154159222255D-01  0.10902528644784D-03
  0.77752247856867D-01  -.58232751642353D+00  0.84647158875352D-04
  0.30658998076695D-03  -.20708519741721D-03  -.25018455760958D+00
  0.23246182638039D+00  0.97764074826427D-01  0.16825029701499D-03
  0.10025748039509D+00  0.52604827629804D+00  -.80103831459184D-04
  0.10878668412178D-03  -.52354639853007D-03  0.31707070786807D-01
  0.13545464516205D+00  0.73458170766352D-02  0.34068536017573D-04
  -.36054885485934D-01  0.56750217722331D-01  0.37463009259730D-03
  -.70249842560012D-04  -.13898845057348D-03  0.13199320532403D+00
  -.22661036824216D+00  -.31328363636715D+00  -.15487790350997D-04
  -.31116380736904D+00  -.14430956726735D+00  0.59454064588232D-04
  0.52598055680650D-04  -.42706483382574D-03  -.51616214971650D-01
  0.88857715863023D-01  0.62957635160147D-01  0.30740490920562D-03
  0.19556932597780D-01  0.10334714702131D+00  -.21681926395709D-03
  -.85242607752188D-04  0.13033237355349D-03  0.13199320532405D+00
  0.36690581515948D+00  -.17787875350743D+00  -.15349710149161D-03
  -.17538534793889D+00  0.39160428751913D+00  -.10565711567965D-03
  -.50779782325149D-03  0.16756116721928D-03  0.31707070786807D-01
  -.64213532473841D+00  -.39436003468365D-01  0.18793946720345D-04
  -.25837914834062D-01  -.51596183438762D+00  -.13674224715661D-03
  -.33263603209823D-03  -.16197211317806D-03  -.25018455760960D+00
  0.48032911232477D+00  0.18975739902396D+00  -.54986914132808D-04
  0.13373667811755D+00  0.29763548527083D+00  0.17157757534787D-03
  -.23672560242184D-03  -.16832324004096D-03  -.21452625380989D-01
  0.18370533164202D-01  -.70247346483992D-01  -.16431359687085D-04
  -.86762774659684D-01  -.10682989817906D+00  -.46017832027145D-04
  0.17742224739289D-04  -.25707106049250D-04  0.86371413697114D-01
  0.30358293160694D-03  -.39196961921875D-02  -.55489934839185D-01
  0.25209695307770D-02  -.26653972462359D-02  0.22166703203521D-01
  -.81765148142209D-01  0.27636125419369D-01  0.54995133390933D-02
  0.56997243892089D-03  -.40627399330840D-02  0.55161669121647D-01
  0.25303332839040D-02  -.27980868810489D-02  -.22126492842049D-01
  0.81759001140012D-01  -.27583893634497D-01  0.52383495836442D-02
  -.75424135624226D-02  0.10172362142785D+00  -.31636931719053D-04
  0.85208193252065D-01  -.80916951452392D-01  0.37238890921289D-04
  -.31134119268113D-04  -.25116643186595D-05  0.86371413697119D-01
  -.14351716712408D+00  -.67031326802596D-02  0.48068291406116D-04
  -.23218560855922D-01  0.55057802109233D-01  0.87789411058313D-05
  0.13391894528269D-04  0.28218770369933D-04  0.86371413697117D-01
  -.12925205075278D-02  -.14550224799480D-02  -.46742939458698D-01
  0.51380507370497D-02  -.93559393464245D-03  -.36708160353476D-01
  -.64767853192756D-01  -.57013425158034D-01  0.52383495836466D-02
  -.13174857909472D-02  -.15850450674879D-02  0.46941895511999D-01
  0.48556206555228D-02  -.10443285237079D-02  0.36972341623312D-01
  0.64816160746442D-01  0.56992632725657D-01  0.54995133390941D-02
  -.26196235946091D-02  -.43718474125024D-02  -.84187296629494D-02
  0.22212258045197D-02  0.39150915246019D-03  0.58834653195527D-01
  -.16991147947243D-01  0.84597318792534D-01  0.52383495836450D-02
  -.25288186126321D-02  -.41562573248587D-02  0.85480393271828D-02
  0.22844083981646D-02  0.16700429799563D-03  -.59139044826840D-01
  0.16948987395755D-01  -.84628758145029D-01  0.54995133390936D-02
$end
