$hessapprox internal
  0.758165933483D-01 -0.139835690755D-02  0.313013272177D+00 -0.355165827640D-03
  0.173797010652D-02  0.312998875119D+00  0.789115006680D-03 -0.215932978153D-03
 -0.320095316390D-03  0.385406050650D+00  0.893891632357D-03 -0.933525362558D-03
 -0.108620615787D-02  0.287099425909D-02  0.140268254261D+00 -0.618125114140D-03
  0.157831835237D-02 -0.242191441242D-03 -0.324522841292D-02 -0.284074113598D-02
  0.148685164520D+00 -0.785156343470D-02 -0.653184388533D-02 -0.697174409326D-02
  0.201623204849D-02 -0.217443340423D-02 -0.177970446126D-02  0.128803889269D+00
  0.839167231020D-03 -0.121272749058D-01  0.131924579613D-01 -0.883928992637D-03
  0.193371781823D-03 -0.407356082536D-02  0.215608069249D-02  0.898215026967D-01
 -0.210503523228D-02  0.204437648513D-02  0.309141729169D-03 -0.208104086843D-03
  0.250523846719D-03  0.485735828891D-03  0.263893605647D-02 -0.121820888951D-01
  0.147216332994D+00 -0.330824323637D-02  0.317987803906D-02  0.200870841284D-02
 -0.113636194749D-01 -0.176345547619D-01 -0.622939151867D-02  0.921402416738D-02
 -0.437749808549D-03  0.125014024370D-02  0.783849980206D+00 -0.262677962509D-02
  0.423465740131D-03 -0.154373462585D-03 -0.115274577075D-01 -0.100639605263D-01
  0.249440316965D-02  0.275851574624D-03  0.104185676778D-02 -0.655451925484D-03
  0.316758995231D-01  0.720803153287D+00 -0.127665877849D-02  0.182913972295D-02
  0.154411775872D-02 -0.723276857960D-02  0.329776866863D-02  0.124154519209D-01
  0.633597666765D-02  0.792640662232D-03  0.173289216038D-02  0.513316317037D-01
  0.110709627569D+00  0.619332985723D+00  0.604054440562D-02 -0.552393673243D-02
 -0.390410721103D-02  0.148320304048D-02  0.769956012126D-02  0.244002467971D-02
 -0.314314239905D-01 -0.215355667465D-03 -0.283477992394D-02 -0.621099751708D-01
  0.234423804505D-01  0.487949644975D-01  0.692832899596D+00  0.264392411878D-02
 -0.187408753342D-02 -0.110892609311D-02  0.798012377022D-02  0.205667462465D-01
  0.225182372450D-02 -0.668442075446D-02 -0.155318499129D-03 -0.227185078310D-03
 -0.183759889149D-01 -0.519203662920D-01 -0.485966674782D-01  0.225954734890D-01
  0.340162567124D+00  0.401271070454D-02  0.461208475183D-02  0.540762546314D-02
  0.244317974629D-02  0.208631433741D-02 -0.259372059339D-01  0.172769618062D-01
  0.496953605302D-03  0.125928366700D-02 -0.542659183345D-01 -0.770256422566D-01
 -0.586219790220D-01  0.415225692828D-02  0.384692372965D-01  0.213446934058D+00
  0.115552915161D-02 -0.524853955877D-04  0.257874887976D-03  0.124631879899D-01
 -0.421039934274D-01  0.338988503897D-03  0.531141679418D-02 -0.131685401916D-02
 -0.483057867216D-03 -0.678034463752D-01 -0.233320279727D-01 -0.230786267785D-01
 -0.355766014564D-01  0.924275552255D-01  0.332205375411D-01  0.337320930047D+00
  0.336880625375D-02  0.461470938322D-03  0.579444563757D-03 -0.342714573861D-02
 -0.128596147003D-01  0.804793535120D-03 -0.860985225327D-02 -0.271998297235D-02
 -0.572560192584D-03  0.251137386441D-01 -0.546118012529D-01 -0.621515458353D-01
  0.140311204251D-01  0.112943250607D-01  0.243196308571D-01  0.815377022775D-01
  0.356453285968D+00  0.156466246669D-02  0.805307412244D-02  0.753394449942D-02
  0.280758264457D-03  0.959159392004D-02  0.229721125756D-01  0.290542607638D-01
 -0.274540711848D-02  0.676929192195D-03 -0.262844322337D-01 -0.738993525237D-01
 -0.247095345085D-01 -0.564360615239D-01  0.257934199598D-01  0.448628749290D-01
  0.304880440733D-01  0.491946461480D-01  0.213782954062D+00  0.158899827947D-02
 -0.402119082457D-03 -0.245676222291D-03  0.297875289273D-03  0.132739783601D-03
 -0.194896495928D-03 -0.203318436627D-02  0.155490637040D-02  0.343502656941D-02
 -0.987065106462D-03 -0.672750485261D-03 -0.506946737746D-03  0.156059033791D-02
  0.854219799272D-03  0.973828878323D-03  0.763871779843D-03  0.111658993339D-02
  0.391225963236D-03  0.586410229013D-01 -0.810796511014D-03 -0.178381631906D-02
 -0.149968239644D-02 -0.161896982298D-02  0.101280745361D-02 -0.180068589199D-02
 -0.933982117986D-03  0.870821141746D-03 -0.739235575830D-03  0.977456658646D-02
 -0.200863036887D-01 -0.104573755682D-01 -0.369670807969D-01 -0.123295796815D-01
  0.230125638265D-01 -0.107808071844D-01  0.120382682926D-01 -0.121810863569D-01
 -0.203795991451D-03  0.204638509640D+00  0.168832264845D-02  0.804903023261D-04
  0.276057386293D-03 -0.262646550710D-02  0.500773766733D-02  0.759506453589D-02
 -0.251277411764D-03  0.377449598719D-03  0.519064992437D-03 -0.142092916211D-01
  0.596738386092D-02  0.352700121596D-02  0.244932241003D-01 -0.103870603589D-01
 -0.312957290184D-01  0.644050278365D-03  0.108974244954D-01  0.332831573933D-01
  0.391330612004D-03 -0.403416428551D-01  0.196576024873D+00 -0.136555167296D-01
  0.501762412546D-03  0.578600096816D-03 -0.693032355992D-03  0.328589283589D-03
 -0.214002488585D-02  0.192143664129D-02 -0.260708083372D-01 -0.130273852904D-01
 -0.353190275260D-03  0.303735097792D-03  0.411135998196D-03  0.441121592127D-03
 -0.204081189040D-03  0.760491832526D-05 -0.125462270894D-02 -0.150220183027D-02
 -0.143113779800D-02 -0.132861505634D-02  0.571415696345D-03 -0.216242883512D-04
  0.123124492008D+00  0.112378580829D-02  0.341478292433D-02  0.348228633809D-02
  0.189920846627D-02 -0.683529018252D-02 -0.373660245863D-02  0.158698986671D-02
 -0.658766891395D-03  0.899214631001D-03 -0.579108220114D-01 -0.167831988627D-01
 -0.734659472803D-02  0.625152579645D-01  0.108401776247D-01  0.105790890817D-01
  0.515931860330D-01  0.146263371874D-01  0.665425040705D-02  0.300791205900D-03
 -0.457945987916D-01  0.161375451801D-01 -0.328790808706D-03  0.268602623868D+00
 -0.287507452234D-01  0.268517850825D-02  0.452912733740D-03 -0.129093430783D-02
  0.941752592801D-03  0.112629362372D-02  0.941994190089D-02  0.635630741746D-03
 -0.109950417307D-01  0.291146444560D-02  0.155357137814D-02  0.156229344135D-02
 -0.470518182798D-02 -0.281207475985D-02 -0.401802902628D-02 -0.279559527829D-02
 -0.358925338899D-02 -0.204943849121D-02 -0.396738070200D-02  0.648039466370D-03
 -0.135858934470D-02  0.117477882813D-01 -0.108448527156D-02  0.123443115884D+00
  0.126591411541D-02 -0.785127305961D-02 -0.769615400641D-02  0.410161510155D-02
  0.487163685948D-02 -0.521677462354D-03 -0.148315768982D-01 -0.671155531379D-03
 -0.304015898693D-02 -0.440605376369D-01  0.413260009675D-01 -0.250146757648D-01
  0.232189494623D-01  0.455452811823D-01 -0.195188428948D-01  0.115843000720D-01
  0.426712661774D-01 -0.410860516257D-01  0.651583909603D-03  0.142680178143D-01
 -0.751032226248D-02 -0.909892374985D-03  0.787933206797D-03 -0.349654219184D-02
  0.301812496075D+00  0.253936736219D-01  0.459160083736D-03  0.306515899505D-03
 -0.188530787139D-03 -0.173317208155D-02  0.988172257192D-04  0.236823965563D-02
 -0.530086903179D-02 -0.640727733213D-02  0.370083662930D-02  0.277780603451D-02
  0.196325463485D-02 -0.673274578442D-02 -0.200782626216D-02 -0.957885940163D-03
 -0.129795866899D-02 -0.312270306186D-02  0.988985567724D-04 -0.192798314262D-02
 -0.114421145298D-03 -0.334604618516D-03 -0.848143483359D-02 -0.510724398265D-03
 -0.126332942707D-01 -0.531170103229D-03  0.405970278228D-01  0.341372122132D-02
 -0.373278855309D-03 -0.683484314304D-03  0.101014931275D-02  0.686265443247D-03
  0.119478397649D-02 -0.286979475126D-02  0.138026865564D-01  0.211100126212D-02
 -0.745480034714D-03 -0.183226065915D-02 -0.117145675617D-02  0.553834725718D-03
  0.183512135012D-02  0.152358011573D-02  0.150964667791D-02  0.289188194644D-02
  0.167225243748D-02 -0.238521431149D-02 -0.733494228859D-03  0.715650993317D-03
  0.282061372563D-02  0.758881059055D-03 -0.592715936983D-02  0.704330960386D-03
  0.872265213969D-02  0.363035502869D-01 -0.111436660487D-01 -0.244102743319D-04
 -0.670763363692D-03  0.246102797993D-03  0.157482486910D-02 -0.211294785062D-02
 -0.378461621761D-02 -0.933324435731D-02 -0.753378761342D-02 -0.169769616925D-02
 -0.633626904858D-03 -0.132361174578D-03  0.196044232671D-02  0.156934617860D-02
  0.303013488646D-02 -0.280436248459D-03  0.462273946448D-03 -0.870500367572D-03
 -0.109727495385D-01 -0.369583800485D-03  0.190423531419D-02  0.318268088353D-01
  0.253202558748D-03 -0.502589542386D-01  0.365282921254D-03  0.339995865146D-01
 -0.730337285351D-02 -0.105826205759D+00
$end
