$coord
    0.12126355588964      0.08899355668556     -0.19760208265929      ti
    0.89437797989049     -2.38976293643160      2.12527640394118      o
   -2.64365410118200     -1.05296046427433     -1.76632924749004      o
   -3.19132093334954     -2.77787734249374     -1.85838323891467      h
   -1.10384298532258      2.59071283640507      1.82623188147357      o
   -0.62618832788045      2.56368407332180      3.58855040671210      h
    2.54326024908655      0.75072453822112     -1.67652571721106      o
    2.14021910581119      2.01626848747447     -2.87846021931167      h
    0.83304969942225     -4.42345790764289      2.46479228722025      h
$redundant
     number_of_atoms             9
     degrees_of_freedom         21
     internal_coordinates       21
     frozen_coordinates          0
# definitions of redundant internals
   1 k  1.0000000000000 tors    4    3    1    2 val=  34.20644
        1.0000000000000 tors    4    3    1    5
        1.0000000000000 tors    4    3    1    7
   2 k  1.0000000000000 stre    3    4           val=   1.86919
   3 k  1.0000000000000 bend    1    4    3      val= 125.51178
   4 k  1.0000000000000 tors    6    5    1    2 val= 135.85516
        1.0000000000000 tors    6    5    1    3
        1.0000000000000 tors    6    5    1    7
   5 k  1.0000000000000 stre    5    6           val=   1.78087
   6 k  1.0000000000000 bend    1    6    5      val= 117.52645
   7 k  1.0000000000000 tors    8    7    1    2 val= 106.71231
        1.0000000000000 tors    8    7    1    3
        1.0000000000000 tors    8    7    1    5
   8 k  1.0000000000000 stre    7    8           val=   1.89666
   9 k  1.0000000000000 bend    1    8    7      val= 135.97173
  10 k  1.0000000000000 tors    9    2    1    3 val=  69.30252
        1.0000000000000 tors    9    2    1    5
        1.0000000000000 tors    9    2    1    7
  11 k  1.0000000000000 stre    2    9           val=   1.57183
  12 k  1.0000000000000 bend    1    9    2      val= 146.50668
  13 k  1.0000000000000 stre    1    5           val=   3.36968
  14 k  1.0000000000000 stre    1    2           val=   3.43642
  15 k  1.0000000000000 stre    1    7           val=   3.54332
  16 k  1.0000000000000 stre    1    3           val=   3.67797
  17 k  0.6584804884090 bend    2    5    1      val=   1.35377
        0.1780490055445 bend    7    5    1
        0.2996315834388 bend    7    2    1
       -0.3447180505793 bend    3    5    1
       -0.2490085872796 bend    3    2    1
       -0.5138940564757 bend    3    7    1
  18 k -0.0852663704647 bend    2    5    1      val=   4.66566
        0.6333312364078 bend    7    5    1
       -0.1394199575117 bend    7    2    1
        0.2522883583081 bend    3    5    1
       -0.6866758778723 bend    3    2    1
        0.1923800652768 bend    3    7    1
  19 k -0.3648304827611 bend    2    5    1      val=   3.63455
        0.1383523224751 bend    7    5    1
        0.6226045036942 bend    7    2    1
       -0.5724911067622 bend    3    5    1
       -0.0634720274564 bend    3    2    1
        0.3582544069546 bend    3    7    1
  20 k  0.1476431613397 bend    2    5    1      val=   7.59685
        0.4526850600218 bend    7    5    1
       -0.5674215926475 bend    7    2    1
       -0.5261056456938 bend    3    5    1
        0.3735173370175 bend    3    2    1
        0.1871045644996 bend    3    7    1
  21 k  0.4839975589183 bend    2    5    1      val=   6.46358
       -0.4663769753391 bend    7    5    1
       -0.1339677064757 bend    7    2    1
       -0.1338419266452 bend    3    5    1
       -0.3349953930836 bend    3    2    1
        0.6325788162284 bend    3    7    1
        21 non zero eigenvalues  of BmBt
           1          12.940901788    1    0
         1
           2           6.249225054    2    0
         2
           3           3.993944504    3    0
         3
           4           3.768121329    4    0
         4
           5           3.180557421    5    0
         5
           6           2.723861882    6    0
         6
           7           2.582512512    7    0
         7
           8           2.318306271    8    0
         8
           9           2.073326303    9    0
         9
          10           1.880466130   10    0
        10
          11           1.442355480   11    0
        11
          12           1.383210511   12    0
        12
          13           1.170830069   13    0
        13
          14           0.713989897   14    0
        14
          15           0.514165914   15    0
        15
          16           0.310074959   16    0
        16
          17           0.131228048   17    0
        17
          18           0.118365633   18    0
        18
          19           0.088874822   19    0
        19
          20           0.080549896   20    0
        20
          21           0.066867318   21    0
        21
$user-defined bonds
$end
