$grad          cartesian gradients
  cycle =     83   ex. state energy =    -1151.8898485582 |dE/dxyz| =  0.356347
   -0.18129013780349     -0.03617518982748      0.12631676658578      ti
    1.07818441279444     -2.32026504766537      1.85126720737028      o
   -2.78778182447934     -1.07538377259043     -1.99377185108033      o
   -3.13276491572827     -2.83902645403695     -2.15903387228308      h
   -1.04049916556729      2.70578328975054      1.79369726480280      o
   -0.84664134769167      3.39682558934932      3.48856733738330      h
    3.23780599029567      0.95912400573813     -2.11553169431780      o
    3.70840704395902      1.93533365340687     -3.50341490700090      h
    1.14477451519659     -5.04795292258719      3.54155445258434      h
  -.32484038589130D-01  0.10697205388025D-01  0.46402271672390D-01
  0.28663976488806D-01  0.29458813535326D-01  -.29628268026992D-01
  -.22570880495829D-01  -.14057012757295D-01  -.21641072116941D-01
  0.26106343632773D-02  0.94976700857961D-02  0.20305348932109D-02
  0.25270987468422D-02  -.12915743027741D-01  -.19223745090991D-01
  0.94211008148435D-03  0.65355261092805D-02  0.11180839213904D-01
  0.23706464561974D-01  0.29562069045885D-01  -.43757559290211D-01
  0.18103450753394D-02  -.24000095929085D-01  0.29816517354156D-01
  -.52057099544315D-02  -.34778432911475D-01  0.24820480817622D-01
$end
$grad          cartesian gradients
  cycle =     84   ex. state energy =    -1151.8939126205 |dE/dxyz| =  0.300964
   -0.16886496852857     -0.03398791029949      0.11944261151396      ti
    1.06685044413959     -2.31328720957086      1.85448314391882      o
   -2.78867799963632     -1.07495295633983     -1.99011052491805      o
   -3.13201683097968     -2.86048956576415     -2.12855613267293      h
   -1.04217978373157      2.70053653465845      1.79507043750790      o
   -0.84068071038688      3.34467067394105      3.47248528556515      h
    3.21679430040271      0.95298690353489     -2.10167129073287      o
    3.67796234460659      1.95115466088961     -3.50737124735321      h
    1.13237118240267     -5.03100019251220      3.50682060263489      h
  -.28446286348364D-01  0.14628529156693D-01  0.41823927133564D-01
  0.30088114533531D-01  0.24152440607723D-01  -.25769848320472D-01
  -.21414132622914D-01  -.40653174529980D-02  -.20111752852974D-01
  0.70752750400090D-03  -.67438527455578D-03  0.85028729459454D-03
  0.36850497087107D-02  -.68200835908500D-02  -.30362143331308D-02
  -.73263589327866D-03  -.13491198829649D-03  -.52053994057731D-02
  0.17270353485443D-01  0.18369565915207D-01  -.28203307909687D-01
  0.45271051919374D-02  -.14821847616341D-01  0.17705635355777D-01
  -.56850947581160D-02  -.30633989951994D-01  0.21946673068916D-01
$end
$grad          cartesian gradients
  cycle =     85   ex. state energy =    -1151.8990959229 |dE/dxyz| =  0.212839
   -0.15119169704669     -0.03003215337624      0.10806996977176      ti
    1.05228848050616     -2.31036798235459      1.86335832103033      o
   -2.78882364472011     -1.07416929560491     -1.98368698863863      o
   -3.13136995224314     -2.88849487767447     -2.08971249290300      h
   -1.04490453929843      2.69337007876998      1.79720563552406      o
   -0.83136228709438      3.27490621271237      3.45342692994057      h
    3.18498043579409      0.94257786095034     -2.07941898291840      o
    3.62989841883428      1.98457371208058     -3.52513573567943      h
    1.11229386710677     -4.93443353125462      3.41530690885433      h
  -.15270282667239D-01  0.34921834634587D-01  0.17455326687172D-01
  0.32988019948931D-01  -.70430481152075D-02  -.19872407614854D-02
  -.20907282460881D-01  0.80692048153605D-02  -.17395026687843D-01
  -.15883271348993D-02  -.13392274955912D-01  -.55332632119577D-03
  0.47451784902357D-02  0.21009937630823D-03  0.21275346207666D-01
  -.34057380846062D-02  -.80509543010353D-02  -.28839787346106D-01
  0.14981563318373D-02  -.49706625778307D-02  0.46779732289335D-02
  0.71284366373376D-02  0.31082904429913D-02  -.49919076345111D-02
  -.51881598545669D-02  -.12852490105607D-01  0.10358642198286D-01
$end
$grad          cartesian gradients
  cycle =     86   ex. state energy =    -1151.8990208638 |dE/dxyz| =  0.158669
   -0.13364620851566     -0.02521543539198      0.09515459137904      ti
    1.03935056675411     -2.31493851184532      1.87675790917471      o
   -2.78798179261238     -1.07392768231728     -1.97618641881700      o
   -3.12902104426816     -2.90255383463153     -2.05478476034308      h
   -1.04807142974668      2.68607957553127      1.79824089395868      o
   -0.81885565935944      3.21724025912939      3.45836193555942      h
    3.15187028874165      0.93152238070061     -2.05613343134774      o
    3.57099834748196      2.01365535779330     -3.53390534922753      h
    1.09037577539077     -4.76077048359243      3.28018119384306      h
  0.41088905123978D-02  0.48183542767933D-01  -.30812130857132D-02
  0.26007505562704D-01  -.32852187635790D-01  0.20187917017384D-01
  -.21554614685139D-01  0.13319263187185D-01  -.15452658784730D-01
  -.23524952517582D-02  -.18708217375637D-01  -.79006393700245D-03
  0.41637974186875D-02  0.49555505027525D-03  0.29327066514999D-01
  -.42966154832374D-02  -.94752631946865D-02  -.36113887825806D-01
  -.12394066979796D-01  -.20161298944882D-01  0.27048467729408D-01
  0.84306828827930D-02  0.15143655170409D-01  -.20096385243241D-01
  -.21130829103188D-02  0.40549501700654D-02  -.10292423194648D-02
$end
$grad          cartesian gradients
  cycle =     87   ex. state energy =    -1151.8968810211 |dE/dxyz| =  0.150214
   -0.11543331873905     -0.01936653920788      0.08019266572687      ti
    1.02728887694374     -2.32754723348677      1.89542866320985      o
   -2.78617667703044     -1.07449259356825     -1.96735084732987      o
   -3.12407957337596     -2.89881938680052     -2.02193073310693      h
   -1.05183767629173      2.67825334348941      1.79786645249458      o
   -0.80181005884552      3.17002512335794      3.49262969468425      h
    3.11623955167897      0.92002941564494     -2.03173402286465      o
    3.49575997959769      2.02944640303657     -3.52040507719108      h
    1.06627328303510     -4.49527250480274      3.09261793347358      h
  0.27421639061461D-01  0.31798081406121D-01  0.10311806507459D-02
  0.36785737037200D-02  -.50413828518266D-02  0.44811380264879D-02
  -.20847497308764D-01  0.12078986721138D-01  -.11937617762940D-01
  -.10628260846958D-02  -.15118751906447D-01  -.37474146790629D-03
  0.27575300891687D-02  -.76387975667910D-02  0.12459536974606D-01
  -.24114140023283D-02  -.45192678970067D-02  -.20984823659866D-01
  -.21042936178003D-01  -.25620656014772D-01  0.37232829123827D-01
  0.80484735485266D-02  0.19232792964878D-01  -.25175951255647D-01
  0.34584579903230D-02  -.51710056615009D-02  0.32684489754971D-02
$end
$grad          cartesian gradients
  cycle =     88   ex. state energy =    -1151.9194910918 |dE/dxyz| =  0.100472
   -0.09671415875665     -0.01262229159531      0.06342156716818      ti
    1.01602181717267     -2.34835946768964      1.91919770165306      o
   -2.78334093569929     -1.07568672604819     -1.95727858597479      o
   -3.11718388928131     -2.87963223462424     -1.99172690383197      h
   -1.05603017579313      2.67024111071837      1.79683476990211      o
   -0.78202200173632      3.12914629763808      3.54327111329294      h
    3.07844564720427      0.90850964944594     -2.00683648714201      o
    3.40508816508830      2.02768765845492     -3.47982809955730      h
    1.04097847447353     -4.13298315454954      2.85219990284571      h
  0.67086633753997D-01  -.39669768404204D-01  0.52118266421150D-01
  -.43745641868196D-01  0.12806655682677D+00  -.76141183299848D-01
  -.12283664619819D-01  0.10963422970258D-01  -.83216842503254D-02
  0.85414468224372D-04  -.63828841842292D-02  0.45784701628530D-02
  0.59050955633186D-02  -.22672869759937D-01  -.25106098593843D-01
  -.71648616427570D-03  0.37586554301750D-03  0.55145223727237D-02
  -.31311191098782D-01  -.19855571536495D-01  0.40234063026524D-01
  0.45649606705335D-02  0.14425296306770D-01  -.21491128086469D-01
  0.10414880623765D-01  -.65250050000368D-01  0.28614772929515D-01
$end
$grad          cartesian gradients
  cycle =     89   ex. state energy =    -1151.8797819839 |dE/dxyz| =  0.130804
   -0.07736816869990     -0.00507777815841      0.04492153916563      ti
    1.00515925941166     -2.37485436402014      1.94651201436740      o
   -2.77927870672917     -1.07690116128901     -1.94592161373821      o
   -3.11025014731004     -2.85422136291070     -1.96437154057187      h
   -1.06042616791588      2.66233756367233      1.79637704361779      o
   -0.76248811961178      3.08819466721059      3.58955778637836      h
    3.03814299751284      0.89676917057874     -1.98110004962916      o
    3.30159475260157      2.01147831596935     -3.41687591956770      h
    1.01609616559412     -3.70812301453178      2.57967879622764      h
  0.62120077744313D-01  -.35114877848561D-01  0.45233566679619D-01
  -.22500464516064D-01  -.26583412052995D+00  0.11647363037166D+00
  -.12558948343970D-01  0.34416060340529D-03  -.94412376791908D-02
  0.28547657531505D-02  0.66126265174998D-02  0.59730608019481D-02
  0.10504194931671D-02  -.27747826274130D-01  -.41263137271221D-01
  0.15145391976318D-02  0.42008058877902D-02  0.23917562637097D-01
  -.32309736954547D-01  -.12521860031040D-01  0.23775183100364D-01
  0.95150385258303D-03  0.28763786158162D-02  -.35971733956695D-02
  -.11221545830820D-02  0.32718471148251D+00  -.16107145513025D+00
$end
$grad          cartesian gradients
  cycle =     90   ex. state energy =    -1151.7545538539 |dE/dxyz| =  0.154086
   -0.05717662490402      0.00319014089483      0.02470236828976      ti
    0.99408887224472     -2.38474129579676      1.96655739701190      o
   -2.77368773151929     -1.07730213607985     -1.93314880138855      o
   -3.10585585769582     -2.83517776523180     -1.93983122391691      h
   -1.06483364388554      2.65461773808983      1.79740700537709      o
   -0.74571285880048      3.04268990001794      3.61551601553677      h
    2.99464823240087      0.88412561572980     -1.95349257347589      o
    3.18886659862815      1.99065795234216     -3.34464275624866      h
    0.99544851317634     -3.56721876403985      2.44230878614166      h
  0.64151238322914D-01  -.24600385122739D-01  0.31711066037977D-01
  -.18507448551708D-01  -.78981480369283D+00  0.30672552567479D+00
  -.13680060313814D-01  -.10412914760871D-01  -.77491320848687D-02
  0.52095209126450D-02  0.17790460335482D-01  0.61102217098699D-02
  -.89772211201341D-03  -.29215939681098D-01  -.48207226890126D-01
  0.29309800651470D-02  0.51925394425825D-02  0.31507408596672D-01
  -.35730899719585D-01  0.20781645626764D-02  0.67330148965404D-02
  -.29920379261840D-02  -.14805774338742D-01  0.18882946210464D-01
  -.48357021187000D-03  0.84378865242580D+00  -.34571382372098D+00
$end
$grad          cartesian gradients
  cycle =     91   ex. state energy =    -1151.9151646421 |dE/dxyz| =  0.167779
   -0.03499203298434      0.01253999135167      0.00176900279463      ti
    0.98212298468418     -2.34969352837378      1.97003430904017      o
   -2.76605615700968     -1.07628350764214     -1.91825377195595      o
   -3.10585847005409     -2.83114313537587     -1.91670681879571      h
   -1.06936114186096      2.64666185267661      1.80035614629716      o
   -0.73217062222522      2.98868718113587      3.61538024619890      h
    2.94526359351171      0.86903098704117     -1.92139128147726      o
    3.06471612181584      1.97843204281125     -3.27761085573142      h
    0.97635936022108     -4.15594108518118      2.59414293839485      h
  0.64158520218015D-01  -.20205798871601D-01  0.24276223755871D-01
  -.24387320102415D-01  0.10318255592206D+00  -.53368128490125D-01
  -.77028593143858D-02  -.10786004575796D-01  -.19908962707023D-02
  0.49999738869405D-02  0.19489310568211D-01  0.64375244873288D-02
  0.30239167397129D-02  -.32202419823739D-01  -.47881858302898D-01
  0.24057344188653D-02  0.35415844578539D-02  0.27944279284215D-01
  -.41325757815512D-01  0.14776814554955D-01  -.15669392434122D-02
  -.47162781078984D-02  -.29862893329418D-01  0.34782304822489D-01
  0.35440708818346D-02  -.47933149511033D-01  0.11367490272822D-01
$end
$grad          cartesian gradients
  cycle =     92   ex. state energy =    -1151.8878208619 |dE/dxyz| =  0.140445
   -0.01998841554264      0.01913770716251     -0.01443507821771      ti
    0.97436493110300     -2.32995794992600      1.97399607664824      o
   -2.75950462745504     -1.07421264062459     -1.90744475105366      o
   -3.11084203996812     -2.84497870878774     -1.90443566604461      h
   -1.07214282169915      2.64178488384262      1.80397607674187      o
   -0.72758888458460      2.94894975641527      3.59017147385622      h
    2.91029896099891      0.85701491648468     -1.89724478899196      o
    2.98191708592321      1.99197334053393     -3.25794304189149      h
    0.96486368653978     -4.50743108469954      2.68226241194585      h
  0.31946727756159D-01  0.23216852787638D-01  -.17901896829771D-01
  -.91815337642407D-02  0.52725685322054D-01  -.23227358145754D-01
  -.61906652810796D-02  -.61510698744886D-02  0.96395419978166D-02
  0.72077476842481D-02  0.13767886919482D-01  -.19422761692796D-02
  0.20760207939392D-02  -.27354117121081D-01  -.28328276891336D-01
  0.46366803749078D-02  0.23543189139408D-02  0.12172901050031D-01
  -.32911332040450D-01  0.71975888976013D-02  0.44918891898249D-02
  -.31873682334836D-02  -.20844671585179D-01  0.26386706238599D-01
  0.56037230716322D-02  -.44912474538894D-01  0.18708770419569D-01
$end
$grad          cartesian gradients
  cycle =     93   ex. state energy =    -1151.8771688995 |dE/dxyz| =  0.160601
    0.00011108267134      0.02823125629211     -0.03681741880713      ti
    0.96431268067474     -2.31110966156198      1.98219835365215      o
   -2.74950822847373     -1.07068812348677     -1.89228978758412      o
   -3.12053186726596     -2.87034373026074     -1.89093081998016      h
   -1.07573222225665      2.63558182564814      1.80963650331132      o
   -0.72378496183999      2.89486659230529      3.54438310189278      h
    2.86204201725634      0.83958718815939     -1.86309600554090      o
    2.87113240448987      2.02549891570931     -3.24903054508816      h
    0.95021887152717     -4.87367753742756      2.76663605643763      h
  0.69177980989641D-02  0.74779707102444D-01  -.55713578997878D-01
  0.15397640674195D-01  -.38332594781294D-01  0.35218703166761D-01
  -.16723540596013D-02  0.72639771037293D-02  0.96223025416592D-02
  0.22321724081178D-02  -.44914112154841D-02  -.21771029352976D-02
  0.81211202021117D-02  -.21892101414171D-01  0.67304804028163D-02
  -.28233858459608D-02  -.30951044669164D-02  -.19894325999844D-01
  -.27476202252341D-01  -.13945473605548D-01  0.22024822909115D-01
  -.19737439760039D-02  -.12514396642025D-02  0.38730658393549D-02
  0.12769555028514D-02  0.96444057839692D-03  0.31563342940323D-03
$end
$grad          cartesian gradients
  cycle =     94   ex. state energy =    -1151.8717253917 |dE/dxyz| =  0.339805
    0.02046609769921      0.03767186112126     -0.06015345451310      ti
    0.95442218409787     -2.29945873976706      1.99341822692164      o
   -2.73836596881027     -1.06732719358293     -1.87628362148262      o
   -3.13010513936258     -2.88768279140997     -1.87967026540229      h
   -1.07953734286071      2.62931674636050      1.81456447226672      o
   -0.71732964687341      2.84300213438735      3.51171913655602      h
    2.81190048669655      0.82173350826281     -1.82810065915012      o
    2.75815557331594      2.05848830087230     -3.23774329651242      h
    0.93543809952886     -5.14153981868786      2.81985541059703      h
  0.17661669046572D-01  0.52188345204038D-01  -.20538665460715D-01
  0.62149000847937D-02  -.21647013409838D-01  0.15935619447835D-01
  -.61294568657642D-02  0.15501987106958D-01  0.41388562734235D-02
  -.10455795476693D-02  -.18855899175218D-01  -.17301559010362D-02
  0.15510884251287D-01  -.93831770692588D-02  0.29674229323139D-01
  -.11039179046278D-01  -.97321419341051D-02  -.45001301377504D-01
  -.15840896638829D-01  -.33318094060016D-01  0.33311578331138D-01
  -.56174882572062D-02  0.19491608051273D-01  -.13776781499181D-01
  0.28514695283132D-03  0.57543845459698D-02  -.20133785934602D-02
$end
$grad          cartesian gradients
  cycle =     95   ex. state energy =    -1151.8680365924 |dE/dxyz| =  0.456921
    0.04035609850401      0.04710970270258     -0.08364575952806      ti
    0.94491911629989     -2.29465290065150      2.00714799532740      o
   -2.72653946126223     -1.06489534282319     -1.85992701288841      o
   -3.13684141136421     -2.88588007996058     -1.87060518376350      h
   -1.08372994214416      2.62297117225631      1.81717468005674      o
   -0.70359154052970      2.79715074619804      3.51579469623076      h
    2.76170343385917      0.80506239401172     -1.79466459431953      o
    2.64731039324425      2.07593456332293     -3.20845289011032      h
    0.92052504246834     -5.31297711983825      2.84409171993867      h
  0.48911270119096D-01  0.15368318465256D-01  -.16564650744763D-02
  -.40639667767481D-02  0.10609912241744D-01  -.13324956537517D-01
  -.12039932351074D-01  0.17322898931043D-01  -.80675556139439D-03
  -.28741840605247D-02  -.22800394538010D-01  -.23087201942467D-03
  0.10225938599760D-01  0.19289500655400D-02  0.33077479962285D-01
  -.10695518510390D-01  -.10091498296618D-01  -.43259760088415D-01
  -.17733363232575D-01  -.42743668752923D-01  0.50254107438603D-01
  -.10954974544190D-01  0.27295174292450D-01  -.22984600227255D-01
  -.77526974860889D-03  0.31103073903002D-02  -.10681778011922D-02
$end
$grad          cartesian gradients
  cycle =     96   ex. state energy =    -1151.8646778578 |dE/dxyz| =  0.486557
    0.05934088548904      0.05631719516887     -0.10681741203376      ti
    0.93581075749851     -2.29607242015489      2.02303520198130      o
   -2.71420202699037     -1.06356704223372     -1.84345207889540      o
   -3.14001592268695     -2.86277072492603     -1.86348966986275      h
   -1.08825933563120      2.61664640899009      1.81743574711927      o
   -0.68241771924531      2.75647840420203      3.55618870683098      h
    2.71263485725640      0.79046950360735     -1.76416716548273      o
    2.54175980686679      2.07113458818329     -3.15478402438909      h
    0.90539547030232     -5.39469416157892      2.84215223827157      h
  0.75370476688061D-01  0.15678503075327D-01  -.21712965515282D-01
  -.57181244542515D-02  0.17358944662612D-01  -.17177814002118D-01
  -.11886847010344D-01  0.10913206528019D-01  0.15170534930025D-02
  -.14764796222128D-02  -.15173100207256D-01  0.26620143816061D-03
  0.22367825050267D-02  0.54934435897939D-03  0.89442873156348D-02
  -.44259570971670D-02  -.66738905727414D-02  -.16459106975323D-01
  -.39484796396470D-01  -.47465143054616D-01  0.65314852762953D-01
  -.13773090892438D-01  0.24468026848194D-01  -.20225599041258D-01
  -.84196356644046D-03  0.34410837779584D-03  -.46691006905432D-03
$end
$grad          cartesian gradients
  cycle =     97   ex. state energy =    -1151.8577723319 |dE/dxyz| =  0.488683
    0.07693373659824      0.06504298549770     -0.12915757170944      ti
    0.92705917082277     -2.30330398304439      2.04079863374144      o
   -2.70136846833025     -1.06295274865454     -1.82705565265004      o
   -3.14111499979585     -2.82515206953961     -1.85818058173420      h
   -1.09276194299635      2.61056056729854      1.81674512654716      o
   -0.65875125964837      2.71805438932026      3.60975469048330      h
    2.66607478927022      0.77836738917468     -1.73749384030894      o
    2.44420440973806      2.04603346289060     -3.08010227166119      h
    0.89006877949106     -5.38971748750250      2.81559138801059      h
  0.10633599642129D+00  0.25132123487329D-01  -.51531385231985D-01
  -.60825416195018D-02  0.16209465303780D-01  -.15131263237325D-01
  -.13406016998191D-01  -.38144817638222D-02  0.42920566660008D-02
  0.25045942793115D-02  0.10348036077903D-02  0.84598638421794D-03
  -.63417391522817D-02  -.17759160813568D-02  -.19243389070975D-01
  0.29109736937237D-02  -.38638137694822D-02  0.14091555399038D-01
  -.70206318488849D-01  -.45096626340646D-01  0.73418214132728D-01
  -.15102872056541D-01  0.11752690752284D-01  -.60900432615327D-02
  -.61207708036907D-03  0.42175570765075D-03  -.65173153275138D-03
$end
$grad          cartesian gradients
  cycle =     98   ex. state energy =    -1151.8453596048 |dE/dxyz| =  0.468944
    0.09257294056581      0.07300214607871     -0.15009361348444      ti
    0.91860178044742     -2.31617786276702      2.06020349267810      o
   -2.68792057557606     -1.06221203608664     -1.81091540999183      o
   -3.14366900593463     -2.78699655455356     -1.85475521863556      h
   -1.09680363263634      2.60487998182575      1.81670365642009      o
   -0.63865768133804      2.67965520660022      3.65004686945880      h
    2.62372282678402      0.76869674780046     -1.71510422081047      o
    2.35603848261095      2.01133798977646     -2.99706744128170      h
    0.87468828192836     -5.29675079298092      2.76481262733494      h
  0.14059178348819D+00  0.37152627327403D-01  -.84450001789565D-01
  -.62753518975478D-02  0.10721052975858D-01  -.11404547271997D-01
  -.15771540782830D-01  -.20213975028071D-01  0.67381773665496D-02
  0.75123648984723D-02  0.19095128004600D-01  0.16794577962583D-02
  -.12504240722860D-01  -.26283450474878D-02  -.36159929409276D-01
  0.78371852223974D-02  -.28241902170904D-02  0.33256354926204D-01
  -.10701507001754D+00  -.35805357188867D-01  0.75281200987728D-01
  -.14144745356780D-01  -.93181327850650D-02  0.16539152773129D-01
  -.23038657323238D-03  0.38211926291847D-02  -.14798650431577D-02
$end
$grad          cartesian gradients
  cycle =     99   ex. state energy =    -1151.8293596425 |dE/dxyz| =  0.432267
    0.10559145807493      0.07985951194472     -0.16893414661477      ti
    0.91038538617808     -2.33473777967658      2.08097366023085      o
   -2.67374386551593     -1.06041704074227     -1.79525150354765      o
   -3.15197891396459     -2.76386155503342     -1.85353827964939      h
   -1.10005811273775      2.59968487749837      1.81829348915986      o
   -0.62628328319022      2.64070229844689      3.66029190555826      h
    2.58772361743369      0.76102294549134     -1.69719252116240      o
    2.27685526306731      1.98522844073663     -2.92575211152788      h
    0.85961286129818     -5.11031937440785      2.68950121548166      h
  0.17462166709652D+00  0.47862142985296D-01  -.11444882539578D+00
  -.70074645035804D-02  0.28744369318358D-02  -.87766366042605D-02
  -.15578343712891D-01  -.26875412265561D-01  0.92579718110765D-02
  0.10485837045166D-01  0.27921047822715D-01  0.23334780141612D-02
  -.14965243482672D-01  -.23239310804026D-02  -.39244547078332D-01
  0.92800789146952D-02  -.33077285071288D-02  0.37512598796237D-01
  -.14567925647431D+00  -.27173994658001D-01  0.78352796982269D-01
  -.11609603548010D-01  -.29750509155032D-01  0.37653487871139D-01
  0.45232825654876D-03  0.10773948699572D-01  -.26403248323198D-02
$end
$grad          cartesian gradients
  cycle =    100   ex. state energy =    -1151.8148117479 |dE/dxyz| =  0.371376
    0.11532863442784      0.08527998234213     -0.18496919828411      ti
    0.90234556592300     -2.35921143500487      2.10279246923973      o
   -2.65888696158083     -1.05716939040659     -1.78030947871940      o
   -3.16841271812312     -2.76306313962780     -1.85481181532977      h
   -1.10238103194955      2.59497927996454      1.82168366037553      o
   -0.62282139972493      2.60174822107714      3.63668105277773      h
    2.56031956396556      0.75492563848885     -1.68402348894817      o
    2.20490955262046      1.98554271279656     -2.88490859155910      h
    0.84545385277894     -4.82167407702197      2.58920462413949      h
  0.20241448515135D+00  0.49980525573843D-01  -.12625294035463D+00
  -.10796070594118D-01  0.16402047386180D-01  -.19443739747435D-01
  -.71202359779319D-02  -.15125385540778D-01  0.14046497739311D-01
  0.95543816192171D-02  0.21576232025295D-01  0.16501430270526D-02
  -.10487574390591D-01  -.46674563363620D-02  -.34789226895150D-01
  0.68778031965089D-02  -.53893566231914D-02  0.26850407245530D-01
  -.18212095938735D+00  -.33501754708199D-01  0.95407525761398D-01
  -.10619485604081D-01  -.33429223903031D-01  0.41902133659226D-01
  0.22976562127700D-02  0.41543721075480D-02  0.62920086698142D-03
$end
