$coord
   -0.08789777772028      0.14012848208296      0.01029517104430      ti
    0.89572002196707     -2.79722851495777      2.07563797460678      o
   -2.35428766596454     -0.95349414860429     -2.42470128063822      o
   -2.74479624568468     -2.24208956624127     -3.59526581995188      h
   -1.04741428460690      2.93658276982948      2.36583824161327      o
   -1.53266451360031      4.61592445071930      3.90612749866904      h
    2.73936431389469      0.35827787989191     -2.08462268121640      o
    3.71409283769071     -0.33245570459529     -3.59283474595340      h
    1.03592328179370     -1.46460918679361      3.86967203214877      h
$redundant
     number_of_atoms             9
     degrees_of_freedom         21
     internal_coordinates       21
     frozen_coordinates          0
# definitions of redundant internals
   1 k  1.0000000000000 tors    4    3    1    2 val=  61.16699
        1.0000000000000 tors    4    3    1    5
        1.0000000000000 tors    4    3    1    7
   2 k  1.0000000000000 stre    3    4           val=   1.84438
   3 k  1.0000000000000 bend    1    4    3      val= 131.67662
   4 k  1.0000000000000 tors    6    5    1    2 val=  88.48341
        1.0000000000000 tors    6    5    1    3
        1.0000000000000 tors    6    5    1    7
   5 k  1.0000000000000 stre    5    6           val=   1.51464
   6 k  1.0000000000000 bend    1    6    5      val= 142.87297
   7 k  1.0000000000000 tors    8    7    1    2 val=  60.60753
        1.0000000000000 tors    8    7    1    3
        1.0000000000000 tors    8    7    1    5
   8 k  1.0000000000000 stre    7    8           val=   1.78120
   9 k  1.0000000000000 bend    1    8    7      val= 150.79119
  10 k  1.0000000000000 tors    9    2    1    3 val=  45.49300
        1.0000000000000 tors    9    2    1    5
        1.0000000000000 tors    9    2    1    7
  11 k  1.0000000000000 stre    2    9           val=   1.75986
  12 k  1.0000000000000 bend    1    9    2      val= 113.09573
  13 k  1.0000000000000 stre    1    3           val=   3.33301
  14 k  1.0000000000000 stre    1    2           val=   3.33734
  15 k  1.0000000000000 stre    1    7           val=   3.34967
  16 k  1.0000000000000 stre    1    5           val=   3.42732
  17 k  0.2492743484289 bend    2    3    1      val=   3.07634
        0.5569192977003 bend    7    3    1
        0.4348137245906 bend    7    2    1
       -0.5489196003321 bend    5    3    1
       -0.3403963836186 bend    5    2    1
       -0.1464847922571 bend    5    7    1
  18 k -0.4115281752325 bend    2    3    1      val=   1.05525
       -0.2119814601336 bend    7    3    1
        0.2987214506340 bend    7    2    1
       -0.4829360671093 bend    5    3    1
        0.2377211537855 bend    5    2    1
        0.6377580455066 bend    5    7    1
  19 k  0.4779571563951 bend    2    3    1      val=  15.54498
       -0.3975392841863 bend    7    3    1
        0.3417484112066 bend    7    2    1
       -0.1871734803845 bend    5    3    1
        0.5859924733615 bend    5    2    1
       -0.3439569842606 bend    5    7    1
  20 k  0.5211446595218 bend    2    3    1      val=   3.37767
       -0.4873809864453 bend    7    3    1
        0.1094807954591 bend    7    2    1
        0.0754620897340 bend    5    3    1
       -0.5658998341368 bend    5    2    1
        0.3910816079363 bend    5    7    1
  21 k -0.4069402865749 bend    2    3    1      val=   7.84743
       -0.1637800749660 bend    7    3    1
        0.7203295238767 bend    7    2    1
        0.4210225508150 bend    5    3    1
       -0.2148007964511 bend    5    2    1
       -0.2555419667831 bend    5    7    1
        21 non zero eigenvalues  of BmBt
           1          13.687468516    1    0
         1
           2          11.052980558    2    0
         2
           3           5.432055647    3    0
         3
           4           3.690744510    4    0
         4
           5           3.236490207    5    0
         5
           6           2.641090064    6    0
         6
           7           2.567657546    7    0
         7
           8           2.407376668    8    0
         8
           9           2.186833776    9    0
         9
          10           1.721592970   10    0
        10
          11           1.537590020   11    0
        11
          12           1.385912089   12    0
        12
          13           1.107426194   13    0
        13
          14           0.912933123   14    0
        14
          15           0.469505522   15    0
        15
          16           0.330037905   16    0
        16
          17           0.151066993   17    0
        17
          18           0.128634109   18    0
        18
          19           0.091191151   19    0
        19
          20           0.082454638   20    0
        20
          21           0.072719822   21    0
        21
$user-defined bonds
$end
