$energy      SCF               SCFKIN            SCFPOT
     1 -1152.063639558      1149.15782     -2301.22145     0.1938957048581
     2 -1152.100558796      1148.72324     -2300.82380     0.1918422735165
     3 -1152.076231992      1148.46490     -2300.54113     0.1882112637798
     4 -1152.046300517      1148.30499     -2300.35129     0.1819778477873
     5 -1152.030419459      1148.19420     -2300.22462     0.1728058087866
     6 -1152.024149998      1148.12832     -2300.15247     0.1642977009405
     7 -1152.019060356      1148.11446     -2300.13352     0.1574297104251
     8 -1152.009066819      1148.13774     -2300.14680     0.1518393758174
     9 -1152.000962411      1148.11942     -2300.12038     0.1471710572579
    10 -1152.002185454      1148.00606     -2300.00825     0.1433570255877
    11 -1152.001769903      1147.86433     -2299.86610     0.1408019352618
    12 -1151.997821631      1147.74187     -2299.73969     0.1398552461987
    13 -1151.998620665      1147.65256     -2299.65118     0.1407467958742
    14 -1152.011728239      1147.60413     -2299.61586     0.1417925642795
    15 -1152.039615104      1147.62742     -2299.66704     0.1401509597597
    16 -1152.067414043      1147.79238     -2299.85979     0.1362468348630
    17 -1152.034241749      1148.21620     -2300.25044     0.1311079247420
    18 -1151.973424248      1148.47904     -2300.45246     0.1259587012075
    19 -1152.054575093      1147.91291     -2299.96748     0.1220043393220
    20 -1152.051950003      1147.66154     -2299.71349     0.1198773067499
    21 -1152.009414245      1147.40619     -2299.41561     0.1153877165988
    22 -1151.973529965      1147.29802     -2299.27155     0.1092791064878
    23 -1151.958613589      1147.26242     -2299.22103     0.1022700778748
    24 -1151.959520467      1147.28811     -2299.24763     0.9807311022677E-01
    25 -1151.966809174      1147.38529     -2299.35210     0.9751957038018E-01
    26 -1151.972507630      1147.54959     -2299.52210     0.9868629052733E-01
    27 -1151.988486754      1147.68458     -2299.67307     0.9831826630739E-01
    28 -1152.025642705      1147.73255     -2299.75819     0.9621834503276E-01
    29 -1152.011179466      1147.94776     -2299.95893     0.9343056216056E-01
    30 -1151.935790800      1148.19660     -2300.13239     0.9109925496584E-01
    31 -1152.010881512      1147.70977     -2299.72065     0.9033155952580E-01
    32 -1152.016782435      1147.58298     -2299.59977     0.8992268654722E-01
    33 -1151.988549714      1147.56187     -2299.55042     0.8794223587231E-01
    34 -1151.951479156      1147.70090     -2299.65238     0.8361374630341E-01
    35 -1151.926333727      1147.78275     -2299.70908     0.7639359592830E-01
    36 -1151.929178867      1147.68159     -2299.61077     0.6911890322736E-01
    37 -1151.928559670      1147.56653     -2299.49509     0.6399672735183E-01
    38 -1151.916540034      1147.51130     -2299.42784     0.5937877273338E-01
    39 -1151.906873631      1147.51875     -2299.42563     0.5523254997430E-01
    40 -1151.906820720      1147.56656     -2299.47338     0.5093712721000E-01
    41 -1151.912871953      1147.66479     -2299.57767     0.4617266852902E-01
    42 -1151.915908264      1147.83618     -2299.75209     0.4081324938531E-01
    43 -1151.905328495      1148.06700     -2299.97233     0.3510896491877E-01
    44 -1151.892656334      1148.22916     -2300.12182     0.2894750673453E-01
    45 -1151.900978473      1148.20310     -2300.10408     0.2271867562574E-01
    46 -1151.901008657      1148.15444     -2300.05545     0.1833270280148E-01
    47 -1151.889565523      1148.17468     -2300.06425     0.1647669897217E-01
    48 -1151.893799967      1148.22793     -2300.12173     0.2651167759423E-01
    49 -1151.923312313      1148.31949     -2300.24281     0.5863122927144E-01
    50 -1151.976160440      1148.47857     -2300.45473     0.1064771258703
    51 -1152.017872367      1148.84021     -2300.85809     0.1150836360318
    52 -1151.885583132      1149.66560     -2301.55119     0.1189176240292
    53 -1151.991333981      1149.32436     -2301.31570     0.1263891471437
    54 -1152.024636666      1148.83922     -2300.86386     0.1312309984638
    55 -1151.988548566      1148.46070     -2300.44925     0.1059367207412
    56 -1151.949260673      1148.26618     -2300.21544     0.7098290779636E-01
    57 -1151.929475071      1148.13938     -2300.06886     0.5757387413352E-01
    58 -1151.929340808      1148.05496     -2299.98430     0.5996200531445E-01
    59 -1151.944337484      1148.01770     -2299.96204     0.7459196997702E-01
    60 -1151.971183062      1148.03244     -2300.00362     0.1009602917827
    61 -1152.001573913      1148.11186     -2300.11343     0.1372720504726
    62 -1152.036597003      1148.21845     -2300.25504     0.1640747550740
    63 -1152.087806437      1148.30671     -2300.39452     0.1712483921139
    64 -1152.012962713      1148.76877     -2300.78173     0.1715143478332
    65 -1152.006650721      1148.70515     -2300.71180     0.1668158905153
    66 -1152.074173520      1148.12714     -2300.20131     0.1576629317954
    67 -1152.022181841      1148.03603     -2300.05821     0.1473427867879
    68 -1151.972441632      1148.14359     -2300.11603     0.1312178432998
    69 -1151.940677361      1148.33405     -2300.27473     0.1107459289074
    70 -1151.914542410      1148.58182     -2300.49637     0.9851012307156E-01
    71 -1151.883438209      1148.84085     -2300.72429     0.9548375525812E-01
    72 -1151.878227601      1148.93022     -2300.80845     0.1010048420082
    73 -1151.899369914      1148.84954     -2300.74891     0.1147084185044
    74 -1151.926432456      1148.75910     -2300.68553     0.1276590704561
    75 -1151.968765791      1148.72333     -2300.69210     0.1289720076975
    76 -1152.001614761      1148.86851     -2300.87013     0.1310722982013
    77 -1151.892099891      1149.41117     -2301.30327     0.1362580558458
    78 -1152.015258196      1148.85809     -2300.87335     0.1371737048126
    79 -1152.050373149      1148.40976     -2300.46014     0.1365722471076
    80 -1151.996601365      1148.24966     -2300.24626     0.1361077612753
    81 -1151.963255144      1148.07458     -2300.03783     0.1310163411636
    82 -1151.957339716      1147.80728     -2299.76462     0.1142589239979
    83 -1151.943145856      1147.62653     -2299.56968     0.1040302868423
    84 -1151.930658774      1147.54837     -2299.47903     0.1033730136876
    85 -1151.930619883      1147.54737     -2299.47799     0.1125831224961
    86 -1151.950639761      1147.59581     -2299.54645     0.1318063761706
    87 -1151.992197877      1147.70756     -2299.69976     0.1454246589645
    88 -1152.037352777      1147.97354     -2300.01089     0.1418144919382
    89 -1152.030516259      1148.52723     -2300.55774     0.1355102191777
    90 -1151.882266475      1149.28054     -2301.16281     0.1288319782864
    91 -1152.030782136      1148.60289     -2300.63367     0.1255129446262
    92 -1152.033305052      1148.25922     -2300.29252     0.1246753474278
    93 -1151.969528630      1148.13687     -2300.10640     0.1177607465502
    94 -1151.915870887      1148.17930     -2300.09517     0.7683297535825E-01
    95 -1151.890123568      1148.25787     -2300.14799     0.4489479255476E-01
    96 -1151.887045192      1148.35778     -2300.24482     0.2807270112583E-01
    97 -1151.887775716      1148.53024     -2300.41801     0.2184045855739E-01
    98 -1151.872585779      1148.78091     -2300.65349     0.2246021732352E-01
    99 -1151.872216719      1148.88537     -2300.75759     0.3070175016830E-01
   100 -1151.913082743      1148.72113     -2300.63422     0.5165155989446E-01
   101 -1151.943402929      1148.58303     -2300.52644     0.8901830244975E-01
   102 -1151.966133756      1148.56767     -2300.53380     0.1258882255481
   103 -1151.972891684      1148.71013     -2300.68303     0.1310469237121
   104 -1151.899088756      1149.06287     -2300.96196     0.1287966630041
   105 -1151.940157322      1148.82518     -2300.76534     0.1298923834149
   106 -1152.012114218      1148.34502     -2300.35713     0.1349247185905
   107 -1151.994579921      1148.16542     -2300.16000     0.1398191192920
   108 -1151.965074547      1148.01728     -2299.98235     0.1420779990516
   109 -1151.970509416      1147.68657     -2299.65708     0.1394781769943
   110 -1151.959733493      1147.42408     -2299.38381     0.1306360025325
   111 -1151.934125698      1147.29764     -2299.23177     0.1179627120474
   112 -1151.916702466      1147.24348     -2299.16018     0.1080855599969
   113 -1151.917226770      1147.22376     -2299.14099     0.1035526736478
   114 -1151.929276295      1147.27542     -2299.20469     0.1046294724359
   115 -1151.942662393      1147.44570     -2299.38837     0.1112785387203
   116 -1151.942969802      1147.74647     -2299.68944     0.1209708131071
   117 -1151.933506653      1148.05665     -2299.99016     0.1213211566815
   118 -1151.957144956      1148.15684     -2300.11398     0.1182804312085
   119 -1151.969559251      1148.24554     -2300.21510     0.1151942797085
   120 -1151.951602877      1148.47476     -2300.42636     0.1124936741886
   121 -1151.919203466      1148.78978     -2300.70899     0.1117565565720
   122 -1151.888822777      1149.07963     -2300.96846     0.1142144391152
   123 -1151.903406809      1149.15692     -2301.06033     0.1203584888552
   124 -1151.936613987      1149.12975     -2301.06636     0.1304594791012
   125 -1151.960437297      1149.14154     -2301.10198     0.1443741999235
   126 -1151.966387642      1149.21211     -2301.17849     0.1597529480878
   127 -1151.956509377      1149.28720     -2301.24371     0.1736578026278
   128 -1151.965911218      1149.21543     -2301.18134     0.1822535912785
   129 -1151.973111000      1149.09978     -2301.07289     0.1846025447644
   130 -1151.969174051      1149.04337     -2301.01254     0.1857316044951
   131 -1151.964092346      1149.06864     -2301.03273     0.1894650987559
   132 -1151.961240049      1149.18666     -2301.14790     0.1944872204540
   133 -1151.965672034      1149.36909     -2301.33476     0.1986897418903
   134 -1151.985229973      1149.56586     -2301.55109     0.2064267057326
   135 -1152.011250650      1149.79590     -2301.80715     0.2085664190026
   136 -1152.007246919      1150.13908     -2302.14633     0.2028105033098
   137 -1151.949664922      1150.48367     -2302.43333     0.1946419611476
   138 -1151.961934576      1150.19316     -2302.15509     0.1853866466474
   139 -1152.010380249      1149.48430     -2301.49468     0.1762789461569
   140 -1151.999143504      1148.96024     -2300.95939     0.1665528989814
   141 -1151.976734215      1148.60211     -2300.57885     0.1565019832035
   142 -1151.962554577      1148.34687     -2300.30943     0.1468045308265
   143 -1151.966977971      1148.12477     -2300.09175     0.1378802661464
   144 -1151.987940109      1147.94272     -2299.93066     0.1299009100124
   145 -1152.000039857      1147.90091     -2299.90095     0.1215640587282
   146 -1151.984042066      1147.99733     -2299.98137     0.1122235462874
   147 -1151.968432306      1147.97640     -2299.94483     0.1061601074669
   148 -1151.969760676      1147.67872     -2299.64848     0.1015851151708
   149 -1151.983066272      1147.20453     -2299.18760     0.9687137578734E-01
   150 -1151.963789485      1146.88802     -2298.85180     0.9220080020569E-01
   151 -1151.934865326      1146.74638     -2298.68124     0.8800205365676E-01
   152 -1151.925360855      1146.68010     -2298.60546     0.8448393508363E-01
   153 -1151.941362480      1146.65503     -2298.59640     0.8145152935649E-01
   154 -1151.961845421      1146.74924     -2298.71109     0.7855865761843E-01
   155 -1151.960225814      1147.00884     -2298.96907     0.7564918670581E-01
   156 -1151.946397246      1147.25328     -2299.19967     0.7323675992976E-01
   157 -1151.938964130      1147.26586     -2299.20482     0.7160377399995E-01
   158 -1151.961663153      1146.98162     -2298.94329     0.7023435207295E-01
   159 -1151.963907156      1146.74585     -2298.70976     0.6955784895638E-01
   160 -1151.941626838      1146.71292     -2298.65455     0.6993730610861E-01
   161 -1151.931785248      1146.78251     -2298.71429     0.7123299391081E-01
   162 -1151.948379839      1146.89166     -2298.84004     0.7321025803075E-01
   163 -1151.975686981      1147.10457     -2299.08026     0.7573533581778E-01
   164 -1151.990820895      1147.49205     -2299.48287     0.7899154230705E-01
   165 -1151.979276734      1147.99591     -2299.97518     0.8383221818717E-01
   166 -1151.967728707      1148.35278     -2300.32051     0.9130226153255E-01
   167 -1151.990281586      1148.36322     -2300.35350     0.1001130131186
   168 -1152.005130067      1148.28812     -2300.29325     0.1081479645085
   169 -1151.977949651      1148.40725     -2300.38520     0.1142945843696
   170 -1151.952861608      1148.61730     -2300.57016     0.1203848314050
   171 -1151.949924547      1148.83820     -2300.78813     0.1285086639308
   172 -1151.960192162      1149.10623     -2301.06643     0.1376838530101
   173 -1151.977583925      1149.44223     -2301.41981     0.1453524904720
   174 -1151.987834004      1149.84024     -2301.82807     0.1528644247837
   175 -1151.976359761      1150.21107     -2302.18743     0.1624964200862
   176 -1151.983849814      1150.24056     -2302.22441     0.1722493315522
   177 -1152.024296121      1149.86437     -2301.88867     0.1787985628691
   178 -1152.027081249      1149.50085     -2301.52793     0.1831478796319
   179 -1152.017458394      1149.21446     -2301.23192     0.1858726991630
   180 -1152.016895320      1149.00643     -2301.02333     0.1873528330363
   181 -1152.025714780      1148.90526     -2300.93097     0.1910666627087
   182 -1152.044311522      1148.91273     -2300.95704     0.1995610266628
   183 -1152.058696770      1149.04568     -2301.10438     0.2034905949048
   184 -1152.044692952      1149.28418     -2301.32887     0.1959205872337
   185 -1152.025096903      1149.39831     -2301.42341     0.1852631897985
   186 -1152.016319708      1149.24850     -2301.26482     0.1756156788443
   187 -1152.013049990      1148.93394     -2300.94699     0.1670341045435
   188 -1151.984532244      1148.70843     -2300.69297     0.1579649457407
   189 -1151.953552291      1148.59394     -2300.54749     0.1409255936848
   190 -1151.934534598      1148.57215     -2300.50669     0.1233958053158
   191 -1151.933578193      1148.61094     -2300.54451     0.1165091598946
   192 -1151.941553582      1148.70635     -2300.64791     0.1196244911542
   193 -1151.941169694      1148.83220     -2300.77337     0.1217308385574
   194 -1151.960687952      1148.79450     -2300.75518     0.1149440841962
   195 -1151.951974228      1148.69828     -2300.65025     0.1096967851269
   196 -1151.949258978      1148.40279     -2300.35204     0.1061182337876
   197 -1151.970268210      1147.90655     -2299.87682     0.1037651138948
   198 -1151.966067341      1147.53464     -2299.50071     0.1019638979083
   199 -1151.956875998      1147.32717     -2299.28404     0.1005598478843
   200 -1151.958900030      1147.25355     -2299.21245     0.9948811189782E-01
   201 -1151.970780943      1147.28964     -2299.26042     0.9874129973075E-01
   202 -1151.974755422      1147.42607     -2299.40083     0.9839934639312E-01
   203 -1151.990121854      1147.49871     -2299.48884     0.9870788881370E-01
   204 -1151.997503808      1147.52043     -2299.51793     0.9941630170501E-01
   205 -1151.960951247      1147.56472     -2299.52567     0.1002010948079
   206 -1151.971757981      1147.29930     -2299.27106     0.1015869284969
   207 -1151.974024080      1147.04100     -2299.01502     0.1034952944320
   208 -1151.957007014      1146.97162     -2298.92863     0.1059708814476
   209 -1151.947511075      1147.04729     -2298.99481     0.1086069706334
   210 -1151.955322139      1147.20848     -2299.16380     0.1081101504513
   211 -1151.965070477      1147.46452     -2299.42959     0.1041734373363
   212 -1151.963601127      1147.78102     -2299.74462     0.9996946337976E-01
   213 -1151.976951781      1147.98684     -2299.96379     0.9750368191030E-01
   214 -1151.957162760      1148.17663     -2300.13379     0.9722663267543E-01
   215 -1151.950354850      1148.14563     -2300.09598     0.9818294688169E-01
   216 -1151.969035643      1147.91353     -2299.88256     0.9975884110463E-01
   217 -1151.953320485      1147.85563     -2299.80895     0.1002076475626
   218 -1151.933229321      1147.94612     -2299.87935     0.9947174543913E-01
   219 -1151.932734646      1148.08912     -2300.02185     0.1001323403311
   220 -1151.951270917      1148.27675     -2300.22802     0.1008224488417
   221 -1151.969462314      1148.57941     -2300.54887     0.9937402690360E-01
   222 -1151.964880521      1149.02442     -2300.98930     0.9734641697537E-01
   223 -1151.940082156      1149.45202     -2301.39210     0.9814793761520E-01
   224 -1151.933103042      1149.54701     -2301.48011     0.1019085988118
   225 -1151.967436174      1149.23445     -2301.20188     0.1052033612291
   226 -1151.953495400      1149.01985     -2300.97335     0.1066541822571
   227 -1151.919026086      1148.93701     -2300.85603     0.1069342799458
   228 -1151.905506073      1148.86919     -2300.77470     0.1073070477856
   229 -1151.919067384      1148.80031     -2300.71938     0.1087912289514
   230 -1151.949955682      1148.78653     -2300.73649     0.1112278256328
   231 -1151.984918109      1148.87629     -2300.86120     0.1139393367707
   232 -1151.994256705      1149.09573     -2301.08999     0.1176814087404
   233 -1151.967918983      1149.26400     -2301.23192     0.1236873648393
   234 -1152.017376214      1148.83718     -2300.85456     0.1312369995412
   235 -1152.047952843      1148.27466     -2300.32261     0.1380163363690
   236 -1152.025823357      1147.92316     -2299.94899     0.1435549738229
   237 -1152.005887406      1147.72264     -2299.72852     0.1475601436475
   238 -1152.003903845      1147.64641     -2299.65032     0.1522616872054
   239 -1152.016500664      1147.71800     -2299.73450     0.1562972997331
   240 -1152.038278140      1147.94496     -2299.98324     0.1570614883570
   241 -1152.050310396      1148.33366     -2300.38397     0.1472319549316
   242 -1152.011838546      1148.85596     -2300.86779     0.1371920158155
   243 -1151.986795010      1149.05692     -2301.04372     0.1288837024700
   244 -1152.013627902      1148.78495     -2300.79858     0.1233078500013
   245 -1151.984089382      1148.62868     -2300.61277     0.1195475580891
   246 -1151.938275843      1148.61350     -2300.55178     0.1143282034804
   247 -1151.908431475      1148.67504     -2300.58347     0.9956711547304E-01
   248 -1151.899785813      1148.78257     -2300.68235     0.9409114506971E-01
   249 -1151.913117163      1148.90020     -2300.81332     0.1002772109614
   250 -1151.942449587      1149.00868     -2300.95113     0.1041334453079
   251 -1151.955906316      1149.15080     -2301.10671     0.1000750332386
   252 -1151.956292832      1149.19615     -2301.15244     0.9728860582911E-01
   253 -1151.961822161      1148.98844     -2300.95026     0.9642694243705E-01
   254 -1151.972964174      1148.57344     -2300.54640     0.9706708621041E-01
   255 -1151.983006759      1148.11595     -2300.09896     0.9847612545872E-01
   256 -1151.976763233      1147.80247     -2299.77923     0.1001791241176
   257 -1151.967779839      1147.64888     -2299.61666     0.1020810793302
   258 -1151.968086421      1147.60905     -2299.57713     0.1037904617527
   259 -1151.982688790      1147.63843     -2299.62112     0.1049627892166
   260 -1151.990342136      1147.77357     -2299.76391     0.1058503158030
   261 -1151.982611586      1147.95202     -2299.93464     0.1072217054568
   262 -1152.003427384      1147.93864     -2299.94206     0.1097719971162
   263 -1151.991048905      1147.91950     -2299.91055     0.1126382476660
   264 -1151.977622890      1147.78073     -2299.75835     0.1117039714358
   265 -1151.985405375      1147.50621     -2299.49161     0.1051883933886
   266 -1151.970414155      1147.38579     -2299.35620     0.9810769512345E-01
   267 -1151.954878043      1147.40797     -2299.36284     0.9148806167803E-01
   268 -1151.957967970      1147.49535     -2299.45332     0.8519871524800E-01
   269 -1151.967048146      1147.66652     -2299.63357     0.7905388738619E-01
   270 -1151.955253298      1147.95167     -2299.90692     0.7320181353255E-01
   271 -1151.963232218      1148.10855     -2300.07178     0.6840483340013E-01
   272 -1151.983468562      1148.12896     -2300.11243     0.6510411981879E-01
   273 -1151.951951411      1148.25167     -2300.20363     0.6260410939588E-01
   274 -1151.946038586      1148.20212     -2300.14815     0.6013814022685E-01
   275 -1151.950429718      1148.09155     -2300.04198     0.5801294427654E-01
   276 -1151.931401522      1148.14400     -2300.07540     0.5619081158988E-01
   277 -1151.920107812      1148.28476     -2300.20487     0.5416353226127E-01
   278 -1151.924248771      1148.47782     -2300.40207     0.5189066978025E-01
   279 -1151.922723615      1148.77827     -2300.70100     0.4983187052330E-01
   280 -1151.904611091      1149.13773     -2301.04234     0.4894977827205E-01
   281 -1151.921278383      1149.26793     -2301.18921     0.5056191791614E-01
   282 -1151.929365520      1149.28266     -2301.21203     0.5489198792336E-01
   283 -1151.910505071      1149.25248     -2301.16299     0.6052239954064E-01
   284 -1151.929449217      1148.97111     -2300.90056     0.6533711309553E-01
   285 -1151.928722205      1148.73861     -2300.66733     0.6894131031531E-01
   286 -1151.926748455      1148.56464     -2300.49139     0.7208073001337E-01
   287 -1151.939584945      1148.44392     -2300.38351     0.7499037504915E-01
   288 -1151.957725932      1148.43020     -2300.38792     0.7798777867105E-01
   289 -1151.963931181      1148.55295     -2300.51688     0.8145654499700E-01
   290 -1151.965230415      1148.66886     -2300.63409     0.8613739151216E-01
   291 -1152.004353895      1148.55066     -2300.55501     0.9260555401894E-01
   292 -1151.997754005      1148.50267     -2300.50043     0.9981619084339E-01
   293 -1151.973153960      1148.42649     -2300.39964     0.1060761438752
   294 -1151.979955790      1148.15560     -2300.13555     0.1104661657733
   295 -1151.976204771      1147.93228     -2299.90848     0.1143841896636
   296 -1151.974819051      1147.80352     -2299.77834     0.1185305791128
   297 -1151.981272053      1147.79455     -2299.77582     0.1231517123490
   298 -1151.989378426      1147.91489     -2299.90427     0.1290963440607
   299 -1151.984426839      1148.13214     -2300.11656     0.1368092349012
   300 -1151.997942878      1148.21914     -2300.21709     0.1411999532739
   301 -1152.030081503      1148.16482     -2300.19490     0.1410700382558
   302 -1152.012168441      1148.26909     -2300.28126     0.1411383932086
   303 -1151.990431212      1148.34374     -2300.33417     0.1415155979133
   304 -1151.999469146      1148.23301     -2300.23248     0.1420165849153
   305 -1151.994635890      1148.17764     -2300.17228     0.1426019288997
   306 -1151.977512593      1148.26979     -2300.24730     0.1416975179862
   307 -1151.962764062      1148.47744     -2300.44021     0.1330968733568
   308 -1151.949943366      1148.76491     -2300.71486     0.1248091771407
   309 -1151.924705114      1149.09018     -2301.01488     0.1286781197006
   310 -1151.939579243      1149.17842     -2301.11800     0.1455906972082
   311 -1151.975495800      1149.10666     -2301.08215     0.1616164106473
   312 -1151.965172815      1149.15704     -2301.12221     0.1627225546632
   313 -1151.946242037      1149.10735     -2301.05359     0.1640037718392
   314 -1151.987182801      1148.67817     -2300.66535     0.1662170191097
   315 -1152.000617945      1148.30309     -2300.30371     0.1683543316578
   316 -1152.000593131      1148.05650     -2300.05709     0.1682502851247
   317 -1152.010595170      1147.91583     -2299.92643     0.1655693905831
   318 -1152.016791413      1147.92088     -2299.93768     0.1684376582309
   319 -1152.008286472      1148.02545     -2300.03373     0.1687840634333
   320 -1152.043444113      1147.94178     -2299.98523     0.1638063109358
   321 -1152.064968078      1147.88845     -2299.95341     0.1572824648487
   322 -1152.031189054      1148.03362     -2300.06481     0.1498245745228
   323 -1152.009446077      1148.05168     -2300.06112     0.1418081324698
   324 -1152.016594717      1147.87341     -2299.89000     0.1339762393026
   325 -1151.998442979      1147.81346     -2299.81190     0.1278301126531
   326 -1151.985217952      1147.86015     -2299.84536     0.1233172486493
   327 -1151.984103441      1148.01151     -2299.99562     0.1194846574698
   328 -1151.969829752      1148.31598     -2300.28581     0.1161167357411
   329 -1151.951947176      1148.60244     -2300.55439     0.1138771185445
   330 -1151.988593153      1148.57963     -2300.56822     0.1130926461653
   331 -1152.008929809      1148.55866     -2300.56759     0.1125699237272
   332 -1151.989856075      1148.70065     -2300.69050     0.1114816278725
   333 -1151.954088119      1148.84053     -2300.79462     0.1090969345110
   334 -1151.965476796      1148.68894     -2300.65442     0.1055664987385
   335 -1151.975983018      1148.51132     -2300.48730     0.1023001857814
   336 -1151.979911331      1148.45824     -2300.43815     0.9965854322941E-01
   337 -1151.971710220      1148.58665     -2300.55836     0.9724979537648E-01
   338 -1151.934091262      1148.84422     -2300.77831     0.9500015453603E-01
   339 -1151.942879506      1148.81710     -2300.75998     0.9385429366555E-01
   340 -1151.978568084      1148.58161     -2300.56018     0.9394086422007E-01
   341 -1151.983623069      1148.48755     -2300.47118     0.9482625109416E-01
   342 -1151.956353042      1148.60087     -2300.55722     0.9660861366581E-01
   343 -1151.915749865      1148.72089     -2300.63664     0.9892232723484E-01
   344 -1151.959185792      1148.41027     -2300.36946     0.1007480624376
   345 -1151.993645863      1148.09392     -2300.08757     0.1021262334665
   346 -1151.997590856      1147.98052     -2299.97812     0.1038638858491
   347 -1151.969438784      1148.06968     -2300.03911     0.1063062404520
   348 -1151.945704376      1148.07090     -2300.01660     0.1100445545631
   349 -1151.985840192      1147.71444     -2299.70028     0.1152477714917
   350 -1152.003221366      1147.43371     -2299.43693     0.1207240510729
   351 -1152.004484730      1147.33498     -2299.33946     0.1250072467286
   352 -1152.005207733      1147.38422     -2299.38943     0.1273200782305
   353 -1151.992757329      1147.53112     -2299.52387     0.1292877517805
   354 -1152.005398131      1147.51517     -2299.52057     0.1305872856065
   355 -1152.042858431      1147.34715     -2299.39001     0.1316834176368
   356 -1152.038861313      1147.38052     -2299.41938     0.1331045289885
   357 -1151.998713787      1147.58656     -2299.58527     0.1342468925819
   358 -1151.985649738      1147.61665     -2299.60230     0.1345450825365
   359 -1152.008742531      1147.43980     -2299.44854     0.1336356490277
   360 -1152.005030256      1147.41316     -2299.41819     0.1323691828527
   361 -1152.002431252      1147.53203     -2299.53446     0.1305775654444
   362 -1152.008322207      1147.77660     -2299.78493     0.1278051866138
   363 -1151.989517785      1148.19568     -2300.18520     0.1250609009497
   364 -1151.974803944      1148.54443     -2300.51923     0.1237806424085
   365 -1152.004315155      1148.62629     -2300.63060     0.1247395913298
   366 -1151.995560390      1148.79873     -2300.79429     0.1266673738009
   367 -1151.945410216      1149.09583     -2301.04124     0.1244793522077
   368 -1151.926482319      1149.16112     -2301.08760     0.1149246544374
   369 -1151.947337683      1148.96917     -2300.91651     0.1146936626159
   370 -1151.956059400      1148.83072     -2300.78678     0.1265625546999
   371 -1151.972428867      1148.77278     -2300.74520     0.1344616473328
   372 -1151.986014306      1148.85458     -2300.84059     0.1369266160118
   373 -1151.967169239      1149.09359     -2301.06076     0.1393720052651
   374 -1151.973876306      1149.13198     -2301.10585     0.1440916405874
   375 -1152.013658399      1148.93107     -2300.94473     0.1510189028752
   376 -1152.014589813      1148.88376     -2300.89835     0.1584786804326
   377 -1151.970670895      1149.04325     -2301.01392     0.1649397791100
   378 -1151.950306850      1149.05484     -2301.00514     0.1658714438418
   379 -1151.970238285      1148.82433     -2300.79457     0.1586148681525
   380 -1151.970112388      1148.68110     -2300.65121     0.1539846298613
   381 -1151.967179295      1148.66781     -2300.63499     0.1497217501353
   382 -1151.966028508      1148.78691     -2300.75294     0.1443049732995
   383 -1151.950527816      1149.03711     -2300.98763     0.1394842563317
   384 -1151.918835532      1149.27141     -2301.19024     0.1371957867415
   385 -1151.968695731      1149.06894     -2301.03763     0.1352098607775
   386 -1152.001433252      1148.87349     -2300.87493     0.1326679049229
   387 -1151.972517092      1148.93500     -2300.90751     0.1295011920543
   388 -1151.935367848      1148.94818     -2300.88355     0.1263662356320
   389 -1151.959553332      1148.59944     -2300.55899     0.1247782697468
   390 -1151.960790580      1148.31246     -2300.27325     0.1238685892632
   391 -1151.948345731      1148.16509     -2300.11343     0.1195491003739
   392 -1151.948681287      1148.09732     -2300.04600     0.1122521445217
   393 -1151.963013627      1148.08215     -2300.04516     0.1102589417381
   394 -1151.956174350      1148.17326     -2300.12943     0.1148526686298
   395 -1151.977071525      1148.08249     -2300.05956     0.1171360597314
   396 -1152.018091571      1147.82850     -2299.84659     0.1149658268978
   397 -1151.984772176      1147.79925     -2299.78402     0.1123726654218
   398 -1151.958986823      1147.64958     -2299.60857     0.1118411254231
   399 -1151.972416104      1147.27018     -2299.24259     0.1130936120113
   400 -1151.952868680      1147.04132     -2298.99419     0.1108579644499
   401 -1151.936864034      1146.91048     -2298.84734     0.1079976425771
   402 -1151.948208641      1146.82238     -2298.77058     0.1064297291471
   403 -1151.971267050      1146.85554     -2298.82681     0.1078967601269
   404 -1151.965945070      1147.11550     -2299.08144     0.1115510378431
   405 -1151.957665205      1147.33976     -2299.29743     0.1145489536958
   406 -1152.017453170      1147.19633     -2299.21378     0.1166021607422
   407 -1152.005972627      1147.22839     -2299.23437     0.1195916611716
   408 -1151.973554008      1147.26280     -2299.23635     0.1246404061016
   409 -1151.980727354      1147.06366     -2299.04439     0.1313628643568
   410 -1151.976838816      1146.91164     -2298.88848     0.1389848532045
   411 -1151.980249279      1146.854984741     -2298.835234020
$end
