$coord
    0.05458899671558     -0.15735221693998      0.16516384383600      ti
    1.52442976333633     -2.42620079011831      2.24366144482335      o
   -2.55663362724084     -0.53996958978428     -2.65075006502257      o
   -3.16749659605342      0.72556118120550     -2.22995105898145      h
   -1.00416392097585      2.54929108730067      2.15145032994688      o
   -0.38981867679257      4.26499028173563      1.97121584341942      h
    1.97237759973091      0.71748161434304     -2.09582907230079      o
   -1.20330396918340      0.74775535266162     -3.78677724566839      h
    3.18219254958709     -3.03216100011811      1.77552752409549      h
$redundant
     number_of_atoms             9
     degrees_of_freedom         21
     internal_coordinates       21
     frozen_coordinates          0
# definitions of redundant internals
   1 k  1.0000000000000 tors    4    3    1    2 val= 107.56526
        1.0000000000000 tors    4    3    1    5
        1.0000000000000 tors    4    3    1    7
   2 k  1.0000000000000 stre    3    4           val=   2.03148
   3 k  1.0000000000000 bend    1    4    3      val= 112.67846
   4 k  1.0000000000000 tors    6    5    1    2 val=  53.71240
        1.0000000000000 tors    6    5    1    3
        1.0000000000000 tors    6    5    1    7
   5 k  1.0000000000000 stre    5    6           val=   1.89486
   6 k  1.0000000000000 bend    1    6    5      val= 112.18014
   7 k  1.0000000000000 tors    8    7    1    2 val= 103.52915
        1.0000000000000 tors    8    7    1    3
        1.0000000000000 tors    8    7    1    5
   8 k  1.0000000000000 stre    7    8           val=   1.85224
   9 k  1.0000000000000 bend    1    8    7      val= 135.07738
  10 k  1.0000000000000 tors    9    2    1    3 val=  86.08163
        1.0000000000000 tors    9    2    1    5
        1.0000000000000 tors    9    2    1    7
  11 k  1.0000000000000 stre    2    9           val=   1.79087
  12 k  1.0000000000000 bend    1    9    2      val= 118.76838
  13 k  1.0000000000000 stre    1    7           val=   3.48374
  14 k  1.0000000000000 stre    1    2           val=   3.48395
  15 k  1.0000000000000 stre    1    5           val=   3.56695
  16 k  1.0000000000000 stre    1    3           val=   3.61082
  17 k -0.5387882863297 bend    2    7    1      val=   2.35840
       -0.3494041460160 bend    5    7    1
        0.3472170157226 bend    5    2    1
       -0.2383284945623 bend    3    7    1
        0.4131859552522 bend    3    2    1
        0.4894294273084 bend    3    5    1
  18 k -0.5083035628618 bend    2    7    1      val=   0.58397
        0.5895948001879 bend    5    7    1
       -0.0942205063503 bend    5    2    1
        0.1240122334376 bend    3    7    1
       -0.4702174959381 bend    3    2    1
        0.3855443271894 bend    3    5    1
  19 k -0.1599368282169 bend    2    7    1      val=   1.87441
       -0.2602595033532 bend    5    7    1
       -0.6099398449512 bend    5    2    1
        0.6587122464798 bend    3    7    1
        0.2739563908467 bend    3    2    1
        0.1603267279245 bend    3    5    1
  20 k  0.2371675001146 bend    2    7    1      val=   7.75252
        0.3035530232932 bend    5    7    1
       -0.5636080561741 bend    5    2    1
       -0.5636642861289 bend    3    7    1
        0.3445589902739 bend    3    2    1
        0.3122735543058 bend    3    5    1
  21 k  0.4235152682833 bend    2    7    1      val=   1.09031
       -0.4390785633519 bend    5    7    1
       -0.0233134607101 bend    5    2    1
       -0.0215679836852 bend    3    7    1
       -0.5195472005856 bend    3    2    1
        0.5974168090444 bend    3    5    1
        21 non zero eigenvalues  of BmBt
           1           6.029876018    1    0
         1
           2           3.639499584    2    0
         2
           3           3.156993389    3    0
         3
           4           3.099588654    4    0
         4
           5           2.719662860    5    0
         5
           6           2.476583037    6    0
         6
           7           2.281780111    7    0
         7
           8           2.186159650    8    0
         8
           9           2.022123786    9    0
         9
          10           1.841138325   10    0
        10
          11           1.794839761   11    0
        11
          12           1.304897091   12    0
        12
          13           0.768341381   13    0
        13
          14           0.672880599   14    0
        14
          15           0.542271696   15    0
        15
          16           0.275047927   16    0
        16
          17           0.137075308   17    0
        17
          18           0.115345033   18    0
        18
          19           0.085005701   19    0
        19
          20           0.080141006   20    0
        20
          21           0.075840384   21    0
        21
$user-defined bonds
$end
