$energy      SCF               SCFKIN            SCFPOT
     1 -1152.086954049      1147.79518     -2299.88213     0.1673028835696
     2 -1152.091331175      1147.76842     -2299.85975     0.1678836350389
     3 -1152.093992147      1147.83386     -2299.92785     0.1683756439563
     4 -1152.091112992      1147.97360     -2300.06471     0.1687161612254
     5 -1152.086924287      1148.09829     -2300.18521     0.1687321040991
     6 -1152.092638554      1148.10563     -2300.19827     0.1682216584437
     7 -1152.096029880      1148.03608     -2300.13211     0.1672103590826
     8 -1152.088958784      1147.95173     -2300.04069     0.1658828617698
     9 -1152.083369478      1147.84776     -2299.93113     0.1645447199043
    10 -1152.084195249      1147.75202     -2299.83622     0.1633329587357
    11 -1152.086971980      1147.72348     -2299.81045     0.1621616415414
    12 -1152.089196261      1147.78723     -2299.87643     0.1609033613945
    13 -1152.086675891      1147.92710     -2300.01378     0.1594525716529
    14 -1152.081025193      1148.06262     -2300.14364     0.1575195157884
    15 -1152.084577866      1148.08104     -2300.16561     0.1547567319709
    16 -1152.087591711      1148.00699     -2300.09458     0.1513044895290
    17 -1152.080071474      1147.91327     -2299.99334     0.1474519722583
    18 -1152.073535117      1147.80645     -2299.87998     0.1436406643232
    19 -1152.071705852      1147.72616     -2299.79786     0.1400605158030
    20 -1152.071806960      1147.72461     -2299.79642     0.1365651900603
    21 -1152.072664661      1147.81808     -2299.89074     0.1329987614753
    22 -1152.069483365      1147.98731     -2300.05679     0.1292434916623
    23 -1152.061138286      1148.15641     -2300.21755     0.1250760893098
    24 -1152.059829686      1148.20504     -2300.26487     0.1203117909502
    25 -1152.059224134      1148.13933     -2300.19856     0.1153175308878
    26 -1152.050487161      1148.03517     -2300.08565     0.1105265076439
    27 -1152.042357054      1147.92408     -2299.96644     0.1060881683615
    28 -1152.036562862      1147.86157     -2299.89814     0.1019017501271
    29 -1152.033639162      1147.88364     -2299.91728     0.9771725719633E-01
    30 -1152.033281231      1147.99193     -2300.02521     0.9342211020698E-01
    31 -1152.029568970      1148.16264     -2300.19221     0.8896218207440E-01
    32 -1152.019968534      1148.32089     -2300.34086     0.8425863840095E-01
    33 -1152.016951530      1148.34344     -2300.36039     0.7929143161528E-01
    34 -1152.016325951      1148.23271     -2300.24903     0.7448369148278E-01
    35 -1152.009886934      1148.07470     -2300.08459     0.7007245579422E-01
    36 -1152.002205940      1147.93071     -2299.93292     0.6604682850968E-01
    37 -1151.996148192      1147.85540     -2299.85155     0.6225916051014E-01
    38 -1151.994825551      1147.86698     -2299.86181     0.5858219368023E-01
    39 -1151.997129680      1147.95889     -2299.95602     0.5506890816361E-01
    40 -1151.995837566      1148.10618     -2300.10202     0.5184787287607E-01
    41 -1151.988301575      1148.23313     -2300.22143     0.4895703220378E-01
    42 -1151.987667870      1148.21863     -2300.20630     0.4643007878662E-01
    43 -1151.989356445      1148.07765     -2300.06700     0.4449656201087E-01
    44 -1151.985415430      1147.90531     -2299.89073     0.4321482291438E-01
    45 -1151.979419160      1147.77073     -2299.75015     0.4246793551583E-01
    46 -1151.975538118      1147.71859     -2299.69413     0.4197856804916E-01
    47 -1151.976964848      1147.75718     -2299.73414     0.4161624843384E-01
    48 -1151.981538630      1147.87428     -2299.85582     0.4148036122602E-01
    49 -1151.981569339      1148.04060     -2300.02217     0.4178459399801E-01
    50 -1151.974909620      1148.17644     -2300.15134     0.4252054947666E-01
    51 -1151.975649592      1148.16023     -2300.13588     0.4345003673027E-01
    52 -1151.979131030      1148.01511     -2299.99424     0.4437192451348E-01
    53 -1151.976875416      1147.84687     -2299.82375     0.4527891088662E-01
    54 -1151.971477982      1147.73093     -2299.70241     0.4603835889659E-01
    55 -1151.968205374      1147.70216     -2299.67036     0.4643212630085E-01
    56 -1151.970354337      1147.75832     -2299.72867     0.4645512418374E-01
    57 -1151.975619598      1147.87925     -2299.85487     0.4630231434201E-01
    58 -1151.976053652      1148.03637     -2300.01242     0.4635923210417E-01
    59 -1151.968652311      1148.15660     -2300.12525     0.4669802885363E-01
    60 -1151.969600122      1148.11651     -2300.08611     0.4703710296764E-01
    61 -1151.975714506      1147.94455     -2299.92026     0.4735824780562E-01
    62 -1151.974848036      1147.76869     -2299.74354     0.4770509280666E-01
    63 -1151.968968579      1147.66746     -2299.63643     0.4787578734357E-01
    64 -1151.965371882      1147.66124     -2299.62661     0.4773048748763E-01
    65 -1151.967958337      1147.73326     -2299.70122     0.4731097033759E-01
    66 -1151.974562431      1147.85791     -2299.83247     0.4685307804598E-01
    67 -1151.975687743      1148.01742     -2299.99311     0.4657967414710E-01
    68 -1151.965834593      1148.15303     -2300.11887     0.4655494572571E-01
    69 -1151.965667580      1148.12402     -2300.08969     0.4664619703283E-01
    70 -1151.974414887      1147.95149     -2299.92591     0.4679660697197E-01
    71 -1151.973481647      1147.79617     -2299.76965     0.4701664797339E-01
    72 -1151.965594120      1147.73044     -2299.69604     0.4718182748220E-01
    73 -1151.960724899      1147.75678     -2299.71750     0.4713137837419E-01
    74 -1151.963875807      1147.84407     -2299.80795     0.4690092520053E-01
    75 -1151.972495559      1147.96771     -2299.94020     0.4668664546763E-01
    76 -1151.974625216      1148.12942     -2300.10405     0.4669418760724E-01
    77 -1151.962752711      1148.27886     -2300.24162     0.4694157907690E-01
    78 -1151.962835387      1148.25076     -2300.21359     0.4721689681071E-01
    79 -1151.975394288      1148.06314     -2300.03853     0.4743573784153E-01
    80 -1151.975066055      1147.90960     -2299.88467     0.4769828001602E-01
    81 -1151.966223831      1147.84836     -2299.81458     0.4797293873508E-01
    82 -1151.961476997      1147.86663     -2299.82811     0.4815170428974E-01
    83 -1151.966737514      1147.92686     -2299.89359     0.4829829951950E-01
    84 -1151.977959059      1148.01766     -2299.99562     0.4852718462923E-01
    85 -1151.981330505      1148.15942     -2300.14075     0.4894983408102E-01
    86 -1151.968975755      1148.30541     -2300.27439     0.4957844927509E-01
    87 -1151.968721762      1148.27848     -2300.24720     0.5020201765267E-01
    88 -1151.983300338      1148.08357     -2300.06687     0.5065258348387E-01
    89 -1151.982783779      1147.93053     -2299.91331     0.5111034455228E-01
    90 -1151.972383540      1147.87094     -2299.84332     0.5165384233813E-01
    91 -1151.966906912      1147.87942     -2299.84633     0.5222526244588E-01
    92 -1151.972638798      1147.91933     -2299.89197     0.5280831302897E-01
    93 -1151.983971052      1147.99353     -2299.97750     0.5341545574660E-01
    94 -1151.987294286      1148.12827     -2300.11557     0.5414635415636E-01
    95 -1151.975474575      1148.27723     -2300.25271     0.5504648528631E-01
    96 -1151.973218642      1148.26856     -2300.24178     0.5591753510205E-01
    97 -1151.988833619      1148.07776     -2300.06659     0.5656876898140E-01
    98 -1151.989444381      1147.92423     -2299.91367     0.5717606637621E-01
    99 -1151.978853398      1147.85699     -2299.83585     0.5787970965450E-01
   100 -1151.973587288      1147.84793     -2299.82152     0.5858261779286E-01
   101 -1151.979749486      1147.86481     -2299.84456     0.5921572650653E-01
   102 -1151.990730202      1147.91993     -2299.91066     0.5977847582831E-01
   103 -1151.995217607      1148.03478     -2300.03000     0.6038788098201E-01
   104 -1151.986821874      1148.16759     -2300.15441     0.6110469423107E-01
   105 -1151.982261230      1148.17660     -2300.15886     0.6180596322249E-01
   106 -1151.998123630      1147.99677     -2299.99490     0.6236357246291E-01
   107 -1152.000697898      1147.84021     -2299.84090     0.6291538976387E-01
   108 -1151.990532161      1147.76764     -2299.75817     0.6370142095785E-01
   109 -1151.985216435      1147.74935     -2299.73457     0.6459833262175E-01
   110 -1151.990392115      1147.75841     -2299.74881     0.6541318510984E-01
   111 -1151.999798541      1147.80883     -2299.80862     0.6609481804510E-01
   112 -1152.005599266      1147.91044     -2299.91604     0.6684413056758E-01
   113 -1152.001166958      1148.03406     -2300.03523     0.6785512021352E-01
   114 -1151.993351791      1148.07689     -2300.07024     0.6896226147274E-01
   115 -1152.008041365      1147.92788     -2299.93592     0.6994362933296E-01
   116 -1152.012604935      1147.77989     -2299.79249     0.7115572940858E-01
   117 -1152.003250640      1147.71235     -2299.71560     0.7291045909949E-01
   118 -1151.998255172      1147.69494     -2299.69319     0.7489926419698E-01
   119 -1152.002870891      1147.70531     -2299.70818     0.7686104598182E-01
   120 -1152.011958636      1147.75420     -2299.76616     0.7878696027621E-01
   121 -1152.021142675      1147.84201     -2299.86315     0.8097534793334E-01
   122 -1152.021290610      1147.96008     -2299.98137     0.8366864574280E-01
   123 -1152.011902612      1148.03619     -2300.04809     0.8664897084563E-01
   124 -1152.027142180      1147.91629     -2299.94344     0.8941620855126E-01
   125 -1152.034179715      1147.77912     -2299.81330     0.9204245251071E-01
   126 -1152.026280324      1147.71857     -2299.74485     0.9531613349129E-01
   127 -1152.021795578      1147.70861     -2299.73040     0.9874259538002E-01
   128 -1152.025489783      1147.72944     -2299.75493     0.1019738302933
   129 -1152.034405695      1147.78284     -2299.81724     0.1050471360218
   130 -1152.046890656      1147.86496     -2299.91185     0.1083357548308
   131 -1152.048623904      1147.99679     -2300.04541     0.1119761922100
   132 -1152.034940959      1148.12090     -2300.15584     0.1155686375248
   133 -1152.049684624      1148.03320     -2300.08289     0.1184181150710
   134 -1152.057564258      1147.90926     -2299.96683     0.1203425570322
   135 -1152.048522795      1147.85631     -2299.90483     0.1223265737730
   136 -1152.040889117      1147.85557     -2299.89646     0.1241059272132
   137 -1152.040404199      1147.88039     -2299.92080     0.1254632637569
   138 -1152.047979516      1147.91742     -2299.96540     0.1264469821722
   139 -1152.061742054      1147.97346     -2300.03520     0.1273588956394
   140 -1152.061421234      1148.10773     -2300.16915     0.1284328611447
   141 -1152.039876333      1148.26740     -2300.30728     0.1292029304601
   142 -1152.053470420      1148.18091     -2300.23438     0.1286936561023
   143 -1152.063709845      1148.03378     -2300.09749     0.1275032495881
   144 -1152.051966001      1147.94708     -2299.99904     0.1260065232034
   145 -1152.038212856      1147.92927     -2299.96748     0.1245280237835
   146 -1152.033380496      1147.92341     -2299.95679     0.1228342332190
   147 -1152.041693050      1147.90763     -2299.94932     0.1210101813279
   148 -1152.056450023      1147.92062     -2299.97707     0.1192274883802
   149 -1152.056557283      1148.04631     -2300.10286     0.1175382560676
   150 -1152.027225978      1148.24538     -2300.27261     0.1156372743408
   151 -1152.037767653      1148.17181     -2300.20958     0.1123219832397
   152 -1152.053557530      1147.97849     -2300.03204     0.1090196689523
   153 -1152.039135900      1147.86868     -2299.90782     0.1054557611709
   154 -1152.019553639      1147.83871     -2299.85827     0.1023199412611
   155 -1152.011715708      1147.80919     -2299.82090     0.9920606457686E-01
   156 -1152.019214638      1147.76846     -2299.78767     0.9610836956466E-01
   157 -1152.033765743      1147.77155     -2299.80532     0.9305951791613E-01
   158 -1152.038294162      1147.89675     -2299.93505     0.9008032722419E-01
   159 -1152.007161366      1148.14944     -2300.15660     0.8720101829272E-01
   160 -1152.005857803      1148.16377     -2300.16962     0.8320188093029E-01
   161 -1152.030460045      1147.93930     -2299.96976     0.7888949834647E-01
   162 -1152.017322276      1147.82666     -2299.84398     0.7517515110776E-01
   163 -1151.993947305      1147.78689     -2299.78083     0.7179273936333E-01
   164 -1151.982718524      1147.74660     -2299.72932     0.6859355895188E-01
   165 -1151.986710863      1147.70201     -2299.68872     0.6543024718956E-01
   166 -1151.999516854      1147.70483     -2299.70434     0.6230937764780E-01
   167 -1152.010437193      1147.81601     -2299.82644     0.5928943947075E-01
   168 -1151.990252811      1148.08295     -2300.07320     0.5659813375320E-01
   169 -1151.966145757      1148.25246     -2300.21861     0.5360618873159E-01
   170 -1152.000311750      1148.03861     -2300.03893     0.5018052752217E-01
   171 -1151.998566064      1147.90365     -2299.90222     0.4799638307909E-01
   172 -1151.973876141      1147.81999     -2299.79387     0.4559094377521E-01
   173 -1151.957033166      1147.76696     -2299.72400     0.4365567750473E-01
   174 -1151.955253543      1147.72420     -2299.67945     0.4182361596806E-01
   175 -1151.965113383      1147.72469     -2299.68980     0.4005898851781E-01
   176 -1151.982108050      1147.80119     -2299.78330     0.3837514761796E-01
   177 -1151.986859011      1148.01274     -2299.99960     0.3710270703759E-01
   178 -1151.948108891      1148.34140     -2300.28951     0.3617625960840E-01
   179 -1151.962847501      1148.29793     -2300.26077     0.3469284686953E-01
   180 -1151.986282559      1148.04620     -2300.03248     0.3329648123411E-01
   181 -1151.966442646      1147.89180     -2299.85824     0.3219402146131E-01
   182 -1151.945460471      1147.81688     -2299.76235     0.3151531141755E-01
   183 -1151.938010038      1147.77475     -2299.71276     0.3075286305712E-01
   184 -1151.944332380      1147.77380     -2299.71813     0.2981469154221E-01
   185 -1151.960862012      1147.82329     -2299.78415     0.2894749569772E-01
   186 -1151.981482892      1147.97131     -2299.95279     0.2813931003440E-01
   187 -1151.966130892      1148.26899     -2300.23512     0.2787797167486E-01
   188 -1151.929317753      1148.49693     -2300.42625     0.2762089865992E-01
   189 -1151.977402859      1148.19246     -2300.16987     0.2698016249915E-01
   190 -1151.975606428      1147.94919     -2299.92480     0.2695829175028E-01
   191 -1151.952300128      1147.83067     -2299.78297     0.2771127714298E-01
   192 -1151.937293246      1147.78032     -2299.71761     0.2851394728606E-01
   193 -1151.936271576      1147.77643     -2299.71270     0.2871969424545E-01
   194 -1151.948965618      1147.81482     -2299.76378     0.2813229856741E-01
   195 -1151.969466205      1147.89947     -2299.86893     0.2714947806736E-01
   196 -1151.982195709      1148.10976     -2300.09195     0.2615176101771E-01
   197 -1151.941454796      1148.44712     -2300.38858     0.2554873837213E-01
   198 -1151.945991320      1148.40857     -2300.35456     0.2473692939532E-01
   199 -1151.981517186      1148.04841     -2300.02993     0.2400607050744E-01
   200 -1151.965188837      1147.85059     -2299.81578     0.2408161607461E-01
   201 -1151.941381359      1147.76593     -2299.70731     0.2455007411104E-01
   202 -1151.929731606      1147.74563     -2299.67536     0.2473924773542E-01
   203 -1151.933282120      1147.76756     -2299.70084     0.2442058880970E-01
   204 -1151.949972891      1147.82807     -2299.77804     0.2369462569063E-01
   205 -1151.971258759      1147.92712     -2299.89838     0.2304224809558E-01
   206 -1151.977237450      1148.16884     -2300.14608     0.2289311694764E-01
   207 -1151.928579349      1148.49567     -2300.42425     0.2340449104532E-01
   208 -1151.959506508      1148.31600     -2300.27551     0.2360611769282E-01
   209 -1151.981418382      1147.99229     -2299.97371     0.2396962244856E-01
   210 -1151.958617810      1147.84077     -2299.79939     0.2492238794660E-01
   211 -1151.937445700      1147.79599     -2299.73344     0.2568020770086E-01
   212 -1151.930584350      1147.79927     -2299.72986     0.2551233537567E-01
   213 -1151.938513200      1147.82959     -2299.76810     0.2438626716611E-01
   214 -1151.958370646      1147.89062     -2299.84899     0.2273256182067E-01
   215 -1151.978951334      1148.00604     -2299.98499     0.2161864813690E-01
   216 -1151.964003626      1148.28402     -2300.24803     0.2184499877604E-01
   217 -1151.922505680      1148.49147     -2300.41398     0.2309269752562E-01
   218 -1151.975646215      1148.14066     -2300.11631     0.2356467806192E-01
   219 -1151.972715540      1147.89892     -2299.87164     0.2375134665708E-01
   220 -1151.947218851      1147.81256     -2299.75978     0.2399745242185E-01
   221 -1151.931134656      1147.79580     -2299.72694     0.2393400752322E-01
   222 -1151.929757993      1147.80604     -2299.73580     0.2352489131997E-01
   223 -1151.942544703      1147.82710     -2299.76964     0.2299785401900E-01
   224 -1151.961922755      1147.86724     -2299.82916     0.2256168004414E-01
   225 -1151.982905117      1148.02395     -2300.00685     0.2272417023059E-01
   226 -1151.954152267      1148.33629     -2300.29045     0.2452653903467E-01
   227 -1151.937949259      1148.44506     -2300.38301     0.2754852205340E-01
   228 -1151.985080313      1148.11939     -2300.10447     0.2964163605042E-01
   229 -1151.980506152      1147.98287     -2299.96337     0.3033212180617E-01
   230 -1151.956196391      1147.89778     -2299.85398     0.3116380087719E-01
   231 -1151.939074041      1147.86139     -2299.80047     0.3152919064645E-01
   232 -1151.936764344      1147.83444     -2299.77120     0.3101774030009E-01
   233 -1151.948890781      1147.82593     -2299.77482     0.2972576055456E-01
   234 -1151.965445663      1147.85406     -2299.81950     0.2841918026942E-01
   235 -1151.986682246      1148.00906     -2299.99574     0.2674429534616E-01
   236 -1151.958981199      1148.29760     -2300.25658     0.2665787123097E-01
   237 -1151.938023832      1148.41201     -2300.35003     0.2767599980643E-01
   238 -1151.983977601      1148.07908     -2300.06306     0.2844263598729E-01
   239 -1151.979903584      1147.92771     -2299.90761     0.2870535701835E-01
   240 -1151.954837378      1147.82251     -2299.77735     0.2923181809607E-01
   241 -1151.936968140      1147.77772     -2299.71469     0.2968253050742E-01
   242 -1151.933927679      1147.75815     -2299.69207     0.2980054479686E-01
   243 -1151.945674336      1147.76858     -2299.71426     0.2947965485048E-01
   244 -1151.968689990      1147.82384     -2299.79253     0.2882611576075E-01
   245 -1151.987204804      1147.97130     -2299.95851     0.2839327140629E-01
   246 -1151.959498013      1148.30890     -2300.26840     0.2887135070564E-01
   247 -1151.941283066      1148.43168     -2300.37296     0.3028066622224E-01
   248 -1151.989180990      1148.09704     -2300.08623     0.3188817324581E-01
   249 -1151.984903531      1147.95061     -2299.93551     0.3295056916378E-01
   250 -1151.960762023      1147.84532     -2299.80608     0.3470990918666E-01
   251 -1151.943451180      1147.80223     -2299.74568     0.3603340933703E-01
   252 -1151.940407389      1147.78995     -2299.73036     0.3631437889028E-01
   253 -1151.951927365      1147.80782     -2299.75974     0.3543725914973E-01
   254 -1151.974468856      1147.87014     -2299.84461     0.3383869617670E-01
   255 -1151.991064870      1148.02166     -2300.01273     0.3236237954817E-01
   256 -1151.957538158      1148.35380     -2300.31134     0.3131904299964E-01
   257 -1151.943274177      1148.41657     -2300.35984     0.3038691389769E-01
   258 -1151.988810038      1148.04412     -2300.03293     0.2964738669440E-01
   259 -1151.980539966      1147.87849     -2299.85903     0.2979389190453E-01
   260 -1151.955352362      1147.77737     -2299.73272     0.3059416841289E-01
   261 -1151.938620918      1147.74055     -2299.67917     0.3137849987012E-01
   262 -1151.936352711      1147.73859     -2299.67494     0.3177582929013E-01
   263 -1151.948567375      1147.76653     -2299.71510     0.3164668380855E-01
   264 -1151.972058001      1147.84003     -2299.81209     0.3130134070479E-01
   265 -1151.989851392      1148.00530     -2299.99515     0.3124580595747E-01
   266 -1151.955455906      1148.35704     -2300.31250     0.3178534620391E-01
   267 -1151.942225262      1148.42807     -2300.37029     0.3175095227396E-01
   268 -1151.990901985      1148.04919     -2300.04009     0.3114110323069E-01
   269 -1151.984322810      1147.89792     -2299.88224     0.3129969861005E-01
   270 -1151.959242937      1147.79678     -2299.75602     0.3231770886987E-01
   271 -1151.941750445      1147.76444     -2299.70619     0.3350299222375E-01
   272 -1151.938588239      1147.76741     -2299.70600     0.3415236880657E-01
   273 -1151.949929002      1147.79684     -2299.74677     0.3397339197619E-01
   274 -1151.972962973      1147.86763     -2299.84060     0.3341033250336E-01
   275 -1151.992333908      1148.02274     -2300.01507     0.3314808059164E-01
   276 -1151.961674510      1148.36833     -2300.33000     0.3348205563819E-01
   277 -1151.936883543      1148.48924     -2300.42613     0.3316272659216E-01
   278 -1151.990739054      1148.09305     -2300.08379     0.3169593867966E-01
   279 -1151.977072609      1147.87503     -2299.85210     0.3096681823884E-01
   280 -1151.950103607      1147.79087     -2299.74097     0.3097325128309E-01
   281 -1151.935266196      1147.76418     -2299.69945     0.3096532967381E-01
   282 -1151.935886958      1147.76822     -2299.70410     0.3059763846354E-01
   283 -1151.950220758      1147.79978     -2299.75000     0.2990160500842E-01
   284 -1151.974989129      1147.88104     -2299.85603     0.2922014306385E-01
   285 -1151.989101675      1148.06870     -2300.05780     0.2920017305027E-01
   286 -1151.942812874      1148.44522     -2300.38803     0.2978568952664E-01
   287 -1151.948271386      1148.41670     -2300.36497     0.2927916201402E-01
   288 -1151.988329033      1148.04841     -2300.03673     0.2794687934240E-01
   289 -1151.970453529      1147.87532     -2299.84577     0.2738078751053E-01
   290 -1151.945043797      1147.80418     -2299.74922     0.2741315765241E-01
   291 -1151.932002056      1147.78141     -2299.71342     0.2743619135401E-01
   292 -1151.933978101      1147.78671     -2299.72068     0.2709970585401E-01
   293 -1151.949536232      1147.82095     -2299.77049     0.2636472873276E-01
   294 -1151.970198492      1147.88807     -2299.85826     0.2575758928442E-01
   295 -1151.985694540      1148.10350     -2300.08920     0.2558749514416E-01
   296 -1151.940395813      1148.46371     -2300.40411     0.2602940683575E-01
   297 -1151.946692077      1148.43313     -2300.37982     0.2549593141822E-01
   298 -1151.985135283      1148.07199     -2300.05712     0.2424039353570E-01
   299 -1151.965333622      1147.88994     -2299.85527     0.2372426679980E-01
   300 -1151.939723896      1147.81655     -2299.75627     0.2375973123668E-01
   301 -1151.927294914      1147.78959     -2299.71688     0.2356124057233E-01
   302 -1151.930178632      1147.79179     -2299.72196     0.2281797616082E-01
   303 -1151.946522507      1147.82497     -2299.77150     0.2167370144089E-01
   304 -1151.967466760      1147.89582     -2299.86328     0.2094410066746E-01
   305 -1151.980353036      1148.12170     -2300.10205     0.2080620647366E-01
   306 -1151.931233158      1148.48463     -2300.41586     0.2128175373339E-01
   307 -1151.947122119      1148.40297     -2300.35010     0.2067734327314E-01
   308 -1151.980647880      1148.06024     -2300.04089     0.1953163348877E-01
   309 -1151.957626081      1147.87323     -2299.83086     0.1916886273689E-01
   310 -1151.932508968      1147.80895     -2299.74146     0.1956536411020E-01
   311 -1151.921938756      1147.79124     -2299.71318     0.1987102682837E-01
   312 -1151.927227361      1147.80341     -2299.73064     0.1951729986606E-01
   313 -1151.945821886      1147.84793     -2299.79375     0.1863828301127E-01
   314 -1151.966931501      1147.92558     -2299.89251     0.1799211061080E-01
   315 -1151.976045208      1148.17367     -2300.14971     0.1791949305675E-01
   316 -1151.922672039      1148.52012     -2300.44279     0.1963786080699E-01
   317 -1151.942735884      1148.40250     -2300.34524     0.2194646539326E-01
   318 -1151.983332337      1147.97890     -2299.96223     0.2532354294294E-01
   319 -1151.954824206      1147.78271     -2299.73753     0.3152783829522E-01
   320 -1151.928050493      1147.73659     -2299.66464     0.3847906693378E-01
   321 -1151.917270817      1147.74663     -2299.66390     0.4492931529830E-01
   322 -1151.921331228      1147.78439     -2299.70572     0.5085344182434E-01
   323 -1151.938963291      1147.84251     -2299.78148     0.5698401011297E-01
   324 -1151.970093519      1147.93535     -2299.90544     0.6459608771854E-01
   325 -1152.004385422      1148.12006     -2300.12445     0.7519800971273E-01
   326 -1151.984246632      1148.54900     -2300.53324     0.9021880086719E-01
   327 -1151.927480906      1148.89480     -2300.82228     0.1076428412592
   328 -1152.018967938      1148.44964     -2300.46861     0.1236155605241
   329 -1152.015680953      1148.30505     -2300.32073     0.1371882801135
   330 -1151.990137110      1148.29040     -2300.28054     0.1563184861774
   331 -1151.976554738      1148.37076     -2300.34732     0.1630637685545
   332 -1151.976283574      1148.51971     -2300.49600     0.1599236719822
   333 -1151.976957520      1148.74555     -2300.72251     0.1595938811500
   334 -1151.983198405      1148.94829     -2300.93149     0.1709333771813
   335 -1152.026814799      1148.95367     -2300.98048     0.1896710957942
   336 -1152.056074108      1148.99576     -2301.05184     0.1980871085454
   337 -1152.007230970      1149.32829     -2301.33552     0.2001758533141
   338 -1151.959937185      1149.47302     -2301.43296     0.1960774276790
   339 -1152.020067827      1149.00956     -2301.02963     0.1875673852028
   340 -1152.005757788      1148.81203     -2300.81778     0.1812550755898
   341 -1151.983573036      1148.75354     -2300.73711     0.1597019030561
   342 -1151.975416279      1148.79531     -2300.77073     0.1298011665533
   343 -1151.964887496      1148.94768     -2300.91256     0.1115085382162
   344 -1151.933944484      1149.15451     -2301.08845     0.1056751639506
   345 -1151.956627554      1149.05327     -2301.00990     0.1159054303211
   346 -1151.999156502      1148.81370     -2300.81286     0.1432596287630
   347 -1152.019817898      1148.73622     -2300.75604     0.1672436798933
   348 -1152.008341384      1148.92462     -2300.93296     0.1620122557554
   349 -1151.910337266      1149.35031     -2301.26065     0.1555280144894
   350 -1151.987495586      1148.96586     -2300.95335     0.1570217645699
   351 -1152.022653720      1148.71114     -2300.73379     0.1638814776408
   352 -1152.005943068      1148.64516     -2300.65110     0.1478032476416
   353 -1151.954519446      1148.82880     -2300.78332     0.1118546462402
   354 -1151.936375711      1148.81952     -2300.75590     0.9408355000629E-01
   355 -1151.960381128      1148.54935     -2300.50974     0.9220497538756E-01
   356 -1151.958898324      1148.37962     -2300.33852     0.1001927935278
   357 -1151.955039387      1148.30746     -2300.26250     0.1188789787353
   358 -1151.967233409      1148.31286     -2300.28010     0.1482758134473
   359 -1151.998317813      1148.40231     -2300.40063     0.1733882922253
   360 -1152.030162316      1148.64797     -2300.67814     0.1879268475275
   361 -1151.982553065      1149.205349736     -2301.187902801
$end
