$grad          cartesian gradients
  cycle =    315   ex. state energy =    -1151.9581257149 |dE/dxyz| =  1.562460
    0.20992077837080     -0.15908978185106      0.47964604990097      ti
    1.72121009354083     -2.46152667188997      2.34874643200963      o
   -3.11178160201853     -0.23169644956329     -3.29507074728838      o
   -4.11049971181147      0.23316028901447     -4.60960994759656      h
   -1.04748986509702      2.46734777988435      2.11833248596388      o
   -1.10995786967645      4.27191547786746      1.93487736499336      h
    1.89102553553099      0.59209742377470     -2.35846190749796      o
    0.62822636095363      0.60017209700068     -3.69363441712805      h
    3.29957490130157     -3.35810652289841      2.40744207875523      h
  -.26268113096341D-03  0.14225262355036D-02  -.48349833193359D-02
  -.62617271589543D-04  -.74356669114991D-03  0.49252625285086D-03
  -.39781904566126D-01  0.20259958622172D-01  -.51387535680819D-01
  0.40511234624686D-01  -.20093480361039D-01  0.54112928580283D-01
  -.11512374425848D-02  -.36189588734523D-03  0.28883436133331D-04
  0.37107167289728D-03  -.49847081485477D-04  0.24692990313451D-03
  -.21918026464046D-02  -.68402658028026D-03  -.20163459997010D-02
  0.28942809959963D-02  0.28538964753219D-05  0.33367988098024D-02
  -.32634452784743D-03  0.24747750757784D-03  0.20798506621672D-04
$end
$grad          cartesian gradients
  cycle =    316   ex. state energy =    -1151.9030341782 |dE/dxyz| =  1.553462
    0.20961876583053     -0.15885128425798      0.47900757588064      ti
    1.72211766481240     -2.46117116296496      2.34891407256235      o
   -3.11898691907943     -0.22717826769058     -3.30746037479408      o
   -3.96777801194640      0.16524755367418     -4.42548814144793      h
   -1.04630091576674      2.46687074600309      2.11897075538458      o
   -1.11447552269444      4.27456408888956      1.93106978441527      h
    1.88976036773493      0.59144651776404     -2.35637114919883      o
    0.60636781014245      0.59809275952182     -3.69437661885181      h
    3.29875467883910     -3.36155266416280      2.40889187022878      h
  0.53092709828423D-03  0.24260015011512D-02  -.70301969775579D-02
  -.24599266926700D-03  0.13644787059139D-03  0.33535775637455D-03
  -.23447534879260D+00  0.11205586741721D+00  -.30965214947273D+00
  0.23681574492344D+00  -.11131296212804D+00  0.31255387441664D+00
  -.78840221586793D-03  -.34840904494125D-02  0.15413170795544D-03
  0.22371511249650D-03  0.21247840625994D-02  -.11090926425013D-03
  0.33475239815247D-02  -.17602162414175D-02  0.76230209360576D-02
  -.53240420168060D-02  -.93227126866340D-04  -.38903000913549D-02
  -.84125593787558D-04  -.92605040212246D-04  0.17171701449079D-04
$end
$grad          cartesian gradients
  cycle =    317   ex. state energy =    -1151.9207894186 |dE/dxyz| =  1.381431
    0.20850725758446     -0.15817485597396      0.47664038842170      ti
    1.72317142251635     -2.46051973232247      2.34933061477248      o
   -3.11236900067319     -0.22799324048134     -3.30404621986222      o
   -3.99537332961339      0.17900249101391     -4.45838095657036      h
   -1.04406348994923      2.46574976763566      2.12012745252528      o
   -1.12205650395425      4.27789667676058      1.92362774293419      h
    1.88839014269599      0.59024710271747     -2.35143884859411      o
    0.55940626804223      0.59438306856477     -3.70015348775486      h
    3.29817611470101     -3.36764796930846      2.41004106221497      h
  0.22056579058149D-02  0.49818786811034D-02  -.95738798487913D-02
  -.20047641526196D-02  0.95294611874919D-03  0.19051851538582D-03
  -.17916911434393D+00  0.84527841617047D-01  -.23790620391693D+00
  0.18339087569630D+00  -.84509043544071D-01  0.24069760460962D+00
  0.77939786653113D-03  -.78697966599683D-02  -.80847108471852D-05
  -.21212944632704D-03  0.53706775010719D-02  -.64806682908993D-03
  0.14446843785415D-01  -.28644893812986D-02  0.25354194072424D-01
  -.20488806804247D-01  0.19667722437751D-03  -.18124809108682D-01
  0.10520392282156D-02  -.78669190178773D-03  0.18727446964114D-04
$end
$grad          cartesian gradients
  cycle =    318   ex. state energy =    -1151.9580087941 |dE/dxyz| =  1.119810
    0.20642451808087     -0.15697338191429      0.47215417666256      ti
    1.72443017333748     -2.45951766748500      2.35004090398821      o
   -3.09142939658305     -0.23406015965013     -3.28495269491429      o
   -4.18851968244611      0.27278128589409     -4.69905026018646      h
   -1.04056135337650      2.46402986746328      2.12191074000046      o
   -1.13321743498933      4.27930342382518      1.91198435860670      h
    1.88631553572313      0.58838109471676     -2.34358450125331      o
    0.48880176168903      0.58818230243496     -3.70262254562764      h
    3.29705117229458     -3.37641566427983      2.41069225590119      h
  0.39176109866685D-02  0.90570151785148D-02  -.12189050911359D-01
  -.46763446481628D-02  0.14854796183684D-02  0.56119322897401D-04
  0.17437715242148D-01  -.10472845954445D-01  0.15617736845815D-01
  -.11566392953243D-01  0.84293143569012D-02  -.13180315394260D-01
  0.34860438473275D-02  -.12176719808624D-01  -.63892152525063D-03
  -.87568664189688D-03  0.83206414316773D-02  -.12506109709317D-02
  0.27354230766936D-01  -.36686719430689D-02  0.45061975403994D-01
  -.37786093055217D-01  0.70951318731859D-03  -.33497492938631D-01
  0.27089161349730D-02  -.16837265866588D-02  0.20560446822886D-04
$end
$grad          cartesian gradients
  cycle =    319   ex. state energy =    -1151.9232963677 |dE/dxyz| =  0.896246
    0.20336282724189     -0.15523969466973      0.46546119817935      ti
    1.72588594204551     -2.45820760338649      2.35104403379988      o
   -3.06505160630577     -0.24124939030127     -3.26192367285683      o
   -4.40184348633372      0.38060895788125     -4.95836962854704      h
   -1.03583006792875      2.46192907324276      2.12432233626030      o
   -1.14762953143886      4.27560036498416      1.89641566494903      h
    1.88288536092264      0.58586090044920     -2.33341564149880      o
    0.40257661881145      0.57877949990288     -3.69062703678541      h
    3.29405612375820     -3.38685662156057      2.41049554466873      h
  0.40605170499187D-02  0.14290069025225D-01  -.15429177843899D-01
  -.67443816726100D-02  0.19449266649117D-02  -.22993332605497D-03
  0.75038340025175D-01  -.41799354295859D-01  0.85421905372536D-01
  -.67423606690992D-01  0.37120398170986D-01  -.83053856471903D-01
  0.68634664577859D-02  -.15204083332165D-01  -.18376928449731D-02
  -.15422503278571D-02  0.93227552767619D-02  -.18134879650746D-02
  0.38972437891674D-01  -.42454993943021D-02  0.61432688207245D-01
  -.53267267047236D-01  0.10665957049418D-02  -.44483857800865D-01
  0.40427439028127D-02  -.24958081830334D-02  -.65877049244335D-05
$end
$grad          cartesian gradients
  cycle =    320   ex. state energy =    -1151.8895714261 |dE/dxyz| =  0.765653
    0.20001140245199     -0.15336090354993      0.45799539944596      ti
    1.72720416227293     -2.45687621563671      2.35209157695663      o
   -3.04196211051534     -0.24654269199012     -3.24400614422748      o
   -4.53714517773790      0.45582632298427     -5.11514245194779      h
   -1.03092179393418      2.46002732765833      2.12684619336512      o
   -1.16193108889865      4.26607671136194      1.88042506120471      h
    1.87822326292972      0.58323471015814     -2.32361515663943      o
    0.32544165215333      0.56753416700607     -3.65841267494663      h
    3.28872967152223     -3.39582902605024      2.40917522478581      h
  0.27296244930610D-02  0.18658469300211D-01  -.19057424858705D-01
  -.64960006459217D-02  0.18293720843513D-02  -.20826871954055D-03
  0.82457128405195D-01  -.47884872358989D-01  0.91914329993420D-01
  -.73752354965747D-01  0.41594318462216D-01  -.89384309635011D-01
  0.93008133165561D-02  -.15195735312934D-01  -.30304297308769D-02
  -.18477116892621D-02  0.73582725262409D-02  -.19990205050061D-02
  0.45589283967158D-01  -.46340026210757D-02  0.69539464577084D-01
  -.62023122297045D-01  0.96054611899648D-03  -.47737724122541D-01
  0.40423387254064D-02  -.26863687066316D-02  -.36618036872477D-04
$end
$grad          cartesian gradients
  cycle =    321   ex. state energy =    -1151.8723415017 |dE/dxyz| =  0.691257
    0.19641308500653     -0.15137731505077      0.44985298366571      ti
    1.72833993630675     -2.45545543897541      2.35313089638421      o
   -3.02186905737100     -0.24999118708502     -3.23094228967101      o
   -4.59778827878913      0.49974650901632     -5.17563527933405      h
   -1.02583696716142      2.45822547639238      2.12950012144813      o
   -1.17621504790969      4.25291742882998      1.86378852388126      h
    1.87215019842775      0.58050340315286     -2.31425443945515      o
    0.25742021545950      0.55427242141423     -3.60642516533279      h
    3.28139802844202     -3.40345069738774      2.40668955260854      h
  0.10502123225309D-02  0.22427204635017D-01  -.23909418746060D-01
  -.45596785113392D-02  0.93306644434653D-03  0.27885927401347D-03
  0.82408080504536D-01  -.49245233616239D-01  0.89655824183895D-01
  -.73061874223605D-01  0.42124139745916D-01  -.86885153864268D-01
  0.10868058707215D-01  -.13097442268252D-01  -.40485232346519D-02
  -.18616759890541D-02  0.35804905015112D-02  -.18477632588033D-02
  0.48354965165514D-01  -.50311415827490D-02  0.72472226750724D-01
  -.66123500262508D-01  0.56618400378628D-03  -.45660354011664D-01
  0.29254115008884D-02  -.22572682831252D-02  -.55697910321157D-04
$end
$grad          cartesian gradients
  cycle =    322   ex. state energy =    -1151.8704777862 |dE/dxyz| =  0.636229
    0.19261378522728     -0.14935447242438      0.44119358327036      ti
    1.72918206448637     -2.45385397560032      2.35409624620312      o
   -3.00444671351673     -0.25170525489558     -3.22228037409504      o
   -4.58960740359106      0.51463669373314     -5.14889972726888      h
   -1.02061027285520      2.45635869825133      2.13228901256334      o
   -1.19057956528278      4.23968514311188      1.84623281034538      h
    1.86473828359660      0.57770293824481     -2.30535094540909      o
    0.19705553547773      0.53919094446449     -3.53886122743303      h
    3.27326961520077     -3.41028512532547      2.40304682507959      h
  -.17002004986002D-03  0.26144852420731D-01  -.31394111601024D-01
  -.22696144057550D-02  -.21980849379972D-03  0.99845278069665D-03
  0.83539964605772D-01  -.50189655456449D-01  0.88728607841736D-01
  -.73149728511753D-01  0.42769531570779D-01  -.85281748521426D-01
  0.12075765872880D-01  -.11203777023671D-01  -.48478736002198D-02
  -.18041901287874D-02  0.33602041055639D-04  -.16462142054065D-02
  0.48612165644984D-01  -.56437370914590D-02  0.73897823364191D-01
  -.68278016155795D-01  -.11834966045768D-03  -.40388350574151D-01
  0.14436726928424D-02  -.15726588535668D-02  -.66586730581525D-04
$end
$grad          cartesian gradients
  cycle =    323   ex. state energy =    -1151.8819792809 |dE/dxyz| =  0.580952
    0.18856245103720     -0.14732241345564      0.43200299486701      ti
    1.72962901776422     -2.45194362021296      2.35494490018603      o
   -2.98912078008134     -0.25178607951989     -3.21746084776667      o
   -4.51672475027706      0.50228397583234     -5.04135758423959      h
   -1.01516914996536      2.45425565521946      2.13527268328273      o
   -1.20542966575152      4.22919201545297      1.82715296935940      h
    1.85605092322449      0.57482394436409     -2.29667484644486      o
    0.14039535701516      0.52242007376998     -3.46077231212692      h
    3.26558757244459     -3.41719500239413      2.39819921353332      h
  -.63793495209435D-03  0.30191609877919D-01  -.42143265308442D-01
  -.77762099683303D-03  -.92504727382636D-03  0.16868444083959D-02
  0.86806373767503D-01  -.51310725843871D-01  0.89510091068792D-01
  -.74361856674118D-01  0.43989143633172D-01  -.84743688286373D-01
  0.13468949647056D-01  -.11618529625605D-01  -.53482284414919D-02
  -.19296408169998D-02  -.14604802162426D-02  -.17480962285359D-02
  0.47741966418403D-01  -.65561547876095D-02  0.76389057824310D-01
  -.70748973858613D-01  -.11853111078352D-02  -.33533325189840D-01
  0.43873694619172D-03  -.11245051928864D-02  -.69391366925195D-04
$end
$grad          cartesian gradients
  cycle =    324   ex. state energy =    -1151.9054974313 |dE/dxyz| =  0.521677
    0.18402495524933     -0.14523450635612      0.42188599060857      ti
    1.72961822253867     -2.44953353640749      2.35566954790559      o
   -2.97487566128767     -0.25023404995671     -3.21593234137732      o
   -4.37660925074234      0.46224545556478     -4.85053263693169      h
   -1.00922896634475      2.45177997379437      2.13861890050825      o
   -1.22161236789523      4.22194931984658      1.80541302482323      h
    1.84583252849373      0.57175022148874     -2.28765132964621      o
    0.08083292316038      0.50352067811737     -3.37483681835816      h
    3.25881240519573     -3.42503945114197      2.39184392529255      h
  -.45315189592724D-03  0.34763606288902D-01  -.55451153816862D-01
  -.52107796154446D-03  -.79981401918304D-03  0.22301325695971D-02
  0.85380949088880D-01  -.49793570015812D-01  0.83220165308280D-01
  -.69960978306841D-01  0.42830153436182D-01  -.76828905719814D-01
  0.15364158962799D-01  -.15051253591160D-01  -.54732288038988D-02
  -.23875557349051D-02  -.29852888781732D-03  -.23702788663104D-02
  0.46985088319029D-01  -.77001931599182D-02  0.80704958389793D-01
  -.74813954529018D-01  -.27104090397148D-02  -.25973591153485D-01
  0.40652166822224D-03  -.12399916294323D-02  -.58099200238321D-04
$end
$grad          cartesian gradients
  cycle =    325   ex. state energy =    -1151.9291874123 |dE/dxyz| =  0.465956
    0.17901607468180     -0.14318899329384      0.41104678707508      ti
    1.72908944193542     -2.44657702842749      2.35620066363959      o
   -2.96153658585727     -0.24707762907672     -3.21728026565301      o
   -4.17258444777190      0.39545887730281     -4.58241103463882      h
   -1.00287776327919      2.44907472503857      2.14227829626675      o
   -1.23872413279285      4.21699807945131      1.78149915707465      h
    1.83436695336644      0.56856460575018     -2.27831779545896      o
    0.01548032962343      0.48319682694272     -3.28928275380124      h
    3.25312370297484     -3.43370792696699      2.38390441737777      h
  0.44211818668633D-04  0.39824658273539D-01  -.69527999426802D-01
  -.15222406286843D-02  0.22407591856681D-03  0.25217571718083D-02
  0.48737753316552D-01  -.30449098992752D-01  0.35327918508190D-01
  -.29647903461214D-01  0.23774957225846D-01  -.27396569299103D-01
  0.17849535950242D-01  -.20741220058325D-01  -.53165581309626D-02
  -.31563963688061D-02  0.28171219877800D-02  -.34982300139459D-02
  0.47605630199745D-01  -.88796556206018D-02  0.86882854439067D-01
  -.81344077819351D-01  -.45918418013603D-02  -.18939879608780D-01
  0.14334862836095D-02  -.19789974140628D-02  -.53295457428447D-04
$end
$grad          cartesian gradients
  cycle =    326   ex. state energy =    -1151.8940278311 |dE/dxyz| =  0.427011
    0.17349192180709     -0.14126358533331      0.39957245267552      ti
    1.72803791375165     -2.44303218497077      2.35647698267373      o
   -2.94681337210528     -0.24330450062088     -3.21888425819041      o
   -3.93648064179654      0.31809898888644     -4.27495683388332      h
   -0.99614681067463      2.44635863957797      2.14621303241933      o
   -1.25628207822336      4.21159026169680      1.75603324296909      h
    1.82175182014628      0.56531417947471     -2.26865388208271      o
   -0.05878001784481      0.46192572452449     -3.21106575834727      h
    3.24774264509382     -3.44261849760897      2.37419802549789      h
  0.36090704441900D-03  0.45457031273618D-01  -.83286568965444D-01
  -.33071392750313D-02  0.16708832326994D-02  0.26012561886866D-02
  -.13810979113640D+00  0.73835995486150D-01  -.17128555357515D+00
  0.16127858659578D+00  -.80856229793581D-01  0.18051961725870D+00
  0.20834570597841D-01  -.26836624422993D-01  -.51420041221351D-02
  -.40446812837465D-02  0.61812701524020D-02  -.48485574925935D-02
  0.50061597652455D-01  -.99247372542916D-02  0.94389677665875D-01
  -.90132797173158D-01  -.64853647966697D-02  -.12863160195393D-01
  0.30587460901896D-02  -.30422244082271D-02  -.84708759256851D-04
$end
$grad          cartesian gradients
  cycle =    327   ex. state energy =    -1151.8198380647 |dE/dxyz| =  0.392635
    0.16737892601684     -0.13952482456896      0.38748656210741      ti
    1.72647486821958     -2.43885084434458      2.35643434039365      o
   -2.92003741922325     -0.24464992359546     -3.20953971341323      o
   -3.82912057783144      0.32171438146464     -4.10045373164133      h
   -0.98902923254145      2.44384298804004      2.15039451994393      o
   -1.27379512762277      4.20275547427815      1.72964062038662      h
    1.80787547968641      0.56201808137212     -2.25865089489012      o
   -0.14470428752883      0.44005363048331     -3.14589635755384      h
    3.24139647315468     -3.45092003290913      2.36245808874966      h
  0.10131956829591D-03  0.51280704689622D-01  -.94905500091928D-01
  -.51104502806018D-02  0.27555080974302D-02  0.25621484831888D-02
  -.33804279148544D+00  0.20601993334685D+00  -.35846517495121D+00
  0.36419373185330D+00  -.21421462374572D+00  0.36831062902962D+00
  0.23918996705563D-01  -.31442780235765D-01  -.53234751872161D-02
  -.47885583952772D-02  0.81485002753351D-02  -.59390239222930D-02
  0.51743228583946D-01  -.10763345779117D-01  0.10048794980924D+00
  -.96557174802308D-01  -.78144661613241D-02  -.66056315597612D-02
  0.45416982976560D-02  -.39694308575370D-02  -.12192351329974D-03
$end
$grad          cartesian gradients
  cycle =    328   ex. state energy =    -1151.8953523775 |dE/dxyz| =  0.347822
    0.16054874496488     -0.13801302355328      0.37468251922247      ti
    1.72439075767235     -2.43396160407011      2.35601863589186      o
   -2.86920620991307     -0.25865324094610     -3.17868863759557      o
   -4.02564959653845      0.52594001113781     -4.21754886602550      h
   -0.98144512974649      2.44167260095407      2.15486158446628      o
   -1.29100281151009      4.18844711451442      1.70255752686612      h
    1.79242449599276      0.55865843143714     -2.24822767431446      o
   -0.24665348464486      0.41764302069347     -3.09850681910125      h
    3.23277383488417     -3.45782491076225      2.34826167884483      h
  -.13864268187283D-02  0.56383674477532D-01  -.10249057710041D+00
  -.61343634507461D-02  0.32735115227051D-02  0.22635792603635D-02
  -.11795158688090D-01  0.70152072079088D-02  -.35700245942989D-01
  0.38616776035019D-01  -.16695702775187D-01  0.45393067423419D-01
  0.26647922541530D-01  -.33783070529585D-01  -.62634209586735D-02
  -.51407812323393D-02  0.78183433110807D-02  -.63977595548131D-02
  0.48500237654341D-01  -.11735966365288D-01  0.10222971550966D+00
  -.94533125814180D-01  -.78707201980520D-02  0.10680312194989D-02
  0.52249209262809D-02  -.44052782557759D-02  -.10238927899841D-03
$end
$grad          cartesian gradients
  cycle =    329   ex. state energy =    -1151.8784926729 |dE/dxyz| =  0.334775
    0.15533530776480     -0.13729980175233      0.36562229921890      ti
    1.72249667966562     -2.43007338804814      2.35534981177332      o
   -2.82838522453722     -0.27013242294139     -3.15353341658005      o
   -4.18789172891354      0.69532975796455     -4.31920473204219      h
   -0.97604431729431      2.44073207446703      2.15811290681524      o
   -1.30159913111184      4.17330526205186      1.68443442177896      h
    1.78074651642251      0.55644060320949     -2.24099711100944      o
   -0.33561935163553      0.40256857630711     -3.09117322413678      h
    3.22408140636692     -3.46026873317042      2.33621227847584      h
  -.30214075653191D-02  0.58669077624491D-01  -.10424744813276D+00
  -.54133923737138D-02  0.31715602982498D-02  0.18007714068163D-02
  0.73346837901792D-01  -.52184825162846D-01  0.40818660325619D-01
  -.47808813501062D-01  0.41217184653093D-01  -.31469640218469D-01
  0.27634297949154D-01  -.32634049198469D-01  -.75488823016731D-02
  -.47128397256556D-02  0.49004766544540D-02  -.59356695819500D-02
  0.43452402775352D-01  -.12917703988062D-01  0.10163497021600D+00
  -.87904999414782D-01  -.63778855183239D-02  0.50101998636268D-02
  0.44279148123181D-02  -.38438369480540D-02  -.62961410761777D-04
$end
$grad          cartesian gradients
  cycle =    330   ex. state energy =    -1151.8338186238 |dE/dxyz| =  0.334557
    0.14790340637455     -0.13670319272910      0.35332925492500      ti
    1.71945293067656     -2.42436824302524      2.35407221823984      o
   -2.77257807520788     -0.28407668672294     -3.12010110121751      o
   -4.35649844726978      0.89887071519834     -4.41135081460892      h
   -0.96869251396331      2.43999755555234      2.16268247199677      o
   -1.31456572790823      4.14999440066376      1.66050301830206      h
    1.76422124773787      0.55361442222498     -2.23129758075095      o
   -0.47898982142183      0.38243232114215     -3.10928344355254      h
    3.21030010883356     -3.46141691666153      2.31770060017446      h
  -.10879069265107D-02  0.57922916553523D-01  -.95641969079584D-01
  -.23293063257381D-02  0.11622073564222D-02  0.19078545488691D-02
  0.76248571667093D-01  -.67194190028504D-01  0.47286921419174D-01
  -.63854313000937D-01  0.52649564524000D-01  -.44316420239681D-01
  0.25093810499204D-01  -.26423411423385D-01  -.87031937802827D-02
  -.29782679244078D-02  -.92125458793210D-03  -.40993104127523D-02
  0.26191673782344D-01  -.15938526147968D-01  0.90185023532623D-01
  -.59434615236473D-01  0.56157056948491D-03  0.13188121075651D-01
  0.21503535929024D-02  -.18188783077460D-02  0.19297274350159D-03
$end
$grad          cartesian gradients
  cycle =    331   ex. state energy =    -1151.8134909694 |dE/dxyz| =  0.325102
    0.14053711195686     -0.13652693977861      0.34161113172265      ti
    1.71596239883503     -2.41848723855057      2.35249896582076      o
   -2.72020443120502     -0.29459816474089     -3.09000155396235      o
   -4.44292558387989      1.04840966633332     -4.43763186563390      h
   -0.96169228796423      2.43970135704794      2.16730239970279      o
   -1.32596320579588      4.12943013126166      1.63750672794600      h
    1.74801935260640      0.55114729322073     -2.22206557190300      o
   -0.64750415699268      0.36240779888560     -3.15579641912342      h
    3.19683532531362     -3.46122308826998      2.29768571308440      h
  0.52056358219523D-02  0.47461653742769D-01  -.57137675983766D-01
  0.48928321652078D-02  -.53056612785231D-02  0.49122463492883D-02
  0.59008969268687D-02  -.37734151315185D-01  -.59718784117824D-02
  -.22158788036416D-01  0.20649783095890D-01  -.99460666838967D-02
  0.13538612096318D-01  -.11827232938947D-01  -.52914782399065D-02
  -.40705652375713D-03  -.67898113708742D-02  -.89502326616782D-03
  -.24713285630817D-02  -.17456119347046D-01  0.46673046644445D-01
  -.33554869674675D-02  0.98870488013512D-02  0.26471331729987D-01
  -.11453161660044D-02  0.11144897299382D-02  0.11854980328612D-02
$end
$grad          cartesian gradients
  cycle =    332   ex. state energy =    -1151.8163599020 |dE/dxyz| =  0.269604
    0.13327337381581     -0.13676911848526      0.33031823603604      ti
    1.71191625918945     -2.41240083775886      2.35066028298588      o
   -2.67108282707704     -0.30178226628935     -3.06290825649455      o
   -4.45006349455438      1.14387907612727     -4.40278844101017      h
   -0.95503275696063      2.43975626101490      2.17210235469179      o
   -1.33623040039862      4.11482813937809      1.61458843916813      h
    1.73233104737425      0.54905144528114     -2.21303574892247      o
   -0.84543934002352      0.34223210499339     -3.22963080281859      h
    3.18519231885670     -3.46058679684958      2.27586516220102      h
  0.26940342851662D-01  0.40829425233658D-01  -.44838562830430D-01
  0.47918541136034D-02  -.88728480742004D-02  0.65527816068126D-02
  -.10296486905997D-01  -.12818172384546D-01  -.34262803813300D-01
  -.35775435555796D-02  0.25475196136572D-02  0.24695833445349D-02
  0.59309835079308D-02  -.44664265174309D-02  -.36802588039587D-02
  0.13184464738261D-02  -.86157714518736D-02  0.83251305987492D-03
  -.32703700426896D-01  -.21478444665368D-01  0.33489573427279D-01
  0.99305733037136D-02  0.87334980675119D-02  0.38336722898772D-01
  -.23344690039374D-02  0.41412191855520D-02  0.11004513076906D-02
$end
$grad          cartesian gradients
  cycle =    333   ex. state energy =    -1151.8173636389 |dE/dxyz| =  0.207725
    0.12609972083061     -0.13743354243209      0.31922973907464      ti
    1.70723842846954     -2.40609428633991      2.34858016940881      o
   -2.62623294191463     -0.30622598874786     -3.03825424813883      o
   -4.38148905637375      1.18560000340200     -4.31093103911216      h
   -0.94871264447206      2.44024860266332      2.17719208778302      o
   -1.34528093236199      4.10674172039935      1.59153906420149      h
    1.71725714851103      0.54733488217319     -2.20391394694069      o
   -1.05354733107865      0.32926259002200     -3.33135637698995      h
    3.17597859934825     -3.45981407153353      2.25183081658516      h
  0.62792774889485D-01  0.38724938530569D-01  -.51694017862920D-01
  -.41171818125851D-04  -.11295793835347D-01  0.78472473031674D-02
  0.62610880862314D-01  0.25850492173536D-01  -.57799518260087D-01
  -.44906470725163D-02  -.34271916095570D-03  -.35702103462880D-03
  0.18832344834289D-03  -.23840268849564D-02  -.28083744362484D-02
  0.27680234114138D-02  -.65196178055056D-02  0.13644211111178D-02
  -.67321798840046D-01  -.28371762587510D-01  0.47058939642884D-01
  -.55266348031454D-01  -.22822057709691D-01  0.56177118806962D-01
  -.12400367063956D-02  0.71605462567599D-02  0.21120559365658D-03
$end
$grad          cartesian gradients
  cycle =    334   ex. state energy =    -1151.8122650278 |dE/dxyz| =  0.199094
    0.11900077751110     -0.13853150238639      0.30822555477668      ti
    1.70194368572437     -2.39963799909917      2.34628173365532      o
   -2.59039228153474     -0.30960493598134     -3.01500792297766      o
   -4.23851548204037      1.16980121104780     -4.16324543755685      h
   -0.94280729194944      2.44141387567973      2.18258344747361      o
   -1.35233658188483      4.10323319103728      1.56918369127978      h
    1.70293417286048      0.54604724302009     -2.19464449176156      o
   -1.19617436990325      0.35249888252518     -3.47253680037789      h
    3.16879836883530     -3.45847058381344      2.22540051390242      h
  0.78756091898719D-01  0.38427442126055D-01  -.63273039955396D-01
  -.70525133485200D-02  -.88779445575520D-02  0.59761782797512D-02
  0.15607062190016D+00  0.60676368354426D-01  -.80591948624107D-01
  -.10624351559151D-01  0.73265246577829D-02  -.75939986458406D-02
  0.17029607004597D-02  -.64655880261140D-02  -.16903957132612D-02
  0.18673687639496D-02  -.24610030183490D-02  -.11367113898466D-03
  -.83035917664858D-01  -.31851601097702D-01  0.64659488567521D-01
  -.13863865505487D+00  -.64911040579327D-01  0.83315950161922D-01
  0.95439449737175D-03  0.81368414577740D-02  -.68856260322637D-03
$end
$grad          cartesian gradients
  cycle =    335   ex. state energy =    -1151.8371437032 |dE/dxyz| =  0.321168
    0.11198563864310     -0.14006386155416      0.29739396810969      ti
    1.69616333328888     -2.39321336473933      2.34379425816528      o
   -2.56827919702176     -0.31353715616487     -2.99161448663967      o
   -4.02617128485165      1.09042522668506     -3.96105237746280      h
   -0.93746876878012      2.44350684372698      2.18815001357867      o
   -1.35622037236501      4.10107744677162      1.54918464100548      h
    1.68974733145855      0.54532103636293     -2.18555288890150      o
   -1.19967378606555      0.44271554883788     -3.67600986256472      h
    3.16253339937192     -3.45559216365107      2.19690453843527      h
  0.84464882520546D-01  0.39819527848491D-01  -.90704564935731D-01
  -.22422383354636D-01  0.42876192614191D-03  -.11953070706283D-02
  0.12064443886351D+00  -.17282666610604D-01  -.95797483138444D-02
  -.33629412724657D-01  0.42271756514313D-01  -.33484794926174D-01
  0.13042664894486D-01  -.17530974258277D-01  -.25536212348388D-02
  -.16237862485874D-02  0.15846949242262D-02  -.39299308118459D-02
  -.92013073688085D-01  -.32614664010607D-01  0.95590709242790D-01
  -.72595260828127D-01  -.25309639200236D-01  0.49028533747926D-01
  0.41319313197061D-02  0.86332023390849D-02  -.31712757119709D-02
$end
$grad          cartesian gradients
  cycle =    336   ex. state energy =    -1151.8579869995 |dE/dxyz| =  0.411348
    0.10514012491686     -0.14198983392645      0.28706286851184      ti
    1.69014467821530     -2.38711352703597      2.34117564430574      o
   -2.55537386654246     -0.31543040977318     -2.96988852861373      o
   -3.76623481912670      0.94929935779447     -3.71342057550639      h
   -0.93289925350918      2.44664035399098      2.19363325318351      o
   -1.35592549713808      4.09752848910498      1.53341639507472      h
    1.67848736570603      0.54537188827169     -2.17728618756471      o
   -1.13114900749905      0.55619042977044     -3.90891191090439      h
    3.15597003736071     -3.45018328520581      2.16734968555690      h
  0.97559005827448D-01  0.45539081521216D-01  -.11472213217554D+00
  -.29417570065556D-01  0.47411629530878D-02  -.39970821356065D-02
  0.96405009025170D-02  -.54390791678951D-01  0.41412187346031D-01
  0.79476662540646D-02  0.21792862845043D-01  -.22816654093872D-01
  0.17695801504083D-01  -.22313395457536D-01  -.27321928273048D-02
  -.31289375502056D-02  0.28316591263618D-02  -.59346657550307D-02
  -.10559352989068D+00  -.36990284265097D-01  0.12399687390050D+00
  -.41438988126259D-03  0.30992049251657D-01  -.10887930994676D-01
  0.57114536631178D-02  0.77976551735835D-02  -.43184032984565D-02
$end
$grad          cartesian gradients
  cycle =    337   ex. state energy =    -1151.8070551167 |dE/dxyz| =  0.437366
    0.09806376232821     -0.14437820280795      0.27684394785314      ti
    1.68369717372185     -2.38116259307310      2.33830369265224      o
   -2.54338008968346     -0.31460008845286     -2.95029925974345      o
   -3.50204408925200      0.77831960640587     -3.43449364308821      h
   -0.92890369283244      2.45092839089408      2.19917447071963      o
   -1.35118726012269      4.09165637730280      1.52173746338572      h
    1.66910067204574      0.54641010983478     -2.16993913297797      o
   -1.05829165287189      0.64560413401246     -4.12890516653532      h
    3.14799884786717     -3.44142810184579      2.13578453044123      h
  0.11540064608805D+00  0.47305714320828D-01  -.12494794891158D+00
  -.30730646177304D-01  0.46969622032596D-02  -.42783349335222D-02
  -.21853639847973D+00  0.14018970083462D+00  -.29306450884734D-01
  0.21104900814772D+00  -.19232146443972D+00  0.68188765032450D-01
  0.14503251841269D-01  -.17328381861638D-01  0.23324391824886D-03
  -.29965158102513D-02  0.79577360466988D-03  -.54915377600591D-02
  -.11665177945990D+00  -.42904399468480D-01  0.13730321437640D+00
  0.22367404121471D-01  0.51293767025628D-01  -.37674132442334D-01
  0.55950306700001D-02  0.82723273569485D-02  -.40268186291790D-02
$end
$grad          cartesian gradients
  cycle =    338   ex. state energy =    -1151.7638597573 |dE/dxyz| =  0.433025
    0.09078138807225     -0.14719712441556      0.26701112382932      ti
    1.67693305318088     -2.37551186582796      2.33520778938924      o
   -2.51983153424445     -0.32162949477744     -2.92962742747664      o
   -3.41704621121037      0.76924293152421     -3.21008968146610      h
   -0.92554219631593      2.45614984179522      2.20461299424571      o
   -1.34226521243959      4.08506613327645      1.51414437005681      h
    1.66216885881600      0.54864201317868     -2.16415328403927      o
   -1.00668628036750      0.68683881036758     -4.30276471549983      h
    3.13879484097612     -3.42945982705674      2.10295725232714      h
  0.12961732041322D+00  0.45320856516771D-01  -.11737414276421D+00
  -.26522403897937D-01  0.13794766280015D-02  -.17874925135264D-02
  -.31941807878770D+00  0.29055216388838D+00  -.48459174522647D-01
  0.30586482725497D+00  -.33033553683551D+00  0.68425928371084D-01
  0.60815414113341D-02  -.73318845844684D-02  0.46887823662455D-02
  -.19197651092237D-02  -.33922854122465D-02  -.36049663675550D-02
  -.12066075180588D+00  -.46419664789804D-01  0.12836290831009D+00
  0.23146361894446D-01  0.40707668202524D-01  -.27238128784415D-01
  0.38109497852544D-02  0.95192060199043D-02  -.30137143993524D-02
$end
$grad          cartesian gradients
  cycle =    339   ex. state energy =    -1151.8325004418 |dE/dxyz| =  0.395897
    0.08327296314091     -0.15042671429022      0.25771231191533      ti
    1.66984829506312     -2.37020612485139      2.33190077566966      o
   -2.47885789973066     -0.34388946277297     -2.90861927044636      o
   -3.59793922750307      1.04356438438120     -3.04164287472398      h
   -0.92279278095531      2.46201044489163      2.20990351883893      o
   -1.32984029185729      4.08101071421455      1.50966495857034      h
    1.65803348465934      0.55220118093489     -2.16034037719652      o
   -0.98783440105577      0.67518816845787     -4.41650691776516      h
    3.12930551066231     -3.41500742889009      2.06915713143985      h
  0.12959501450512D+00  0.43919291151753D-01  -.11688792100968D+00
  -.21033110562741D-01  -.21925361250364D-02  0.20326851983879D-02
  -.49027639072151D-01  -.89820079539988D-02  0.12606061722736D-01
  0.31548255645438D-01  -.19001158942364D-01  -.68756687140477D-02
  0.29842648518422D-02  0.11298899387772D-02  0.69650434229932D-02
  -.12368110433354D-02  -.75057660804391D-02  -.19282864385809D-02
  -.11800786592123D+00  -.44895237421402D-01  0.12063341045095D+00
  0.23609956414515D-01  0.27749394909587D-01  -.14068965785263D-01
  0.15679358363755D-02  0.97781306435212D-02  -.24763575854033D-02
$end
$grad          cartesian gradients
  cycle =    340   ex. state energy =    -1151.8245027124 |dE/dxyz| =  0.346753
    0.07642834148895     -0.15364382630603      0.25012481330784      ti
    1.66323840471157     -2.36590449381290      2.32879922852627      o
   -2.44015738594346     -0.36181942371521     -2.89437203295143      o
   -3.78461321627007      1.29700421005969     -2.88432436950287      h
   -0.92094802182890      2.46755567636129      2.21443442502030      o
   -1.31597212311848      4.08330727249575      1.50767385967048      h
    1.65744978305219      0.55672376195081     -2.15909440259187      o
   -1.01179111736283      0.61457845989416     -4.44919247425702      h
    3.12194540403766     -3.40073718331111      2.03847258262965      h
  0.12296843573383D+00  0.40747401669326D-01  -.12433696016062D+00
  -.17225808955032D-01  -.42270633242168D-02  0.40506009730332D-02
  0.70830106593812D-02  -.84949291374007D-01  0.22577005482106D-01
  -.34785552080600D-01  0.53586728035763D-01  -.48474001371319D-02
  0.22264433194663D-02  0.72938201371944D-02  0.86498428442942D-02
  -.68230787946546D-03  -.92163638413563D-02  -.73755915519196D-03
  -.11354103511367D+00  -.42873338377686D-01  0.11972122761368D+00
  0.33930658455930D-01  0.29945240405276D-01  -.22932384822161D-01
  0.26155673991328D-04  0.96928668263967D-02  -.21443718058166D-02
$end
$grad          cartesian gradients
  cycle =    341   ex. state energy =    -1151.8238711329 |dE/dxyz| =  0.286315
    0.06870035856302     -0.15748872792604      0.24242958158787      ti
    1.65558193304388     -2.36158868315595      2.32522445831186      o
   -2.39950849041550     -0.37524211897402     -2.88308352559291      o
   -3.94679180898136      1.50943574288015     -2.70610296529699      h
   -0.91948671791664      2.47388577082361      2.21926303496272      o
   -1.29790382946326      4.09314382217495      1.50695366933920      h
    1.66002282169468      0.56305322127736     -2.15978073685398      o
   -1.08203838013891      0.50210574121010     -4.41467798712177      h
    3.11582452209672     -3.38420912536102      2.00395473406880      h
  0.10866566417256D+00  0.27820314889029D-01  -.11293484536060D+00
  -.90109290153714D-02  -.61678771209137D-02  0.88184118044131D-02
  -.55599279463453D-01  -.38767659066040D-01  0.45053102945751D-01
  0.75714033938356D-03  -.18997398450476D-02  -.15722035680815D-02
  -.38376235912274D-02  0.16167343827816D-01  0.12371839545929D-01
  0.94571771559058D-03  -.79513494362967D-02  0.92190811020256D-03
  -.99583086913803D-01  -.40713730091932D-01  0.99420095760116D-01
  0.59271947039837D-01  0.43017997844159D-01  -.50349203418183D-01
  -.16095497439870D-02  0.84946993245347D-02  -.17291058581102D-02
$end
$grad          cartesian gradients
  cycle =    342   ex. state energy =    -1151.8456151124 |dE/dxyz| =  0.360679
    0.06103992448126     -0.16144685706419      0.23560790385501      ti
    1.64777395917572     -2.35787613178384      2.32160199604440      o
   -2.36328923196227     -0.38164425323461     -2.87582648602143      o
   -4.04491496500756      1.63558600515982     -2.53821099971730      h
   -0.91865186804195      2.48023257735269      2.22371217952566      o
   -1.27709002614375      4.10930764060854      1.50807767392810      h
    1.66580123353443      0.57045998490216     -2.16227693418467      o
   -1.19304886052255      0.35565182554875     -4.31416141839058      h
    3.11223693090236     -3.36759150360680      1.96990670934908      h
  0.10291191558661D+00  0.17821610864398D-01  -.98978785549667D-01
  -.81279155807945D-02  -.43986172501184D-02  0.97336788696469D-02
  -.46742430605274D-01  -.69835052270833D-02  0.29506237694944D-01
  0.87067381606483D-02  -.17087890730954D-01  -.24210724925166D-02
  -.60267313880886D-02  0.16405813343771D-01  0.14666921973626D-01
  0.38521426792526D-03  -.41292431104033D-02  -.62176953295258D-04
  -.95208916664558D-01  -.41048007727156D-01  0.83968053588964D-01
  0.45487154849755D-01  0.31565870670127D-01  -.34451182068376D-01
  -.13850281863074D-02  0.78539692855653D-02  -.19616751064039D-02
$end
$grad          cartesian gradients
  cycle =    343   ex. state energy =    -1151.8533789578 |dE/dxyz| =  0.435321
    0.05345046053292     -0.16546136879574      0.22953986635005      ti
    1.63982206240820     -2.35480925924072      2.31790129218172      o
   -2.33236043265805     -0.38254780568417     -2.87065410828683      o
   -4.07971418758982      1.68109753364901     -2.38739159089497      h
   -0.91846768256015      2.48672563327088      2.22768606479889      o
   -1.25259390755011      4.12916975056370      1.51212772816383      h
    1.67469692122997      0.57884028892827     -2.16620262540278      o
   -1.32927093604822      0.19345591325290     -4.17136475373030      h
    3.11058920150495     -3.35041598482622      1.93647664422463      h
  0.99146914763035D-01  0.10183237926652D-01  -.90722099928941D-01
  -.98801821508769D-02  -.25283594051309D-02  0.10103081597737D-01
  0.27059894915622D-01  0.33778314620649D-01  -.55403615977385D-01
  0.63338484277958D-02  -.15127470192022D-01  -.23484136127521D-02
  -.68005527996008D-02  0.15068972873516D-01  0.17100527316064D-01
  -.50207841745394D-03  0.93076715129172D-04  -.15174232445647D-02
  -.93085629633174D-01  -.40633842093179D-01  0.73974220547534D-01
  -.22081785220723D-01  -.81622327420253D-02  0.51378796379686D-01
  -.19042922435599D-03  0.73283022165174D-02  -.25650730522331D-02
$end
$grad          cartesian gradients
  cycle =    344   ex. state energy =    -1151.8282693200 |dE/dxyz| =  0.468670
    0.04587496305911     -0.16952376352512      0.22400602332151      ti
    1.63167085336498     -2.35241655668278      2.31403617307960      o
   -2.30971460975754     -0.38088501231295     -2.86217152887476      o
   -4.05265880299087      1.65196977146941     -2.25764094396227      h
   -0.91898423800290      2.49360129495570      2.23110964992285      o
   -1.22311797417648      4.14992572195645      1.52045554494879      h
    1.68665807488120      0.58819087645211     -2.17117955375310      o
   -1.43669446279885      0.05419075466255     -4.06221293940351      h
    3.10974823043936     -3.33165890158575      1.90358513473050      h
  0.97229508792290D-01  0.43282599101682D-02  -.89797611827626D-01
  -.10578419487792D-01  -.17066228916708D-02  0.11508430352760D-01
  0.13926501986588D+00  0.89621882018458D-01  -.21215686415218D+00
  0.77311270009620D-02  -.16139357829968D-01  -.26047084600201D-02
  -.84516182968097D-02  0.15499555792008D-01  0.19452271169646D-01
  -.82839243581270D-03  0.32084856012433D-02  -.23325141219431D-02
  -.90115259950150D-01  -.39447363838854D-01  0.69903468825116D-01
  -.13518616914064D+00  -.61923723921229D-01  0.20922399156944D+00
  0.93420431281285D-03  0.65588849293752D-02  -.31964632212656D-02
$end
$grad          cartesian gradients
  cycle =    345   ex. state energy =    -1151.8407221237 |dE/dxyz| =  0.416632
    0.03833467497221     -0.17359665385152      0.21880637710050      ti
    1.62330132834672     -2.35076107435627      2.30993609358200      o
   -2.30135199575433     -0.38007502754593     -2.84103880603981      o
   -3.96169773617233      1.54953346497155     -2.15431750606173      h
   -0.92027054685071      2.50101167595665      2.23388849768875      o
   -1.18765356729148      4.16954455323416      1.53408800113527      h
    1.70159839133420      0.59849221044507     -2.17679822155202      o
   -1.42028987722375     -0.01097878182028     -4.12516508110934      h
    3.10862323126644     -3.31039327366786      1.87139393563390      h
  0.95842971287591D-01  0.31797763447987D-03  -.95708008783072D-01
  -.94965656687921D-02  -.18303096956030D-02  0.13277512899712D-01
  0.87282990825693D-01  0.68927281893514D-01  -.15845907679949D+00
  0.14411673580476D-01  -.22515230184292D-01  -.38323771180821D-02
  -.10883121228831D-01  0.18299926749814D-01  0.20912382008070D-01
  -.35461130485209D-03  0.41030140090809D-02  -.20539581166699D-02
  -.86295914975366D-01  -.37227854303630D-01  0.70647373045475D-01
  -.91849584998051D-01  -.35835572861280D-01  0.15881984058155D+00
  0.13421630537847D-02  0.57607663831447D-02  -.36036872963591D-02
$end
$grad          cartesian gradients
  cycle =    346   ex. state energy =    -1151.8558968732 |dE/dxyz| =  0.319938
    0.03172228803416     -0.17716708315898      0.21433503202938      ti
    1.61558703468245     -2.35009524042720      2.30599135987698      o
   -2.30630030232866     -0.37878608123579     -2.81145079791591      o
   -3.81299557944099      1.38268625496110     -2.09510028913370      h
   -0.92222842160187      2.50816473971484      2.23564538691560      o
   -1.14951535367713      4.18534229769016      1.55181561566274      h
    1.71785683333884      0.60860955358879     -2.18203881069536      o
   -1.31701967022834     -0.01742802681040     -4.31352785461262      h
    3.10674231529382     -3.28838261215088      1.84355925591181      h
  0.93054645470399D-01  -.11821820863848D-02  -.10662316635418D+00
  -.83208353287406D-02  -.29212115378751D-02  0.13889731815885D-01
  -.15173035444772D-01  0.26496619726591D-01  -.79690659214311D-02
  0.17093973164980D-01  -.21590167184835D-01  -.30043111185897D-02
  -.12070757830538D-01  0.22347835627209D-01  0.21271953330977D-01
  0.31405314715652D-03  0.22894713133579D-02  -.93153111026003D-03
  -.83612608552800D-01  -.33845866995500D-01  0.74670284541122D-01
  0.78805724188338D-02  0.25228385910139D-02  0.12319932839606D-01
  0.83399322973068D-03  0.58826622618773D-02  -.36238277859976D-02
$end
$grad          cartesian gradients
  cycle =    347   ex. state energy =    -1151.8525742181 |dE/dxyz| =  0.320333
    0.02527873739326     -0.18061591444608      0.20988696813221      ti
    1.60748890907097     -2.35028947365390      2.30169386384208      o
   -2.31865095687105     -0.37455380252319     -2.77842389193102      o
   -3.59366765937003      1.13706043577324     -2.07533677586382      h
   -0.92501053767793      2.51576366031749      2.23664213177747      o
   -1.10450065427423      4.20073289803175      1.57468624040149      h
    1.73715171807538      0.61971858963956     -2.18723121462337      o
   -1.21019407154887     -0.00949108892108     -4.50702823956022      h
    3.10425561060764     -3.26323639046829      1.81638148277169      h
  0.89669568325092D-01  0.10451122179056D-01  -.12996007653137D+00
  -.11044656062264D-01  -.26675296793187D-02  0.10517144136215D-01
  0.90456821720405D-02  -.27113490881320D-01  0.11573625133644D-01
  -.15792868267666D-01  0.24252913101226D-01  0.19908674754743D-01
  -.35400953319477D-02  0.19215695970271D-01  0.21660070439658D-01
  -.14512992252468D-02  -.12687046291851D-02  -.17669118852522D-02
  -.92024357942221D-01  -.33134739962475D-01  0.94848936268482D-01
  0.24946632125884D-01  0.31704139911069D-02  -.23489174359087D-01
  0.19139405700803D-03  0.70943202524491D-02  -.32922878841307D-02
$end
$grad          cartesian gradients
  cycle =    348   ex. state energy =    -1151.8463291282 |dE/dxyz| =  0.382028
    0.01959065191748     -0.18361393124153      0.20570033544364      ti
    1.59943915047609     -2.35136165355458      2.29730723100202      o
   -2.33471113581460     -0.36786209711401     -2.74784009785142      o
   -3.33295459769429      0.84499589556042     -2.09872583759528      h
   -0.92840044644389      2.52300746556053      2.23674889545555      o
   -1.05578666900355      4.21695649974746      1.60007578341377      h
    1.75807820239221      0.63102744826173     -2.19176000426737      o
   -1.14309867480670     -0.00086067075777     -4.63085962845591      h
    3.10237640955381     -3.23723891736996      1.79153204163273      h
  0.83421132427953D-01  0.11722699750928D-01  -.11734622609208D+00
  -.81951325641027D-02  -.21996893225204D-02  0.10065261272112D-01
  -.66002434001381D-01  0.81122477260228D-01  0.26739785952985D-01
  0.70885795012119D-01  -.77962476978553D-01  -.19660564515195D-01
  -.25541695615700D-02  0.20847505421323D-01  0.22490767878941D-01
  -.15757413616791D-02  -.40167118233769D-02  -.13626863505773D-02
  -.89762717530357D-01  -.33074851892222D-01  0.86553083383367D-01
  0.15300693175220D-01  -.44049983500584D-02  -.46083343456676D-02
  -.15174258620760D-02  0.79660454191187D-02  -.28710879258696D-02
$end
$grad          cartesian gradients
  cycle =    349   ex. state energy =    -1151.7548092515 |dE/dxyz| =  0.424034
    0.01476665566073     -0.18610387831343      0.20173365976169      ti
    1.59128312871905     -2.35326686937780      2.29279344047638      o
   -2.34815308732677     -0.36547000228506     -2.72367352357463      o
   -3.12483668132869      0.61720234422882     -2.11807382510243      h
   -0.93232290987663      2.52963070110508      2.23593468307263      o
   -1.00357863011579      4.23598181149537      1.62689077505994      h
    1.78041032215263      0.64248526566736     -2.19546198271497      o
   -1.12357764648069      0.00539018426232     -4.66710883079637      h
    3.10237960604078     -3.21112291272638      1.76855413064767      h
  0.74120641174121D-01  0.71053966499970D-02  -.10442763029821D+00
  -.56144723072500D-02  -.29483032003048D-02  0.10600797939761D-01
  -.32342157581822D+00  0.41434081711086D+00  0.21002988752356D+00
  0.33343789118953D+00  -.40964371521035D+00  -.21638745302866D+00
  -.36503672524859D-02  0.24174866051581D-01  0.23789735393454D-01
  -.12851097325089D-02  -.43944130122972D-02  -.78569412023229D-03
  -.82607475240155D-01  -.30334099361666D-01  0.71997962113646D-01
  0.11790785357850D-01  -.69159971848370D-02  0.78187824423003D-02
  -.27703173947629D-02  0.86154477539692D-02  -.26363881367351D-02
$end
$grad          cartesian gradients
  cycle =    350   ex. state energy =    -1151.8304738214 |dE/dxyz| =  0.412661
    0.01077604323423     -0.18809316272296      0.19784187730408      ti
    1.58266894693575     -2.35603384527821      2.28797500423898      o
   -2.34493517950199     -0.38556695981625     -2.71644133062212      o
   -3.19222009052504      0.73735540712348     -1.96059624860198      h
   -0.93684183009119      2.53568612126524      2.23410289065419      o
   -0.94629194963990      4.25854393484257      1.65556478799299      h
    1.80455609187355      0.65435481619996     -2.19824429534828      o
   -1.15243584307860      0.00905335491189     -4.61134608447860      h
    3.10509304809564     -3.18457234236976      1.74650808016518      h
  0.68887020165861D-01  0.48718366102262D-02  -.10822931657950D+00
  -.62312544748374D-02  -.21726558792969D-02  0.10243713091564D-01
  -.11686872667564D+00  0.15658033120788D+00  0.79488598702380D-01
  0.12573255664400D+00  -.15355208138305D+00  -.71835413737761D-01
  -.36108692776014D-02  0.22222529171742D-01  0.24750995305483D-01
  -.11910083735391D-02  -.16946142016362D-02  -.13878866213313D-02
  -.78553604098499D-01  -.28650958135842D-01  0.72846889524581D-01
  0.14429120318877D-01  -.61948178680200D-02  -.30303911675823D-02
  -.25932336584388D-02  0.85904301954324D-02  -.28471885949392D-02
$end
$grad          cartesian gradients
  cycle =    351   ex. state energy =    -1151.8587722424 |dE/dxyz| =  0.356722
    0.01011910962049     -0.18834117211416      0.19618528999184      ti
    1.57861475925551     -2.35810304402899      2.28564110062034      o
   -2.33795667596467     -0.40320977713886     -2.72270058019994      o
   -3.32409672483829      0.92509743783351     -1.84003468666928      h
   -0.93937645430594      2.53769839094683      2.23219599416103      o
   -0.91707317590390      4.26942632840628      1.66997155334671      h
    1.81617510827141      0.65960332028531     -2.19803464538487      o
   -1.21293593522583      0.00838201337702     -4.49622590968442      h
    3.10885637607798     -3.17310246681166      1.73848110243434      h
  0.69804270277986D-01  0.45477277879876D-02  -.12170079994538D+00
  -.87649942027188D-02  -.11626594429617D-02  0.95760846519102D-02
  -.94793439866730D-02  0.84254648919918D-02  0.14918173677161D-01
  0.14519230750590D-01  -.81410317930525D-02  0.16008591529039D-01
  -.33070662742559D-02  0.19406214060409D-01  0.24466145582274D-01
  -.92740694641965D-03  0.56063117676593D-03  -.18902522430794D-02
  -.80611391677516D-01  -.28731293811981D-01  0.82122655885770D-01
  0.20199346562612D-01  -.32033330243493D-02  -.20254354459087D-01
  -.14326436229529D-02  0.82982796316428D-02  -.32462447676923D-02
$end
$grad          cartesian gradients
  cycle =    352   ex. state energy =    -1151.8581398204 |dE/dxyz| =  0.304760
    0.01013841694529     -0.18810987297219      0.19323827690605      ti
    1.57129890725320     -2.36264602220733      2.28132232425972      o
   -2.32661315785820     -0.43506799929955     -2.73747071166708      o
   -3.55971081047496      1.26208463978115     -1.65724820636116      h
   -0.94444319858735      2.54068776375567      2.22768033576542      o
   -0.86165074920755      4.28787167024245      1.69759658314156      h
    1.83742127428213      0.66877370236651     -2.19591122748941      o
   -1.36284138931797      0.00651477135692     -4.21363919443671      h
    3.11729104302487     -3.15287751764073      1.72649661104037      h
  0.75880684342108D-01  -.23828985838754D-01  -.94636070205818D-01
  -.58009386249329D-02  -.36270544922613D-02  0.14528204459626D-01
  -.87244019194772D-02  0.27255499587344D-01  -.10067722816793D-01
  0.18485476234103D-01  -.15116249932309D-01  -.33191107493333D-02
  -.21268443342689D-01  0.28291260817409D-01  0.20721788107706D-01
  0.16927498210303D-02  0.48204666467899D-02  0.21093017335870D-03
  -.59407606132712D-01  -.21253604197854D-01  0.50647952901956D-01
  -.41766112486334D-03  -.37067035320492D-02  0.25965729437854D-01
  -.43985869712095D-03  0.71653708852749D-02  -.40517010098436D-02
$end
$grad          cartesian gradients
  cycle =    353   ex. state energy =    -1151.8426647998 |dE/dxyz| =  0.365349
    0.01132474445375     -0.18723674294982      0.19071239733067      ti
    1.56553229653503     -2.36715075067672      2.27770306535801      o
   -2.32407468372232     -0.45826719083064     -2.74621340596640      o
   -3.69931820503539      1.47187783611932     -1.56962385189128      h
   -0.94913750494223      2.54278587893262      2.22294144056772      o
   -0.81435937820062      4.29849476603612      1.72238786620281      h
    1.85452976084462      0.67577167871612     -2.19206550917524      o
   -1.47932650392082      0.02341946418779     -3.98916859452662      h
    3.12390732515552     -3.13633066184896      1.72004060618796      h
  0.75243226740616D-01  -.30701985265757D-01  -.79057326842846D-01
  -.55122837286528D-02  -.25602564668472D-02  0.15475231372466D-01
  0.85553258245025D-01  0.94683021312323D-01  -.16817601162058D+00
  0.22401664527274D-01  -.23414259593838D-01  -.56914221064147D-02
  -.25298279759753D-01  0.30369475503980D-01  0.20950194020417D-01
  0.24861707527779D-02  0.68867476314150D-02  0.28943614053000D-03
  -.53476936172701D-01  -.20956935752560D-01  0.38735201600353D-01
  -.10171551507849D+00  -.60987152073622D-01  0.18191892336750D+00
  0.31869475094662D-03  0.66813446613220D-02  -.44442262421438D-02
$end
$grad          cartesian gradients
  cycle =    354   ex. state energy =    -1151.8422921610 |dE/dxyz| =  0.444827
    0.01360107571682     -0.18570757526486      0.18796325571683      ti
    1.56004118934427     -2.37241167161533      2.27397024855833      o
   -2.33389491573930     -0.48201096932387     -2.74292135672845      o
   -3.78383082942699      1.61428662869897     -1.53403841952214      h
   -0.95444203397334      2.54474546791337      2.21719833164216      o
   -0.76538692426791      4.30354077770524      1.74955948811231      h
    1.87111987789670      0.68221534204485     -2.18599239216235      o
   -1.49349896183388      0.11354598305908     -3.91669191872696      h
    3.12934615646240     -3.11957538234373      1.71720761218050      h
  0.72108575058128D-01  -.31060467766294D-01  -.73538176098006D-01
  -.57748525411066D-02  -.20779150963541D-02  0.15251927405284D-01
  0.10723481057272D+00  0.10626568293695D+00  -.18242856399796D+00
  0.13242760880160D-01  -.13702706528139D-01  -.13431948575959D-02
  -.24781182902796D-01  0.30148184199055D-01  0.21093219987386D-01
  0.25061741577357D-02  0.67159418457016D-02  0.44143372789018D-03
  -.50651553379706D-01  -.21429233918830D-01  0.33007760651994D-01
  -.11409771370110D+00  -.81778618016412D-01  0.19203989253604D+00
  0.21298238530931D-03  0.69191321835567D-02  -.45242993102670D-02
$end
$grad          cartesian gradients
  cycle =    355   ex. state energy =    -1151.8681761526 |dE/dxyz| =  0.458126
    0.01683100987091     -0.18357883559302      0.18502388338306      ti
    1.55493555701766     -2.37825366492825      2.27019486991037      o
   -2.35580138166476     -0.50694559579450     -2.72788476838147      o
   -3.81512543620512      1.68862318673667     -1.54099237336717      h
   -0.96023053199070      2.54657245906674      2.21064865934731      o
   -0.71611932806247      4.30341001080099      1.77816341769037      h
    1.88669341142342      0.68795708510990     -2.17788725057518      o
   -1.39573786440343      0.29024867361199     -4.00284340491496      h
    3.13356487188261     -3.10326795664469      1.71795401327573      h
  0.69599465544893D-01  -.29361919590030D-01  -.69825240725857D-01
  -.50347524991192D-02  -.22218093109092D-02  0.14584524101622D-01
  0.48467866972063D-03  0.23130043453896D-01  -.24586126436558D-01
  0.82764573641572D-02  -.92213209791105D-02  0.34187097453013D-03
  -.23622212870110D-01  0.30450961945790D-01  0.20042581997892D-01
  0.24013146143354D-02  0.45851351544367D-02  0.10177506658031D-02
  -.48701126818663D-01  -.21424156656957D-01  0.29678608468058D-01
  -.25253744931783D-02  -.34098483599278D-02  0.33029502930776D-01
  -.87844935090191D-03  0.74729139823379D-02  -.42834719314186D-02
$end
$grad          cartesian gradients
  cycle =    356   ex. state energy =    -1151.8587055305 |dE/dxyz| =  0.419589
    0.02090812038625     -0.18086783705824      0.18194133107140      ti
    1.55013548426918     -2.38459079168476      2.26638743316187      o
   -2.38288821298560     -0.52833696838241     -2.71071957049596      o
   -3.79854700313897      1.69658595789135     -1.58270784992171      h
   -0.96641336421152      2.54816246908676      2.20338722495325      o
   -0.66680531629020      4.29990373235484      1.80747013671272      h
    1.90127560688998      0.69306565145268     -2.16800909136045      o
   -1.28652361082510      0.47554787235052     -4.10131276860974      h
    3.13752399018488     -3.08804798013355      1.72175758515397      h
  0.71116203321478D-01  -.26292647412891D-01  -.69849742936978D-01
  -.33471897327267D-02  -.32505349248154D-02  0.13967096274162D-01
  -.55238348690866D-01  -.23427470047586D-01  0.44934083175814D-01
  0.88469808248889D-02  -.10619307480311D-01  0.28534758208848D-03
  -.23226945557880D-01  0.32207777620196D-01  0.18812365805004D-01
  0.23160495581336D-02  0.16743074169422D-02  0.16828999849631D-02
  -.48603767897836D-01  -.21210375049115D-01  0.31348876045754D-01
  0.50551043897399D-01  0.42830158173773D-01  -.37373782531416D-01
  -.24140262051665D-02  0.80880911926937D-02  -.38071441867263D-02
$end
$grad          cartesian gradients
  cycle =    357   ex. state energy =    -1151.8361604083 |dE/dxyz| =  0.356554
    0.02616123010598     -0.17731111063614      0.17846887584274      ti
    1.54503418699140     -2.39199306371823      2.26216494826776      o
   -2.41484518730141     -0.54552420754572     -2.69370022738130      o
   -3.73642673073036      1.63815707318512     -1.65927263506871      h
   -0.97352938479259      2.54951144990816      2.19472666647940      o
   -0.61241533025585      4.29476191362211      1.83979357402546      h
    1.91643967913291      0.69818607834593     -2.15566622952475      o
   -1.19758369095830      0.64270391908087     -4.16024662343210      h
    3.14291556473692     -3.07303495990775      1.72837625236432      h
  0.75117474539076D-01  -.21399706807509D-01  -.73166279398496D-01
  -.15981147171319D-02  -.48772115095978D-02  0.13647565080644D-01
  -.77978492062559D-01  -.39547625608905D-01  0.62740400914863D-01
  0.12474222687406D-01  -.14370245925740D-01  -.10490844649135D-02
  -.23057673812304D-01  0.33553660330329D-01  0.17883768542991D-01
  0.22679824659370D-02  -.80990871659176D-03  0.20746427287707D-02
  -.50219414677390D-01  -.20923320919035D-01  0.36188285853293D-01
  0.66707495130183D-01  0.59818250351573D-01  -.54954383830915D-01
  -.37134803704121D-02  0.85561079200048D-02  -.33649160145926D-02
$end
$grad          cartesian gradients
  cycle =    358   ex. state energy =    -1151.8189575956 |dE/dxyz| =  0.360748
    0.03215900011934     -0.17316550116616      0.17496837262245      ti
    1.53995592590611     -2.39983372006312      2.25785626653524      o
   -2.44847075556098     -0.55526575347130     -2.67925331164653      o
   -3.63278031588691      1.50814844906442     -1.76574188253841      h
   -0.98093166260077      2.55031859230846      2.18531372985649      o
   -0.55734657315169      4.28966214132448      1.87208916473400      h
    1.93096125443788      0.70301486759248     -2.14208192952012      o
   -1.14749602752332      0.75750835900893     -4.15547361103418      h
    3.15042906770175     -3.06011369059854      1.73699049781715      h
  0.78317326379182D-01  -.11781149209742D-01  -.80858576816950D-01
  -.16109055836778D-02  -.64505431937406D-02  0.13692662915936D-01
  -.69432252491566D-01  -.54864788823250D-01  0.47552913724881D-01
  0.72187375400916D-02  -.33430695847675D-04  0.27443391168088D-02
  -.20889208301745D-01  0.30611528339651D-01  0.17678539575886D-01
  0.22625030047263D-02  -.15362459810350D-02  0.18026458279829D-02
  -.53905659865619D-01  -.20837838540733D-01  0.42996784157203D-01
  0.61842666419694D-01  0.56284332532205D-01  -.42161611675114D-01
  -.38032060960580D-02  0.86081344185120D-02  -.34476965779726D-02
$end
$grad          cartesian gradients
  cycle =    359   ex. state energy =    -1151.8249295208 |dE/dxyz| =  0.520225
    0.03887907108244     -0.16844361766478      0.17152235523940      ti
    1.53483015509337     -2.40811611031230      2.25340199877294      o
   -2.48380117690447     -0.55695816200774     -2.66716903390563      o
   -3.49074095572998      1.30112973637820     -1.90244331024142      h
   -0.98855092988980      2.55052194511317      2.17505732385789      o
   -0.50160078088196      4.28429591777511      1.90448167576325      h
    1.94500254015800      0.70773454590098     -2.12750458352224      o
   -1.13416012364122      0.81487503518263     -4.08761372674352      h
    3.16018260529815     -3.04929909118212      1.74750245378481      h
  0.81116858273272D-01  0.75287993891692D-02  -.97354936829058D-01
  -.75526612941431D-02  -.54437041665860D-02  0.11773440177088D-01
  -.10799286283360D-01  -.98638832348509D-01  -.12632848255539D-01
  -.20855527623941D-01  0.62323321841849D-01  0.23964329598566D-01
  -.11751919653875D-01  0.20396410081289D-01  0.20582156372771D-01
  0.15246506354173D-02  0.43450962352493D-03  -.39358926404154D-03
  -.61757598555950D-01  -.24329276567034D-01  0.57548986252054D-01
  0.32022630585296D-01  0.28460462300247D-01  0.61148916707965D-03
  -.19471453006146D-02  0.92683084467460D-02  -.40990270881340D-02
$end
$grad          cartesian gradients
  cycle =    360   ex. state energy =    -1151.8422354685 |dE/dxyz| =  0.582367
    0.04635463478222     -0.16315417094701      0.16821239714526      ti
    1.52963427852757     -2.41690250732582      2.24869882310750      o
   -2.52069120444044     -0.55064268743528     -2.65724489488192      o
   -3.32035971562700      1.01954929457800     -2.06649172123457      h
   -0.99633471054356      2.55015278236182      2.16379714808838      o
   -0.44541069495515      4.27685695108926      1.93745391188672      h
    1.95877917516834      0.71252328856979     -2.11204334784027      o
   -1.15419028727448      0.81246133519401     -3.96150831700963      h
    3.17129439216316     -3.04015795975760      1.76021181726800      h
  0.76893716673592D-01  0.14157779846794D-01  -.11174796330260D+00
  -.12439762881524D-01  -.32252438364199D-02  0.10280520825003D-01
  -.36027587977469D-01  -.54729214541954D-01  0.13789123893062D-01
  0.21574596633175D-01  0.10262284050840D-01  -.44889111700611D-03
  -.78389510073730D-02  0.14250635473520D-01  0.20711317488459D-01
  0.20383419273742D-02  0.36848603210542D-02  -.12044299574055D-02
  -.69771765768938D-01  -.30308182118798D-01  0.69247928403340D-01
  0.24940727716793D-01  0.35374575426212D-01  0.41603563100286D-02
  0.63068513936172D-03  0.10532504164208D-01  -.47879624193903D-02
$end
