$energy      SCF               SCFKIN            SCFPOT
     1 -1152.071802755      1149.02351     -2301.09531     0.1837159064165
     2 -1152.079915304      1148.80195     -2300.88187     0.1825927318972
     3 -1152.071249209      1148.62912     -2300.70037     0.1791131875227
     4 -1152.060203922      1148.51846     -2300.57866     0.1743073247343
     5 -1152.056814378      1148.45345     -2300.51027     0.1701398991840
     6 -1152.060780358      1148.42305     -2300.48383     0.1675883932312
     7 -1152.068077788      1148.41854     -2300.48662     0.1659193470841
     8 -1152.076254336      1148.41827     -2300.49452     0.1638474285082
     9 -1152.077760340      1148.41124     -2300.48900     0.1607322529453
    10 -1152.065359315      1148.36945     -2300.43480     0.1563335104618
    11 -1152.067092160      1148.16430     -2300.23139     0.1503224794991
    12 -1152.071672401      1147.89110     -2299.96277     0.1432873568410
    13 -1152.061790962      1147.69522     -2299.75701     0.1359271403995
    14 -1152.049035461      1147.58889     -2299.63792     0.1290952003973
    15 -1152.040059945      1147.54635     -2299.58640     0.1232877064212
    16 -1152.036594494      1147.53230     -2299.56890     0.1184887300261
    17 -1152.041010148      1147.51382     -2299.55483     0.1145377145839
    18 -1152.044295215      1147.51461     -2299.55891     0.1112680322669
    19 -1152.028931235      1147.57260     -2299.60153     0.1082415994800
    20 -1152.014872276      1147.56184     -2299.57671     0.1047400749549
    21 -1152.022933774      1147.40051     -2299.42344     0.1005845130933
    22 -1152.020217600      1147.27518     -2299.29539     0.9649042454951E-01
    23 -1152.007132947      1147.23928     -2299.24641     0.9277086829226E-01
    24 -1151.994289917      1147.26190     -2299.25619     0.8978028812792E-01
    25 -1151.989373747      1147.28902     -2299.27839     0.8757848833837E-01
    26 -1151.995943642      1147.29696     -2299.29291     0.8613977526535E-01
    27 -1152.004327423      1147.33619     -2299.34051     0.8526727496441E-01
    28 -1151.997710272      1147.46948     -2299.46719     0.8462147513262E-01
    29 -1151.979507977      1147.62407     -2299.60357     0.8341690272678E-01
    30 -1151.988933513      1147.60228     -2299.59121     0.8078386847398E-01
    31 -1151.998579468      1147.52800     -2299.52658     0.7778695835715E-01
    32 -1151.990256218      1147.53279     -2299.52305     0.7488571292428E-01
    33 -1151.976824646      1147.59155     -2299.56837     0.7253050898657E-01
    34 -1151.971998014      1147.63823     -2299.61023     0.7079858156076E-01
    35 -1151.979207775      1147.66331     -2299.64251     0.6959878562121E-01
    36 -1151.989900733      1147.72922     -2299.71912     0.6874512083211E-01
    37 -1151.991643744      1147.90030     -2299.89195     0.6804021687818E-01
    38 -1151.974273672      1148.16065     -2300.13492     0.6716056204924E-01
    39 -1151.971932195      1148.29496     -2300.26689     0.6563638307572E-01
    40 -1151.988477459      1148.26062     -2300.24910     0.6358520920134E-01
    41 -1151.982901956      1148.26542     -2300.24832     0.6161371552157E-01
    42 -1151.966042310      1148.31238     -2300.27842     0.5998439845774E-01
    43 -1151.957173759      1148.33477     -2300.29195     0.5875647307259E-01
    44 -1151.959199355      1148.33890     -2300.29810     0.5769888468678E-01
    45 -1151.966124858      1148.38435     -2300.35047     0.5657562580843E-01
    46 -1151.970952561      1148.52033     -2300.49128     0.5529755476594E-01
    47 -1151.959428071      1148.75929     -2300.71871     0.5386461692015E-01
    48 -1151.943887220      1148.94715     -2300.89104     0.5197613625391E-01
    49 -1151.960659886      1148.88202     -2300.84268     0.4948286786039E-01
    50 -1151.962686534      1148.76530     -2300.72798     0.4722798939481E-01
    51 -1151.948151693      1148.66126     -2300.60941     0.4523090230592E-01
    52 -1151.938970654      1148.53696     -2300.47593     0.4353545164063E-01
    53 -1151.939210354      1148.41222     -2300.35143     0.4186679592757E-01
    54 -1151.946146996      1148.33531     -2300.28146     0.4001273581704E-01
    55 -1151.956782160      1148.34110     -2300.29788     0.3795613174644E-01
    56 -1151.957861805      1148.45632     -2300.41418     0.3583020499308E-01
    57 -1151.938632865      1148.61835     -2300.55698     0.3359236065589E-01
    58 -1151.945375526      1148.55166     -2300.49704     0.3119169053979E-01
    59 -1151.957673863      1148.32122     -2300.27889     0.2913010291281E-01
    60 -1151.947667829      1148.10280     -2300.05046     0.2754556308656E-01
    61 -1151.935243874      1147.90304     -2299.83828     0.2633030358382E-01
    62 -1151.928581615      1147.74651     -2299.67509     0.2520970689326E-01
    63 -1151.929551101      1147.66223     -2299.59178     0.2396246823143E-01
    64 -1151.938346564      1147.66635     -2299.60470     0.2256987111767E-01
    65 -1151.945649821      1147.77748     -2299.72313     0.2117672019681E-01
    66 -1151.930122356      1147.99265     -2299.92277     0.1993993480279E-01
    67 -1151.915016091      1148.09069     -2300.00570     0.1869725659154E-01
    68 -1151.933656205      1147.88842     -2299.82207     0.1753662700065E-01
    69 -1151.933188001      1147.65734     -2299.59053     0.1695072663084E-01
    70 -1151.920033782      1147.46035     -2299.38038     0.1713364184842E-01
    71 -1151.904896457      1147.31207     -2299.21697     0.1773537429968E-01
    72 -1151.898645676      1147.24886     -2299.14750     0.1841750392829E-01
    73 -1151.906315678      1147.27042     -2299.17674     0.1908830006419E-01
    74 -1151.925573442      1147.37876     -2299.30433     0.1988235539513E-01
    75 -1151.940952113      1147.59572     -2299.53667     0.2119748685256E-01
    76 -1151.922574717      1147.91844     -2299.84102     0.2344705326141E-01
    77 -1151.912563433      1148.02578     -2299.93834     0.2642709738419E-01
    78 -1151.949566577      1147.73522     -2299.68479     0.2963389079445E-01
    79 -1151.952508332      1147.48811     -2299.44062     0.3311037407548E-01
    80 -1151.937455678      1147.35884     -2299.29630     0.3704678738855E-01
    81 -1151.927809456      1147.34161     -2299.26942     0.4092548175105E-01
    82 -1151.931901705      1147.41089     -2299.34279     0.4473132376547E-01
    83 -1151.948977879      1147.55367     -2299.50265     0.4858601540398E-01
    84 -1151.971745876      1147.76785     -2299.73960     0.5279045089582E-01
    85 -1151.984365767      1148.05492     -2300.03928     0.5784857797157E-01
    86 -1151.966470289      1148.36978     -2300.33625     0.6401342452764E-01
    87 -1151.965919666      1148.40882     -2300.37474     0.7055334443271E-01
    88 -1151.996303889      1148.14631     -2300.14261     0.7683186775488E-01
    89 -1151.990978626      1147.99096     -2299.98193     0.8358843116644E-01
    90 -1151.976026455      1147.97225     -2299.94828     0.9142316004302E-01
    91 -1151.970652251      1148.04431     -2300.01496     0.9996760744187E-01
    92 -1151.976421856      1148.17507     -2300.15149     0.1088649865532
    93 -1151.989142470      1148.34021     -2300.32935     0.1179038924737
    94 -1152.007037705      1148.50489     -2300.51192     0.1259241457455
    95 -1152.023112614      1148.66353     -2300.68664     0.1339962161765
    96 -1152.006469774      1148.87247     -2300.87894     0.1435052381944
    97 -1152.000154976      1148.89584     -2300.89600     0.1538125655869
    98 -1152.035174202      1148.64419     -2300.67937     0.1644155770915
    99 -1152.037297372      1148.51647     -2300.55377     0.1757498205054
   100 -1152.027301722      1148.53438     -2300.56168     0.1804534806813
   101 -1152.019428798      1148.64572     -2300.66515     0.1773838952773
   102 -1152.015060268      1148.80306     -2300.81812     0.1755628434151
   103 -1152.018447622      1148.95341     -2300.97185     0.1735696086358
   104 -1152.029840419      1149.09486     -2301.12470     0.1730222121408
   105 -1152.034170011      1149.31319     -2301.34736     0.1734999790466
   106 -1152.007605894      1149.68868     -2301.69628     0.1729582065747
   107 -1151.961002724      1150.07135     -2302.03235     0.1712961644544
   108 -1151.960916398      1150.14112     -2302.10203     0.1700481314918
   109 -1151.947256485      1150.14740     -2302.09466     0.1692647001047
   110 -1151.922988353      1150.16519     -2302.08818     0.1566535235529
   111 -1151.914871226      1150.10427     -2302.01914     0.1428853521770
   112 -1151.934472442      1149.89907     -2301.83355     0.1494441654894
   113 -1151.977285054      1149.57956     -2301.55685     0.1729551131777
   114 -1152.025249065      1149.26509     -2301.29034     0.1811685427137
   115 -1152.050755145      1149.09141     -2301.14216     0.1822319141356
   116 -1152.034401094      1149.04654     -2301.08094     0.1832158598880
   117 -1152.059373549      1148.73834     -2300.79771     0.1845945349533
   118 -1152.076363110      1148.38053     -2300.45690     0.1847390316745
   119 -1152.057579950      1148.19237     -2300.24995     0.1786053673488
   120 -1152.032540185      1148.11267     -2300.14521     0.1655027951354
   121 -1152.017865035      1148.05376     -2300.07162     0.1513059410606
   122 -1152.019358610      1147.97876     -2299.99812     0.1386770203162
   123 -1152.030775133      1147.93175     -2299.96252     0.1275713029421
   124 -1152.040224844      1147.98809     -2300.02831     0.1180452830528
   125 -1152.025017574      1148.20218     -2300.22720     0.1105991514098
   126 -1151.997865138      1148.39088     -2300.38875     0.1053125017467
   127 -1152.021108557      1148.24235     -2300.26346     0.1008019786368
   128 -1152.019297941      1148.09853     -2300.11782     0.9623704514820E-01
   129 -1151.994670409      1148.04971     -2300.04438     0.9144710399422E-01
   130 -1151.971134915      1148.02196     -2299.99309     0.8697055629162E-01
   131 -1151.960606794      1147.95391     -2299.91452     0.8285665047375E-01
   132 -1151.961697658      1147.86358     -2299.82528     0.7892515474901E-01
   133 -1151.969511955      1147.80808     -2299.77759     0.7498989331730E-01
   134 -1151.982521762      1147.82604     -2299.80856     0.7114215307571E-01
   135 -1151.989219894      1147.95325     -2299.94247     0.6752782937786E-01
   136 -1151.966413090      1148.17974     -2300.14616     0.6365931277829E-01
   137 -1151.961224094      1148.19730     -2300.15852     0.5867825468427E-01
   138 -1151.976808663      1147.98022     -2299.95703     0.5348303997149E-01
   139 -1151.961115602      1147.81992     -2299.78104     0.4948074255150E-01
   140 -1151.939806593      1147.69435     -2299.63415     0.4646675587081E-01
   141 -1151.926554934      1147.58675     -2299.51330     0.4391027904660E-01
   142 -1151.919724556      1147.52815     -2299.44788     0.4161242794451E-01
   143 -1151.921085296      1147.53202     -2299.45310     0.3972816139719E-01
   144 -1151.932794070      1147.60292     -2299.53572     0.3832610841924E-01
   145 -1151.947789841      1147.76612     -2299.71391     0.3747961099064E-01
   146 -1151.938642405      1148.06690     -2300.00555     0.3736799569763E-01
   147 -1151.910695127      1148.32919     -2300.23988     0.3822011952929E-01
   148 -1151.944857881      1148.16821     -2300.11307     0.3983404280818E-01
   149 -1151.954609021      1147.95551     -2299.91012     0.4172073836333E-01
   150 -1151.940442394      1147.80920     -2299.74964     0.4415262094343E-01
   151 -1151.923589127      1147.74488     -2299.66847     0.4685338010111E-01
   152 -1151.914241278      1147.74244     -2299.65668     0.4977458403658E-01
   153 -1151.917230196      1147.78553     -2299.70276     0.5288157144946E-01
   154 -1151.933504758      1147.87133     -2299.80483     0.5609495350929E-01
   155 -1151.959025996      1148.01363     -2299.97266     0.5956256233017E-01
   156 -1151.978092196      1148.24263     -2300.22073     0.6369545218846E-01
   157 -1151.964107286      1148.54701     -2300.51111     0.6852753141328E-01
   158 -1151.962194718      1148.60319     -2300.56538     0.7276754741307E-01
   159 -1151.990396953      1148.32906     -2300.31946     0.7599804014143E-01
   160 -1151.981810247      1148.12642     -2300.10823     0.7947581173279E-01
   161 -1151.959576610      1148.03003     -2299.98961     0.8352110928095E-01
   162 -1151.944734035      1148.00167     -2299.94640     0.8743775379666E-01
   163 -1151.943064433      1148.01458     -2299.95765     0.9130847019930E-01
   164 -1151.954791669      1148.06171     -2300.01651     0.9567880393626E-01
   165 -1151.977492218      1148.15135     -2300.12884     0.1008075014469
   166 -1152.004264516      1148.30255     -2300.30681     0.1065799768814
   167 -1152.014063837      1148.55033     -2300.56440     0.1129998762538
   168 -1151.983984790      1148.82784     -2300.81182     0.1180574309895
   169 -1152.016337416      1148.65115     -2300.66748     0.1246520066431
   170 -1152.039390736      1148.35421     -2300.39361     0.1336284358809
   171 -1152.025408153      1148.21560     -2300.24101     0.1451223218529
   172 -1152.012734802      1148.18684     -2300.19957     0.1560650414895
   173 -1152.015110722      1148.22549     -2300.24060     0.1654972415104
   174 -1152.032742507      1148.33041     -2300.36316     0.1826899322595
   175 -1152.060263834      1148.52001     -2300.58027     0.2013291239829
   176 -1152.087334704      1148.81312     -2300.90045     0.2039667872564
   177 -1152.086196037      1149.23805     -2301.32424     0.2050451667091
   178 -1152.042127543      1149.66699     -2301.70911     0.2061801218351
   179 -1152.061060597      1149.64507     -2301.70613     0.2077717551486
   180 -1152.035982787      1149.64269     -2301.67867     0.2040243358887
   181 -1151.978663609      1149.77701     -2301.75567     0.1711839470237
   182 -1151.933837054      1149.92939     -2301.86323     0.1377770128248
   183 -1151.917739019      1150.03028     -2301.94802     0.1271378763684
   184 -1151.931043786      1150.05456     -2301.98560     0.1410278895676
   185 -1151.966961502      1149.99040     -2301.95736     0.1761158043193
   186 -1152.011738456      1149.84476     -2301.85650     0.2054900386485
   187 -1152.029149682      1149.68653     -2301.71568     0.1994004584260
   188 -1152.029870489      1149.40291     -2301.43278     0.1921522210124
   189 -1152.058404970      1148.86610     -2300.92451     0.1860561257441
   190 -1152.056843654      1148.42391     -2300.48075     0.1802160126970
   191 -1152.039620953      1148.13377     -2300.17339     0.1735799231772
   192 -1152.024064464      1147.97353     -2299.99760     0.1644972602528
   193 -1152.012223814      1147.91534     -2299.92756     0.1511220964063
   194 -1152.005510485      1147.90998     -2299.91549     0.1410370910157
   195 -1152.010872631      1147.89577     -2299.90664     0.1328524122907
   196 -1152.025314921      1147.88489     -2299.91020     0.1242387715028
   197 -1152.028336101      1147.97119     -2299.99953     0.1155444344641
   198 -1151.987061053      1148.20580     -2300.19286     0.1078266038636
   199 -1151.979668265      1148.17013     -2300.14980     0.1003204818765
   200 -1152.011999030      1147.84348     -2299.85548     0.9271306848838E-01
   201 -1151.997682979      1147.69418     -2299.69187     0.8592443516103E-01
   202 -1151.969171309      1147.69427     -2299.66344     0.7964528774811E-01
   203 -1151.945618937      1147.74985     -2299.69547     0.7393519325945E-01
   204 -1151.937470005      1147.77507     -2299.71254     0.6892109863579E-01
   205 -1151.944242145      1147.76261     -2299.70685     0.6455009882592E-01
   206 -1151.958568527      1147.77185     -2299.73042     0.6054644861858E-01
   207 -1151.974083494      1147.86437     -2299.83845     0.5671140338753E-01
   208 -1151.965022025      1148.11712     -2300.08214     0.5284977070026E-01
   209 -1151.921491594      1148.41678     -2300.33828     0.4829717782929E-01
   210 -1151.957360601      1148.27210     -2300.22946     0.4320041591247E-01
   211 -1151.962521283      1148.14763     -2300.11015     0.3961859655462E-01
   212 -1151.933952218      1148.15895     -2300.09290     0.3709140240977E-01
   213 -1151.911351992      1148.17629     -2300.08764     0.3565396266489E-01
   214 -1151.904522682      1148.14489     -2300.04942     0.3473474211425E-01
   215 -1151.906891544      1148.11029     -2300.01718     0.3397893280506E-01
   216 -1151.918522021      1148.11589     -2300.03442     0.3318924302422E-01
   217 -1151.939599774      1148.19937     -2300.13897     0.3241811221599E-01
   218 -1151.948006864      1148.43868     -2300.38668     0.3210584395727E-01
   219 -1151.900955079      1148.84211     -2300.74306     0.3262211386442E-01
   220 -1151.932117918      1148.77927     -2300.71139     0.3353919026518E-01
   221 -1151.959902608      1148.52225     -2300.48215     0.3500241139538E-01
   222 -1151.941624285      1148.35071     -2300.29233     0.3776031205147E-01
   223 -1151.923941038      1148.19881     -2300.12275     0.4098802406508E-01
   224 -1151.915005777      1148.06117     -2299.97618     0.4427176289231E-01
   225 -1151.916571325      1147.95845     -2299.87502     0.4762070778246E-01
   226 -1151.932350536      1147.90627     -2299.83862     0.5113456819241E-01
   227 -1151.962442797      1147.92890     -2299.89134     0.5497980331857E-01
   228 -1151.992678662      1148.08000     -2300.07268     0.5965808250037E-01
   229 -1151.975758539      1148.43391     -2300.40967     0.6566805467267E-01
   230 -1151.956754326      1148.59823     -2300.55498     0.7239876845264E-01
   231 -1152.010834883      1148.21191     -2300.22275     0.7783038399839E-01
   232 -1152.006492465      1147.90630     -2299.91279     0.8277777979686E-01
   233 -1151.982439539      1147.68924     -2299.67168     0.8800710698492E-01
   234 -1151.964245075      1147.55186     -2299.51610     0.9313904008378E-01
   235 -1151.959626049      1147.48306     -2299.44268     0.9835323366843E-01
   236 -1151.970083267      1147.48148     -2299.45156     0.1037091591044
   237 -1151.993827027      1147.55263     -2299.54646     0.1091950386709
   238 -1152.024604013      1147.70866     -2299.73327     0.1150876040562
   239 -1152.043633065      1147.97778     -2300.02141     0.1222041516849
   240 -1152.006457308      1148.37496     -2300.38141     0.1310605160820
   241 -1151.999502646      1148.39729     -2300.39679     0.1404074322844
   242 -1152.046366631      1147.99596     -2300.04232     0.1497350261054
   243 -1152.034047302      1147.79769     -2299.83173     0.1577072150726
   244 -1152.010895011      1147.76994     -2299.78084     0.1615817469465
   245 -1151.997495371      1147.85995     -2299.85744     0.1580930581112
   246 -1151.994937208      1148.04494     -2300.03988     0.1507169106219
   247 -1151.999339492      1148.31210     -2300.31144     0.1473583237435
   248 -1152.006743036      1148.64006     -2300.64680     0.1496626650098
   249 -1152.016643573      1148.99021     -2301.00686     0.1576898376246
   250 -1152.024703770      1149.34660     -2301.37130     0.1678754144938
   251 -1152.003182020      1149.76836     -2301.77154     0.1756900879038
   252 -1151.959286445      1150.12163     -2302.08091     0.1804241780923
   253 -1151.979219126      1150.04773     -2302.02695     0.1813678616341
   254 -1151.978263564      1149.92800     -2301.90626     0.1726148218732
   255 -1151.968346309      1149.84855     -2301.81690     0.1497895090153
   256 -1151.973372557      1149.76276     -2301.73613     0.1354919238072
   257 -1151.991962862      1149.65223     -2301.64419     0.1406859098846
   258 -1152.019363778      1149.50771     -2301.52707     0.1627469738998
   259 -1152.055285301      1149.33395     -2301.38924     0.1881958426666
   260 -1152.085455713      1149.21962     -2301.30507     0.1975632679221
   261 -1152.067405592      1149.30371     -2301.37112     0.1990280941518
   262 -1152.034470265      1149.32386     -2301.35833     0.1990190895343
   263 -1152.067745178      1148.95220     -2301.01994     0.1942313339893
   264 -1152.053617355      1148.73301     -2300.78663     0.1794195670083
   265 -1152.024501525      1148.65303     -2300.67753     0.1641093188038
   266 -1152.002414608      1148.62319     -2300.62561     0.1495649837595
   267 -1151.992242876      1148.57589     -2300.56813     0.1386580101313
   268 -1151.997921476      1148.47550     -2300.47342     0.1287500866268
   269 -1152.015028252      1148.36701     -2300.38204     0.1189600637755
   270 -1152.030395796      1148.34717     -2300.37757     0.1107533533406
   271 -1152.013353297      1148.50521     -2300.51856     0.1049082299871
   272 -1151.983984136      1148.60716     -2300.59115     0.1010402473997
   273 -1152.017144189      1148.29709     -2300.31424     0.9740388592194E-01
   274 -1152.009404839      1148.05494     -2300.06435     0.9412692878390E-01
   275 -1151.978225954      1147.92136     -2299.89959     0.9109996954717E-01
   276 -1151.947680224      1147.83127     -2299.77895     0.8809663121084E-01
   277 -1151.928531178      1147.72588     -2299.65441     0.8482062695360E-01
   278 -1151.923662631      1147.60099     -2299.52465     0.8126876017691E-01
   279 -1151.929429915      1147.50380     -2299.43323     0.7767865008842E-01
   280 -1151.943996795      1147.47732     -2299.42132     0.7446850638149E-01
   281 -1151.960639406      1147.55935     -2299.51999     0.7202180324227E-01
   282 -1151.949406444      1147.80157     -2299.75098     0.7037036153784E-01
   283 -1151.910475686      1148.02288     -2299.93336     0.6859769999398E-01
   284 -1151.943104745      1147.77808     -2299.72118     0.6643738498340E-01
   285 -1151.944365949      1147.54282     -2299.48718     0.6521037226684E-01
   286 -1151.922549603      1147.38156     -2299.30411     0.6327839413235E-01
   287 -1151.906883669      1147.26019     -2299.16707     0.6024966645402E-01
   288 -1151.899539340      1147.17627     -2299.07581     0.5805208983658E-01
   289 -1151.898744682      1147.14357     -2299.04232     0.5830900342870E-01
   290 -1151.907023418      1147.16101     -2299.06803     0.6137559990724E-01
   291 -1151.927072386      1147.22736     -2299.15443     0.6614355322827E-01
   292 -1151.954251065      1147.36885     -2299.32310     0.7067390255010E-01
   293 -1151.959153265      1147.66175     -2299.62090     0.7436525229804E-01
   294 -1151.920908188      1148.00793     -2299.92884     0.7847056633371E-01
   295 -1151.971004247      1147.80994     -2299.78095     0.8292230494467E-01
   296 -1151.992240782      1147.54701     -2299.53925     0.8686342673209E-01
   297 -1151.976659036      1147.41219     -2299.38885     0.9172988759715E-01
   298 -1151.957125034      1147.39735     -2299.35447     0.9704193284108E-01
   299 -1151.946456716      1147.45893     -2299.40539     0.1026443447767
   300 -1151.948896239      1147.56816     -2299.51706     0.1087093718682
   301 -1151.964766083      1147.71533     -2299.68009     0.1152008143009
   302 -1151.991115221      1147.90975     -2299.90087     0.1216969557003
   303 -1152.022509637      1148.16560     -2300.18811     0.1283780556172
   304 -1152.045323563      1148.50003     -2300.54535     0.1361444267398
   305 -1152.023362625      1148.91860     -2300.94196     0.1453073543172
   306 -1152.028310455      1148.99820     -2301.02651     0.1542915417833
   307 -1152.056704366      1148.78537     -2300.84208     0.1628605567021
   308 -1152.036754734      1148.73863     -2300.77539     0.1724830523492
   309 -1152.012766282      1148.80152     -2300.81429     0.1760705613332
   310 -1152.001913848      1148.90892     -2300.91083     0.1643896938928
   311 -1152.002942481      1149.04420     -2301.04714     0.1642117112055
   312 -1152.013682089      1149.19637     -2301.21005     0.1805462792279
   313 -1152.037550814      1149.34423     -2301.38178     0.2134628252987
   314 -1152.069644295      1149.51928     -2301.58892     0.2285622376625
   315 -1152.070646946      1149.85265     -2301.92329     0.2275551978897
   316 -1152.010199432      1150.28134     -2302.29154     0.2251645211875
   317 -1152.038668270      1150.16340     -2302.20206     0.2232986099165
   318 -1152.021833020      1150.05252     -2302.07436     0.2175153842874
   319 -1151.975268285      1150.05839     -2302.03366     0.1783832417626
   320 -1151.940316872      1150.07654     -2302.01686     0.1399135290444
   321 -1151.926512807      1150.04213     -2301.96864     0.1230521935173
   322 -1151.938016662      1149.90754     -2301.84555     0.1273542363381
   323 -1151.973939489      1149.67030     -2301.64424     0.1513167048480
   324 -1152.021408088      1149.40417     -2301.42558     0.1832859973119
   325 -1152.058988896      1149.21063     -2301.26962     0.1921507390711
   326 -1152.052002736      1149.15806     -2301.21006     0.1888441603011
   327 -1152.036491048      1148.98943     -2301.02592     0.1844043879786
   328 -1152.060082732      1148.54702     -2300.60711     0.1814390192473
   329 -1152.048895120      1148.23059     -2300.27948     0.1782128691481
   330 -1152.022535873      1148.04282     -2300.06535     0.1681545810458
   331 -1152.002102901      1147.89809     -2299.90019     0.1476533252870
   332 -1151.994504809      1147.74329     -2299.73780     0.1346866773486
   333 -1151.995305979      1147.59880     -2299.59411     0.1294171297845
   334 -1152.002067864      1147.50161     -2299.50368     0.1274144950148
   335 -1152.016681911      1147.47584     -2299.49252     0.1238755496485
   336 -1152.031131940      1147.55980     -2299.59093     0.1186808371848
   337 -1152.015444568      1147.78990     -2299.80534     0.1137464619059
   338 -1152.003823072      1147.87267     -2299.87649     0.1084510136028
   339 -1152.027933227      1147.63150     -2299.65943     0.1020754639289
   340 -1152.010938081      1147.46122     -2299.47216     0.9576419770572E-01
   341 -1151.982299239      1147.36194     -2299.34424     0.8948786706251E-01
   342 -1151.958329609      1147.31326     -2299.27159     0.8338137394361E-01
   343 -1151.942497984      1147.31231     -2299.25481     0.7742745272998E-01
   344 -1151.938886227      1147.34923     -2299.28811     0.7160910182594E-01
   345 -1151.949438321      1147.42548     -2299.37492     0.6581751035889E-01
   346 -1151.970506349      1147.56575     -2299.53626     0.5986713415193E-01
   347 -1151.985097084      1147.82241     -2299.80750     0.5365845550813E-01
   348 -1151.952007996      1148.23826     -2300.19027     0.4714208801963E-01
   349 -1151.926008439      1148.41504     -2300.34105     0.3978574675493E-01
   350 -1151.964505209      1148.11956     -2300.08406     0.3327776509747E-01
   351 -1151.950024541      1147.95778     -2299.90780     0.2912543750667E-01
   352 -1151.919589644      1147.91188     -2299.83147     0.2624947539457E-01
   353 -1151.900648789      1147.92244     -2299.82309     0.2429391890849E-01
   354 -1151.898235518      1147.96407     -2299.86230     0.2288437654110E-01
   355 -1151.909574066      1148.04301     -2299.95258     0.2186151797154E-01
   356 -1151.930058232      1148.17257     -2300.10263     0.2124763642593E-01
   357 -1151.951193253      1148.36526     -2300.31645     0.2144053894552E-01
   358 -1151.934586365      1148.67923     -2300.61381     0.2281824000801E-01
   359 -1151.897114478      1148.86065     -2300.75777     0.2491159089026E-01
   360 -1151.958010264      1148.45161     -2300.40962     0.2727211246897E-01
   361 -1151.956617494      1148.22339     -2300.18001     0.2994121029633E-01
   362 -1151.933793255      1148.10205     -2300.03584     0.3408948584614E-01
   363 -1151.920447005      1148.05986     -2299.98030     0.3871047498264E-01
   364 -1151.919810470      1148.06397     -2299.98378     0.4375987735985E-01
   365 -1151.930741959      1148.09391     -2300.02465     0.4951657166097E-01
   366 -1151.956504164      1148.12226     -2300.07877     0.5608604479511E-01
   367 -1151.991322767      1148.17358     -2300.16491     0.6352989002335E-01
   368 -1151.990598815      1148.38418     -2300.37478     0.7230983484839E-01
   369 -1151.940941099      1148.61796     -2300.55890     0.8231723405349E-01
   370 -1152.013052420      1148.19920     -2300.21225     0.9274078467880E-01
   371 -1152.023725930      1147.92441     -2299.94813     0.1033482152949
   372 -1152.007418290      1147.81665     -2299.82407     0.1168774233936
   373 -1151.996259073      1147.81386     -2299.81012     0.1310288923415
   374 -1151.997004200      1147.85240     -2299.84941     0.1418163748519
   375 -1152.014300480      1147.89057     -2299.90487     0.1567107727811
   376 -1152.046125836      1147.94897     -2299.99510     0.1745139747318
   377 -1152.080144662      1148.11366     -2300.19381     0.1822193002470
   378 -1152.077350093      1148.51688     -2300.59423     0.1842054484733
   379 -1152.010198819      1149.05629     -2301.06648     0.1857323359099
   380 -1152.061305315      1148.99565     -2301.05695     0.1893850666116
   381 -1152.045555367      1149.05175     -2301.09730     0.1884129875486
   382 -1151.987013381      1149.30671     -2301.29373     0.1591564545441
   383 -1151.934853691      1149.56815     -2301.50300     0.1232853642080
   384 -1151.909185932      1149.71627     -2301.62545     0.1083133832874
   385 -1151.912967031      1149.73844     -2301.65141     0.1163107122884
   386 -1151.943661348      1149.67849     -2301.62215     0.1480572990439
   387 -1151.991619025      1149.60182     -2301.59344     0.1867935186632
   388 -1152.013341841      1149.63427     -2301.64761     0.1901642765226
   389 -1151.985611016      1149.68837     -2301.67398     0.1855395826232
   390 -1152.058175658      1149.17220     -2301.23038     0.1842799620798
   391 -1152.070986624      1148.75785     -2300.82884     0.1842579815623
   392 -1152.048582846      1148.48421     -2300.53279     0.1837262270137
   393 -1152.028609980      1148.28567     -2300.31428     0.1818605546340
   394 -1152.016091090      1148.14645     -2300.16254     0.1707239125095
   395 -1152.011458928      1148.07406     -2300.08552     0.1619934709060
   396 -1152.017812705      1148.06942     -2300.08723     0.1509163111287
   397 -1152.036268716      1148.14113     -2300.17740     0.1400655407537
   398 -1152.056211555      1148.33109     -2300.38731     0.1305051741845
   399 -1152.029308238      1148.74008     -2300.76939     0.1229633766913
   400 -1151.968215089      1149.07942     -2301.04763     0.1163531835287
   401 -1152.031155175      1148.70220     -2300.73336     0.1094074325409
   402 -1152.022988052      1148.45148     -2300.47447     0.1044637806460
   403 -1151.987969786      1148.32883     -2300.31680     0.1003665366144
   404 -1151.957946412      1148.28764     -2300.24559     0.9635293415145E-01
   405 -1151.940816361      1148.29126     -2300.23207     0.9196550694853E-01
   406 -1151.938252986      1148.32358     -2300.26184     0.8735175633702E-01
   407 -1151.949610265      1148.38570     -2300.33531     0.8267269560772E-01
   408 -1151.971242328      1148.49222     -2300.46346     0.7823908181753E-01
   409 -1151.988561692      1148.67937     -2300.66793     0.7467513118363E-01
   410 -1151.948159615      1149.02264     -2300.97080     0.7245419873113E-01
   411 -1151.922274230      1149.04451     -2300.96679     0.6974662522934E-01
   412 -1151.984492804      1148.47913     -2300.46362     0.6623972221437E-01
   413 -1151.968224050      1148.16349     -2300.13171     0.6402176799613E-01
   414 -1151.937714384      1147.96451     -2299.90223     0.6242325793414E-01
   415 -1151.919693821      1147.83591     -2299.75561     0.6119242888613E-01
   416 -1151.915559419      1147.75178     -2299.66734     0.6009061948157E-01
   417 -1151.922169471      1147.70214     -2299.62431     0.5906140540010E-01
   418 -1151.939649055      1147.67112     -2299.61077     0.5816859994606E-01
   419 -1151.969240007      1147.65421     -2299.62345     0.5764408184279E-01
   420 -1151.990106407      1147.73387     -2299.72397     0.5788089670602E-01
   421 -1151.933088398      1148.05057     -2299.98366     0.5907568262594E-01
   422 -1151.937897753      1147.93458     -2299.87248     0.6032273285873E-01
   423 -1151.988385118      1147.46045     -2299.44884     0.6175121735612E-01
   424 -1151.968467128      1147.24851     -2299.21698     0.6423338665101E-01
   425 -1151.942716024      1147.18191     -2299.12463     0.6727279225695E-01
   426 -1151.927187493      1147.18470     -2299.11188     0.7029669942426E-01
   427 -1151.923572131      1147.20783     -2299.13140     0.7328083663058E-01
   428 -1151.934690471      1147.21861     -2299.15330     0.7629491643606E-01
   429 -1151.959406648      1147.23419     -2299.19360     0.7934143949180E-01
   430 -1151.991896259      1147.31465     -2299.30655     0.8276417348146E-01
   431 -1152.004907404      1147.57204     -2299.57694     0.8733706493147E-01
   432 -1151.933837864      1148.06301     -2299.99685     0.9332002899843E-01
   433 -1151.989866149      1147.88477     -2299.87464     0.9904550068169E-01
   434 -1152.022442364      1147.60818     -2299.63063     0.1042747380942
   435 -1151.997837926      1147.55491     -2299.55275     0.1111027643777
   436 -1151.973024531      1147.59712     -2299.57014     0.1185283589651
   437 -1151.963340732      1147.64148     -2299.60482     0.1261281987573
   438 -1151.968010077      1147.67895     -2299.64696     0.1337920705494
   439 -1151.983976622      1147.74052     -2299.72449     0.1420180804474
   440 -1152.011940750      1147.85810     -2299.87004     0.1498277572915
   441 -1152.049014912      1148.07600     -2300.12502     0.1553866873502
   442 -1152.060361176      1148.51014     -2300.57051     0.1589540254418
   443 -1151.980152448      1149.16708     -2301.14723     0.1620132781676
   444 -1152.054010969      1149.04684     -2301.10086     0.1662376586690
   445 -1152.064748076      1148.95622     -2301.02097     0.1704636505488
   446 -1152.027032459      1149.07120     -2301.09823     0.1735128885614
   447 -1151.990870767      1149.25779     -2301.24866     0.1557736238399
   448 -1151.962273420      1149.47565     -2301.43792     0.1306291856911
   449 -1151.942785337      1149.71026     -2301.65304     0.1217163318403
   450 -1151.937597460      1149.94336     -2301.88096     0.1317899921725
   451 -1151.951873129      1150.16624     -2302.11811     0.1630798024863
   452 -1151.981231855      1150.40641     -2302.38764     0.1964593417262
   453 -1151.980009085      1150.77869     -2302.75870     0.2031154341393
   454 -1151.900471878      1151.18559     -2303.08606     0.2058543133764
   455 -1152.004341716      1150.62670     -2302.63104     0.2095559503581
   456 -1152.022249249      1150.19880     -2302.22105     0.2110842133530
   457 -1152.001353245      1149.79012     -2301.79148     0.1984983796622
   458 -1151.982244147      1149.48661     -2301.46885     0.1778722802325
   459 -1151.975547218      1149.23114     -2301.20669     0.1602746144850
   460 -1151.981969944      1149.01218     -2300.99415     0.1551929180604
   461 -1151.999386233      1148.83630     -2300.83568     0.1643039813755
   462 -1152.025342637      1148.71339     -2300.73873     0.1817855584962
   463 -1152.058452409      1148.64834     -2300.70679     0.1753832153027
   464 -1152.078367397      1148.70274     -2300.78111     0.1654548616797
   465 -1151.998537648      1149.01458     -2301.01311     0.1569316071089
   466 -1152.027007841      1148.66966     -2300.69667     0.1472559485424
   467 -1152.063305188      1148.07538     -2300.13869     0.1377400119749
   468 -1152.027158384      1147.75387     -2299.78103     0.1297054377820
   469 -1151.991333061      1147.58503     -2299.57636     0.1232275855502
   470 -1151.968384357      1147.49994     -2299.46832     0.1174564209499
   471 -1151.955431204      1147.46765     -2299.42308     0.1122620612462
   472 -1151.952358246      1147.45150     -2299.40386     0.1077348001347
   473 -1151.963140481      1147.42028     -2299.38342     0.1036405755020
   474 -1151.987038356      1147.39674     -2299.38378     0.1000716467660
   475 -1152.009837700      1147.47159     -2299.48143     0.9750962664789E-01
   476 -1151.965487441      1147.82241     -2299.78790     0.9611859882511E-01
   477 -1151.901693098      1148.01589     -2299.91758     0.9448733145055E-01
   478 -1151.991552924      1147.41756     -2299.40911     0.9105612179656E-01
   479 -1151.976539063      1147.21885     -2299.19539     0.8885785451165E-01
   480 -1151.937677526      1147.16129     -2299.09896     0.8726494545924E-01
   481 -1151.907407196      1147.16937     -2299.07678     0.8655946205760E-01
   482 -1151.895028820      1147.15281     -2299.04784     0.8652370592789E-01
   483 -1151.899250403      1147.09671     -2298.99596     0.8720752482215E-01
   484 -1151.913969329      1147.04685     -2298.96082     0.8850085627227E-01
   485 -1151.940088736      1147.04526     -2298.98535     0.9006502470572E-01
   486 -1151.977864992      1147.13631     -2299.11418     0.9188227582255E-01
   487 -1151.995694637      1147.44087     -2299.43657     0.9447601559579E-01
   488 -1151.905017967      1148.04247     -2299.94749     0.9786307921278E-01
   489 -1151.994260782      1147.77550     -2299.76976     0.1003529453669
   490 -1152.017356657      1147.53771     -2299.55506     0.1030641713626
   491 -1151.984321122      1147.48155     -2299.46587     0.1086292619208
   492 -1151.958843422      1147.47822     -2299.43706     0.1135798389719
   493 -1151.946051169      1147.48639     -2299.43244     0.1118082765374
   494 -1151.943208923      1147.52239     -2299.46560     0.1107193250476
   495 -1151.952533899      1147.59645     -2299.54899     0.1164409753057
   496 -1151.977306085      1147.71888     -2299.69618     0.1285362283337
   497 -1152.018457838      1147.91179     -2299.93025     0.1407875396604
   498 -1152.063640595      1148.23550     -2300.29914     0.1512909287235
   499 -1152.037127328      1148.86363     -2300.90075     0.1628049951696
   500 -1151.963842134      1149.34807     -2301.31191     0.1739192586585
   501 -1152.085267384      1148.79610     -2300.88136     0.1818573727026
   502 -1152.065584439      1148.63888     -2300.70447     0.1837027181305
   503 -1152.024852753      1148.64961     -2300.67447     0.1626185404321
   504 -1151.995181549      1148.76292     -2300.75810     0.1360698569246
   505 -1151.979481119      1148.94731     -2300.92679     0.1211573975714
   506 -1151.975415982      1149.18862     -2301.16404     0.1154239231036
   507 -1151.980056774      1149.47300     -2301.45306     0.1205582752438
   508 -1151.993991853      1149.77071     -2301.76470     0.1427674822986
   509 -1152.020837963      1150.05121     -2302.07205     0.1817935607760
   510 -1152.026170660      1150.41360     -2302.43977     0.2140919913926
   511 -1151.892018482      1151.01168     -2302.90370     0.2209504231853
   512 -1151.997511120      1150.46908     -2302.46659     0.2157818512422
   513 -1152.011726153      1150.10898     -2302.12070     0.1947466697379
   514 -1151.977996201      1149.80851     -2301.78651     0.1390305662307
   515 -1151.956533861      1149.61051     -2301.56705     0.1012925979387
   516 -1151.949908189      1149.41525     -2301.36516     0.8593372902063E-01
   517 -1151.954583695      1149.17451     -2301.12910     0.8624634857697E-01
   518 -1151.969299949      1148.87758     -2300.84688     0.9916644062111E-01
   519 -1151.991178881      1148.56483     -2300.55601     0.1240053131544
   520 -1152.020431155      1148.29432     -2300.31476     0.1597375619405
   521 -1152.059269492      1148.12504     -2300.18431     0.1841244697014
   522 -1152.090345905      1148.15826     -2300.24861     0.1829236599532
   523 -1152.008820866      1148.60997     -2300.61880     0.1770890278913
   524 -1152.016366609      1148.49141     -2300.50777     0.1710549165326
   525 -1152.073043858      1147.91243     -2299.98547     0.1606745298696
   526 -1152.027278609      1147.65601     -2299.68329     0.1498682973202
   527 -1151.981066957      1147.49170     -2299.47277     0.1409983689561
   528 -1151.949581432      1147.35048     -2299.30006     0.1276257435884
   529 -1151.929007216      1147.24084     -2299.16985     0.1132165172048
   530 -1151.918390169      1147.17632     -2299.09471     0.1094007536517
   531 -1151.919183823      1147.16380     -2299.08298     0.1154594949446
   532 -1151.932881133      1147.20635     -2299.13923     0.1112749983904
   533 -1151.960078643      1147.30933     -2299.26941     0.1059139854864
   534 -1151.996835904      1147.48967     -2299.48650     0.1014131141666
   535 -1152.005611312      1147.84312     -2299.84874     0.9889549390229E-01
   536 -1151.883292775      1148.43294     -2300.31623     0.9806961513481E-01
   537 -1151.997914190      1147.85016     -2299.84807     0.9611363338021E-01
   538 -1152.007469680      1147.55167     -2299.55914     0.9541234902516E-01
   539 -1151.958894434      1147.33614     -2299.29503     0.9579061940982E-01
   540 -1151.920311392      1147.29199     -2299.21230     0.9726075561366E-01
   541 -1151.900582808      1147.31622     -2299.21681     0.9765914558450E-01
   542 -1151.894334385      1147.37732     -2299.27166     0.9099896263746E-01
   543 -1151.896708920      1147.45608     -2299.35278     0.8979567019834E-01
   544 -1151.907270348      1147.52590     -2299.43317     0.9572548182277E-01
   545 -1151.930320566      1147.56061     -2299.49093     0.1066660512966
   546 -1151.967948381      1147.57858     -2299.54653     0.1102630783697
   547 -1152.017606911      1147.64996     -2299.66756     0.1141797808611
   548 -1152.052473288      1147.91800     -2299.97048     0.1202192480854
   549 -1151.941091608      1148.62580     -2300.56689     0.1288809561519
   550 -1152.036597225      1148.34558     -2300.38218     0.1367320232186
   551 -1152.071585143      1148.03812     -2300.10971     0.1434671304681
   552 -1152.030238587      1148.03838     -2300.06862     0.1502119786361
   553 -1151.993963178      1148.13816     -2300.13213     0.1329847085164
   554 -1151.973912782      1148.23383     -2300.20774     0.1105456597205
   555 -1151.964288835      1148.32663     -2300.29092     0.9964755851227E-01
   556 -1151.960288729      1148.44667     -2300.40696     0.9877374539024E-01
   557 -1151.963770327      1148.60501     -2300.56878     0.1079177158571
   558 -1151.979120601      1148.79897     -2300.77809     0.1296200431838
   559 -1152.009237771      1149.03308     -2301.04232     0.1687836027673
   560 -1152.051202231      1149.33484     -2301.38604     0.2108051197184
   561 -1152.069030058      1149.80983     -2301.87886     0.2179602946803
   562 -1151.924844222      1150.60728     -2302.53213     0.2167275610173
   563 -1152.044875198      1150.12289     -2302.16777     0.2162686414782
   564 -1152.047067705      1149.79635     -2301.84342     0.2077590530147
   565 -1151.989967373      1149.63680     -2301.62677     0.1557671957446
   566 -1151.947595094      1149.56700     -2301.51460     0.1061486405658
   567 -1151.927726026      1149.50689     -2301.43461     0.7996758569754E-01
   568 -1151.923749435      1149.43230     -2301.35605     0.7003365372733E-01
   569 -1151.928489820      1149.33053     -2301.25902     0.7138019961756E-01
   570 -1151.941417401      1149.17318     -2301.11460     0.8247967682660E-01
   571 -1151.966661432      1148.94286     -2300.90952     0.1040988918794
   572 -1152.001604714      1148.69206     -2300.69367     0.1383191195335
   573 -1152.042829864      1148.50711     -2300.54994     0.1759702321220
   574 -1152.080657567      1148.48142     -2300.56208     0.1812007289471
   575 -1152.041587705      1148.80242     -2300.84400     0.1756335721569
   576 -1151.966152133      1149.01043     -2300.97658     0.1706256806707
   577 -1152.063989850      1148.34449     -2300.40848     0.1691418192097
   578 -1152.034719822      1148.08637     -2300.12109     0.1674447474529
   579 -1151.989113084      1147.92568     -2299.91479     0.1607435345812
   580 -1151.956432682      1147.78377     -2299.74020     0.1381489916003
   581 -1151.933139111      1147.65934     -2299.59248     0.1176468455587
   582 -1151.915317361      1147.57219     -2299.48751     0.1045569069511
   583 -1151.904093608      1147.52581     -2299.42991     0.9787075560991E-01
   584 -1151.901257910      1147.51429     -2299.41555     0.9673997650476E-01
   585 -1151.906505803      1147.53339     -2299.43990     0.1008989972830
   586 -1151.918054211      1147.57947     -2299.49753     0.1096604596462
   587 -1151.937055937      1147.63660     -2299.57366     0.1175457650993
   588 -1151.969618970      1147.68476     -2299.65438     0.1205952060270
   589 -1152.012570715      1147.76548     -2299.77805     0.1218078011861
   590 -1152.009219482      1148.08237     -2300.09159     0.1231142742901
   591 -1151.886884365      1148.58122     -2300.46810     0.1236158844552
   592 -1152.030415425      1147.85158     -2299.88200     0.1218683030531
   593 -1152.028973191      1147.66978     -2299.69875     0.1218489107086
   594 -1151.989318208      1147.58079     -2299.57011     0.1237085041928
   595 -1151.952483099      1147.60479     -2299.55727     0.1242368182391
   596 -1151.929854949      1147.62111     -2299.55096     0.1005122410805
   597 -1151.922470037      1147.58505     -2299.50752     0.8630983391772E-01
   598 -1151.921803534      1147.54045     -2299.46226     0.8053314521493E-01
   599 -1151.924491147      1147.53526     -2299.45975     0.8186460336867E-01
   600 -1151.934239661      1147.58435     -2299.51859     0.9071834821902E-01
   601 -1151.955184450      1147.68867     -2299.64386     0.1092039514406
   602 -1151.989087796      1147.85418     -2299.84326     0.1408449034826
   603 -1152.033851153      1148.09924     -2300.13309     0.1523502513323
   604 -1152.071649859      1148.47622     -2300.54787     0.1581324166260
   605 -1152.004265129      1149.14512     -2301.14939     0.1670902020938
   606 -1152.015199157      1149.14995     -2301.16515     0.1757425164260
   607 -1152.076271316      1148.63105     -2300.70732     0.1830760633218
   608 -1152.028265121      1148.50961     -2300.53787     0.1850028535414
   609 -1151.981961950      1148.55322     -2300.53518     0.1413309232830
   610 -1151.955536607      1148.66208     -2300.61762     0.1112632715122
   611 -1151.943725075      1148.80518     -2300.74890     0.9629777913386E-01
   612 -1151.938502181      1148.96539     -2300.90389     0.9187054530645E-01
   613 -1151.938353478      1149.09969     -2301.03805     0.9593378047580E-01
   614 -1151.951546924      1149.14817     -2301.09971     0.1088096123743
   615 -1151.978840799      1149.13097     -2301.10981     0.1344155541798
   616 -1152.017274737      1149.13514     -2301.15241     0.1795614288567
   617 -1152.064029151      1149.25247     -2301.31650     0.2118281151742
   618 -1152.043615805      1149.70871     -2301.75233     0.2083100589805
   619 -1151.929596332      1150.19227     -2302.12186     0.2034611801567
   620 -1152.071073002      1149.46747     -2301.53854     0.1998788047468
   621 -1152.036530040      1149.31079     -2301.34732     0.1904517151351
   622 -1151.985834441      1149.20438     -2301.19022     0.1394016771146
   623 -1151.955600015      1149.05405     -2301.00965     0.1040879375314
   624 -1151.941262960      1148.85461     -2300.79587     0.8837646158449E-01
   625 -1151.933362326      1148.65435     -2300.58771     0.8416676775465E-01
   626 -1151.931597298      1148.48011     -2300.41171     0.8633589751426E-01
   627 -1151.938825906      1148.34087     -2300.27969     0.9358772214265E-01
   628 -1151.956082718      1148.24397     -2300.20005     0.1087938407795
   629 -1151.982178088      1148.19834     -2300.18052     0.1358851091443
   630 -1152.016912229      1148.204015436     -2300.220927665
$end
