$coord
    0.03751786675186      0.15082811335104      0.04464100043716      ti
    0.79290848734397     -2.49138450900569      2.20503770959657       o
   -2.58507542992064     -0.99972162710788     -2.01873149988151       o
   -3.53857341095507      0.08138804789941     -2.95179870683024       h
   -1.08707006020302      2.22954651267703      2.19433411180729       o
   -1.12071720091689      4.06591452744713      2.47028496084157       h
    2.69631699332216      0.62419071463812     -2.38867090169667       o
    3.31568191433473      1.94772560735617     -3.49799815629282       h
    2.35685320485204     -3.20506944076286      2.11008520751531       h
$end
