$energy      SCF               SCFKIN            SCFPOT
     1 -1152.114467382      1148.281717553     -2300.396184935
     2 -1152.104769295      1148.229839801     -2300.334609096
     3 -1152.092194933      1148.241158872     -2300.333353805
     4 -1152.091049244      1148.272564083     -2300.363613327
     5 -1152.098002920      1148.353539381     -2300.451542301
     6 -1152.100279101      1148.537996483     -2300.638275584
     7 -1152.085035899      1148.816325919     -2300.901361818
     8 -1152.070036662      1149.010454885     -2301.080491548
     9 -1152.080347588      1148.974573057     -2301.054920646
    10 -1152.081143577      1148.889990969     -2300.971134546
    11 -1152.064701688      1148.872552179     -2300.937253867
    12 -1152.051603192      1148.879877038     -2300.931480230
    13 -1152.054180489      1148.873084498     -2300.927264988
    14 -1152.065764159      1148.889645868     -2300.955410027
    15 -1152.068828999      1148.986677845     -2301.055506844
    16 -1152.054258544      1149.121967923     -2301.176226467
    17 -1152.053663735      1149.083617850     -2301.137281585
    18 -1152.071414615      1148.851249267     -2300.922663883
    19 -1152.071672562      1148.649339462     -2300.721012023
    20 -1152.060130196      1148.542660880     -2300.602791076
    21 -1152.055190988      1148.479804432     -2300.534995420
    22 -1152.065055210      1148.423265040     -2300.488320250
    23 -1152.078858898      1148.411754940     -2300.490613838
    24 -1152.076203357      1148.494337925     -2300.570541282
    25 -1152.059887773      1148.574207790     -2300.634095563
    26 -1152.067085598      1148.446613452     -2300.513699050
    27 -1152.079389416      1148.215133754     -2300.294523170
    28 -1152.073240898      1148.072486880     -2300.145727778
    29 -1152.060779377      1148.034708332     -2300.095487709
    30 -1152.056369351      1148.044628304     -2300.100997655
    31 -1152.064727070      1148.069772703     -2300.134499773
    32 -1152.072219183      1148.154439244     -2300.226658427
    33 -1152.059651828      1148.331126504     -2300.390778332
    34 -1152.041389982      1148.455336468     -2300.496726450
    35 -1152.048856117      1148.362465358     -2300.411321475
    36 -1152.052992407      1148.216973486     -2300.269965893
    37 -1152.041134770      1148.166897794     -2300.208032564
    38 -1152.026997881      1148.201476466     -2300.228474347
    39 -1152.023945683      1148.258108388     -2300.282054070
    40 -1152.034295139      1148.314676801     -2300.348971940
    41 -1152.041619479      1148.425485695     -2300.467105174
    42 -1152.030303086      1148.599543718     -2300.629846805
    43 -1152.023808734      1148.658942737     -2300.682751471
    44 -1152.042875200      1148.496530277     -2300.539405477
    45 -1152.054659091      1148.305657959     -2300.360317050
    46 -1152.052422776      1148.208412311     -2300.260835087
    47 -1152.049903914      1148.187015359     -2300.236919273
    48 -1152.058591985      1148.191592242     -2300.250184227
    49 -1152.076172878      1148.226936813     -2300.303109691
    50 -1152.084683958      1148.351960881     -2300.436644839
    51 -1152.073145538      1148.546470503     -2300.619616041
    52 -1152.069973405      1148.614299759     -2300.684273164
    53 -1152.084705418      1148.501993936     -2300.586699354
    54 -1152.086861425      1148.402572699     -2300.489434124
    55 -1152.076012013      1148.406397963     -2300.482409976
    56 -1152.065991861      1148.486043415     -2300.552035275
    57 -1152.066901170      1148.589400024     -2300.656301194
    58 -1152.076344117      1148.711669312     -2300.788013430
    59 -1152.075685742      1148.897351893     -2300.973037635
    60 -1152.057991600      1149.093861570     -2301.151853171
    61 -1152.056997419      1149.095579649     -2301.152577068
    62 -1152.069176854      1148.927692014     -2300.996868869
    63 -1152.067121281      1148.791994633     -2300.859115914
    64 -1152.058004720      1148.748026895     -2300.806031614
    65 -1152.054534063      1148.767407262     -2300.821941326
    66 -1152.062692912      1148.810407469     -2300.873100382
    67 -1152.077476886      1148.870356516     -2300.947833402
    68 -1152.078795640      1148.976736549     -2301.055532189
    69 -1152.065801748      1149.047636117     -2301.113437864
    70 -1152.073281958      1148.899427503     -2300.972709460
    71 -1152.085382483      1148.636310644     -2300.721693126
    72 -1152.082600003      1148.445496178     -2300.528096181
    73 -1152.076644855      1148.360120746     -2300.436765600
    74 -1152.076768526      1148.354283422     -2300.431051948
    75 -1152.085188343      1148.392694330     -2300.477882674
    76 -1152.096335157      1148.459952522     -2300.556287679
    77 -1152.092390021      1148.568464968     -2300.660854989
    78 -1152.077975705      1148.620699553     -2300.698675259
    79 -1152.084343679      1148.464194836     -2300.548538515
    80 -1152.091025602      1148.235694377     -2300.326719979
    81 -1152.083569057      1148.102249997     -2300.185819054
    82 -1152.074260728      1148.082119195     -2300.156379923
    83 -1152.071073096      1148.143621887     -2300.214694983
    84 -1152.076526637      1148.243807334     -2300.320333971
    85 -1152.084778198      1148.364354095     -2300.449132293
    86 -1152.077920028      1148.514814827     -2300.592734855
    87 -1152.063842766      1148.585814196     -2300.649656962
    88 -1152.071550877      1148.439582689     -2300.511133566
    89 -1152.078128567      1148.229646476     -2300.307775043
    90 -1152.071908019      1148.111325194     -2300.183233212
    91 -1152.064917479      1148.097442926     -2300.162360405
    92 -1152.064421283      1148.155650567     -2300.220071850
    93 -1152.072861119      1148.244909885     -2300.317771004
    94 -1152.082240839      1148.360326809     -2300.442567648
    95 -1152.073847831      1148.517997330     -2300.591845162
    96 -1152.060945663      1148.592181409     -2300.653127072
    97 -1152.070984687      1148.459458720     -2300.530443406
    98 -1152.076503502      1148.293170685     -2300.369674186
    99 -1152.069295383      1148.230338746     -2300.299634129
   100 -1152.061555356      1148.275088064     -2300.336643420
   101 -1152.060309343      1148.391699584     -2300.452008927
   102 -1152.067918154      1148.538343494     -2300.606261649
   103 -1152.075392803      1148.710693131     -2300.786085934
   104 -1152.065522056      1148.909707383     -2300.975229439
   105 -1152.057309489      1148.988309175     -2301.045618664
   106 -1152.067292707      1148.868540478     -2300.935833185
   107 -1152.069358360      1148.721294198     -2300.790652558
   108 -1152.061261703      1148.656334149     -2300.717595852
   109 -1152.054677802      1148.678290464     -2300.732968266
   110 -1152.055253841      1148.760382797     -2300.815636638
   111 -1152.062629045      1148.869898069     -2300.932527114
   112 -1152.065643739      1148.997098515     -2301.062742253
   113 -1152.054361305      1149.102567297     -2301.156928602
   114 -1152.052083518      1149.040575097     -2301.092658615
   115 -1152.057529390      1148.831539344     -2300.889068733
   116 -1152.054411326      1148.631639943     -2300.686051269
   117 -1152.047045129      1148.518630146     -2300.565675275
   118 -1152.045207660      1148.492701074     -2300.537908734
   119 -1152.051155180      1148.531217852     -2300.582373032
   120 -1152.061056392      1148.604692889     -2300.665749281
   121 -1152.063211891      1148.691161786     -2300.754373677
   122 -1152.057664572      1148.714142520     -2300.771807093
   123 -1152.062397208      1148.572571912     -2300.634969120
   124 -1152.067451512      1148.348833791     -2300.416285304
   125 -1152.065088664      1148.172802099     -2300.237890763
   126 -1152.060768324      1148.101051279     -2300.161819603
   127 -1152.061235509      1148.128247771     -2300.189483280
   128 -1152.066944353      1148.225041380     -2300.291985733
   129 -1152.073870066      1148.352207418     -2300.426077483
   130 -1152.072110043      1148.475870354     -2300.547980396
   131 -1152.067825015      1148.505200524     -2300.573025539
   132 -1152.070804425      1148.386465027     -2300.457269452
   133 -1152.071643132      1148.212030625     -2300.283673757
   134 -1152.067684322      1148.085766824     -2300.153451145
   135 -1152.063374756      1148.056452430     -2300.119827186
   136 -1152.063345392      1148.121234725     -2300.184580117
   137 -1152.067387658      1148.252242481     -2300.319630140
   138 -1152.071884312      1148.410243668     -2300.482127980
   139 -1152.068598413      1148.558820457     -2300.627418870
   140 -1152.063771481      1148.615179014     -2300.678950495
   141 -1152.064385492      1148.542361982     -2300.606747473
   142 -1152.064212646      1148.416149114     -2300.480361761
   143 -1152.061869132      1148.322853151     -2300.384722283
   144 -1152.058511460      1148.318643819     -2300.377155279
   145 -1152.057917881      1148.406823183     -2300.464741064
   146 -1152.061210831      1148.558482579     -2300.619693410
   147 -1152.067156084      1148.728427884     -2300.795583968
   148 -1152.068289273      1148.882546651     -2300.950835925
   149 -1152.066680888      1148.955619027     -2301.022299914
   150 -1152.070143059      1148.899624446     -2300.969767505
   151 -1152.072391936      1148.773353510     -2300.845745446
   152 -1152.071844051      1148.657202580     -2300.729046631
   153 -1152.068919666      1148.615941589     -2300.684861255
   154 -1152.068261061      1148.659050050     -2300.727311111
   155 -1152.072207784      1148.758538382     -2300.830746166
   156 -1152.080136283      1148.870104248     -2300.950240531
   157 -1152.082975436      1148.969981125     -2301.052956561
   158 -1152.077916348      1149.008806976     -2301.086723324
   159 -1152.078962608      1148.905030157     -2300.983992765
   160 -1152.082391643      1148.707990366     -2300.790382010
   161 -1152.081788810      1148.530682095     -2300.612470905
   162 -1152.079084107      1148.442711806     -2300.521795913
   163 -1152.080200605      1148.445130906     -2300.525331511
   164 -1152.087088185      1148.503798955     -2300.590887141
   165 -1152.098423148      1148.575540450     -2300.673963598
   166 -1152.101518317      1148.651308017     -2300.752826334
   167 -1152.094617270      1148.675317444     -2300.769934713
   168 -1152.096351151      1148.550656940     -2300.647008091
   169 -1152.099990503      1148.348010243     -2300.448000746
   170 -1152.097024771      1148.194388867     -2300.291413639
   171 -1152.091599074      1148.142744867     -2300.234343941
   172 -1152.089454774      1148.179986355     -2300.269441129
   173 -1152.093734392      1148.259468737     -2300.353203129
   174 -1152.103033857      1148.342084517     -2300.445118374
   175 -1152.101361055      1148.438917070     -2300.540278125
   176 -1152.091348915      1148.481902222     -2300.573251137
   177 -1152.091548926      1148.376973883     -2300.468522809
   178 -1152.093194396      1148.207278442     -2300.300472838
   179 -1152.088478778      1148.094233678     -2300.182712456
   180 -1152.081412373      1148.082648597     -2300.164060970
   181 -1152.077376641      1148.154053686     -2300.231430327
   182 -1152.080645246      1148.256702923     -2300.337348170
   183 -1152.088552816      1148.362562211     -2300.451115027
   184 -1152.083888361      1148.497814660     -2300.581703021
   185 -1152.068971567      1148.600355881     -2300.669327448
   186 -1152.066942348      1148.553114369     -2300.620056717
   187 -1152.070718448      1148.418689615     -2300.489408063
   188 -1152.067936261      1148.325344479     -2300.393280740
   189 -1152.060307572      1148.325357111     -2300.385664683
   190 -1152.053527890      1148.402354472     -2300.455882362
   191 -1152.052827805      1148.510893112     -2300.563720917
   192 -1152.059039467      1148.622431306     -2300.681470773
   193 -1152.058441543      1148.760240603     -2300.818682146
   194 -1152.047343796      1148.883971608     -2300.931315404
   195 -1152.047906756      1148.859311074     -2300.907217830
   196 -1152.055561913      1148.715108618     -2300.770670531
   197 -1152.054655839      1148.590874074     -2300.645529913
   198 -1152.047869106      1148.553341541     -2300.601210647
   199 -1152.043890133      1148.594148421     -2300.638038554
   200 -1152.048116066      1148.673663079     -2300.721779145
   201 -1152.061349454      1148.754988479     -2300.816337933
   202 -1152.069659334      1148.850933236     -2300.920592569
   203 -1152.062106851      1148.940412096     -2301.002518947
   204 -1152.061105662      1148.887222294     -2300.948327956
   205 -1152.068258990      1148.703561332     -2300.771820322
   206 -1152.066732698      1148.543546346     -2300.610279045
   207 -1152.059820422      1148.476578973     -2300.536399395
   208 -1152.056023378      1148.491096308     -2300.547119686
   209 -1152.059464312      1148.545292717     -2300.604757029
   210 -1152.071107846      1148.597198783     -2300.668306629
   211 -1152.076203058      1148.662421201     -2300.738624259
   212 -1152.066015887      1148.715236384     -2300.781252270
   213 -1152.065741359      1148.618298833     -2300.684040192
   214 -1152.071745507      1148.413440537     -2300.485186044
   215 -1152.068605121      1148.252022341     -2300.320627463
   216 -1152.060928567      1148.189069041     -2300.249997607
   217 -1152.056134560      1148.204545742     -2300.260680302
   218 -1152.060357545      1148.244258201     -2300.304615746
   219 -1152.074014397      1148.277552216     -2300.351566613
   220 -1152.077574301      1148.350942849     -2300.428517150
   221 -1152.066418523      1148.429324769     -2300.495743292
   222 -1152.066363818      1148.369050608     -2300.435414425
   223 -1152.072713005      1148.212288227     -2300.285001231
   224 -1152.070443853      1148.099260989     -2300.169704842
   225 -1152.061749310      1148.080251618     -2300.142000928
   226 -1152.054486696      1148.124325269     -2300.178811965
   227 -1152.058712698      1148.168444215     -2300.227156914
   228 -1152.071396109      1148.215802699     -2300.287198808
   229 -1152.072611215      1148.338540402     -2300.411151617
   230 -1152.058387272      1148.507544620     -2300.565931893
   231 -1152.055207244      1148.560335131     -2300.615542375
   232 -1152.066832737      1148.475272591     -2300.542105328
   233 -1152.070858178      1148.393210451     -2300.464068629
   234 -1152.063216022      1148.383537541     -2300.446753563
   235 -1152.055545177      1148.409774933     -2300.465320111
   236 -1152.061236400      1148.415666891     -2300.476903291
   237 -1152.075060382      1148.436747263     -2300.511807645
   238 -1152.081871046      1148.546785136     -2300.628656182
   239 -1152.075314104      1148.729700786     -2300.805014889
   240 -1152.074142709      1148.825823844     -2300.899966553
   241 -1152.090112493      1148.744299286     -2300.834411779
   242 -1152.096507076      1148.626092583     -2300.722599659
   243 -1152.085978748      1148.567099126     -2300.653077873
   244 -1152.075792410      1148.529749085     -2300.605541496
   245 -1152.079817615      1148.475659310     -2300.555476924
   246 -1152.091091424      1148.461555685     -2300.552647109
   247 -1152.096750274      1148.555000390     -2300.651750665
   248 -1152.087180331      1148.742277273     -2300.829457604
   249 -1152.078163327      1148.858251746     -2300.936415073
   250 -1152.088977606      1148.778005246     -2300.866982852
   251 -1152.089609954      1148.657841855     -2300.747451809
   252 -1152.073162584      1148.596799018     -2300.669961601
   253 -1152.061490105      1148.544759602     -2300.606249707
   254 -1152.065369301      1148.482333272     -2300.547702573
   255 -1152.074922927      1148.479039705     -2300.553962632
   256 -1152.076464941      1148.590448609     -2300.666913550
$end
