$energy      SCF               SCFKIN            SCFPOT
     1 -851.7548619538      789.8349043661     -1641.589766320
     2 -851.7622655210      790.1237916427     -1641.886057164
     3 -851.7636419629      790.2914579084     -1642.055099871
     4 -851.7638440834      790.2799492407     -1642.043793324
     5 -851.7640721396      790.2544557931     -1642.018527933
     6 -851.7642075159      790.2740450011     -1642.038252517
     7 -851.7643068838      790.2986898825     -1642.062996766
     8 -851.7643440304      790.3108683507     -1642.075212381
     9 -851.7643705478      790.3148527151     -1642.079223263
    10 -851.7643776280      790.3158253006     -1642.080202929
    11 -851.7643793772      790.3169406304     -1642.081320008
    12 -851.7643802735      790.3176884168     -1642.082068690
    13 -851.7643812002      790.3183986902     -1642.082779890
    14 -851.7643824045      790.3194987756     -1642.083881180
    15 -851.7643829376      790.3189316909     -1642.083314628
    16 -851.7643856396      790.3181694874     -1642.082555127
    17 -851.7643862347      790.3186095849     -1642.082995820
    18 -851.7643875204      790.3189497487     -1642.083337269
    19 -851.7643882838      790.3186298085     -1642.083018092
    20 -851.7643885221      790.3185522353     -1642.082940757
    21 -851.7643893438      790.3186279604     -1642.083017304
    22 -851.7643896310      790.3183795245     -1642.082769156
$end
