$coord
   -0.11424165842825     -0.19732856280327      0.17348196434061      ti
    0.47406784162506     -2.72440460276953      1.89902376844870      o
   -2.29605222712633     -1.01675096634305     -2.27336810246913      o
   -2.85241109882884      0.15246831531312     -3.52222813708837      h
   -0.68657851473555      2.42455196172508      2.22348349181411      o
   -1.08668937020762      4.20561468058714      1.93974099805640      h
    2.95144635474260      1.75084559336131     -2.30037260353506      o
    2.50869082628298      3.24971311530318     -3.25388305296061      h
   -0.17052557046351     -5.12317173250790      3.75467063141405      h
$redundant
     number_of_atoms             9
     degrees_of_freedom         21
     internal_coordinates       21
     frozen_coordinates          0
# definitions of redundant internals
   1 k  1.0000000000000 stre    4    3           val=   1.87619
   2 k  1.0000000000000 linc    4    1    3    7 val=   1.02089
   3 k  1.0000000000000 linp    4    1    3    7 val=  13.81556
   4 k  1.0000000000000 stre    1    3           val=   3.54214
   5 k  0.2800253484465 bend    7    3    1      val=  17.87128
        0.6366325890480 bend    5    3    1
       -0.7185295754452 bend    2    3    1
   6 k  0.8809650591960 bend    7    3    1      val=  14.50147
       -0.4678011716260 bend    5    3    1
       -0.0711521489561 bend    2    3    1
   7 k  1.0000000000000 tors    6    5    1    2 val=  40.12572
        1.0000000000000 tors    6    5    1    7
   8 k  1.0000000000000 stre    5    6           val=   1.81992
   9 k  1.0000000000000 bend    1    6    5      val= 150.17640
  10 k  1.0000000000000 tors    8    7    1    2 val=  37.15531
        1.0000000000000 tors    8    7    1    5
  11 k  1.0000000000000 stre    7    8           val=   1.85925
  12 k  1.0000000000000 bend    1    8    7      val= 115.41356
  13 k  1.0000000000000 tors    9    2    1    5 val=  -4.58643
        1.0000000000000 tors    9    2    1    7
  14 k  1.0000000000000 stre    2    9           val=   1.69848
  15 k  1.0000000000000 bend    1    9    2      val=  95.85149
  16 k  1.0000000000000 stre    1    7           val=   3.28992
  17 k  1.0000000000000 stre    1    5           val=   3.46764
  18 k  1.0000000000000 stre    1    2           val=   3.59786
  19 k -0.0902134788549 bend    5    7    1      val= 100.28188
        0.7735712907746 bend    2    7    1
        0.6272551206026 bend    2    5    1
  20 k  0.6475760792885 bend    5    7    1      val=  46.71642
       -0.4329387719110 bend    2    7    1
        0.6270639850203 bend    2    5    1
  21 k  0.7566417578790 bend    5    7    1      val=  39.16752
        0.4627650352668 bend    2    7    1
       -0.4618893507847 bend    2    5    1
        21 non zero eigenvalues  of BmBt
           1           9.003004571    1    0
         1
           2           3.937106395    2    0
         2
           3           3.031996094    3    0
         3
           4           2.935726004    4    0
         4
           5           2.521317427    5    0
         5
           6           2.234006647    6    0
         6
           7           2.114572932    7    0
         7
           8           1.760127405    8    0
         8
           9           1.517799575    9    0
         9
          10           1.396294131   10    0
        10
          11           1.189206994   11    0
        11
          12           1.133394545   12    0
        12
          13           0.921798840   13    0
        13
          14           0.641060207   14    0
        14
          15           0.472201423   15    0
        15
          16           0.324697539   16    0
        16
          17           0.115255623   17    0
        17
          18           0.084291789   18    0
        18
          19           0.080740709   19    0
        19
          20           0.074274243   20    0
        20
          21           0.061373616   21    0
        21
$user-defined bonds
$end
