$energy      SCF               SCFKIN            SCFPOT
     1 -851.7700762222      790.0600098585     -1641.830086081
     2 -851.7706796917      790.3092665910     -1642.079946283
     3 -851.7707417718      790.3811097057     -1642.151851477
     4 -851.7707700960      790.3848154309     -1642.155585527
     5 -851.7708007924      790.3783845342     -1642.149185327
     6 -851.7708368007      790.3724849092     -1642.143321710
     7 -851.7708397790      790.3736299253     -1642.144469704
     8 -851.7708413451      790.3732371791     -1642.144078524
     9 -851.7708428483      790.3720979815     -1642.142940830
    10 -851.7708445290      790.3694164616     -1642.140260991
    11 -851.7708453567      790.3688897838     -1642.139735140
    12 -851.7708456818      790.3688186978     -1642.139664380
    13 -851.7708458617      790.3687465926     -1642.139592454
$end
