$grad          cartesian gradients
  cycle =      1    SCF energy =     -851.7700762222   |dE/dxyz| =  0.018739
   -1.02558139540074      0.15456618061450     -3.11064455021789      y
   -2.07601117766802     -1.09784414477706      0.63024974353800      h
   -3.25267523252990      3.29227293186361     -6.26421063906463      c
   -5.19425752920067      2.53199170003959     -4.54931327525335      c
   -4.61935446258785      3.57686285288699     -2.13479810101812      c
   -2.32555461577613      4.96665532327627     -2.34520342118803      c
   -1.46818549134068      4.79283377823073     -4.90166594081281      c
   -0.77133669661924     -4.82798608580944     -3.95739360275913      c
    1.74428732949298     -3.91310654802666     -4.22843626610847      c
    1.82326956705261     -2.30043750985349     -6.39506283541016      c
   -0.65817158098706     -2.23393615751111     -7.45837431380748      c
   -2.26340379093688     -3.78780787884045     -5.94336140889389      c
    1.04599648475953     -0.18619509381845      3.11037186273692      y
    2.10046196615620      1.05888876335591     -0.63242122783729      h
    3.21644370235669     -3.35020645489210      6.27736407781258      c
    5.17882243511987     -2.60403146173223      4.58003795450272      c
    4.61464866657174     -3.63845696440749      2.15868367241995      c
    2.30675996657628     -5.00808737976717      2.34715342958456      c
    1.43019897250787     -4.83203690274789      4.89696241246806      c
    0.81364898754284      4.80422844886680      3.92546819152493      c
   -1.70056435801118      3.89644332093210      4.23053178341722      c
   -1.75903437428879      2.29913737827406      6.40917190866351      c
    0.73397775583516      2.23525367457096      7.44587925564423      c
    2.32555461577613      3.77517411477905      5.90244449174681      c
   -1.45319221522975     -6.09547793752234     -2.47635400528995      h
    3.34253359987474     -4.37230489605732     -3.01085491615428      h
    3.49985141071134     -1.35576606164054     -7.14837211163951      h
   -1.22039080579595     -1.21055119079462     -9.16084653932242      h
    5.75109859343536     -3.39651287097017      0.45172013480498      h
    6.83662210177123     -1.46766997405163      5.06232799998678      h
   -3.42881736126662      1.36297725656363      7.18793220542318      h
    1.48232895760965      6.05905554500971      2.42774590278202      h
   -3.31103262112999      4.34914970380584      3.02639054366535      h
    1.31321415344329      1.22562364643052      9.15093454781021      h
   -6.84615104579631      1.38043133404481     -5.01576779368906      h
   -1.38574562187571      5.99873227431358     -0.82860881550122      h
   -3.17550864383874      2.84645271101811     -8.27834594704573      h
   -5.73865229020634      3.32681863735367     -0.41776969304679      h
    1.37054315308187     -6.02871731475453      0.82073999588388      h
    3.12623252314284     -2.90756286367598      8.29175393190378      h
   -0.26134950212331     -5.73586343237942      5.66659060769056      h
    4.33961017731442      4.12858653875383      6.20424055818273      h
    0.20727234321420      5.71185502877895     -5.68827993938075      h
   -4.27379441761305     -4.14075316251519     -6.26845515293170      h
  -.16692090573421D-02  0.11610036130261D-04  -.40369236193714D-02
  -.79769420682485D-03  -.40408691245042D-03  0.29301748403343D-03
  0.42166326502135D-03  -.10373292221741D-02  -.27788803818045D-02
  -.22315323521074D-02  -.22052847486878D-02  -.66144186080863D-03
  -.17272576169574D-02  -.11928243794044D-02  0.29462547697916D-02
  0.20205873035719D-02  0.11661383978536D-02  0.24766789597783D-02
  0.30099614118178D-02  0.78391571456615D-03  -.10617730438458D-02
  -.15120859825775D-02  -.14921137092596D-02  0.28473131457876D-02
  0.27117328682551D-02  -.69762216531100D-04  0.23198970085319D-02
  0.24763049698642D-02  0.20497327677691D-02  -.63286820998032D-03
  -.10185157752314D-02  0.18304004844385D-02  -.21056312670176D-02
  -.32123348248412D-02  0.43246850876422D-04  -.35168070323710D-03
  0.16217797369944D-02  0.74277606287865D-07  0.39770054317607D-02
  0.84153876221471D-03  0.33073988255516D-03  -.33044229546386D-03
  -.44615752474009D-03  0.10559193426425D-02  0.27893848271425D-02
  0.21910018637206D-02  0.21601621972562D-02  0.65922609867108D-03
  0.17003851628825D-02  0.12275013228235D-02  -.29412841897605D-02
  -.20460601623986D-02  -.11297049809595D-02  -.25002494977979D-02
  -.29857914666485D-02  -.81633158091066D-03  0.10637822133193D-02
  0.15250695505893D-02  0.14860160198076D-02  -.28557157360840D-02
  -.27212227552820D-02  0.82076883659354D-04  -.22988606251424D-02
  -.24769144369365D-02  -.20313455108258D-02  0.67099803603377D-03
  0.10172697548390D-02  -.17995353664972D-02  0.21025300074626D-02
  0.32348611590809D-02  -.30603464310275D-04  0.36498132209761D-03
  -.54726095200475D-03  -.18826619421404D-02  0.12433175740281D-02
  0.17783964048439D-02  -.72708675838318D-03  0.94836103247964D-03
  0.18208702800226D-02  0.85500635322244D-03  -.11032915246660D-02
  -.48872544822304D-03  0.92018262792126D-03  -.16327550818311D-02
  0.14081045608920D-02  -.20272615857908D-03  -.16844480411145D-02
  0.16670404746240D-02  0.10265316738249D-02  0.58094680860021D-03
  -.17943939324372D-02  -.87175374385540D-03  0.11369094893574D-02
  0.56403741274602D-03  0.18845463957025D-02  -.12668207619106D-02
  -.18029584083333D-02  0.69860972721421D-03  -.95831085228543D-03
  0.54077555261597D-03  -.86311902255948D-03  0.16848214290265D-02
  -.16884382376285D-02  -.10484449128580D-02  -.58401199701741D-03
  0.85386177831204D-03  0.14357944904271D-02  0.14288779810130D-02
  0.15746498786606D-04  -.32564295734416D-03  -.18685006490946D-02
  -.13985166820216D-02  0.16952032842710D-03  0.16833749808631D-02
  -.82805041772893D-03  -.14418619341021D-02  -.14409952920325D-02
  -.19000777030986D-04  0.31476025913113D-03  0.18988540322420D-02
  -.16891891082964D-02  -.11353871658777D-02  0.98951624012744D-03
  0.19792517369099D-02  0.40860605526749D-03  0.42294834787904D-03
  0.16355875709237D-02  0.11511449639210D-02  -.10295054186443D-02
  -.19279144774149D-02  -.37150129266289D-03  -.41989408724064D-03
  cycle =      2    SCF energy =     -851.7706796917   |dE/dxyz| =  0.007592
   -1.02405162688972      0.15547223740698     -3.10983845917335      y
   -2.07550202960012     -1.09696731585407      0.62897119125544      h
   -3.25488569695405      3.29670557295964     -6.25818243612786      c
   -5.19010573019429      2.53891421900955     -4.54760267368959      c
   -4.61627036753100      3.58091602862204     -2.13999919595665      c
   -2.32918618326129      4.96672178873241     -2.34984018781070      c
   -1.47570717903183      4.79357580419190     -4.89972634294718      c
   -0.76757498569582     -4.82553631563162     -3.96290424852737      c
    1.74074872691032     -3.91359628008558     -4.23362392775755      c
    1.81873916255618     -2.30613470754013     -6.39486288812608      c
   -0.65569176997435     -2.23953010136852     -7.45471694208790      c
   -2.25554192965160     -3.78903217931999     -5.94347910962887      c
    1.04481016242703     -0.18732203674318      3.10945849568943      y
    2.09974369329410      1.05893219554701     -0.63097619500174      h
    3.21859654436621     -3.35443407967572      6.27197518371234      c
    5.17490046762388     -2.61080253390170      4.57928780670523      c
    4.61224556974824     -3.64276269397801      2.16489171058557      c
    2.31098696251672     -5.00844976956629      2.35252574485010      c
    1.43788554345505     -4.83273945596484      4.89561797122830      c
    0.80980060839870      4.80164424707847      3.93021938486476      c
   -1.69704100186268      3.89676136066238      4.23468164360802      c
   -1.75486033507428      2.30487442814447      6.40799686044015      c
    0.73094049216896      2.24089349798527      7.44166829470008      c
    2.31729135500392      3.77647325593820      5.90214873445991      c
   -1.45009281028717     -6.08111453636386     -2.47927415059470      h
    3.33391596795169     -4.36760905861644     -3.01566347861401      h
    3.49074428716366     -1.36189022224419     -7.14432124414852      h
   -1.21684667315957     -1.21987139281605     -9.15430515036465      h
    5.74212136197489     -3.39485302691731      0.46046449488311      h
    6.82911146829997     -1.47706096831578      5.05965335798038      h
   -3.42037019876402      1.36954595541269      7.18279926139729      h
    1.47912432806587      6.04433060499437      2.42989016328926      h
   -3.30234263704213      4.34455572691408      3.03020238755690      h
    1.30887679506053      1.23417910983734      9.14333861525663      h
   -6.83840948660520      1.38998718109448     -5.01184317213752      h
   -1.38906628503660      5.99185904852803     -0.83553265010160      h
   -3.17863224266111      2.85224549056848     -8.26813068441244      h
   -5.72872432086805      3.32510876262821     -0.42536473245376      h
    1.37445401611518     -6.02190422331895      0.82827348485533      h
    3.12873323736898     -2.91264768345482      8.28197926337588      h
   -0.25021387744390     -5.73318792306659      5.66264749546779      h
    4.32653120454492      4.12995807071009      6.20288721352506      h
    0.19659676516848      5.70892036769515     -5.68362706616268      h
   -4.26116911947077     -4.14244959269964     -6.26760910804190      h
  -.14845353560657D-02  0.25250085748052D-04  -.37454257222622D-02
  -.76651133607009D-03  -.37520943893510D-03  0.27434600893361D-03
  0.14056179307675D-03  -.50657972517332D-03  -.44636888650373D-03
  -.31408766961860D-03  -.72299939470355D-03  -.21388819846235D-03
  -.48100181248412D-03  -.61405064584008D-03  0.88015807380160D-03
  0.83233296005858D-03  0.22878605988241D-03  0.94470252780066D-03
  0.99623821189931D-03  -.52860468860771D-04  -.33298673978432D-03
  -.59813089779492D-03  -.29281724002583D-03  0.97942015239028D-03
  0.92262508608254D-03  0.12594986806702D-03  0.92238414467305D-03
  0.62121304831209D-03  0.88697229668089D-03  -.74214568447140D-04
  -.40319028336477D-03  0.57445726541872D-03  -.18343396933318D-03
  -.72395913904266D-03  0.34622407673357D-03  -.34535061921970D-04
  0.14619083895373D-02  -.42808000219274D-04  0.36860814687030D-02
  0.79884223441873D-03  0.32201257715836D-03  -.30484647253559D-03
  -.15684016446071D-03  0.51753672835098D-03  0.45534421549398D-03
  0.25865883089438D-03  0.70345644822822D-03  0.19355797797393D-03
  0.45807365607153D-03  0.64687134346642D-03  -.87698599017827D-03
  -.87764513580080D-03  -.23138011145196D-03  -.95774641014668D-03
  -.97959025385386D-03  0.16693542351121D-04  0.36094044053137D-03
  0.61417977177669D-03  0.30720047841015D-03  -.99502382475203D-03
  -.89593542841016D-03  -.12387126893199D-03  -.92452853026792D-03
  -.61476782837033D-03  -.86761029854365D-03  0.75282400318955D-04
  0.39023379018488D-03  -.56277758901291D-03  0.22278555355149D-03
  0.76506662818510D-03  -.30095200187441D-03  0.83822347774820D-04
  0.25759520694280D-04  -.46986762964352D-03  -.13752235913600D-04
  0.28793162501906D-03  -.25660927693005D-03  -.76132638094251D-04
  0.22301077529541D-03  -.13153847966407D-05  -.30295638087185D-03
  -.32603849658752D-04  0.59875168706203D-04  -.23408357108146D-03
  0.27958214732937D-03  -.24736233521172D-03  -.15823621885236D-03
  0.24834184919875D-03  0.63449909385227D-04  0.15126097823659D-03
  -.20734402581191D-03  -.12695868738755D-04  0.31239213219614D-03
  -.98802002423959D-05  0.47318864467405D-03  0.10598230860914D-04
  -.29294599325119D-03  0.23903024700922D-03  0.60197475954871D-04
  0.58937572947171D-04  -.26617908525983D-04  0.25190165380939D-03
  -.25231805638182D-03  -.60703772573500D-04  -.15753718009281D-03
  0.16464778933134D-04  0.37125975319530D-03  0.74591179968664D-04
  -.58773191880912D-04  0.30999210761995D-04  -.24268074439160D-03
  -.28494384520217D-03  0.23150522990867D-03  0.15773986847734D-03
  -.25815420774400D-05  -.37828555547881D-03  -.73245316169368D-04
  0.59957330612148D-04  -.34442992845607D-04  0.24683878003939D-03
  -.11335316113170D-03  -.25327452076795D-03  0.21369311119990D-03
  0.22745096259436D-03  0.11529332289739D-03  0.14844348898013D-03
  0.95372002189009D-04  0.25440982865499D-03  -.23439677501136D-03
  -.22519893491069D-03  -.92280270768241D-04  -.13793166366188D-03
  cycle =      3    SCF energy =     -851.7707417718   |dE/dxyz| =  0.005579
   -1.02282087578020      0.15634640225932     -3.10830045316116      y
   -2.07504420500684     -1.09611953444304      0.62802317713864      h
   -3.25553146580329      3.29883929827429     -6.25534916427006      c
   -5.18875979348186      2.54167466947964     -4.54552995332683      c
   -4.61478892864375      3.58274180304817     -2.14025952117033      c
   -2.33026664990178      4.96735005334294     -2.35029701783493      c
   -1.47805737563544      4.79473828823215     -4.89797509956593      c
   -0.76568215687742     -4.82434651708138     -3.96280145694043      c
    1.73999696513854     -3.91347371814878     -4.23369694442231      c
    1.81801210054348     -2.30833476497154     -6.39353188689332      c
   -0.65424278195996     -2.24169600663710     -7.45263418738050      c
   -2.25252968754614     -3.78981616272574     -5.94187729004229      c
    1.04377161449160     -0.18830124041625      3.10786447668197      y
    2.09893299698776      1.05909950726822     -0.62980865578278      h
    3.21925519916588     -3.35648211471440      6.26945885031142      c
    5.17377439788521     -2.61348892550461      4.57776377289335      c
    4.61125296586811     -3.64468139295673      2.16567288089111      c
    2.31250935174771     -5.00917105833778      2.35332195024002      c
    1.44035675679238     -4.83380608873511      4.89409509909079      c
    0.80777465323775      4.80034458838467      3.92978100172576      c
   -1.69640485876191      3.89654478277542      4.23430055194605      c
   -1.75438703260451      2.30702395061245      6.40618612975808      c
    0.72918540885548      2.24298817407876      7.43923907624320      c
    2.31405883596111      3.77714168569052      5.90024798538172      c
   -1.44997449090606     -6.07108359960631     -2.47392370053486      h
    3.33053722422674     -4.36143678165011     -3.01153214660812      h
    3.48870195494227     -1.36111211837852     -7.13925014787559      h
   -1.21562564274509     -1.22183539112795     -9.15098665617001      h
    5.73645065439286     -3.39021658445905      0.46025283809954      h
    6.82620722001741     -1.47823705362666      5.05649520458516      h
   -3.41880503699729      1.36898082151332      7.17722357909878      h
    1.47875538183733      6.03410449041847      2.42422535949264      h
   -3.29914005352221      4.33867141959419      3.02585190221916      h
    1.30719702408796      1.23539389581123      9.13929685418491      h
   -6.83525972866491      1.39117526281356     -5.00790558718081      h
   -1.38739722564318      5.98641764181320     -0.83485525766945      h
   -3.17832532768657      2.85278560569334     -8.26404939208043      h
   -5.72238181914342      3.32062445208158     -0.42456945708739      h
    1.37321106634450     -6.01629990147030      0.82780001496670      h
    3.12814427373738     -2.91289915177224      8.27813922968683      h
   -0.24921045652764     -5.73074912430956      5.65918367699952      h
    4.32291430531673      4.12901024646518      6.19876385454101      h
    0.19593957992858      5.70638611122773     -5.67985220017144      h
   -4.25769210454338     -4.14211706258724     -6.26404657418705      h
  -.13318203224948D-02  0.30310541292877D-04  -.34384834652488D-02
  -.71143321188966D-03  -.33596408015568D-03  0.25001383209156D-03
  0.80139539939239D-04  -.26131184788181D-03  0.32673498236946D-03
  0.32260537541529D-03  -.12433076995055D-03  0.67818440115275D-04
  0.79587882234833D-04  -.24019825497845D-03  0.14927380667551D-04
  0.18007143601251D-03  -.16835471546361D-03  0.16716029452724D-03
  0.16921858002039D-03  -.31866486723331D-03  0.28037587129326D-04
  -.68483970590449D-04  0.16513632845161D-03  0.11697643737651D-03
  0.53520907183469D-04  0.13773662098515D-03  0.19522741446742D-03
  -.89375214024301D-04  0.32469976751592D-03  0.18694495893357D-03
  -.11291305177163D-03  0.15875072622640D-03  0.44040734773887D-03
  0.18255440536485D-03  0.32592442795831D-03  0.17041204230672D-03
  0.13282264115713D-02  -.69955056166915D-04  0.33807961377010D-02
  0.73453248224287D-03  0.29980931691287D-03  -.27359983614028D-03
  -.10040882648754D-03  0.26250643042269D-03  -.32671262967199D-03
  -.37274799131914D-03  0.12277314573739D-03  -.88994142882548D-04
  -.10702118166694D-03  0.26214075838560D-03  -.18328711039572D-04
  -.22232007379941D-03  0.14980730812786D-03  -.16436067541292D-03
  -.15747668035182D-03  0.29088557084567D-03  0.49345372659104D-05
  0.91507536867930D-04  -.14487824133447D-03  -.12491302570083D-03
  -.17761252351534D-04  -.14739879350856D-03  -.21322717797556D-03
  0.95351838332647D-04  -.31051097796908D-03  -.20134426430474D-03
  0.10400897743468D-03  -.13456688141122D-03  -.39013070774985D-03
  -.14654838566841D-03  -.26765988195621D-03  -.11432660010069D-03
  0.10917420584533D-03  -.56534191045232D-04  -.17180341841572D-03
  -.28522891821314D-04  -.89327439794173D-04  -.16657766976635D-03
  -.10697174928032D-03  -.12190487912844D-03  -.60376890759439D-04
  0.44156445761390D-04  -.70724384297005D-04  0.67644865785255D-04
  -.16545240328014D-04  -.14209946651622D-03  0.11125540658607D-03
  -.65499814463799D-04  -.10320156763299D-03  0.24990394602131D-04
  0.11491438109656D-03  0.11278532359960D-03  0.62907522162980D-04
  -.99881405416058D-04  0.57982399149559D-04  0.17403793912907D-03
  0.30181639217197D-04  0.77640093883780D-04  0.15704756827883D-03
  -.29905488856508D-04  0.88312626800979D-04  -.63759893190074D-04
  0.65830471867478D-04  0.10900933247004D-03  -.29611644130512D-04
  -.10105379447900D-03  0.64069372696540D-04  -.12812000042217D-03
  -.38514372564732D-04  0.55880130218622D-04  0.87345576469389D-04
  0.10672876115336D-04  0.13677280036251D-03  -.11239349061398D-03
  0.10703247226651D-03  -.67974961389439D-04  0.12950974305648D-03
  0.39126677788603D-04  -.54718907594342D-04  -.89152744829679D-04
  0.16516991345172D-03  -.18666247540544D-04  0.12606631021761D-04
  -.12609824776688D-03  0.29018874813325D-04  0.44742419430421D-04
  -.16999520521177D-03  0.15394863601970D-04  -.23088063751731D-04
  0.12022058379602D-03  -.15623401936005D-04  -.37374063146800D-04
  cycle =      4    SCF energy =     -851.7707700960   |dE/dxyz| =  0.004812
   -1.02129567991102      0.15765395870963     -3.10558398314574      y
   -2.07420942781763     -1.09488519072659      0.62682545185551      h
   -3.25573200568673      3.30045703693144     -6.25351568452992      c
   -5.18858366499927      2.54293865593598     -4.54310795270217      c
   -4.61409804204825      3.58404639653433     -2.13829301790336      c
   -2.33031222621148      4.96883681907832     -2.34884538429147      c
   -1.47851713330506      4.79664884841776     -4.89619222587441      c
   -0.76451738262367     -4.82338607749986     -3.95951906035767      c
    1.74066528725584     -3.91279837139031     -4.23080689542951      c
    1.81909558640235     -2.30929011457190     -6.39125067291942      c
   -0.65293011235701     -2.24290153452794     -7.45072170858602      c
   -2.25136806740811     -3.79035570591458     -5.93895310341678      c
    1.04239322712175     -0.18959750273025      3.10511060521999      y
    2.09754593241859      1.05929892096416     -0.62828870360338      h
    3.21951755283742     -3.35811981288340      6.26772812937662      c
    5.17387349819903     -2.61472729915008      4.57570894961442      c
    4.61106163331455     -3.64593342716512      2.16397082079425      c
    2.31299439243794     -5.01054221071213      2.35186665727379      c
    1.44091988373703     -4.83555617656987      4.89219807605522      c
    0.80641917801166      4.79929273151359      3.92648654454582      c
   -1.69728820918499      3.89587665107133      4.23137197762101      c
   -1.75571814935236      2.30781604362953      6.40370780671481      c
    0.72765202005081      2.24387037941667      7.43707207624140      c
    2.31272850107861      3.77733150678076      5.89713279578546      c
   -1.45102796357403     -6.06254321693407     -2.46498148676844      h
    3.32922538761963     -4.35425653652513     -3.00340081330343      h
    3.48947635811174     -1.35810372550795     -7.13328997581088      h
   -1.21475052684250     -1.22227941060106     -9.14871295365738      h
    5.73265666126448     -3.38512817805218      0.45683087349265      h
    6.82485178991814     -1.47636525451015      5.05290719560144      h
   -3.42002855915650      1.36601899527667      7.17103686822465      h
    1.47945807013306      6.02550763443299      2.41534363045635      h
   -3.29818576874764      4.33207035765149      3.01805627304231      h
    1.30595984021327      1.23477581295453      9.13637633165055      h
   -6.83358810759713      1.38921137108226     -5.00367126300012      h
   -1.38419582828342      5.98247141591949     -0.83153156514354      h
   -3.17710914304950      2.85210389225688     -8.26184741688525      h
   -5.71788605686957      3.31587377872605     -0.42080082543957      h
    1.37045769187648     -6.01192504106527      0.82428788055467      h
    3.12680768879232     -2.91230406491380      8.27604090303468      h
   -0.25166775575745     -5.72884632440206      5.65551276854320      h
    4.32263915015514      4.12665137577554      6.19293754564514      h
    0.19866959407255      5.70450543602167     -5.67627824463344      h
   -4.25744688111517     -4.14073398550942     -6.25876250812173      h
  -.11390100585373D-02  0.30641904807283D-04  -.29681084274884D-02
  -.60875089919454D-03  -.27227764237936D-03  0.20991792011393D-03
  0.84527978367888D-04  -.15924902407338D-03  0.34513926837265D-03
  0.31127746714610D-03  0.10019496219815D-04  0.19551515658200D-03
  0.20937541076904D-03  0.46618806548437D-06  -.18925593654062D-03
  -.62596034586360D-04  -.18912341041233D-03  -.11841795217116D-03
  -.38002078627031D-04  -.26913060826894D-03  0.14840815312045D-03
  0.19266349977443D-03  0.18036943719224D-03  -.18070948110305D-03
  -.17165252530660D-03  0.56844515690990D-04  -.10747442193715D-03
  -.18918905260445D-03  0.88175890254227D-04  0.23945113412793D-03
  -.87764005192170D-05  0.12547853752265D-03  0.42099778242122D-03
  0.26772651743201D-03  0.17047144780191D-03  0.26118875724368D-03
  0.11555684118907D-02  -.89271281193959D-04  0.29143976427994D-02
  0.62156723153595D-03  0.25455904011362D-03  -.22498400841714D-03
  -.11148932241323D-03  0.15328128032710D-03  -.35090237198254D-03
  -.34851239603029D-03  0.18095445293298D-05  -.20836318682349D-03
  -.24426511963860D-03  0.18611787773182D-05  0.18240007709203D-03
  0.34767070529185D-04  0.16656828134742D-03  0.13502561523415D-03
  0.38973946026033D-04  0.25498594790374D-03  -.12271794377838D-03
  -.15874381953118D-03  -.16122023295573D-03  0.18230633609662D-03
  0.20227526081573D-03  -.77769297464947D-04  0.81649546332052D-04
  0.19390227336302D-03  -.86351487719627D-04  -.24951871127143D-03
  0.13287940282325D-04  -.76110776852545D-04  -.37505465546772D-03
  -.24565016201628D-03  -.11148296730479D-03  -.20984499317800D-03
  0.39096907904823D-04  0.41504856385544D-04  -.13832448781503D-04
  -.26665500469480D-04  0.27423229284063D-05  -.86505367038470D-05
  -.40029915947537D-04  -.11109897964046D-04  0.12257760310330D-04
  0.98604736946672D-05  0.19042863841356D-05  0.33788928202050D-04
  -.52226423412183D-04  0.85584730863397D-06  0.18511006410149D-04
  -.34922987620867D-04  -.13970938506080D-04  -.64416639746767D-05
  0.44757259762385D-04  0.99419821655289D-05  -.14273728040415D-04
  -.37284939117477D-04  -.41503264172960D-04  0.14506699279160D-04
  0.28457453211672D-04  -.77775341993380D-05  0.78840568358274D-05
  -.63098807645545D-05  0.34475345755958D-05  -.39834047582232D-04
  0.32446604610215D-04  0.15136782881342D-04  0.41881015901968D-05
  -.17746423097709D-04  -.30730080608610D-04  -.19647418476154D-04
  0.26086589164920D-05  -.61838829472638D-05  0.28809148028941D-04
  0.49967760276992D-04  0.15131876095476D-05  -.20343788549759D-04
  0.18323162846556D-04  0.31811943644211D-04  0.17543632725214D-04
  -.29371026008806D-05  0.83419919747474D-05  -.35267554104657D-04
  0.42013296328136D-04  0.21834032723600D-04  -.14889960247899D-04
  -.42193623416509D-04  -.10364750555603D-05  -.82697315557656D-05
  -.37389243840558D-04  -.22913357029530D-04  0.10474781546144D-04
  0.37353636480830D-04  0.47250864598780D-05  0.82975467063928D-05
  cycle =      5    SCF energy =     -851.7708007924   |dE/dxyz| =  0.003349
   -1.01898160379459      0.16009281712002     -3.09995515947449      y
   -2.07213192794836     -1.09260829924141      0.62485047841266      h
   -3.25618842816824      3.30309785468937     -6.25108003390357      c
   -5.18880392218641      2.54484635439639     -4.54020310662396      c
   -4.61423063551768      3.58627236753916     -2.13529510150666      c
   -2.33073038585135      4.97206841655858     -2.34631815222489      c
   -1.47936327278057      4.80021109706863     -4.89385134934362      c
   -0.76368602707702     -4.82176240216979     -3.95307210115732      c
    1.74187882212349     -3.91144657457470     -4.22471113399899      c
    1.82107135963797     -2.31061237332991     -6.38712355491753      c
   -0.65079471117933     -2.24493732386945     -7.44747161100150      c
   -2.25004271997514     -3.79086296477009     -5.93426535568203      c
    1.04018050642873     -0.19185312157386      3.09947175009474      y
    2.09446660076181      1.05942320054373     -0.62574422122261      h
    3.22018725772844     -3.36089705659932      6.26513323709678      c
    5.17457644363341     -2.61662006185560      4.57301166284496      c
    4.61190228678601     -3.64781731100372      2.16095966796185      c
    2.31400688769928     -5.01329161375063      2.34882490996350      c
    1.44194727570278     -4.83884684163833      4.88923582818357      c
    0.80515810363317      4.79758127249125      3.92045009894785      c
   -1.69898970567344      3.89469404529172      4.22582648103322      c
   -1.75804195637405      2.30876154037522      6.39972773332622      c
    0.72533029918688      2.24501129819162      7.43359177270737      c
    2.31119535404548      3.77703679873770      5.89231875238316      c
   -1.45277538501591     -6.05452646030834     -2.45411927771759      h
    3.32868159652657     -4.34705322058745     -2.99283963733653      h
    3.49142600285946     -1.35660355476841     -7.12613705402624      h
   -1.21249043340405     -1.22501378309399     -9.14603693255804      h
    5.73165711630103     -3.38212016696161      0.45309413687575      h
    6.82402401395977     -1.47531874264136      5.04912170002823      h
   -3.42252906509665      1.36433757425666      7.16402208415807      h
    1.48052520742999      6.01762752334879      2.40504757450702      h
   -3.29835318592410      4.32590197351127      3.00860070717464      h
    1.30341215186268      1.23566992943029      9.13298706750580      h
   -6.83219069342504      1.38797219346531     -4.99924496110424      h
   -1.38253918900559      5.98225429339343     -0.82785215996653      h
   -3.17624024254232      2.85287117717631     -8.25902869842332      h
   -5.71588073504171      3.31355006441147     -0.41689436291619      h
    1.36946774340303     -6.01086726585508      0.81983496097697      h
    3.12603037148982     -2.91364171271776      8.27318658114958      h
   -0.25314272414368     -5.72927258619120      5.65091006665784      h
    4.32202595960687      4.12377639108777      6.18596486846374      h
    0.20041249705560      5.70503847260597     -5.67237289676870      h
   -4.25682467461315     -4.13944436097072     -6.25240054275867      h
  -.80511352063395D-03  0.26140641764538D-04  -.20395808950950D-02
  -.39454428602836D-03  -.15084939481902D-03  0.13189225028665D-03
  0.57387747824933D-04  -.89573725329473D-04  0.19089010854012D-03
  0.13198966775896D-03  0.67798709606492D-05  0.15696429257583D-03
  0.13576902532542D-03  0.13001095094278D-03  -.13368616724652D-03
  -.40225104573466D-04  -.35294806735919D-04  -.18375295132955D-03
  -.80900372633863D-04  -.13045421342817D-03  0.92864730161679D-04
  0.26760115587976D-03  0.29507319316835D-04  -.22096600371935D-03
  -.62328641622145D-04  -.11831162360920D-05  -.21191780797292D-03
  -.12843330549961D-03  -.24585244310593D-04  0.12684325135304D-03
  0.28144474192526D-04  0.13519060466927D-03  0.22971349438450D-03
  0.11221723004429D-03  0.23365399593356D-04  0.20672589875037D-03
  0.84617496394834D-03  -.99708627255168D-04  0.19979061756279D-02
  0.39329087925843D-03  0.15761549708374D-03  -.13274518140571D-03
  -.83814869101584D-04  0.83533594362750D-04  -.20267346483216D-03
  -.15574999837753D-03  0.87485394484332D-05  -.16865761667972D-03
  -.17954507988449D-03  -.15445944933923D-03  0.12627209479099D-03
  0.35673291371552D-04  0.19117868230722D-04  0.19953254663685D-03
  0.66053120431064D-04  0.13306140417146D-03  -.92752375167926D-04
  -.22747758025021D-03  -.13062560196175D-04  0.22308724472975D-03
  0.80133715103514D-04  -.19304796241570D-04  0.17837205874471D-03
  0.13901684672746D-03  0.14753712537008D-04  -.12404108055186D-03
  -.35935709070678D-05  -.60546828368757D-04  -.21031809713001D-03
  -.11175518791173D-03  0.23478043628788D-04  -.17241067655160D-03
  -.39493124200707D-04  0.10171856917385D-03  0.10515732132710D-03
  -.35972329261114D-04  0.90068980063807D-04  0.11334539164705D-03
  0.14681051482057D-04  0.77914823289893D-04  0.84224033926494D-04
  -.71057772955685D-05  0.24259859499054D-04  0.20495592817943D-04
  -.53547424148093D-04  0.11865742857958D-03  -.48538153603284D-04
  -.11210300443487D-04  0.59807176829185D-04  -.33855258729565D-04
  -.26097821232529D-04  -.76513085493612D-04  -.86090906678882D-04
  0.33647517271751D-04  -.10224912161982D-03  -.10670561118520D-03
  0.34066455699477D-04  -.85672460235275D-04  -.10726734246935D-03
  0.20862130842847D-05  -.41245350229424D-04  -.16150873172638D-04
  0.15636532594065D-04  -.56529268663619D-04  0.37435352260640D-04
  0.47057130458605D-04  -.11033821187967D-03  0.59313249477055D-04
  0.27184886175258D-04  -.34297248644011D-04  0.95533359467659D-05
  0.55648863995783D-04  -.11064726414900D-03  0.47160232629073D-04
  -.51130166256241D-04  0.11465895854401D-03  -.65178644919506D-04
  -.27257895235042D-04  0.37894546559003D-04  0.23399478155106D-06
  -.70120581935118D-04  0.56627993943459D-04  -.40812852305172D-04
  0.24485466186164D-04  -.33562067236592D-04  -.51792999812728D-04
  0.70421275797372D-04  -.60828102735888D-04  0.50410980777515D-04
  -.16293665733080D-04  0.28400547565810D-04  0.47549978000272D-04
  cycle =      6    SCF energy =     -851.7708368007   |dE/dxyz| =  0.001184
   -1.01685746459680      0.16363939805437     -3.08953725940590      y
   -2.06767886011006     -1.08931994677682      0.62265791982387      h
   -3.25709062655691      3.30732283346432     -6.24817615403401      c
   -5.18990326802908      2.54845869118979     -4.53837924832189      c
   -4.61712402436213      3.58993800145583     -2.13258588371264      c
   -2.33360100812990      4.97762831950118     -2.34297169138475      c
   -1.48178434664127      4.80583362154362     -4.89084285704323      c
   -0.76484856754791     -4.81940620595723     -3.94332726852361      c
    1.74216391707168     -3.90991744625293     -4.21442767730324      c
    1.82331052278582     -2.31285390183110     -6.38010522929160      c
   -0.64754348700783     -2.24828858372246     -7.44242167598199      c
   -2.24844288801751     -3.79126804205583     -5.92861366297001      c
    1.03787431238235     -0.19497538712558      3.08914856033948      y
    2.08854978171321      1.05906914181999     -0.62276293462756      h
    3.22170855895946     -3.36532076662375      6.26158448088740      c
    5.17646093344348     -2.62012535004989      4.57093380279495      c
    4.61570922496684     -3.65052414955878      2.15766957184210      c
    2.31765407034614     -5.01776990243046      2.34424126555591      c
    1.44490871120622     -4.84408012704597      4.88494724074058      c
    0.80525747862999      4.79513096815828      3.91177940373405      c
   -1.70038454023771      3.89352152851868      4.21723165942925      c
   -1.76074263618940      2.31030632524023      6.39364563394697      c
    0.72204485172894      2.24659662312422      7.42838068031477      c
    2.30924749603131      3.77601609712075      5.88654911491565      c
   -1.45553471624837     -6.05439056019384     -2.44717063490555      h
    3.32949801415948     -4.34800998759827     -2.98452647873631      h
    3.49505772796396     -1.36274115825094     -7.12077407243285      h
   -1.20747720960605     -1.23149969551310     -9.14343746293806      h
    5.74043523178208     -3.38837164161183      0.45267321791508      h
    6.82581436016345     -1.47956276002934      5.04866890591452      h
   -3.42645364707512      1.36973597534504      7.15970865681910      h
    1.48185924169825      6.01791523433843      2.39936730856282      h
   -3.30050209276134      4.32793403615597      3.00251203573289      h
    1.29858071208930      1.23983000251801      9.12974863977482      h
   -6.83320025905360      1.39206702700245     -4.99859057119840      h
   -1.38935716482796      5.99378785560221     -0.82622626051620      h
   -3.17632020212245      2.85732542844754     -8.25612840339498      h
   -5.72344753160004      3.32096741706984     -0.41675067231403      h
    1.37729791331544     -6.02130625908569      0.81681643838900      h
    3.12674295656095     -2.91916043836473      8.26977035200182      h
   -0.24851959714758     -5.73748797722278      5.64654238581817      h
    4.31957152723506      4.12323879244214      6.18234975903135      h
    0.19624865496795      5.71352396321049     -5.66960824232454      h
   -4.25456982820841     -4.14072813680411     -6.24940797710288      h
  -.31342655570565D-03  0.13288881639539D-05  -.42908916908990D-03
  -.77686331463322D-05  0.47939737792380D-04  -.11532692895111D-05
  -.40936713667783D-04  -.39901859993918D-04  0.14169652643892D-03
  0.56257807708349D-04  -.11137633026848D-04  -.92515967696993D-04
  -.60464207843447D-04  -.55943535063108D-04  0.17982531152683D-03
  0.28949779673271D-03  0.10355737985623D-03  0.49023373479784D-04
  -.39172950110355D-04  -.75734219400658D-04  -.16676875760169D-03
  0.31017512416298D-05  -.97573245233296D-04  0.14844795630164D-03
  0.27905268449580D-03  0.11304598866779D-03  0.29581335767581D-04
  -.69861039085239D-04  0.65484892231460D-04  -.13927135929315D-03
  0.10332255568901D-04  -.23350272189138D-05  0.10390441623009D-03
  0.19778982318197D-04  0.34627676491539D-04  -.61832340447543D-04
  0.36808740572436D-03  -.60458432970645D-04  0.41570517170264D-03
  -.56594117560094D-05  -.21819289194272D-04  0.17031782218402D-04
  0.28498711826863D-04  0.50817403781545D-04  -.12551819566742D-03
  -.65542357307713D-04  0.84378732287949D-05  0.76673933442795D-04
  0.26644202571369D-04  0.25795191677336D-04  -.17098969298956D-03
  -.28872336044827D-03  -.10171893243394D-03  -.50581486466417D-04
  -.12585200397375D-05  0.82713209474061D-04  0.14805568883780D-03
  0.25051527009268D-04  0.10141672160113D-03  -.14652139864602D-03
  -.28455261434868D-03  -.10644903008927D-03  -.45758411125529D-04
  0.81455054461443D-04  -.79190555793751D-04  0.16884522533189D-03
  0.34270657718327D-04  0.46159120467237D-04  -.10998571342036D-03
  -.21766213043506D-04  -.33053657883642D-04  0.68486397013068D-04
  -.49852041765996D-04  0.33458738726289D-04  -.87963385775325D-05
  -.43108812082915D-04  0.49056200805975D-04  0.27945398028473D-04
  0.83785924993585D-05  0.18820657769258D-04  0.59834950246529D-04
  0.72801097997788D-05  -.36187194710990D-04  0.61913497750865D-06
  0.16939751081635D-04  0.55911621825111D-04  0.32272740213113D-04
  -.19495455132468D-04  -.27165456941702D-05  -.24048108137220D-04
  -.88982725618969D-05  -.72970556852514D-05  -.70328563062327D-04
  0.42847831185133D-04  -.32432871490684D-04  0.47455080420811D-05
  0.41183296122682D-04  -.41260054410852D-04  -.23878254003851D-04
  -.26691420556890D-04  0.30360341827240D-04  -.10152797305096D-04
  0.15226351745667D-04  -.90762805715627D-06  0.25536741886434D-04
  -.47913037963809D-05  -.55145092905384D-04  0.44522444486716D-06
  -.68952676882117D-06  0.18278541747296D-04  0.13507532496959D-04
  -.13100564905777D-04  -.51622783633132D-04  -.30908772783889D-04
  0.70994727714435D-05  0.59382148388298D-04  0.21378782344428D-05
  0.34967350306392D-05  -.24797718296332D-04  -.22971917546855D-04
  -.96900613728579D-05  0.35002514155558D-04  -.38951815733768D-04
  -.25743401529610D-04  -.14262694010281D-04  -.15879403394092D-04
  0.21513092089531D-04  -.27151506091894D-04  0.46583177897519D-04
  0.22559757311136D-04  0.50490477161436D-05  0.11622482520179D-04
  cycle =      7    SCF energy =     -851.7708397790   |dE/dxyz| =  0.000773
   -1.01711762887963      0.16401730709199     -3.08721831470550      y
   -2.06670955250265     -1.08925884357753      0.62274986700803      h
   -3.25714804473050      3.30822664505846     -6.24786656519668      c
   -5.19042461370860      2.54930755828880     -4.53869961120090      c
   -4.61851473194237      3.59072513480102     -2.13284346870920      c
   -2.33532643969478      4.97858636051014     -2.34248632467688      c
   -1.48246403420108      4.80684843359219     -4.88992625567641      c
   -0.76592224544389     -4.81915616899202     -3.94224967432859      c
    1.74116292230024     -3.91029697355160     -4.21270528067590      c
    1.82339624081483     -2.31343140158622     -6.37840505654003      c
   -0.64700970382072     -2.24871786633540     -7.44161721652701      c
   -2.24854588982814     -3.79122022817565     -5.92816442619721      c
    1.03801354961561     -0.19537103421553      3.08686726410655      y
    2.08752369426779      1.05882235864357     -0.62285031889892      h
    3.22201794856641     -3.36607205273100      6.26131937593306      c
    5.17721989178395     -2.62075385425826      4.57132118448607      c
    4.61739613898670     -3.65104043572214      2.15796584474528      c
    2.31970345678012     -5.01858096817780      2.34379172205999      c
    1.44594537832973     -4.84504997252071      4.88408096644516      c
    0.80584619762389      4.79480151764721      3.91062233984690      c
   -1.69982134636604      3.89380270063868      4.21565235371689      c
   -1.76104442303146      2.31072694727552      6.39204210101914      c
    0.72142541075867      2.24678764386525      7.42742338271876      c
    2.30911297591543      3.77583223392586      5.88581833181398      c
   -1.45657615568160     -6.05554352933112     -2.44722355852450      h
    3.32891493691288     -4.35080793299951     -2.98408628130012      h
    3.49580215131149     -1.36508727524384     -7.11992002690067      h
   -1.20641713630406     -1.23130673807198     -9.14252087075121      h
    5.74354064268830     -3.39053627663947      0.45361984249789      h
    6.82660390628134     -1.48043875011769      5.04989605266126      h
   -3.42727033538965      1.37174813432565      7.15908342554985      h
    1.48232581940392      6.01901761620540      2.39930284403699      h
   -3.30036567763823      4.33039439679564      3.00214860464448      h
    1.29769114696721      1.23956986472582      9.12874080584335      h
   -6.83382227247563      1.39328545538641     -4.99976152266017      h
   -1.39285927045700      5.99704918118963     -0.82607394629853      h
   -3.17549019166200      2.85779695277614     -8.25575528483444      h
   -5.72626333114675      3.32337361987133     -0.41763914384701      h
    1.38120245559617     -6.02461629819379      0.81674619361268      h
    3.12607891606925     -2.91937535327862      8.26944328629342      h
   -0.24665564070420     -5.74017215765482      5.64567062032624      h
    4.31930176586281      4.12350968352780      6.18261148233270      h
    0.19470542743378      5.71613512952397     -5.66877189940990      h
   -4.25455007553764     -4.14085190707380     -6.24997812801857      h
  -.23333660832670D-03  -.11300971308970D-04  -.98529370681000D-04
  0.64610827183786D-04  0.78646964490559D-04  -.25078793004063D-04
  -.56941186196369D-04  -.67576021089977D-06  0.14122520369053D-03
  0.91273505936407D-04  0.52075717859257D-04  -.30156833238593D-04
  0.37576947592655D-04  -.62541112745063D-04  0.10479758485715D-03
  0.18654307621591D-03  -.15579263963783D-04  0.10446066662340D-04
  -.43273040455039D-04  -.86161475076008D-04  -.10706852232256D-03
  0.23436515928843D-04  0.11168411777618D-04  0.11380402120231D-03
  0.12500271187887D-03  0.13895341368286D-03  0.30527357746335D-04
  -.71541831452748D-04  0.57524580555635D-04  -.89169422386348D-04
  0.26126203538368D-04  -.74706241751876D-04  0.84379569116777D-04
  0.11098616611349D-03  0.63294690786364D-05  -.40817912925650D-04
  0.28069835053612D-03  -.33224498046103D-04  0.93378872120908D-04
  -.75992279599424D-04  -.56372902785262D-04  0.41113768847856D-04
  0.43855053605490D-04  0.75338220888455D-05  -.13894493027955D-03
  -.10098743189335D-03  -.66219895572761D-04  0.16324916567445D-04
  -.54788747013035D-04  0.44448742094749D-04  -.10265271984444D-03
  -.19693957237399D-03  0.18154556864047D-04  -.11580854522464D-04
  0.17745089305521D-04  0.98595328935858D-04  0.94095415722251D-04
  -.74413983170984D-05  -.92629221875029D-05  -.11378954254049D-03
  -.12886070145157D-03  -.12336786394407D-03  -.37913614095331D-04
  0.82911126497720D-04  -.52268481617546D-04  0.10413655088826D-03
  0.73268434448437D-05  0.99349625361178D-04  -.99000160378893D-04
  -.10927989516674D-03  -.12982823214713D-04  0.33055614427013D-04
  -.33666399912757D-04  -.94456405275167D-06  -.20971385670698D-04
  -.21673711723125D-05  0.54116463767961D-05  0.91365392735909D-05
  0.17434140074712D-04  -.80252087819588D-06  0.21415335734076D-04
  0.13463940295999D-05  -.14581999944419D-04  -.13241759572402D-04
  0.33532572666140D-04  0.22614929800935D-04  0.25797532201111D-04
  0.13041718929685D-04  -.26945488151853D-05  -.61844359269259D-05
  -.25355193063792D-04  0.41009438058737D-05  -.24254293170545D-04
  0.28926261600670D-04  0.14165303978686D-05  0.17249301108135D-04
  0.81019132469606D-06  -.15355970679476D-05  -.10053821730471D-04
  -.10599188191796D-04  0.65942494569260D-05  0.17431806151880D-04
  -.10105616584433D-04  0.34063621456859D-05  0.83021078156609D-05
  -.85937712475115D-05  -.47464955308385D-05  0.54431402558563D-05
  0.58605227948316D-06  0.97183812554080D-05  -.82064857416242D-05
  -.29807079036104D-04  -.20801513789165D-04  -.24063241204964D-04
  0.98283910778818D-05  0.43488613670206D-05  -.45113721247603D-05
  -.41622614715964D-06  -.10294913773690D-04  0.13191040913796D-04
  -.95973230251900D-05  -.36583669933421D-05  -.10457311205858D-04
  -.61957621255715D-07  0.10077677488951D-04  0.57277723040094D-05
  0.89242957752589D-05  0.47818775081865D-05  0.18960220802278D-04
  0.47258077553458D-05  -.13109600518035D-04  -.65382476399645D-05
  cycle =      8    SCF energy =     -851.7708413451   |dE/dxyz| =  0.000574
   -1.01772660749975      0.16391116825721     -3.08634547050389      y
   -2.06653274815360     -1.09011966942162      0.62322425732316      h
   -3.25700557115557      3.30833385911611     -6.24840881040656      c
   -5.19096211898014      2.54923351903967     -4.53983644819425      c
   -4.62002395867132      3.59104273404510     -2.13404177368259      c
   -2.33712518942318      4.97897217601690     -2.34277912250151      c
   -1.48282274751947      4.80710407504795     -4.88966547776665      c
   -0.76737967097656     -4.81936873262727     -3.94303275142469      c
    1.73978415894892     -3.91124090276944     -4.21273080037195      c
    1.82301123531626     -2.31365547390941     -6.37782253644216      c
   -0.64724140444876     -2.24828986571296     -7.44172828551397      c
   -2.24954949869184     -3.79066594331932     -5.92875185340855      c
    1.03853130775852     -0.19533721904746      3.08600471413321      y
    2.08772513914419      1.05861998715717     -0.62357541008531      h
    3.22207706763740     -3.36596973297443      6.26204127589111      c
    5.17791883136247     -2.62034525139300      4.57267078647273      c
    4.61920383294583     -3.65110710613009      2.15937801054201      c
    2.32190027653850     -5.01893541726903      2.34432866307753      c
    1.44671664837834     -4.84533616728816      4.88406157329864      c
    0.80683487835957      4.79494444761878      3.91116564591069      c
   -1.69882820697257      3.89450009728375      4.21553158231105      c
   -1.76091356446062      2.31078915074722      6.39135136423354      c
    0.72143582023528      2.24637200287781      7.42738566287403      c
    2.30976833203133      3.77539963436874      5.88616876804621      c
   -1.45773235830085     -6.05643639767066     -2.44838580511366      h
    3.32763161142521     -4.35363988293988     -2.98482782510549      h
    3.49580083609361     -1.36625874534455     -7.11970519497762      h
   -1.20625310125027     -1.22936272159732     -9.14187609398887      h
    5.74571813893395     -3.39140589321535      0.45511563907297      h
    6.82672672444509     -1.47943286425725      5.05191488720090      h
   -3.42732120313902      1.37248582200618      7.15882582180249      h
    1.48299187411155      6.01983555947982      2.40020767676270      h
   -3.29944767429762      4.33260109306446      3.00260280889799      h
    1.29758038505216      1.23796100973557      9.12804346176138      h
   -6.83394251008064      1.39284998868531     -5.00161798700482      h
   -1.39584647460603      5.99854801097617     -0.82631002495094      h
   -3.17422157674035      2.85714549015175     -8.25609775311232      h
   -5.72819554652147      3.32449876592199     -0.41894316338851      h
    1.38467582264852     -6.02623479024885      0.81724777823601      h
    3.12487434698962     -2.91831119587840      8.26989541574025      h
   -0.24547955028211     -5.74145109406062      5.64538604899950      h
    4.31999863156312      4.12269282027262      6.18327983130553      h
    0.19394535642885      5.71724148043168     -5.66840088950127      h
   -4.25568774105265     -4.13949896800893     -6.25079348062776      h
  -.21899679527770D-03  -.23290616741889D-04  0.30387499901696D-04
  0.71591173445462D-04  0.69303231189255D-04  -.25167437008866D-04
  -.55727483318613D-04  0.24255916269311D-04  0.55581789810688D-04
  0.55121276688830D-04  0.49219985882587D-04  0.44025172240225D-04
  0.99437602083086D-04  -.27125772606329D-04  -.10436751946230D-04
  0.51417196415215D-04  -.92206947773121D-04  -.13196309186725D-04
  0.37857653309992D-04  -.67164109319506D-04  -.10213181215413D-04
  0.52558109958412D-04  0.86041328110298D-04  0.12111370789825D-04
  -.99815781009482D-05  0.10387386243416D-03  0.36651138553445D-04
  0.38051838817665D-05  0.78866353808049D-04  0.16399656406207D-05
  0.25781878200348D-04  -.96508918286276D-04  -.39971840877229D-05
  0.10267344745962D-03  -.27766197647772D-04  0.36139128716250D-05
  0.25129861430839D-03  0.43941168126338D-06  -.28734513805695D-04
  -.75790996466707D-04  -.61052813869034D-04  0.35138823024639D-04
  0.38155890219826D-04  -.23036518592034D-04  -.61636189714775D-04
  -.64115179084112D-04  -.65709030206307D-04  -.48331214950181D-04
  -.10117713251923D-03  0.22495154293534D-04  0.58564244831416D-05
  -.72028138625058D-04  0.90720750614892D-04  0.15306211131438D-04
  -.47706550452276D-04  0.76293447170528D-04  0.16632109576253D-04
  -.47392320875250D-04  -.86602821885329D-04  -.13629612596766D-04
  0.13821264848168D-04  -.89422365569636D-04  -.29170784313415D-04
  -.70379431793555D-06  -.57722649368319D-04  -.23803112920717D-05
  -.84327076770307D-05  0.99136334385630D-04  -.50747658644212D-05
  -.88382390820207D-04  0.22567354598380D-04  -.20389796554499D-04
  -.84984964470181D-05  -.24004136978562D-04  -.54279579781991D-05
  0.25742658984029D-04  -.29119803625077D-04  -.32622918899605D-05
  0.14975013205465D-04  -.13981152161335D-04  -.48917448145502D-05
  0.22277761424494D-05  0.15461530198380D-04  0.56647667072696D-05
  0.29578329150848D-04  -.31491256897720D-05  0.53120529264206D-06
  0.12352404998861D-04  0.94275741144845D-05  0.55784111875345D-05
  -.17317056521193D-04  0.11311786916934D-04  0.56024664791821D-05
  0.73878091293444D-05  0.24232715366779D-04  0.20985177986432D-05
  -.26752776245864D-04  0.26174491857600D-04  -.21820403945938D-05
  -.20071719879500D-05  -.13731231215619D-04  -.34328574711751D-05
  -.12368147155328D-04  -.72717679273637D-05  -.62132849365515D-05
  -.92985145392355D-05  0.30013457874123D-04  0.13127493154297D-04
  0.12354524133146D-04  -.10115531797417D-04  -.97655643482852D-06
  -.29036747253741D-04  0.27082327705985D-05  0.32489860437579D-05
  0.11205111239448D-04  -.32367091732988D-04  -.11856696177703D-04
  -.14597201894395D-04  0.13844734609414D-04  0.28411851060728D-05
  0.40938578581284D-05  -.21137702796659D-04  0.41543407858224D-06
  0.79011169926702D-05  0.11230554820996D-04  0.84067501630036D-05
  -.52807672386024D-05  0.19774535763073D-04  0.60418139202767D-06
  -.81864044152447D-05  -.69945131758731D-05  -.77006451304068D-05
  cycle =      9    SCF energy =     -851.7708428483   |dE/dxyz| =  0.000519
   -1.01688800197073      0.16444342314726     -3.08664610091749      y
   -2.06698908341548     -1.09090163614709      0.62265322606100      h
   -3.25705253160500      3.30793525034674     -6.24935560416507      c
   -5.19089823762064      2.54856952780151     -4.54056375804113      c
   -4.62021812660662      3.59137880942850     -2.13515748259953      c
   -2.33772209403437      4.97974644317020     -2.34404314559340      c
   -1.48318746764920      4.80751179713608     -4.89081055292534      c
   -0.76769969343090     -4.81918000932514     -3.94377444252945      c
    1.73954875154911     -3.91169594507309     -4.21385783834405      c
    1.82268584851686     -2.31385273549028     -6.37875933543675      c
   -0.64793197491437     -2.24776559704195     -7.44212204875829      c
   -2.25038247156167     -3.78981900712658     -5.92875347808626      c
    1.03792325027092     -0.19563566908106      3.08618986551996      y
    2.08886207147110      1.05870370633929     -0.62338080812413      h
    3.22191707819571     -3.36570587873628      6.26295672238356      c
    5.17788939364717     -2.61958162111207      4.57374709696767      c
    4.61980756333350     -3.65108018837893      2.16062632671848      c
    2.32289900083423     -5.01941531276395      2.34525786936071      c
    1.44711156834999     -4.84575874064692      4.88476292830580      c
    0.80712303964023      4.79488347156372      3.91229080334503      c
   -1.69861541701526      3.89492429318377      4.21657793263708      c
   -1.76089202759392      2.31070748608112      6.39199783915686      c
    0.72163776473615      2.24557734811655      7.42788137262035      c
    2.31028009782501      3.77454825137652      5.88669912234064      c
   -1.45750182671317     -6.05551836825001     -2.44830607101353      h
    3.32741299108568     -4.35396516092376     -2.98597688687993      h
    3.49529842031786     -1.36644794412685     -7.12106375816388      h
   -1.20706997968606     -1.22838836022654     -9.14197105272276      h
    5.74557188837653     -3.39093716002485      0.45597212770036      h
    6.82601447499296     -1.47778322129534      5.05310588653658      h
   -3.42712814168808      1.37218003217269      7.15955519276303      h
    1.48297015922451      6.01926082210298      2.40082210650947      h
   -3.29908962109117      4.33298939332796      3.00352874222493      h
    1.29783160845605      1.23658538874634      9.12817981648586      h
   -6.83326375170239      1.39125816595286     -5.00209877761891      h
   -1.39629776763591      5.99925852487562     -0.82767948741768      h
   -3.17414872635003      2.85622249358664     -8.25693905378860      h
   -5.72744435419523      3.32460728493837     -0.41953462203473      h
    1.38569602993281     -6.02638525708550      0.81798349474414      h
    3.12430491843319     -2.91773771991234      8.27072380627061      h
   -0.24511050816990     -5.74190604436537      5.64598022805418      h
    4.32069152001247      4.12100050125050      6.18332717819551      h
    0.19344559761309      5.71759827420145     -5.66991145982276      h
   -4.25677899904114     -4.13775025449482     -6.24995920409787      h
  -.19127029312749D-03  -.11542194226166D-04  0.11992936173044D-04
  0.52418735281390D-04  0.51823022399144D-04  -.20573265891777D-04
  -.63978430704381D-04  0.17310106682489D-04  0.11958812873303D-05
  -.16685502883362D-04  0.20164214039831D-04  0.95492933686714D-04
  0.10643592674953D-03  0.13116872064511D-04  -.46990198891983D-04
  0.86451769987228D-05  -.81299266225798D-04  0.26152435687266D-04
  0.63224032249565D-04  -.48236617002928D-05  0.46949604679103D-04
  0.74113786928010D-04  0.80776296943696D-04  -.46606012976902D-04
  -.18276411738682D-04  0.51850504438455D-04  0.65025832215071D-04
  0.64964765588371D-04  0.44742114314822D-04  0.34388118605122D-04
  -.32293056784205D-05  -.79989850060969D-04  -.41043375318850D-04
  0.41976800455146D-04  -.67857115840120D-04  0.37413512270046D-04
  0.21785641867833D-03  0.13851900377171D-04  -.72806349713517D-05
  -.53384158572922D-04  -.53501181409787D-04  0.25180648786538D-04
  0.45883738749808D-04  -.21997603042667D-04  -.47532486426860D-05
  0.82340300124883D-05  -.39493723790862D-04  -.87439323339211D-04
  -.10535027538161D-03  -.17016524146207D-04  0.43879680870162D-04
  -.29952596699800D-04  0.81261185485459D-04  -.15491188751326D-04
  -.75614873214391D-04  0.17840869553254D-04  -.28480414178134D-04
  -.73785683989414D-04  -.78053761310315D-04  0.38807662559925D-04
  0.24425799594496D-04  -.40466631450187D-04  -.50956727999818D-04
  -.69373513802873D-04  -.21324419891222D-04  -.45184182120295D-04
  0.12345731477126D-05  0.71894531228356D-04  0.37569667735937D-04
  -.23173431614509D-04  0.63341469525469D-04  -.53598423635393D-04
  0.25451231500551D-04  0.74020896336791D-05  0.31991068167869D-05
  0.93785859371920D-05  0.66367519240274D-05  -.12307019108704D-04
  0.10195524888346D-04  0.72617669015784D-05  -.14966678227424D-04
  -.59113944735900D-05  0.19935251098557D-04  -.10789752705520D-04
  -.18500018044598D-04  -.34181794410504D-05  -.36975251571647D-06
  0.35044128647854D-05  0.95529945087769D-05  0.35981339412405D-05
  -.18985226661883D-05  -.64405972093340D-05  0.14710767609616D-04
  -.21673611824147D-04  -.10277801739900D-04  -.47979110018304D-07
  -.14495594018449D-05  -.99201059857723D-05  0.15443447731300D-04
  0.10752218549959D-04  -.15210911672003D-04  0.68701360187440D-05
  -.41104206092157D-05  -.11252535644601D-04  -.67136804045020D-05
  0.73806934652865D-06  -.44454719443365D-05  -.19465339319069D-04
  0.12633199738821D-05  -.15970762315520D-04  -.21997286797415D-04
  0.21772868635139D-04  0.25278414103047D-05  -.42447951180691D-05
  -.48529993439406D-05  0.14593364126014D-05  0.10554190905232D-04
  -.22058489347887D-05  0.16544747063918D-04  0.14388910866803D-04
  -.72595740530090D-06  -.63454603895785D-05  0.94971710653535D-05
  0.10976366282556D-05  0.52402242084471D-05  -.98609657661619D-06
  0.21835876657939D-05  0.78051976812876D-05  -.16008843557236D-04
  -.26852442576164D-05  -.33790105626874D-05  0.62549440404958D-06
  cycle =     10    SCF energy =     -851.7708445290   |dE/dxyz| =  0.000634
   -1.01614992899095      0.16507901203254     -3.08657757053525      y
   -2.06784831115902     -1.09266059305896      0.62220020141592      h
   -3.25682426351638      3.30723348173189     -6.25125646929520      c
   -5.19107331039580      2.54749272886198     -4.54287781058058      c
   -4.62184307308285      3.59186578311540     -2.13778073753258      c
   -2.33989226767281      4.98114740216579     -2.34621319451851      c
   -1.48406540627899      4.80818032483271     -4.89254575500440      c
   -0.76960835465548     -4.81917240575225     -3.94561648442217      c
    1.73812122864819     -3.91313121849457     -4.21582353848381      c
    1.82172309896126     -2.31427366900228     -6.38002699662921      c
   -0.64921636233737     -2.24632542750572     -7.44283085309120      c
   -2.25240681684825     -3.78793107494174     -5.92957165556903      c
    1.03724834682756     -0.19614340601831      3.08602065190800      y
    2.09063981258148      1.05883832065898     -0.62353125029494      h
    3.22183232157411     -3.36492965257450      6.26496273349069      c
    5.17828829900912     -2.61793772879370      4.57648876203228      c
    4.62210686544968     -3.65088739356135      2.16350901353560      c
    2.32592965526037     -5.02051043993642      2.34729896342086      c
    1.44853003514088     -4.84650906181855      4.88627418341374      c
    0.80842758348826      4.79491365405112      3.91430506978650      c
   -1.69767761414428      3.89598171231657      4.21834132427486      c
   -1.76046129232472      2.31059732805754      6.39294846587539      c
    0.72225173590418      2.24391155762320      7.42859559975872      c
    2.31159825519637      3.77279394722981      5.88782916301619      c
   -1.45892615268154     -6.05503468506354     -2.44953333200036      h
    3.32588365701909     -4.35621713286828     -2.98812520786264      h
    3.49432616072659     -1.36724437467301     -7.12276766328983      h
   -1.20798211643296     -1.22592583356415     -9.14213483392385      h
    5.74737557215988     -3.39051847740926      0.45856146147666      h
    6.82506797779072     -1.47456790220917      5.05649658232439      h
   -3.42654198858534      1.37204637426286      7.16074083708628      h
    1.48389465176124      6.01909734649795      2.40250992403575      h
   -3.29799239832526      4.33476599484257      3.00537115867919      h
    1.29825635467041      1.23395155990444      9.12832905520775      h
   -6.83231012222420      1.38882699554207     -5.00477858216258      h
   -1.39908889884325      6.00117399582148     -0.82981160338068      h
   -3.17311131923227      2.85481704952344     -8.25860430796124      h
   -5.72853011543643      3.32519948875423     -0.42179661791682      h
    1.38960722308331     -6.02786593702867      0.81974867584499      h
    3.12314053319811     -2.91644927151336      8.27251978747219      h
   -0.24356099409239     -5.74310758920989      5.64717231226045      h
    4.32227244193174      4.11771829829113      6.18404592607374      h
    0.19236811233227      5.71842486573998     -5.67181605773058      h
   -4.25916658233038     -4.13403508964204     -6.25009461438440      h
  -.13638138411998D-03  -.90032154593800D-05  0.82124718357779D-04
  0.21158038558622D-04  0.16344622282283D-04  -.91907246000389D-05
  -.50629693764570D-04  0.62927802355617D-05  -.85176639732953D-04
  -.93662603410483D-04  -.27032799106319D-04  0.11338338154548D-03
  0.55085335319061D-04  0.48876767320127D-04  -.11170627835622D-03
  -.57072106526057D-04  -.34924377659173D-04  0.65290942906415D-04
  0.12221794627365D-03  0.53239668567517D-04  0.87016958381980D-04
  0.41908359929677D-04  0.49703779747112D-04  -.12810865579471D-03
  -.12392230636316D-04  -.36853028059003D-04  0.86196873736011D-04
  0.14483867192538D-03  0.43179389519254D-04  0.61630069776220D-04
  -.27101270392516D-04  -.46059379968932D-04  -.10347929758936D-03
  -.37613969240624D-04  -.79970488362058D-04  0.43946341711121D-04
  0.14247725130279D-03  0.52561294542564D-04  -.69758199308545D-04
  -.12195324926606D-04  -.38894443238097D-04  0.21291089322695D-05
  0.35510084360979D-04  -.19488735997220D-04  0.76006569201148D-04
  0.83197426713699D-04  0.91262505499401D-05  -.92470634414976D-04
  -.48388023449419D-04  -.48744465700246D-04  0.11074913381326D-03
  0.34135254156631D-04  0.29868760934804D-04  -.56286551039175D-04
  -.12810154198251D-03  -.43744431604154D-04  -.53475371724510D-04
  -.56010472352597D-04  -.46505973811506D-04  0.11411623058311D-03
  0.26586110019267D-04  0.40744787604297D-04  -.67041438436277D-04
  -.15264830446426D-03  -.12223566801417D-04  -.88776268249546D-04
  0.38556843939830D-05  0.26065235921191D-04  0.10276141875254D-03
  0.64930281926223D-04  0.76364453176936D-04  -.56814885853296D-04
  0.66768788215488D-04  0.20103313075559D-04  0.25301765733232D-04
  -.48553307474553D-06  0.24564384013548D-04  -.25831219839345D-04
  -.12719482058277D-04  0.16886887920675D-04  -.28984700770396D-04
  0.47023010102398D-06  0.21869928283014D-04  0.93257739142150D-06
  -.60659489191872D-04  -.16349523387804D-04  -.21723630954096D-04
  -.22359293859964D-04  0.11916045198790D-04  0.93445466221587D-05
  0.27365940601043D-04  -.19670486744894D-04  0.32374308480410D-04
  -.57204457665105D-04  -.22812215582702D-04  -.17927526428652D-04
  0.83454480890310D-05  -.29041780403138D-04  0.30322970252350D-04
  0.16230423967312D-04  -.12194568880089D-04  -.55360302141927D-05
  0.22483217182234D-04  -.12456659187254D-04  -.14563501422815D-04
  0.91209088313171D-05  -.16824019264838D-04  -.40344183786178D-04
  -.36458499963476D-05  -.20961420626908D-04  -.11623528872740D-04
  0.61652016773300D-04  0.14110220422414D-04  0.13060474687965D-04
  -.12741340003952D-04  0.16958890829089D-04  0.30823133125413D-04
  0.40554516512747D-05  0.21330398087605D-04  0.34007400033786D-05
  0.81304687271633D-05  0.90705442833405D-05  0.17646022190010D-04
  -.15204665881452D-04  -.95026150274125D-05  -.10378720678661D-04
  -.95570515370458D-05  -.95703972049499D-05  -.32997096024778D-04
  0.14090071139616D-04  0.12749087648756D-04  0.10218181472954D-04
  cycle =     11    SCF energy =     -851.7708453567   |dE/dxyz| =  0.000303
   -1.01570582297613      0.16533147730539     -3.08667580862810      y
   -2.06852430021700     -1.09292444802924      0.62191994038982      h
   -3.25656208983460      3.30691162686948     -6.25184236104902      c
   -5.19088028320322      2.54725600919712     -4.54379911679860      c
   -4.62233268177767      3.59175064524805     -2.13849937203979      c
   -2.34042328401258      4.98157283603417     -2.34692996275312      c
   -1.48452297620832      4.80844415323488     -4.89328735286933      c
   -0.77040174701734     -4.81916356235175     -3.94603941666317      c
    1.73768442478585     -3.91358816965036     -4.21659280163655      c
    1.82127810197816     -2.31460394112401     -6.38072639292682      c
   -0.64964859276665     -2.24565943781518     -7.44296761089002      c
   -2.25288401601131     -3.78722738719323     -5.92997648013099      c
    1.03662153755193     -0.19651063705637      3.08614206479254      y
    2.09103611383217      1.05924355022758     -0.62320356641286      h
    3.22193647873698     -3.36448332436705      6.26554493250351      c
    5.17824970761722     -2.61736950647562      4.57724408894630      c
    4.62268454319814     -3.65056468995290      2.16414346466537      c
    2.32673054341380     -5.02096429906516      2.34807379165593      c
    1.44937754523017     -4.84683475518243      4.88711343524358      c
    0.80883614644353      4.79480269059440      3.91464643577097      c
   -1.69756015339171      3.89617297347274      4.21915077985077      c
   -1.76008196651338      2.31070394785366      6.39378220973279      c
    0.72267922082219      2.24326053593949      7.42873397027511      c
    2.31186785214703      3.77212843187128      5.88810168338905      c
   -1.46033659231595     -6.05511846510434     -2.45031850196830      h
    3.32529134577596     -4.35662489442995     -2.98859943619301      h
    3.49404109853030     -1.36761435856207     -7.12316019276818      h
   -1.20809271839611     -1.22598467196619     -9.14278742758007      h
    5.74847838501812     -3.38999443521289      0.45955852700944      h
    6.82504235696854     -1.47404369175267      5.05739175946762      h
   -3.42631379350662      1.37226242039601      7.16141916545091      h
    1.48469175722338      6.01912957008417      2.40312958320738      h
   -3.29787905018732      4.33498408755742      3.00608758538997      h
    1.29841646011256      1.23394723972380      9.12892141389095      h
   -6.83218285560672      1.38874336430269     -5.00592622463720      h
   -1.39985818292360      6.00167366978653     -0.83035260556564      h
   -3.17291286853406      2.85507082473576     -8.25929542097131      h
   -5.72970878448315      3.32502926786007     -0.42294296243076      h
    1.39066727044898     -6.02852583571360      0.82044945780300      h
    3.12346344034295     -2.91668201152056      8.27324929670564      h
   -0.24270586374829     -5.74353530526252      5.64793669049443      h
    4.32255969957650      4.11698223271045      6.18445849114896      h
    0.19210942566960      5.71860839636740     -5.67224320966578      h
   -4.25961259866842     -4.13331326636649     -6.25087782738516      h
  -.98567781240178D-04  -.11220259648503D-04  0.87064172792584D-04
  0.60137283168782D-05  0.99106604801724D-05  -.46829302183804D-05
  -.17815102419494D-04  -.29714590397134D-04  -.44001622114820D-05
  -.18724781126522D-04  0.38847458945224D-05  0.37294546796574D-04
  -.14273982283264D-04  0.75898170672772D-05  -.33546612055346D-04
  0.11983654831571D-04  0.30893751764793D-04  0.41246257941774D-04
  0.24336554988125D-04  0.25965159758057D-04  -.47144559007783D-05
  -.11283705624088D-04  -.11245372862678D-04  -.45341616321526D-04
  0.61264714628084D-04  -.25051007595644D-04  0.28944466766712D-04
  0.57928834539922D-04  0.11334072235636D-04  -.18203927405036D-04
  -.17539680264633D-04  0.26138774815720D-05  -.58446858206551D-05
  0.21433813165217D-04  -.23679488898365D-04  -.35810245377910D-05
  0.10087783271784D-03  0.46064624158682D-04  -.76483047802167D-04
  0.16479217730403D-05  -.26335740762162D-04  -.27613281545213D-05
  0.10648409288994D-04  0.19826267552148D-04  0.47118507566779D-05
  0.72382867521981D-05  -.11576678307978D-04  -.28890097261147D-04
  0.10089146008085D-04  -.12310247952119D-04  0.39028493179050D-04
  -.25766175512310D-04  -.38410829278579D-04  -.38385814977282D-04
  -.36516291647359D-04  -.22255032233076D-04  0.25736329412052D-04
  0.23954274583904D-05  0.12668020946904D-04  0.34242696179909D-04
  -.53048585086479D-04  0.26205895306219D-04  -.27567672525652D-04
  -.53312297813690D-04  0.34802862458050D-05  0.68346899517735D-05
  0.13767992947722D-04  -.20946344063688D-05  0.26049805903483D-05
  -.17584952676231D-05  0.20300628338354D-04  -.19322837125912D-05
  0.42425286340464D-04  0.16038095315363D-04  0.11686926295607D-04
  -.15969931741466D-05  0.27010577547948D-04  -.75132987791271D-05
  -.71473127469801D-05  0.20547175044072D-04  -.18717966357773D-04
  0.66283272788237D-05  -.94053934751592D-06  -.16179993403753D-04
  -.38596466987340D-04  -.70102061430211D-05  -.10810887336454D-04
  -.11512622989152D-04  0.31008784020514D-05  0.11809709677069D-04
  0.15602021993910D-04  -.20581510462581D-04  0.22763646338131D-04
  -.37904698898306D-04  -.16633839283742D-04  -.82536537577838D-05
  0.29348203249846D-05  -.26115898119294D-04  0.12702062436531D-04
  0.45423497061492D-05  0.64493836340329D-05  0.10683188515159D-04
  0.11250637061977D-04  -.39216248550744D-05  -.16215592682389D-04
  0.91790862022378D-05  -.14947525123432D-04  -.23142912443763D-04
  -.91994463146949D-05  -.13635869293704D-05  -.14872511600039D-04
  0.36417730155280D-04  0.64942576180060D-05  0.43108152594229D-05
  -.94899602971488D-05  0.16340550776039D-04  0.20333803831818D-04
  0.12849633106105D-04  -.53382439957339D-06  0.93592370618012D-05
  0.16941754159561D-05  0.11186178491940D-04  0.15710935135527D-04
  -.11369342900913D-04  -.33746011054436D-05  -.11016078684811D-05
  -.11060289484277D-06  -.11553852244273D-04  -.24723058412945D-04
  0.10271687180818D-04  0.19210361577038D-05  -.24464086580966D-05
  cycle =     12    SCF energy =     -851.7708456818   |dE/dxyz| =  0.000278
   -1.01550600571077      0.16544365204127     -3.08667081666027      y
   -2.06849424938832     -1.09279298828627      0.62194881005223      h
   -3.25673203684550      3.30672146782527     -6.25198717190422      c
   -5.19095054868666      2.54705823578837     -4.54394415115279      c
   -4.62256659345934      3.59162666428518     -2.13860881422790      c
   -2.34075499987267      4.98171135130848     -2.34720641424628      c
   -1.48494715484711      4.80852796723141     -4.89358672348476      c
   -0.77082798841841     -4.81918381042530     -3.94596344284069      c
    1.73735265904319     -3.91383496786410     -4.21686350457957      c
    1.82086445751239     -2.31491255581570     -6.38101643215037      c
   -0.65010126487123     -2.24559736679395     -7.44292648401836      c
   -2.25327815613871     -3.78706028112696     -5.92985777577511      c
    1.03691004332814     -0.19640028949521      3.08593372595632      y
    2.09132352673244      1.05972190334409     -0.62335930187717      h
    3.22167805309904     -3.36447570346861      6.26573989431555      c
    5.17835682314248     -2.61728782640387      4.57798099781456      c
    4.62350761725769     -3.65025715341482      2.16459285920486      c
    2.32756745818213     -5.02086255765202      2.34799456170916      c
    1.44966107208686     -4.84689407660128      4.88684758785800      c
    0.80950249539902      4.79493384788744      3.91491854863313      c
   -1.69706100304055      3.89646783154380      4.21903303490445      c
   -1.76003678237572      2.31076148857801      6.39347659060441      c
    0.72249396225994      2.24286420416841      7.42872665501545      c
    2.31197525019812      3.77185882834918      5.88861879571803      c
   -1.46108857258083     -6.05528392551794     -2.45049562202368      h
    3.32499884263066     -4.35706112028856     -2.98892436195265      h
    3.49377335584922     -1.36813975325035     -7.12338414645061      h
   -1.20855984266483     -1.22619665745538     -9.14288304591852      h
    5.75019455391736     -3.38959825137887      0.46059103083174      h
    6.82519960748385     -1.47418799089285      5.05860060085310      h
   -3.42666874067544      1.37249220775407      7.16046676600927      h
    1.48601371809045      6.01961014032571      2.40395493744753      h
   -3.29711738007415      4.33565637674078      3.00568068928935      h
    1.29771180397718      1.23352959620983      9.12906285703821      h
   -6.83235088773792      1.38860694361427     -5.00597305094780      h
   -1.40039846016357      6.00204767813839     -0.83060096727391      h
   -3.17311413777578      2.85501745083978     -8.25945141258467      h
   -5.73037757977061      3.32496080931398     -0.42329823304079      h
    1.39205498457572     -6.02849148841997      0.82002367169077      h
    3.12274518735136     -2.91702438934967      8.27349050436212      h
   -0.24261056738974     -5.74375098299336      5.64708631235530      h
    4.32260467798316      4.11673093102121      6.18557473175406      h
    0.19167775335620      5.71883849454988     -5.67238759948716      h
   -4.26001271784483     -4.13321507674580     -6.25079997500005      h
  -.86113314746949D-04  -.18528616151592D-04  0.92660127436694D-04
  0.14656449187633D-05  0.10034709479689D-04  -.13395513667191D-05
  -.19812264205665D-04  -.25267397986362D-04  0.18200437530869D-04
  0.11722127644553D-04  0.21038854103317D-04  0.17831107227639D-04
  -.16885250336607D-04  -.14186159726925D-05  0.38001729927295D-05
  0.37913305609205D-04  0.33970650249238D-04  0.73250748338083D-05
  -.10118397030690D-04  0.27880813742165D-05  -.39112545739961D-04
  -.47521699051423D-05  -.22367920546884D-04  -.62766577810791D-05
  0.64872872917565D-04  0.46401232292048D-05  -.76286555845684D-05
  0.16493996393585D-04  0.89598772778920D-05  -.40010925753897D-04
  -.79979957268161D-05  0.15525626777535D-05  0.12411389214151D-04
  0.49056174635353D-04  -.99060897946757D-05  -.11992010694684D-04
  0.10865440346519D-03  0.53487781931594D-04  -.89120586275415D-04
  0.12960116823196D-05  -.21286414931473D-04  -.41976546458766D-05
  -.15454254143066D-05  0.16743130454688D-04  -.87306899585471D-05
  -.20059031711650D-04  -.39141430002498D-04  -.72474691836799D-05
  0.16236352971988D-04  -.74058010306466D-05  0.37402744508253D-05
  -.44317523181014D-04  -.34951171164366D-04  -.43615744154124D-05
  -.11423331452320D-04  0.33576509430588D-05  0.43471209028034D-04
  0.74967134917614D-05  0.28229273686620D-04  -.96287501261116D-06
  -.55759201398331D-04  -.12590915261512D-05  0.30881803141369D-05
  -.11055834528761D-04  -.75413949196523D-05  0.29442050720974D-04
  0.66962168210338D-05  -.29897089642850D-05  -.16626203652947D-04
  -.42848618273084D-04  0.10484013747813D-04  0.17277201818544D-04
  0.25125080570731D-04  0.87934435575310D-05  0.33941615527056D-05
  0.22011081579620D-05  0.18728983038563D-04  0.22568935160727D-05
  -.13144272876797D-05  0.17280244996143D-04  -.11705737326451D-04
  0.60412900075857D-05  -.81710143491343D-05  -.17876909560233D-04
  -.13998448332719D-04  -.14640833227997D-05  -.14103266228194D-05
  0.36290509930481D-06  -.25895421471578D-05  0.13223541169949D-04
  0.55768727631467D-05  -.15535698456026D-04  0.77056434713008D-05
  -.17816000224019D-04  -.64170530318930D-05  0.20901230701753D-06
  0.60660822320813D-06  -.15346554577134D-04  -.32719472946585D-05
  -.55318031082496D-05  0.80177506147638D-05  0.12850017705457D-04
  0.76612458599357D-08  -.19654705107897D-05  -.11146179564214D-04
  0.57383872089645D-05  -.93102776581588D-05  -.97893065307275D-05
  -.95517291825026D-05  0.43475837592233D-05  -.13501746293443D-04
  0.18214744423428D-04  0.24904913038526D-05  -.36790232016415D-06
  -.45447968826107D-05  0.13109320335991D-04  0.31495549073224D-05
  0.78596325276958D-05  -.70706229436945D-05  0.91611297384220D-05
  -.23235458564280D-05  0.99196714824501D-05  0.70266541598585D-05
  -.59926081408257D-05  0.47007679923050D-05  0.81220972105722D-05
  0.32041087298929D-05  -.69741136559109D-05  -.16962154461675D-04
  0.47453988765156D-05  -.67845720672088D-05  -.58835338935803D-05
$end
