  0.0000000E+00
   80.0000000000000     
   160.000000000000     
   240.000000000000     
   320.000000000000     
   400.000000000000     
   480.000000000000     
   560.000000000000     
   640.000000000000     
   720.000000000000     
   800.000000000000     
   880.000000000000     
   960.000000000000     
   1040.00000000000     
   1120.00000000000     
   1200.00000000000     
   1280.00000000000     
   1360.00000000000     
   1440.00000000000     
   1520.00000000000     
   1600.00000000000     
   1680.00000000000     
   1760.00000000000     
   1840.00000000000     
   1920.00000000000     
   2000.00000000000     
   2080.00000000000     
   2160.00000000000     
   2240.00000000000     
   2320.00000000000     
   2400.00000000000     
   2480.00000000000     
   2560.00000000000     
   2640.00000000000     
   2720.00000000000     
   2800.00000000000     
   2880.00000000000     
   2960.00000000000     
   3040.00000000000     
   3120.00000000000     
   3200.00000000000     
   3280.00000000000     
   3360.00000000000     
   3440.00000000000     
   3520.00000000000     
   3600.00000000000     
   3680.00000000000     
   3760.00000000000     
   3840.00000000000     
   3920.00000000000     
   4000.00000000000     
   4080.00000000000     
   4160.00000000000     
   4240.00000000000     
   4320.00000000000     
   4400.00000000000     
   4480.00000000000     
   4560.00000000000     
   4640.00000000000     
   4720.00000000000     
   4800.00000000000     
   4880.00000000000     
   4960.00000000000     
   5040.00000000000     
   5120.00000000000     
   5200.00000000000     
   5280.00000000000     
   5360.00000000000     
   5440.00000000000     
   5520.00000000000     
   5600.00000000000     
   5680.00000000000     
   5760.00000000000     
   5840.00000000000     
   5920.00000000000     
   6000.00000000000     
   6080.00000000000     
   6160.00000000000     
   6240.00000000000     
   6320.00000000000     
   6400.00000000000     
   6480.00000000000     
   6560.00000000000     
   6640.00000000000     
   6720.00000000000     
   6800.00000000000     
   6880.00000000000     
   6960.00000000000     
   7040.00000000000     
   7120.00000000000     
   7200.00000000000     
   7280.00000000000     
   7360.00000000000     
   7440.00000000000     
   7520.00000000000     
   7600.00000000000     
   7680.00000000000     
   7760.00000000000     
   7840.00000000000     
   7920.00000000000     
   8000.00000000000     
   8080.00000000000     
   8160.00000000000     
   8240.00000000000     
   8320.00000000000     
   8400.00000000000     
   8480.00000000000     
   8560.00000000000     
   8640.00000000000     
   8720.00000000000     
   8800.00000000000     
   8880.00000000000     
   8960.00000000000     
   9040.00000000000     
   9120.00000000000     
   9200.00000000000     
   9280.00000000000     
   9360.00000000000     
   9440.00000000000     
   9520.00000000000     
   9600.00000000000     
   9680.00000000000     
   9760.00000000000     
