# Electronic CD-spectrum of , IRREP a   
#  excitation energy / nm  rotatory strength (length rep.) / 10^(-40)erg*cm^3
 0.38672871968390E+03   -.19172537446655E+02   -.94841195418221E+01   -.94458349943400E+01   -.24258311637488E+00   0.11296839655000E+00   0.91865785870670E+00   0.12136699488554E+01
 0.38195125774780E+03   0.13385624016282E+02   0.67210913159073E+01   0.66479083246928E+01   0.16624519421640E-01   0.73879247538588E-01   -.41111169059472E+00   -.30075110493915E+00
 0.38021164950373E+03   0.54282214776234E+01   0.52926143925411E+01   -.21284348900949E+01   0.22640420334674E+01   0.28164184927087E+01   -.89590667241143E+00   -.81299049909898E+00
 0.37994474318984E+03   0.59307803254235E+01   -.19144209177416E+01   0.58197371803034E+01   0.20254641265485E+01   -.30275862750911E+01   0.59597201901678E+00   0.33942296502479E+00
 0.37049812803063E+03   0.47662575958843E+00   0.71911666872896E+00   -.14086879559852E+01   0.11661970519629E+01   0.33844905222804E+01   -.47818113736126E+01   0.10299918938667E+01
 0.37042698488762E+03   0.20660965933095E+00   -.94612184245051E+00   0.11589856237977E+01   -.62541197975639E-02   -.33660381437877E+01   0.48893026643220E+01   -.89524026500592E+00
 0.34662750794267E+03   -.50736163223462E+01   0.18780551366704E+01   -.45746314615449E+01   -.23770400519539E+01   0.83670058491161E-01   -.61416404400982E+00   -.59857342212256E+00
 0.34660829501000E+03   -.45701686711529E+01   -.40277825231792E+01   0.19715781642075E+01   -.25139643612573E+01   -.83475662776126E-01   0.34062509478886E+00   0.26662198821896E+00
 0.34127878871635E+03   0.31199978489179E+01   0.15594812498686E+01   0.15448406148350E+01   0.15676017717936E-01   -.82948724745162E-02   -.77056645653344E-01   -.14606962795736E+00
 0.32570015060533E+03   0.29714259039380E+01   0.14819116257403E+01   0.14688490586886E+01   0.20665251417327E-01   0.63517476618640E-02   -.10921695832008E+00   -.13810520621462E+00
 0.31980158558032E+03   -.64390754154512E+01   -.31949788118082E+01   -.31905201453639E+01   -.53576527424232E-01   0.17124418155980E-01   0.18629982384473E+00   0.37290382322338E+00
 0.31479103550356E+03   -.85020622265098E+00   -.53295429903828E+00   0.10095103908786E+00   -.41820297183039E+00   -.25815468351087E+00   0.61533811622795E-02   0.20553938399280E+00
 0.31476060601751E+03   -.86863537774476E+00   0.61308386807009E-01   -.64045739345700E+00   -.28948638042249E+00   0.40512263944618E+00   -.99683242691947E-01   -.35604041956942E+00
 0.29766087077294E+03   -.28541756803159E+02   -.11944312059512E+02   -.28770447662848E+01   -.13720400283854E+02   0.59658644712070E+01   -.80371166568856E+00   -.17146852456421E+01
 0.29763553403538E+03   -.28736955588677E+02   -.27267618981568E+01   -.11959401238977E+02   -.14050792760131E+02   -.61585134322903E+01   -.38810929387951E-01   0.15332700529728E+00
 0.28302658554118E+03   -.15365682397251E+00   -.76521823399978E-01   -.72110360361308E-01   -.50246418612428E-02   -.12081501799728E-02   -.56009612335205E-02   0.35367733661523E-01
 0.27651551556532E+03   0.34072027095449E+02   0.37017816820826E+01   0.19609936170668E+02   0.10760309608576E+02   0.55671188253847E+01   0.67891683945409E+01   -.56025479628957E+01
 0.27646718457568E+03   0.29718955204500E+02   0.20322865420802E+02   -.26218513966029E+01   0.12017941499433E+02   -.17907134907248E+01   0.37350825012538E+01   0.41540661559167E+01
 0.27629032661732E+03   0.45273787228981E+02   0.16317321079227E+02   0.23402724832652E+02   0.55537418032690E+01   -.41673603710296E+01   -.11794243853885E+02   -.29696337622941E+00
 0.27240185178005E+03   -.10160030939331E+02   -.54904992543114E+01   -.51594888579894E+01   0.48995706386822E+00   -.18765363647149E+00   -.11345525135136E+01   -.10405056109257E+01
