$dipgrad          cartesian dipole gradients
  0.18031666099005D+00  0.35715827374593D-02  -.39267857456756D-01
  -.27027981352800D+00  0.27438135254309D+00  -.62343253504590D-01
  -.50741565997629D-01  -.16551419737755D-01  0.34130394893559D-01
  -.82180508754942D-01  -.26838756970366D+00  -.24373018046150D-01
  0.15064509300526D-01  -.18009490262422D+00  0.21853292531789D-01
  0.20260286170218D+00  0.25069122781605D-01  -.12090994740816D+00
  -.28527042592084D+00  -.80584363862066D-01  0.39637063385995D-01
  0.14243663218302D+00  0.12814113792366D-01  -.76030534882962D-01
  -.10099242403369D+00  0.17366776675184D+00  -.11154241566504D+00
  0.15372115791492D+00  0.23295509888546D+00  0.24164370699469D-01
  -.29140551478566D-01  0.30842118570016D+00  -.24465137282787D-01
  0.15368270469676D-01  -.11653875645387D+00  0.26301375423079D-01
  -.50404247455749D-01  -.31738273815786D-01  0.35812329707277D-01
  0.22314146048298D+00  -.24964183182230D+00  0.36507306009765D-01
  -.13578691957698D+00  -.15579756726219D+00  -.83620758322884D-01
  0.36483171029266D+00  0.15264383724407D+00  -.80554983762042D-01
  -.10172032772871D+00  0.11344082584164D+00  0.47840964515549D-01
  0.28336450458757D-01  0.29947695703955D-01  0.12275126391305D-01
  0.51955003154498D+00  0.59725553726595D-01  0.11027604267572D-01
  0.14599341905547D+00  0.16574831306626D+00  -.45725576636293D-01
  0.16843485128588D+00  -.12582956148498D+00  0.11111696766975D+00
  -.61470144019051D+00  0.18052970103243D+00  -.82692867925671D-01
  -.19837759518983D-01  -.61046980271223D+00  0.56132550611045D-01
  -.15033697020218D+00  0.16158173944572D+00  -.25845220510076D+00
  0.32984582105843D+00  -.17648928550352D+00  0.98853189928264D-01
  0.43411891402766D-01  0.33891036415241D+00  -.23023048994278D+00
  0.48883371850018D-01  -.34964068179643D+00  0.17918760005251D+00
  0.14982180170982D+00  0.53755631828187D-01  -.10601756011245D+00
  -.53883434961586D-01  -.45820255597451D+00  0.12237906038953D+00
  -.18513963246797D+00  0.18731799986748D+00  -.77895914198829D-01
  -.16549737460958D-04  -.12977292878318D-01  0.42053593562178D-01
  0.24267020315501D-02  -.58381683894671D-01  0.47789350729938D-01
  -.52784796068627D-01  0.30833595192777D-01  0.14533805778960D+00
  0.15740962308364D+00  0.41280301652947D-01  -.57938767677037D-01
  0.92614294813614D-01  0.48252886555983D+00  -.78771461679471D-01
  -.22114541541654D+00  -.17396091684176D+00  0.15581866285790D+00
  -.67364915068868D+00  0.79582497515189D-01  0.83154017286026D-01
  -.86147087832285D-01  -.50741748329722D+00  0.10515065564479D+00
  0.25307392622791D+00  0.10904224756647D+00  -.30314826683976D+00
  0.38119009317161D+00  -.13455978748256D+00  -.22959001389695D+00
  0.57316763868302D-01  0.30648639024532D+00  -.29942746786826D-02
  -.35605581461293D+00  0.10350477245921D+00  0.16223076455558D+00
  -.30310660780473D+00  0.34460417601677D+00  0.86190287088440D-01
  0.26134412471804D+00  0.17839707967524D-01  0.21489984325164D-02
  0.20357808252934D+00  0.37752388700939D-01  -.10326038193146D+00
  -.37593220806999D-01  0.27187161592618D-01  0.20089131583290D-01
  0.46351789824456D-01  -.16618169595121D-01  -.22449198861186D-01
  0.47163767618739D-01  0.68365726089809D-01  0.14139370822830D+00
  0.34470736595032D+00  -.19624367709223D+00  0.17609974712898D-02
  -.15342280874197D+00  0.37031328695220D+00  0.40963390684906D-01
  -.13037434227141D-01  0.23199307051570D+00  0.79224333444414D-01
  -.51727189695573D-01  -.45118554039528D-01  -.15294419314546D-01
  -.83249309013153D-02  -.13353002776845D-01  0.31141268861733D-01
  0.44891358949028D-01  -.38251925628608D-01  0.15117663523494D+00
  -.32050065594104D+00  -.25733502878056D+00  0.25865132854804D-01
  -.34315612404734D+00  -.32113737379784D-01  -.84568474762819D-01
  0.19054965145126D-01  -.20671343464069D+00  -.34091279681796D-01
  0.36425171391860D+00  -.13160987836763D-01  0.11094872775539D+00
  0.20957575605471D+00  0.42432335507485D+00  0.13206084287197D+00
  0.21658378181473D+00  0.19534672482618D+00  0.58301575106448D-01
  -.54422599311808D+00  0.20920802516014D-01  0.53830371847423D-01
  -.15605731115079D+00  -.70791160255670D+00  -.23111111693336D-01
  0.12991464241061D-01  -.17653091679334D+00  -.23136381253780D+00
  0.44128161626124D-01  -.16310106826241D-01  -.16090708437898D-01
  -.22254661855506D-01  0.12225765725036D-01  -.88087900028903D-03
  -.77346300349647D-01  0.17684476833029D-01  -.30958506382713D-01
  -.32227154764551D-01  0.41739851047954D-01  0.53500269076077D-01
  0.33326314599484D-01  0.16646136659062D-01  -.24545464873236D-01
  0.77074907476913D-01  -.37033328814936D-01  0.37565966110169D-01
  -.29374458223138D-01  -.46497469027666D-01  -.35804469534344D-01
  -.60181879672836D-01  -.56886939629366D-02  -.22452502125729D-01
  -.56571401809708D-01  -.37492156158906D-01  0.56704246896006D-01
  0.37616154684039D-01  0.28168301037877D-01  -.88066965309098D-03
  0.32554993199711D-01  0.33741196512534D-01  -.21589116482813D-02
  0.45263930377568D-01  0.42146159372123D-01  -.45615176174509D-01
  0.33954844320643D-01  0.24517405199542D-01  -.73675290860762D-02
  0.10363823614316D-01  -.37827369501724D-01  0.64731531429960D-01
  -.72205377065490D-02  0.90131818037157D-01  0.25335877764547D-01
  0.86569540377652D-02  -.17932197253114D-01  0.13933354949957D-02
  -.84353344696246D-02  0.43949017671367D-01  -.19292036665585D-01
  0.15880174614260D-01  -.81067550094260D-01  -.26905252145977D-01
  0.42236472858029D-01  0.47882330115005D-01  0.82933179200005D-02
  0.55912733941784D-01  -.77635421907105D-01  -.43751943340432D-01
  0.93456392264017D-01  -.69879281741719D-01  0.22561443930497D-01
  -.95886158063656D-01  0.93967404858620D-02  -.42655064720049D-01
  0.45197813929613D-02  0.48406742088102D-01  0.85647710109782D-02
  -.10881195290725D+00  -.53313575767951D-01  0.35307931575895D-01
  0.86251940048104D-02  -.51126378532092D-01  0.41954189694633D-01
  -.63512964596261D-01  -.14820361545651D-01  0.46507267854065D-01
  0.23332608351588D-01  0.13421576907333D+00  -.62067515343882D-02
$end
