$energy      SCF               SCFKIN            SCFPOT
     1 -854.9582834581      848.2366250955     -1703.194908554
     2 -854.9991383164      847.5804357566     -1702.579574073
     3 -855.0323909613      846.5740897535     -1701.606480715
     4 -855.0346092895      846.3260869828     -1701.360696272
     5 -855.0350075116      846.2939153698     -1701.328922881
     6 -855.0367800801      846.2136039342     -1701.250384014
     7 -855.0401206814      846.2439937462     -1701.284114428
     8 -855.0401837699      846.1976106598     -1701.237794430
     9 -855.0484159429      846.2078854862     -1701.256301429
    10 -855.0559243769      846.2370978385     -1701.293022215
    11 -855.0633498788      846.2501067435     -1701.313456622
    12 -855.0662972886      846.2850467520     -1701.351344041
    13 -855.0840840101      846.3278536539     -1701.411937664
    14 -855.0906851855      846.3265241972     -1701.417209383
    15 -855.0968075664      846.3830604707     -1701.479868037
    16 -855.0983142129      846.4156689793     -1701.513983192
    17 -855.0936451989      846.4615146261     -1701.555159825
    18 -855.0991570076      846.4225397124     -1701.521696720
    19 -855.0986750377      846.4816016517     -1701.580276689
    20 -855.1000741764      846.4111598207     -1701.511233997
    21 -855.1001967392      846.4155010050     -1701.515697744
    22 -855.1002381477      846.4178413797     -1701.518079527
    23 -855.1002522711      846.4182607936     -1701.518513065
    24 -855.1002591908      846.4184744669     -1701.518733658
    25 -855.1002594225      846.4180511788     -1701.518310601
    26 -855.1002598634      846.4177012825     -1701.517961146
    27 -855.1002599721      846.4177985467     -1701.518058519
    28 -855.1002600392      846.4179020852     -1701.518162124
    29 -850.4538312814      833.6540495865     -1684.107880868
    30 -850.4839513811      833.9026741246     -1684.386625506
    31 -850.5204626621      834.4243176500     -1684.944780312
    32 -850.5275779000      834.3316486301     -1684.859226530
    33 -850.5227128613      834.7432924007     -1685.266005262
    34 -850.5261400016      834.6036681835     -1685.129808185
    35 -850.5293295836      834.6149626339     -1685.144292217
    36 -850.5262523881      834.0555218537     -1684.581774242
    37 -850.5278587688      834.1784905077     -1684.706349276
    38 -850.5297392711      834.4311661569     -1684.960905428
    39 -850.5255135099      834.3574997963     -1684.883013306
    40 -850.5272476617      834.3798172755     -1684.907064937
    41 -850.5294604849      834.4730252204     -1685.002485705
    42 -850.5271108953      834.3504323791     -1684.877543274
    43 -850.5283655147      834.3966255012     -1684.924991016
    44 -850.5297055354      834.4881597003     -1685.017865236
    45 -850.5285897409      834.5653000502     -1685.093889791
    46 -850.5291945770      834.5419693530     -1685.071163930
    47 -850.5298963726      834.5089193619     -1685.038815734
    48 -850.5294997183      834.4903888183     -1685.019888537
    49 -850.5297102200      834.4916082064     -1685.021318426
    50 -850.5299595728      834.4991601154     -1685.029119688
    51 -850.5297031950      834.3992317492     -1684.928934944
    52 -850.5298367395      834.4289879987     -1684.958824738
    53 -850.5299832282      834.4767633593     -1685.006746587
    54 -850.5298548292      834.5494897372     -1685.079344566
    55 -850.5299269796      834.5292952258     -1685.059222205
    56 -850.5300110888      834.5026363479     -1685.032647437
    57 -850.5299877658      834.4792121269     -1685.009199893
    58 -850.5299533757      834.4776962594     -1685.007649635
    59 -850.5300283789      834.4898220929     -1685.019850472
    60 -850.5300333028      834.4956544680     -1685.025687771
    61 -850.5300360971      834.4892683194     -1685.019304416
    62 -850.5300402830      834.4905339388     -1685.020574222
    63 -850.5300508913      834.4936412485     -1685.023692140
    64 -850.5300692325      834.4918211367     -1685.021890369
    65 -850.5300759612      834.4929438395     -1685.023019801
    66 -850.5300840153      834.4864715714     -1685.016555587
    67 -850.5300927891      834.4894958213     -1685.019588610
    68 -850.5300982311      834.4898894055     -1685.019987637
    69 -850.5301008807      834.4934890192     -1685.023589900
    70 -850.5301030471      834.4881422739     -1685.018245321
    71 -850.5301054586      834.4901260457     -1685.020231504
    72 -850.5301067505      834.4912292044     -1685.021335955
    73 -850.5301076537      834.4907499670     -1685.020857621
    74 -850.5301078542      834.4912656067     -1685.021373461
    75 -850.5301081456      834.4909137829     -1685.021021929
$end
