$hessapprox internal
  0.443397236550D+00 -0.124599923141D-01  0.365136446460D+00  0.723865308983D-04
 -0.119519110756D-01  0.324514125311D+00  0.920558696995D-01 -0.769035123065D-02
 -0.325418441949D-02  0.349684730870D+00 -0.161282927456D-01  0.429881312376D-01
 -0.112144322610D-01 -0.241307117924D-01  0.325180941115D+00 -0.532500588857D-02
  0.640343519737D-02 -0.252454655526D-01 -0.403910621280D-02  0.164669209821D-01
  0.321074031950D+00 -0.931131178009D-01  0.257445070687D-03  0.191978387307D-03
  0.325099008276D-01 -0.191648957080D-01 -0.246067284170D-02  0.404228458973D+00
 -0.600891701841D-02  0.102241386886D+00  0.854429920537D-03 -0.305205608956D-01
 -0.334877181046D-01 -0.314370359448D-02  0.272093263297D-02  0.391845895278D+00
 -0.317341434497D-02  0.268940508769D-01 -0.414612702992D-01  0.122229630577D-02
  0.141426328092D-01 -0.262810543965D-01  0.368331867991D-02 -0.424197321588D-02
  0.286384067500D+00 -0.158259115639D-02  0.581181677414D-01 -0.884656242712D-02
 -0.210317959199D-01 -0.203145752616D-01  0.215605793154D-02 -0.267658170099D-02
  0.197610461910D-01  0.122694639342D-02  0.339617974979D+00 -0.603916250578D-01
  0.155327017637D-02  0.134986537596D-01  0.156763472575D-01 -0.294152602892D-01
 -0.102364859280D-01  0.331633511304D-01 -0.746449168774D-02 -0.108473081485D-02
 -0.249694700971D-02  0.312933587320D+00  0.110931354645D-01 -0.570915647157D-02
 -0.235888739063D-01  0.903585803463D-02 -0.498742664827D-02 -0.629704025206D-01
  0.421078065702D-02  0.929046307145D-02  0.500093338522D-01  0.179656446328D-02
  0.454574503357D-02  0.364882471460D+00 -0.846221514354D-02 -0.506278745567D-02
  0.240201336099D-01 -0.466668872431D-01  0.221930490649D-01 -0.917910050003D-02
 -0.610219042094D-01 -0.366884796335D-01 -0.202488325042D-01  0.371769315867D-01
  0.686927535948D-01  0.222818728871D-02  0.433401304318D+00  0.219790032401D-01
  0.209716139584D-01  0.409676246680D-02  0.148598670200D-02 -0.699435880700D-01
 -0.361597362712D-02 -0.295031488189D-01  0.477150341725D-01 -0.692945745732D-02
 -0.787032618003D-01  0.195285353498D-01 -0.205982686260D-02 -0.453388431394D-02
  0.461547304695D+00 -0.202108725338D-02 -0.783570013591D-02 -0.694676025142D-01
  0.818882028932D-02  0.463465858901D-02 -0.549286397214D-01  0.255118795959D-02
  0.817916137767D-02 -0.673709014962D-01 -0.114551879145D-01  0.729331181698D-02
  0.973032687501D-01  0.397174548835D-02 -0.603150756906D-02  0.363601616899D+00
 -0.981657115153D-04  0.395748377776D-02  0.181897976037D-02 -0.494637076912D-02
  0.545247272464D-02  0.468440882554D-02 -0.259320437417D-02 -0.209355786136D-02
 -0.266111055212D-01  0.222966814037D-02 -0.821751547097D-02  0.727165678641D-01
  0.215489397150D-02 -0.539580492448D-02  0.451945501092D-02  0.307234426880D+00
 -0.173795977374D-01 -0.408645019475D-01 -0.895253988194D-02  0.169137679119D-01
 -0.422747879646D-02  0.294308068686D-02 -0.314225767643D-02  0.249320188361D-02
  0.898953248709D-02 -0.361970535466D-01  0.134719184782D-01 -0.926206561958D-03
 -0.347170013953D-01  0.251479826242D-01 -0.847187413742D-02  0.953788133704D-03
  0.411642014403D+00  0.254919345018D-02  0.498095508783D-02  0.102594493825D-01
  0.224036609581D-01 -0.141517049390D-01 -0.355484160456D-02 -0.231196504523D-02
 -0.782394290460D-02 -0.533486511841D-02  0.258994327048D-01  0.418095149790D-01
 -0.145206667587D-01  0.341947015166D-01  0.508474800799D-01 -0.644018017302D-02
  0.423627253110D-02 -0.375023412268D-02  0.424819001980D+00  0.174766993603D-02
 -0.603176829292D-02 -0.822872419799D-02  0.840070307581D-02 -0.897897463720D-02
 -0.679319490859D-01 -0.316811034984D-02 -0.254812244239D-03  0.157377448990D-01
 -0.877604343691D-02  0.432533415602D-02  0.711716379080D-01  0.569423924675D-02
  0.256274190427D-02  0.794150620724D-01  0.229981683018D-01 -0.130595159043D-02
  0.723374480034D-02  0.395333249517D+00 -0.363886673290D-01  0.154700682404D-01
 -0.393142686718D-03  0.589234704306D-01 -0.404751570169D-02  0.807300470103D-02
  0.114033866631D-01  0.134303226056D-01  0.213550525082D-04  0.131530938449D-01
  0.143896303986D-01  0.369911679711D-04  0.124003216841D-01  0.163397835209D-01
  0.657930319073D-02  0.518742084517D-02  0.132498429762D-01  0.396597334256D-01
 -0.593464313149D-02  0.376991595857D+00  0.345471171895D-01  0.211045045034D-01
  0.353867572585D-02  0.121610408526D-02 -0.496792728505D-01  0.230145811063D-02
 -0.372086981934D-02  0.290868240050D-01  0.402749709003D-02 -0.523360165968D-02
 -0.702930088997D-03 -0.734791275986D-02  0.131503969450D-01  0.725285733556D-03
  0.210943220706D-02 -0.118444606742D-02 -0.104184448551D-01 -0.598107394355D-02
 -0.596584317956D-02  0.115218521466D-01  0.373708825999D+00  0.390658548423D-02
 -0.102998072008D-01  0.428227479993D-01 -0.418820513670D-02 -0.115274166412D-01
 -0.679400223646D-02  0.150384208129D-02 -0.646903753420D-03 -0.215452196098D-01
  0.685313996516D-03  0.181835427595D-01  0.125656377730D-01  0.312912159003D-01
 -0.369889787156D-03 -0.218767376417D-01 -0.280634458382D-02 -0.139717325261D-01
  0.781414173827D-02 -0.180852680839D-01  0.162071383157D-02  0.821846496643D-02
  0.334612634816D+00 -0.148561385673D-01  0.747660202025D-01  0.207583663906D-02
 -0.277417085535D-01 -0.484647112962D-01 -0.208930893409D-02 -0.128632151057D-01
  0.288296785907D-02 -0.152078802799D-02 -0.633958318424D-01 -0.551359698862D-01
  0.488296427910D-02  0.633360174961D-03  0.326280067462D-01 -0.834500061214D-02
 -0.312068424801D-02 -0.154708673598D-01  0.665701694367D-01  0.443910571574D-02
  0.114051981549D-01 -0.480212633899D-02  0.514606462774D-02  0.358781570505D+00
 -0.389560733119D-01  0.273469379088D-02  0.271461487531D-02  0.535880967210D-01
 -0.187126662263D-01  0.350369011272D-02  0.160621602387D-01  0.177897490645D-03
  0.492046142533D-02  0.634661269230D-01 -0.478379138908D-01  0.371874785065D-02
 -0.280794637098D-01  0.778238033973D-03  0.166008286982D-01 -0.738694058473D-02
  0.730699577210D-01  0.264115267647D-01 -0.801164248804D-02 -0.403698687301D-02
 -0.940813408507D-02 -0.485347612666D-02 -0.100700705143D-01  0.367657706079D+00
  0.848146019953D-02  0.128706859802D-01 -0.130465472316D+00 -0.838842567888D-02
  0.405929915213D-02  0.186068515506D-01  0.587057709319D-02 -0.189490387351D-02
  0.406022481786D-01  0.962418623486D-02  0.201058438183D-02  0.171985765329D-01
  0.178721810046D-01 -0.998298318889D-02  0.898562350292D-02  0.232183649692D-01
 -0.131193244867D-02 -0.865230605874D-03 -0.193060163272D-01  0.151978292502D-02
  0.176923676479D-02  0.419579376333D-01 -0.428753413118D-02 -0.492870445658D-02
  0.283383627476D+00 -0.701149405982D-02  0.104539352840D-03 -0.878262509137D-01
 -0.429267104699D-03  0.789939294502D-02  0.221152268141D-01 -0.483559129780D-02
  0.789024894613D-02  0.343540128568D-01 -0.630885841240D-02 -0.103921471920D-02
 -0.222161653959D-01 -0.206424703979D-01  0.580733015947D-02 -0.275818271421D-01
 -0.257750778255D-01  0.334006731207D-02 -0.531499828342D-02  0.967757922246D-02
  0.436913569846D-03  0.602327750996D-02  0.645688138213D-01  0.419818709769D-02
 -0.706292101724D-02 -0.600995585358D-01  0.276943359865D+00 -0.144588192172D-01
  0.314507570985D-02  0.764223031743D-02 -0.357894894248D-02 -0.437210147645D-01
 -0.177380611708D-02  0.291428358516D-01 -0.446250231410D-01 -0.501681004558D-02
 -0.208359420260D-01 -0.441765910295D-01 -0.201215941800D-02  0.718840772129D-02
  0.184342275850D-01  0.754159140273D-02 -0.102687416512D-01  0.334371157821D-02
  0.174018629587D-01  0.169379770355D-03 -0.140715150308D-01  0.579684145591D-02
  0.143779979177D-01  0.555153911938D-01  0.142331663078D-01  0.325717132944D-02
 -0.255210997186D-03  0.433331958885D+00 -0.177746190638D-01 -0.127822654848D-02
  0.298166754392D-02  0.202905801711D-01  0.429350582881D-02 -0.123230572235D-01
 -0.595941442471D-01 -0.228276817623D-01 -0.186457378678D-02  0.398821785284D-01
 -0.532964642476D-02  0.550983255814D-02 -0.287903193130D-01  0.118938687237D-01
  0.311486555412D-02 -0.825772304143D-02  0.233339832721D-01  0.252447942555D-03
  0.594884637515D-02  0.233227894122D-01  0.387213414538D-02  0.382603145833D-02
  0.629757455877D-02  0.442623488335D-01  0.602322390848D-04 -0.856481689229D-02
 -0.156957636804D-01  0.471680760518D+00  0.727004631677D-02  0.140864206729D-01
  0.504278181817D-02  0.301658523147D-02  0.109461491544D-01  0.285749628573D-02
  0.972628914540D-02  0.266109042402D-01 -0.536358309794D-02  0.493479811416D-03
 -0.107669334416D-01 -0.256054063010D-02  0.236467328210D-01  0.341981267923D-01
 -0.147366057535D-01 -0.240819317030D-02  0.797899072376D-03  0.217960135857D-01
  0.290731955251D-02  0.138658165414D-01  0.506126990721D-01  0.713552795203D-02
  0.433974743722D-01  0.152537088686D-01 -0.351021345633D-02  0.526817559603D-02
 -0.234044773246D-01  0.223514436315D-01  0.306416651686D+00 -0.159504224896D-02
  0.135836745287D-01  0.793222660325D-03  0.204846193444D-01  0.114339054068D-01
 -0.614380268431D-02 -0.259124570770D-01  0.108720828968D-01 -0.756060957153D-02
 -0.198270767863D-01 -0.732888416044D-02 -0.100813810621D-01  0.520090361210D-01
 -0.866658639095D-02 -0.209032865537D-01  0.573601884303D-02 -0.258238126273D-01
  0.106747277122D-01  0.136764467210D-01 -0.397849113632D-01 -0.642076760864D-02
  0.123397554769D-01  0.111010338673D-01 -0.295086924679D-01 -0.258739592006D-03
 -0.889515539467D-03  0.143113249929D-01  0.150302722761D-01  0.330125982162D-02
  0.332309146141D+00 -0.406050571968D-01  0.918142700639D-02 -0.277210633945D-02
 -0.797137909673D-02 -0.379326049156D-01 -0.364325883576D-02 -0.865261380250D-02
  0.466529739865D-01 -0.172431469655D-03 -0.264946090506D-01  0.221578900287D-01
  0.208461509094D-01 -0.455669090325D-02  0.493310950310D-01  0.301285381456D-01
 -0.750539589577D-02  0.207782544208D-01  0.313320437920D-01 -0.686007272557D-03
 -0.102414625505D-01  0.453978180125D-02  0.152705164381D-01  0.723032652270D-01
 -0.216854573416D-02 -0.697544703236D-02  0.836184184093D-02 -0.425950727827D-01
 -0.603662149595D-01  0.650202577272D-02 -0.219383185691D-01  0.337343260939D+00
  0.961463109208D-02  0.244684823825D-02 -0.154758725147D-02 -0.391469066555D-01
 -0.247743363220D-01  0.251090867007D-02 -0.203504013583D-01  0.792377207963D-02
  0.125840643504D-03  0.392743346165D-01  0.173505991586D-01 -0.398719618060D-02
  0.349884562385D-01  0.425581126805D-02  0.108305683037D-01 -0.542191261225D-02
 -0.248432025493D-01 -0.123789361191D-01 -0.348619863921D-02 -0.114735105787D-01
 -0.342811929623D-02  0.656723889406D-02  0.168794551846D-01 -0.489997027498D-01
  0.522578362849D-02 -0.252245628956D-02 -0.454303034443D-01 -0.272556641612D-02
  0.471596587651D-02  0.431343391611D-02 -0.229996959864D-01  0.383265897313D+00
  0.445631081001D-02  0.191023227582D-02  0.797458838395D-02 -0.109132453556D-01
  0.558335680961D-02  0.117670511686D-01 -0.480050978083D-02  0.409780165473D-02
  0.251593419780D-01  0.162134872463D-01  0.735243526130D-02  0.864274841253D-01
  0.224365904819D-01 -0.681739868180D-02  0.354617531487D-01  0.209934226298D-01
 -0.941311686989D-02  0.133212692094D-01  0.493495970728D-01  0.666917596599D-02
  0.217206482389D-03 -0.872445363467D-02 -0.455830860995D-02 -0.719304715694D-02
 -0.159340468536D-01 -0.448053396266D-01 -0.160755368826D-02 -0.157441246450D-01
 -0.391300892589D-03  0.115624396458D-01 -0.178070950200D-02  0.681380893672D-02
  0.435266271678D+00  0.233535846907D-02 -0.646112056585D-03 -0.515210645610D-02
  0.175020635266D-01  0.406656161873D-02  0.710830618390D-02 -0.279396247425D-02
  0.180650121458D-01  0.278638807350D-02 -0.262871301208D-01  0.534857376540D-01
 -0.797195091724D-02 -0.267589909323D-01  0.748080261464D-02 -0.198426540364D-02
  0.645313323232D-02  0.286690418165D-01 -0.172037147022D-01 -0.272216579640D-02
 -0.675976856894D-02 -0.486725998904D-01 -0.141275972982D-01  0.642976155524D-02
 -0.194961166284D-01 -0.282012782284D-02 -0.386904053608D-02 -0.117334570390D-01
 -0.699738340791D-01  0.218078893495D-01 -0.865403018344D-01  0.165253607451D-01
 -0.310400535564D-01  0.361259515367D-02  0.336262243041D+00  0.158298177662D-02
 -0.330151251583D-02 -0.802483261882D-03 -0.154303228492D-03  0.365151375976D-02
  0.313573472666D-04 -0.339093563733D-01  0.102635206428D-01 -0.924590462700D-03
  0.442754362239D-02  0.391128004933D-01 -0.322026949106D-02  0.678152033407D-02
  0.212429890012D-01 -0.946353452663D-02 -0.631405445112D-02  0.662463753391D-01
 -0.404090472683D-03  0.319138837669D-02  0.188292243423D-01 -0.302560674789D-02
 -0.115608383456D-01 -0.264064099038D-01 -0.243388291316D-01 -0.563804497414D-02
  0.453929286793D-02 -0.372102150366D-01  0.150212202839D-01  0.126769579698D+00
 -0.324896492061D-01  0.504092162633D-01  0.460298325571D-01 -0.866381878457D-02
 -0.112990887773D-01  0.316894938867D+00 -0.257928080443D-02  0.794355420907D-02
  0.117728879470D-01 -0.235798023010D-03  0.313577932997D-02 -0.153325570094D-01
  0.575713222435D-02 -0.282877574124D-03 -0.296841184461D-01  0.182279079652D-02
 -0.995961108504D-02 -0.120864411735D-01  0.238897683067D-01 -0.699293196470D-02
  0.231073650687D-01  0.398251038215D-02  0.392516133931D-02  0.150561434184D-01
  0.531611443544D-01 -0.259715545565D-02 -0.491561837750D-02 -0.157104569179D-01
 -0.784722166792D-02  0.215764263489D-02 -0.208488286416D-01 -0.183598239358D-01
  0.103986455366D-02 -0.231310290816D-04 -0.207859344887D-02  0.255806549415D-02
 -0.564912442318D-02  0.644625534724D-02  0.467927736880D-01  0.606477512797D-02
 -0.421643360819D-02  0.266132840456D+00  0.277357312733D-03  0.467960783090D-02
 -0.266984746912D-01  0.110235862567D-02  0.869107134086D-02  0.237210731766D-01
 -0.836930776361D-02  0.142267337465D-02  0.735570778279D-02 -0.769551214340D-03
 -0.282491675108D-02  0.803272487393D-01 -0.346237120626D-02 -0.495671390044D-02
  0.430642586609D-01 -0.642281248739D-01  0.146766093093D-02 -0.584799138684D-02
 -0.989802188720D-02 -0.364390995151D-02 -0.482309765215D-03  0.357867434685D-02
 -0.764489643755D-02 -0.571959734921D-02  0.122846772099D-01  0.352137058638D-03
  0.375769259942D-02  0.284272968432D-02 -0.660501685812D-02 -0.699954936791D-02
 -0.403182123023D-03  0.347472277146D-03 -0.480245206603D-01 -0.233663587463D-04
 -0.177166186364D-02  0.277301110113D-02  0.258392083603D+00  0.421179210771D-01
 -0.225560524336D-01 -0.665372448292D-02 -0.424613445971D-01  0.665075619169D-02
  0.901021593094D-02 -0.140163399042D-01  0.384057349539D-01  0.539116436904D-02
 -0.558621647328D-01  0.803312483397D-03 -0.142733650517D-03  0.343398540226D-01
 -0.749334541053D-02 -0.136952000265D-01  0.824526434556D-02  0.410511922054D-02
 -0.675507149384D-01 -0.119701229409D-02 -0.120112170150D-01 -0.175040171813D-02
 -0.874135894896D-02 -0.285261659012D-01 -0.400335776472D-01  0.816933228945D-03
 -0.397004207285D-03 -0.707461839082D-01  0.500848802539D-02 -0.464925210749D-01
 -0.904713322221D-01 -0.147026442538D-01  0.118953887405D+00  0.156336342020D-01
  0.708251732476D-02 -0.111036424359D-01  0.109402144901D-01 -0.411948662430D-02
  0.339837455994D+00 -0.310186936929D-01 -0.250590670767D-01 -0.521561414964D-02
 -0.114573752867D-01  0.127140935249D-01  0.239811381366D-02  0.317383451363D-03
  0.803060149190D-02  0.242234341314D-02  0.140117494991D-01  0.584125753609D-02
 -0.712178017555D-02 -0.258559479476D-02 -0.556125049469D-02 -0.323651166799D-02
 -0.457642576860D-02 -0.781743954994D-02  0.839749646091D-04 -0.693886785791D-03
 -0.668690877746D-01  0.273940029778D-01 -0.127175873002D-01 -0.186881325256D-01
  0.302900393244D-01 -0.109389399546D-01  0.838901445714D-02  0.224091512155D-01
  0.373090729454D-01 -0.392457359932D-02  0.139939164299D-01 -0.110251360338D+00
  0.101984131908D-01  0.753339208965D-02 -0.685544248341D-02  0.168538274706D-01
  0.837782142127D-02 -0.936546229743D-02  0.488187597451D-02  0.349116333904D+00
  0.795251431680D-02  0.935821856553D-02 -0.489942347314D-01 -0.656347753781D-02
  0.195522810519D-01  0.400242761228D-01 -0.137787804057D-02 -0.933829040382D-03
  0.189620519669D-01 -0.156230535990D-02  0.230832142505D-02  0.184165321861D-01
  0.131254063690D-01 -0.305817900639D-02  0.352213359457D-01  0.376903512089D-01
  0.148747646102D-03  0.350561708689D-02  0.277238832426D-01  0.787484057845D-02
  0.494783291642D-02 -0.686074294084D-02  0.317916402039D-03 -0.641779341191D-02
 -0.102588424373D-01  0.603039200763D-01  0.423737094384D-02 -0.934936913433D-02
 -0.130181468685D-02  0.354565600238D-02 -0.135602398875D-01  0.550505475088D-02
  0.802003313405D-02 -0.234730736790D-02 -0.330162438413D-02  0.681688979209D-02
  0.657515489556D-01  0.969176796832D-02  0.589783643105D-02  0.382766635680D+00
 -0.646831983109D-02 -0.278678875494D-02 -0.299631727040D-01  0.170961859792D-01
 -0.202745248795D-01 -0.948138417519D-01  0.499154598716D-02 -0.382729432105D-02
  0.224768537098D-01  0.198691493450D-02 -0.509473798346D-02 -0.473896539082D-01
 -0.735551229117D-02  0.134622290919D-01  0.200342990989D-01  0.548125159645D-02
  0.175566595176D-02 -0.219086461047D-02 -0.107161460028D-01 -0.725768275106D-02
  0.999239425599D-03  0.256375819970D-01  0.416564536756D-02  0.180907561407D-01
  0.399406602610D-01 -0.132262522274D-01  0.715485880078D-02  0.159538555240D-01
 -0.231177499614D-02 -0.155410223683D-02  0.164711329439D-01  0.644964025208D-02
  0.218664720282D-01  0.102829158409D-02 -0.151704459824D-03  0.621168738848D-01
  0.299221245683D-01 -0.124934575691D-01  0.928563996516D-02  0.379977400186D-01
  0.397963138084D+00  0.133428152719D-02 -0.667843014779D-01  0.674523027846D-02
  0.210270352066D-01 -0.442430205009D-02 -0.104115372113D-02  0.511048049523D-01
  0.197719505132D-01 -0.161182342184D-01  0.987147194339D-02  0.180987132822D-01
  0.731804650942D-02 -0.202377520623D-01  0.104747612096D-01  0.191528360891D-01
 -0.989787774791D-02  0.201203309378D-01 -0.539365737280D-01  0.416763131583D-02
  0.224020712969D-01 -0.670459230431D-02  0.957907840255D-02 -0.133586405414D-01
  0.205474392584D-01 -0.120491764484D-01  0.179312154268D-01 -0.636554933453D-01
 -0.516047612643D-01  0.485819091735D-01 -0.415499391413D-01 -0.289582184023D-01
  0.245911014591D-01 -0.243136921261D-01  0.253812423263D-01 -0.148190119052D-01
 -0.215083911853D-01  0.156396554483D-01  0.703457775804D-02  0.675611646597D-01
 -0.120065524128D-01 -0.222479325226D-02  0.404400301970D+00  0.588785453128D-01
 -0.111568085541D-01  0.311480321224D-02 -0.924229314608D-03 -0.542866871566D-02
 -0.272610043218D-02  0.256092128353D-01 -0.456780881857D-01  0.861397560342D-02
 -0.201198123944D-01 -0.467688119982D-02 -0.152245809794D-01 -0.136176775610D-01
 -0.244548060123D-02 -0.235684248922D-03  0.353402534529D-02 -0.532311168314D-01
 -0.738457142417D-02  0.495241108245D-02 -0.259306157419D-01 -0.117950321587D-01
 -0.536253313481D-02  0.694266573920D-02 -0.178586625901D-01  0.224333784745D-02
 -0.551092933586D-03  0.409666754686D-01 -0.594590732892D-01 -0.887636298498D-02
 -0.208608890505D-01  0.170967551580D-01 -0.154116153561D-01 -0.801805992812D-02
 -0.455518136574D-03 -0.165996549000D-01 -0.281057940493D-02  0.887713180676D-02
  0.369017245160D-01 -0.142263751706D-01  0.985541392601D-04 -0.295219178569D-02
  0.739160948550D-02  0.409777094323D+00  0.129644168858D-02 -0.179096745969D-01
  0.160249164032D-01  0.427236188877D-02 -0.148114164843D-01 -0.416016975482D-01
  0.444533475755D-03  0.231013839602D-03 -0.115590291973D-01 -0.426657981657D-02
 -0.261480297869D-02  0.526679672260D-02  0.645887454541D-02  0.410639226769D-02
  0.224102176375D-03 -0.124497407849D-01 -0.240917083910D-02  0.105427032879D-01
  0.221459957465D-01  0.508826811324D-03 -0.359657571566D-02  0.115579302047D-01
 -0.200202673289D-02  0.223062039809D-02  0.110831207821D-01  0.323559158691D-01
  0.665796715851D-03  0.654810072919D-02  0.118290886987D-02  0.590143138893D-02
 -0.380426374167D-03  0.192934713300D-02 -0.178867080431D-01 -0.142993309114D-02
 -0.461340963353D-02  0.243885896789D-02 -0.620436957630D-02 -0.415224272707D-02
 -0.266831885012D-02  0.778386487891D-02  0.485701225005D-01  0.270834481487D-02
  0.785440594463D-03  0.314548192554D+00  0.285707242344D-01 -0.549208163310D-01
 -0.960457124175D-02  0.190319181034D-01 -0.189861383195D-01  0.770144784572D-02
 -0.180067527995D-01  0.399741065549D-01  0.144267452753D-01 -0.771367864709D-02
 -0.501344057561D-04 -0.604822650927D-02 -0.175089491238D-02  0.972175082698D-02
 -0.192828683545D-01  0.480539852316D-02  0.352543430694D-01 -0.194579284629D-01
 -0.117008379837D-01 -0.315513196232D-01  0.188483821508D-02 -0.797826753924D-02
 -0.156143818576D-01 -0.218640359916D-01  0.113062672281D-01 -0.135337245885D-02
 -0.511883629691D-02 -0.487637941977D-01  0.192672364360D-02 -0.135030707576D-03
  0.218559753398D-01  0.260493105372D-01 -0.470039845162D-02 -0.231071472015D-01
  0.256244762178D-01 -0.297644483237D-02  0.195508962088D-02  0.936996940073D-02
  0.285882423106D-01  0.116990852121D-02 -0.958504302649D-02  0.502993354909D-01
  0.798080155890D-02 -0.728189499104D-02  0.357028436032D+00 -0.259609216469D-01
 -0.603313856997D-01 -0.836771145857D-02 -0.694243420684D-02 -0.321810790394D-01
  0.822981015956D-02 -0.177481874898D-01 -0.213543629174D-01  0.351191957972D-02
 -0.155298907776D-01  0.188878951744D-01  0.202514743921D-02  0.132416220317D-01
  0.122331063419D-01 -0.123737814162D-01  0.404924976638D-02  0.644392081307D-02
  0.535670627580D-01  0.147434700179D-02 -0.420951215855D-02 -0.998403929167D-02
 -0.129696889160D-01 -0.692617221926D-02  0.127432200550D-01  0.429281290003D-02
 -0.110139615237D-02 -0.448703384988D-01  0.179704667507D-01 -0.240656290629D-02
  0.165606184236D-01 -0.437339623331D-02 -0.241355486723D-01  0.145761290024D-01
 -0.168309471571D-01  0.134152450754D-01  0.783548774914D-02  0.969425879419D-04
 -0.241461114059D-01 -0.100170375197D-01  0.571747403626D-02 -0.149620261712D-01
  0.993823008606D-02 -0.201134721641D-01 -0.686761752990D-02 -0.471304114307D-02
  0.344804546009D+00  0.298599751103D-01  0.337564657780D-02  0.310593170064D-02
  0.704775097605D-02  0.470445037865D-02  0.308935886535D-02 -0.170988511135D-01
  0.140836026296D-01 -0.923184031091D-03 -0.252020604735D-01  0.959738000645D-02
  0.392381252118D-02 -0.114304534856D-01  0.138708674140D-01 -0.529404924528D-02
 -0.598913596435D-02 -0.641057831038D-02 -0.834225344282D-02 -0.888615286149D-02
 -0.305705384937D-01 -0.716099458419D-02 -0.345235100317D-02 -0.179023759203D-01
 -0.408519124488D-01 -0.593885920788D-02  0.268565799266D-02 -0.236300174928D-01
 -0.842032033873D-02 -0.186842848685D-01  0.425776886577D-01  0.193557999781D-01
 -0.278249080771D-01 -0.823304572862D-02  0.390986210566D-02 -0.137821149609D-01
 -0.161588193905D-02  0.287221339927D-02  0.130148637543D-02  0.110857945363D-01
 -0.126135951642D-01  0.246244888122D-02  0.612446636477D-01  0.801137358527D-01
 -0.519473455621D-02 -0.862184923479D-02 -0.223971900186D-01  0.284798113782D+00
 -0.352796000515D-01 -0.232243596157D-01  0.102670475597D-01 -0.376778536931D-01
 -0.114097041689D-01 -0.915695957413D-02 -0.287271904383D-01 -0.265017397343D-01
 -0.601828637517D-02 -0.691672047126D-02  0.138522017618D-01  0.119620472041D-01
  0.460043487698D-02  0.201795617078D-01  0.876435339253D-02 -0.818974624579D-02
  0.329576894462D-01 -0.232558325727D-01  0.962502124356D-02  0.144243358609D-01
  0.675445494549D-02  0.146230269360D-01  0.414132885616D-02 -0.973403830214D-02
 -0.900241164519D-02  0.846025065340D-02 -0.239293151546D-01  0.490596315443D-01
 -0.114934853670D-01 -0.292998155376D-01 -0.432343214233D-02 -0.116665162093D-01
 -0.549781872045D-02  0.247084622388D-01  0.294998411414D-01 -0.169688876446D-01
 -0.278316297377D-02 -0.242964350002D-01  0.309036182222D-01  0.152852745317D-02
  0.662877387763D-02  0.286239100683D-01 -0.273319616637D-01 -0.387725301063D-02
  0.316692399484D-01 -0.950616455871D-02  0.873024953069D-03  0.275727476792D+00
  0.774809083973D-02 -0.851851268916D-02  0.435098902384D-01  0.710323430519D-03
  0.122374974998D-02 -0.233001294516D-01 -0.107533807705D-05  0.819223967212D-02
 -0.548915614982D-01  0.180901446747D-03  0.101900651161D-02  0.449893547791D-01
 -0.597213060406D-02 -0.330303097394D-02 -0.132827897235D-01 -0.287546154561D-02
 -0.673834869814D-02 -0.873237102051D-02 -0.350464315145D-02 -0.401148738656D-02
 -0.255891980827D-02  0.173448862365D-01  0.558520662102D-02 -0.688859459145D-02
 -0.737875679558D-03 -0.113759794629D-01  0.808147961352D-02 -0.116513093504D-02
 -0.459414452555D-02  0.447693005137D-02  0.119177690569D-01  0.876227669687D-02
 -0.185942527789D-01 -0.131108458253D-01 -0.317783043686D-02  0.602990749823D-02
  0.157969425179D-01  0.802196052314D-02  0.731412886651D-03  0.322942286922D-01
  0.887172766519D-02  0.107097583372D-01 -0.140104484855D-01  0.115353374302D-01
 -0.829606298314D-02 -0.187930349914D-02 -0.835922025482D-02  0.125408431516D-01
  0.211433569835D+00  0.159568837068D-01 -0.565523481721D-02  0.101051271555D-03
  0.335854309337D-01 -0.383180163690D-01  0.344616075186D-02 -0.833912907211D-01
  0.790148988941D-02  0.562693937338D-02  0.469510035210D-02  0.108468890329D-01
 -0.595052650545D-02  0.131805628562D-01  0.145623597901D-03 -0.169031000440D-01
  0.725595677176D-02 -0.374983473181D-01  0.331942237536D-01 -0.333670534308D-02
 -0.321231507138D-01  0.961131498333D-02 -0.276911514150D-03 -0.108586510997D-02
 -0.254299994508D-01  0.421854555772D-02  0.205146940509D-02  0.297452839651D-01
  0.922324807665D-02 -0.245921034080D-02  0.156454549098D-01  0.238431081868D-01
  0.303446228881D-01  0.791585291138D-02 -0.251866982578D-01  0.571418341313D-02
  0.949435158391D-02 -0.437018570931D-02 -0.301650012099D-01 -0.342080541701D-01
  0.577710079288D-02 -0.436921943651D-03  0.644549040830D-02 -0.737625406606D-01
  0.370955313618D-02 -0.150668744088D-01 -0.929183987641D-02 -0.176468516068D-01
 -0.163117329758D-01 -0.165156907950D-03  0.307215128505D+00  0.265910754280D-02
 -0.233532012331D-01 -0.399056365179D-02 -0.436218573155D-02 -0.358524386534D-01
 -0.325180369743D-02  0.206708548746D-02 -0.613243455639D-01 -0.576682164306D-03
  0.633962267154D-02 -0.172181760158D-01  0.235901619678D-02  0.256839874644D-01
  0.192126229125D-01 -0.242014579902D-01  0.624113812403D-03 -0.422001470545D-01
 -0.347662431178D-01  0.434772688153D-02 -0.317654789659D-01 -0.384124519136D-01
 -0.969515791426D-03 -0.264278215157D-02 -0.112671953802D-01 -0.393670115330D-02
  0.556140730761D-02  0.641101777427D-02 -0.276956401150D-01 -0.587313948078D-02
 -0.648784317954D-03 -0.470715323104D-01  0.281707320482D-02  0.872381065426D-02
 -0.353802537573D-01 -0.243405803484D-01 -0.493603476689D-02 -0.649458133513D-02
  0.238669013811D-01 -0.764906431550D-02  0.646336932737D-02  0.172762435574D-02
 -0.551541359895D-01  0.220829778553D-01 -0.261713796822D-02 -0.155102495168D-01
 -0.269873159212D-01 -0.118877245054D-01  0.237288776705D-01  0.513230499439D-02
  0.147705602838D-01  0.297730629521D+00  0.763491155296D-02 -0.150434205655D-01
  0.867361907572D-02  0.431066618759D-02 -0.144336773345D-01  0.255109240417D-01
  0.737513782110D-01 -0.438713546313D-02  0.110909881571D-01  0.117162022230D-01
 -0.744345618153D-02 -0.383129086634D-02 -0.507215683309D-01  0.156079017576D-01
 -0.534869724226D-02  0.195383348998D-01  0.144297142111D-01 -0.610553870944D-02
 -0.215441884874D-01  0.181464559535D-02 -0.174253550744D-01 -0.131054088346D-02
 -0.528265802303D-02  0.763267845404D-02  0.408094038894D-02 -0.214906012501D-02
  0.212128912036D-02  0.999343796284D-02 -0.365756909891D-03 -0.256177148467D-01
  0.170362264234D-01 -0.296508044368D-01  0.302003554123D-01  0.159335903953D-01
 -0.728857636690D-02  0.973881516268D-02 -0.236983566291D-02 -0.425066645514D-01
 -0.123723472652D-01  0.507453464454D-01 -0.312228868918D-01  0.307628307195D-01
 -0.283181234566D-01 -0.185788598228D-01  0.329720399854D-02 -0.207514880492D-01
  0.424649908543D-02 -0.568166775584D-02  0.597291704863D-02 -0.230945175518D-01
 -0.402561128387D-01  0.381849795222D+00 -0.163138836721D-01  0.101480845549D-01
 -0.362105926893D-02  0.164892643380D-01  0.174468947006D-01 -0.322205268948D-02
 -0.227335281696D-02 -0.680603613053D-01 -0.154761926659D-01 -0.230560705780D-02
  0.502876831249D-02 -0.451253238141D-02  0.123916721280D-02 -0.486213238373D-01
 -0.220408673375D-02 -0.483582831444D-02  0.114506376471D-01 -0.359252502419D-01
  0.117087291683D-01 -0.433347128923D-01 -0.201450583345D-02 -0.380249459232D-02
 -0.103437404571D-01 -0.292328047481D-01 -0.256433226585D-02  0.158430065334D-02
 -0.288835384530D-01 -0.107419978911D-01 -0.376336547802D-01  0.974178440031D-02
 -0.281897104474D-01 -0.130221228161D-01 -0.947525986008D-02 -0.108513564432D-01
  0.204841426029D-02 -0.655873879974D-02  0.809024906175D-02 -0.121158264271D-01
  0.613303455115D-01 -0.399789789144D-02  0.440627478406D-03  0.428334694682D-02
  0.496990540288D-02  0.442466347035D-02 -0.221710201971D-02 -0.149711443037D-01
 -0.717196182398D-02  0.429872340746D-02  0.553375651178D-02 -0.512433588116D-01
  0.258742839659D-01  0.103030617238D-01  0.383385005423D+00  0.862822473127D-02
 -0.164050790801D-01 -0.139639202553D-02 -0.979765936015D-02 -0.168383582013D-02
 -0.345451692887D-01 -0.398039371738D-02  0.145041350683D-01  0.276372991382D-02
 -0.348744102227D-01  0.175795847570D-01 -0.894251442167D-02  0.960138959159D-02
  0.995417953632D-03 -0.135151132791D-01 -0.306705321481D-01  0.420085567299D-02
  0.141901873985D-01  0.179417855751D-01 -0.628915822137D-03 -0.115787853219D-01
  0.294818092077D-02 -0.105505006641D-01 -0.166205355392D-01  0.107650175511D-01
  0.673026967550D-02 -0.605330290223D-02  0.982387097646D-02  0.233084958900D-03
  0.995808994262D-03 -0.759869468965D-03 -0.950709407389D-03 -0.363929568758D-01
 -0.159000651857D-01  0.149040030210D-01 -0.179685810526D-01 -0.368063513067D-01
  0.507981100201D-02 -0.159890290245D-01 -0.814245787504D-01  0.347218680250D-01
 -0.117996570955D-02 -0.144750162309D-01  0.729545098808D-02 -0.283020167461D-01
  0.112222831585D-01 -0.484726224156D-02  0.181978504736D-01  0.242336895957D-02
 -0.231653350695D-01 -0.144342337125D-01 -0.565311006518D-03  0.112606288165D-01
  0.302918381031D+00 -0.356463210268D-02  0.223369353180D-02  0.722103655448D-02
  0.328889235306D-01  0.356894123906D-03  0.772449321205D-02  0.123899113861D-01
  0.218798918693D-01  0.272579379509D-02 -0.201167528593D-01 -0.237271664917D-01
 -0.985519175858D-02 -0.348509336433D-01  0.592940683490D-02 -0.140127427543D-01
  0.433566570128D-03  0.408268543954D-01 -0.198348644333D-01 -0.900034852905D-02
 -0.315051260545D-01  0.225738705084D-01  0.994937783678D-03  0.124195146666D-01
 -0.861081584572D-02 -0.739648527975D-02  0.802158773791D-02  0.199703742858D-01
 -0.247656552138D-01 -0.227851649073D-01 -0.149941104130D-02  0.363176083835D-01
 -0.133358488212D-01 -0.107734787797D-03 -0.545524298824D-02 -0.201737249061D-02
 -0.449176986780D-02 -0.137210555145D-02 -0.654729886900D-02 -0.734380848959D-02
 -0.881875048989D-03 -0.358030762783D-02  0.570543342169D-01 -0.216216356410D-01
 -0.452994088265D-02  0.259996842871D-01  0.411672259717D-01  0.219638357407D-01
  0.231201366957D-02 -0.132634059002D-01 -0.168774117179D-02  0.223453399369D-01
  0.146082540514D-01  0.414189630039D-01 -0.281439725262D-01  0.400702838520D+00
 -0.103081084139D-01 -0.143068320957D-01 -0.168378451868D-03 -0.168748489017D-01
 -0.419892076672D-01  0.783717883664D-02  0.143844161667D-01  0.464055220506D-01
 -0.307983324423D-03  0.183348301803D-02  0.104653986781D-01  0.368271523397D-02
 -0.586876627579D-02  0.455187884994D-01 -0.114685120991D-01  0.159127281929D-02
  0.126572933767D-01 -0.240712928238D-02  0.288593486448D-02  0.102965329771D-01
  0.437941480048D-01 -0.106691674060D-02  0.668295146378D-01 -0.212063547678D-01
 -0.425713895553D-03  0.857670738736D-02  0.137495022564D-01 -0.256714150222D-02
  0.251550131001D-01  0.746676909598D-02  0.303437496741D-01  0.300397052784D-02
 -0.974879264960D-02  0.132933329035D-01  0.116234897319D-01 -0.817654992393D-02
  0.435809652500D-03 -0.219272737405D-01  0.159686507711D-01  0.637884881002D-02
 -0.201646225996D-02  0.473069793631D-01 -0.900212873429D-02 -0.134178992969D-02
 -0.547347035050D-02 -0.269680519806D-01  0.615059202352D-02  0.811040934588D-02
  0.465228291251D-02  0.101126258812D-01 -0.334326400902D-01  0.183294562803D-01
 -0.182470973573D-01 -0.700327540553D-02 -0.272217407992D-02  0.429383934293D+00
  0.101527213636D-01  0.121631125218D-02  0.113727102096D-01 -0.662267445757D-02
  0.521412398973D-02  0.359031882090D-01  0.157814330105D-02 -0.749400337943D-02
  0.122055539097D-01  0.122587586321D-01  0.472619844680D-02 -0.123879915568D-01
  0.326373443318D-01 -0.588076663970D-02  0.123970434351D-01 -0.552726221266D-01
 -0.785429516811D-02  0.836980283572D-03  0.229229624480D-01 -0.697515198065D-02
  0.520694265729D-02 -0.356299152233D-01 -0.420719250808D-02  0.609903275588D-03
 -0.766837699375D-02 -0.159806331447D-01  0.120736396053D-01 -0.231680076479D-02
  0.486441066450D-03  0.698398794987D-02 -0.109931683291D-01  0.799972366036D-02
 -0.716556021356D-02 -0.657935130602D-02 -0.207981993438D-02 -0.425626995646D-01
  0.465913607032D-01 -0.756491345251D-02  0.372212991741D-02  0.159984647242D-02
  0.270076285046D-02  0.588054113717D-02  0.804393069376D-02 -0.147096071240D-01
  0.383147016298D-02 -0.700179301212D-02 -0.721028449325D-02  0.793664058002D-02
 -0.197416356641D-01 -0.959612239867D-02 -0.196409342858D-02 -0.123189839187D-01
  0.683412815724D-03  0.144719931952D-01  0.206892119265D-03 -0.139790330238D-01
  0.265587262055D+00  0.115053942874D-02 -0.420414748647D-01  0.199592411958D-03
 -0.175891518200D-01 -0.209140632694D-01 -0.125347733052D-02 -0.326359881174D-01
 -0.847637220102D-02 -0.463489039815D-03 -0.104142792683D-03  0.239487300018D-02
 -0.117494522758D-01  0.489882569241D-01 -0.282392462792D-01 -0.104333697538D-01
  0.437804500935D-02 -0.108948354322D-01  0.152437001925D-01  0.476178755722D-02
 -0.146355898044D-01 -0.298218842085D-03 -0.439294787900D-03  0.107442994251D-01
  0.156922399485D-02 -0.251674752323D-02  0.171515356618D-02  0.989565340403D-02
  0.130436427686D-01 -0.119327938174D-01  0.407248991506D-01  0.569485417218D-03
  0.350598197107D-01 -0.277885185215D-03 -0.651586085557D-02  0.758764444231D-02
 -0.446329659879D-02 -0.486296292904D-02  0.258287917479D-01 -0.418914443325D-02
  0.744682546894D-02 -0.894275439995D-02 -0.223816669324D-01  0.487252626558D-02
 -0.496920450471D-02 -0.219091519579D-01  0.580168708052D-02  0.167486932581D-01
  0.101387111223D-01 -0.679792817656D-02  0.838502898182D-02 -0.546812139041D-03
 -0.102985764341D-01  0.810855353155D-02  0.790952222787D-03 -0.516349159761D-02
 -0.306029578143D-01  0.305367882767D-03  0.332388485441D+00 -0.278209066133D-01
 -0.126849735776D-01  0.469423616357D-02  0.110229345960D-01  0.182035605717D-01
  0.380778731981D-03  0.110632709553D-01 -0.431516923731D-01 -0.168821355890D-02
 -0.481497224424D-02 -0.983575008449D-02 -0.148254721854D-01 -0.132807451700D-01
 -0.441694528269D-01  0.763244191616D-02 -0.571289990340D-03 -0.199305200370D-02
  0.155489257929D-01  0.161965199320D-02 -0.742912897207D-02  0.503181220996D-02
 -0.415604250032D-03 -0.788829646741D-02  0.706989162527D-03 -0.771907860595D-02
  0.148031415639D-02  0.268843902114D-01 -0.526262264034D-02 -0.335491588202D-01
 -0.845485138248D-02 -0.339122727513D-01  0.783814559577D-02 -0.271487126104D-02
 -0.182936319082D-01 -0.326330067598D-01  0.293325070597D-02  0.873066140201D-03
 -0.162574101420D-01  0.191406234680D-01 -0.814392853793D-04  0.265519677317D-02
  0.563860265965D-02  0.112989518949D-01  0.215525197940D-02 -0.105994062012D-01
 -0.124354990090D-01 -0.303902155050D-02  0.797517143835D-02 -0.637055582591D-02
 -0.535025340013D-03  0.164801217621D-01  0.735270614314D-02  0.244946209486D-01
 -0.101762608805D-01  0.293922345718D-01 -0.353912923252D-01 -0.115402553525D-02
 -0.739199002513D-03  0.359045919591D+00 -0.298239736471D-02  0.301670347209D-02
 -0.944725135198D-03 -0.443462674389D-02 -0.277872105613D-02  0.171424312172D-02
  0.168568461732D-02 -0.506760647786D-02 -0.604684856949D-02  0.496225325799D-02
 -0.147323150254D-02 -0.243203396295D-01  0.225438730620D-01 -0.840684508842D-02
 -0.220304286677D-01  0.497438453977D-02 -0.457312680756D-02 -0.158612573702D-02
  0.236008886668D-01  0.678001905101D-03  0.429995471690D-02  0.249354553054D-01
 -0.134568534202D-02  0.532043405742D-02 -0.854279083853D-03  0.204877268944D-01
  0.437056941989D-02 -0.128164775780D-03 -0.268532949439D-02 -0.556401816234D-02
 -0.604804006369D-02  0.126405746103D-02 -0.398806870081D-01 -0.196847079762D-02
  0.318156107172D-02  0.349955911583D-02 -0.196988259822D-01 -0.230750755035D-03
 -0.533369663889D-02 -0.194241501190D-01  0.285253566456D-02 -0.595730886329D-02
  0.897246619520D-03 -0.136067303882D-01  0.485156747004D-02 -0.508634380961D-02
  0.783276126184D-02 -0.462169926564D-02 -0.252199860768D-01 -0.417273700291D-02
 -0.340398683404D-03  0.167914524472D-02 -0.224209943799D-02  0.426589519768D-02
  0.831863613220D-02 -0.135101708928D-01  0.189326926366D-01 -0.501866252832D-02
  0.709903693861D-02  0.234195735721D+00  0.356258942746D-02 -0.243713621238D-01
 -0.425309131868D-02 -0.486469736991D-02 -0.333491566572D-01  0.404732369058D-02
 -0.628030496762D-02  0.462950013948D-02  0.433965003465D-02 -0.142770696462D-01
 -0.444381582155D-02 -0.601144083540D-02 -0.162788555760D-01  0.430382359145D-01
 -0.122658114546D-01  0.359557495399D-02  0.107806852628D-01 -0.382016033837D-02
  0.512392826486D-02 -0.221473629857D-01  0.379292632128D-01 -0.947623223534D-02
 -0.536835783963D-02 -0.596987276396D-02 -0.521139264415D-02 -0.946903888835D-03
 -0.859905721071D-02 -0.393246144839D-01 -0.138806215547D-01 -0.553848239722D-04
  0.350550852378D-01  0.554136649138D-01  0.154901373321D-01  0.232306753285D-01
  0.767746176177D-03  0.667331735044D-02 -0.354747503926D-02  0.602336590915D-02
  0.248404401014D-01  0.664516735488D-02 -0.634564083535D-02 -0.346262330940D-01
 -0.218408921732D-02 -0.817571737479D-02  0.202572344023D-01 -0.444630822989D-02
  0.266919691442D-01  0.203285759596D-01 -0.211680903457D-02  0.270153411246D-02
 -0.228971958165D-01  0.135203040814D-01 -0.617253190266D-02  0.293009091859D-02
  0.118981004010D-01 -0.486726836757D-01 -0.474523081219D-02  0.923426851303D-02
 -0.724725217839D-01  0.360092498548D-03  0.285755003304D+00 -0.263382005332D-01
 -0.226852993781D-01 -0.173921701172D-01 -0.267498782958D-01 -0.156933465296D-01
  0.885455114910D-02 -0.831429475185D-02  0.488462436374D-02  0.248161472666D-01
  0.132701692900D-01  0.881811111025D-02 -0.769819164271D-02  0.492357444990D-01
  0.120378859650D-01 -0.426540599573D-02  0.953978372984D-02 -0.113249106875D-01
  0.137779038915D-01  0.170675330684D-02 -0.291181562352D-01 -0.435290954384D-01
 -0.188756349274D-01 -0.137120872416D-01  0.110790056617D-01  0.196020754199D-01
 -0.673788007885D-02 -0.330721762402D-01  0.159957547121D-01  0.139360400422D-01
  0.727373429009D-03  0.805692372793D-02  0.903608263175D-02  0.414103080127D-02
 -0.143980911099D-01  0.721264325490D-02  0.180338943491D-01  0.116797540582D-02
  0.252685871693D-01 -0.100281753801D-01  0.169462481009D-02  0.469379784280D-03
  0.326643787067D-01  0.217670215697D-01  0.194319324356D-02  0.152076257007D-02
  0.380698060631D-02  0.387876256984D-02  0.414929535964D-01 -0.116123870073D-01
  0.666564097093D-02  0.104371227908D-02 -0.555961063928D-01 -0.251841944500D-01
  0.677601488056D-02  0.219650835493D-02  0.204748910892D-01 -0.218067777684D-01
  0.466366382970D-01 -0.294408220284D-01 -0.113706935257D-01 -0.155805689447D-01
  0.253723471751D+00  0.256574676044D-02 -0.324636451361D-02 -0.713348590640D-01
 -0.590216650973D-02 -0.812734198824D-03  0.555118974640D-02  0.281901066466D-02
  0.983021502438D-02  0.164761198789D-01  0.494789545229D-02  0.881457069231D-02
 -0.295354268809D-01 -0.147626090810D-01  0.535486643268D-02 -0.732435105098D-02
 -0.523306332689D-02  0.405122269785D-02 -0.141820238143D-02 -0.111047734636D-03
  0.266257213404D-02  0.983456219106D-04  0.238444314334D-01  0.217887414402D-02
 -0.576776085225D-02  0.367531364698D-01  0.368900494816D-02 -0.368058563687D-03
  0.101282673421D-02  0.249236556724D-02  0.702865502933D-02  0.804716541736D-02
 -0.275792103239D-02 -0.147165897945D-01  0.528133851063D-03  0.607628862919D-02
  0.100654772135D-02 -0.477957636043D-03  0.166135329071D-02  0.154021019473D-02
  0.427695686130D-02  0.282863919683D-01  0.470464513727D-02 -0.618715633573D-02
 -0.286013419598D-01  0.453526673944D-02  0.309763935333D-02  0.264730638141D-02
  0.657266241586D-03 -0.109837153913D-01  0.264495969458D-02  0.574621464165D-02
 -0.214953719150D-01 -0.275264188948D-02 -0.419317171674D-01 -0.179434235147D-02
  0.770655098492D-03  0.161717120819D-01 -0.117364407232D-03 -0.662769107152D-02
 -0.631943423693D-02  0.186598806349D-03  0.290819335178D-02  0.415112503214D+00
 -0.972055541362D-02 -0.417826871959D-02 -0.666381371988D-02 -0.806862227219D-02
  0.418505824097D-02  0.117646867608D-01 -0.176172541707D-02  0.445951792984D-02
 -0.994093292956D-02 -0.797200147844D-02 -0.572092987543D-03  0.546208472078D-02
 -0.132909883505D-01  0.588683016759D-02 -0.394331523480D-01  0.324240192386D-01
  0.644374054853D-02 -0.259650011678D-02 -0.339639378722D-01  0.273177750001D-02
  0.185639862357D-02 -0.311135691886D-01 -0.234567590780D-02  0.379098138134D-02
 -0.387365475687D-01  0.572226751807D-02 -0.710493288547D-02 -0.446173709692D-02
  0.296259917841D-02 -0.601092442262D-02 -0.921425328567D-02 -0.363605625213D-02
  0.389479342495D-01  0.559280361100D-02  0.118964327371D-01  0.156994003711D-01
  0.302425278066D-01  0.356880276736D-02  0.121396105451D-01  0.446901361154D-02
 -0.312796778481D-01  0.981778698941D-02  0.267689393670D-02 -0.192397061605D-01
  0.393139548402D-02  0.503449797128D-02 -0.240887521163D-02 -0.107271221804D-01
  0.589126036032D-02 -0.283455482146D-02  0.164455392060D-02 -0.826947821260D-02
  0.655174868264D-02 -0.134595333389D-01  0.586174734581D-02  0.121874396148D-02
  0.318134512189D-01  0.941436779958D-02  0.532570912093D-02  0.769469467487D-02
  0.687857972916D-02 -0.303471097042D-03  0.337335069435D-02  0.380055370740D+00
 -0.610363798278D-02 -0.410263632104D-01  0.233829802038D-02  0.139721151630D-01
 -0.726232889133D-02 -0.180460736517D-02  0.389798505865D-01  0.237140135187D-02
 -0.287700345778D-02 -0.882843174246D-02  0.200130950136D-02  0.343542337121D-02
 -0.239086368426D-01  0.560076016889D-02 -0.836251346753D-02 -0.246778851903D-02
 -0.141128224837D-01  0.278019711296D-01 -0.432019516564D-02  0.241868569000D-01
  0.257694936479D-03  0.506948524162D-02 -0.272971730265D-02  0.555690113715D-02
  0.556702191345D-02 -0.307873748017D-03  0.241239291807D-01 -0.105676512052D-02
  0.967267947673D-02 -0.307150928131D-02  0.209944021131D-01 -0.216839026964D-01
  0.579595649467D-03  0.640142132877D-02  0.121135240966D-01 -0.571622079784D-02
  0.230204039044D-02 -0.434265411658D-02  0.471599056881D-02 -0.344206121884D-02
  0.197120249875D-02  0.181565159872D-01 -0.959291426901D-02  0.134728300084D-02
 -0.932843265045D-02 -0.797819367580D-02 -0.133322874941D-01 -0.458386568069D-04
 -0.212847033725D-02 -0.735873957603D-03  0.112171534187D-01  0.126063382823D-01
 -0.926788255580D-02 -0.933426207136D-02  0.300423709503D-02  0.155151101669D-01
  0.527415040934D-02  0.112542638764D-01  0.292200468566D-01  0.109052630769D-02
  0.208825342187D-01 -0.258937472249D-01  0.220380822729D-02 -0.737386358223D-02
  0.331351427429D+00  0.452653183333D-01  0.436377544093D-02 -0.289250752523D-02
  0.624247438934D-02  0.324988858421D-01  0.425690706190D-02 -0.701683918208D-02
 -0.363977229851D-01 -0.548132898249D-02  0.135232229518D-02 -0.534818771123D-02
 -0.755312976201D-02 -0.690372173292D-02 -0.212297054426D-01  0.625833567111D-04
  0.778279596942D-02  0.470587803914D-01  0.956458958896D-02  0.344427203803D-03
  0.379215944484D-02 -0.210056841676D-01  0.940585556997D-03 -0.142997990607D-01
 -0.967945197489D-02  0.686836566558D-02 -0.607093978860D-02  0.807730589521D-02
  0.328358461703D-01 -0.742121474025D-02 -0.145799407165D-01 -0.153955442029D-01
 -0.261517135310D-01  0.630209627735D-02  0.733692460039D-02 -0.173737777299D-01
  0.118518127047D-01  0.253855812656D-02 -0.149288221875D-01 -0.197366853428D-01
 -0.128443051285D-03 -0.964272963390D-02  0.245640851493D-01  0.137446456199D-01
  0.110307094976D-01 -0.109559087713D-02  0.208269203829D-01 -0.887416517659D-02
  0.170706478340D-01 -0.917538223907D-03 -0.491851568186D-02 -0.381954796650D-02
  0.357062893317D-02  0.132785395639D-01  0.253452612284D-02 -0.128453110079D-01
  0.130325088673D-01 -0.231570143354D-02  0.336629190507D-01  0.329340018061D-02
  0.370767298258D-02 -0.175645382334D-01 -0.119647430235D-01  0.175130889295D-02
 -0.507607874049D-03 -0.634636540746D-02  0.330495437512D+00 -0.103297575689D-01
 -0.145353908029D-01 -0.576235431199D-03 -0.156061234133D-01 -0.375222651154D-02
 -0.848746730952D-03  0.942130835364D-02  0.252058601833D-02 -0.331471195743D-02
  0.147548867734D-01  0.986601419993D-02 -0.330964322944D-04  0.100696745348D-01
  0.121494455336D-01  0.811995255625D-02 -0.865977505820D-02 -0.974192504801D-02
 -0.227882378415D-02  0.296543276106D-02 -0.782294775313D-02  0.122842947246D-02
  0.152418972397D-02  0.752057127664D-02 -0.135954208740D-01 -0.111856279043D-02
  0.287850270215D-03 -0.128050876338D-01 -0.783580500215D-02  0.119996394091D-01
  0.158999102992D-02 -0.215522503432D-01 -0.626817929756D-02  0.183359917664D-02
 -0.601917188353D-02 -0.185028053598D-02 -0.373625376049D-02  0.590539477627D-02
  0.153467867431D-01 -0.481316084225D-02  0.495500153975D-03  0.383146819196D-02
 -0.199119872034D-01 -0.323802603821D-01 -0.193732207211D-02  0.282969593205D-02
  0.203140925875D-01 -0.103762644440D-01 -0.500951611286D-01  0.367223504410D-02
 -0.407870860899D-02  0.401246958902D-02 -0.356169165612D-02  0.150578313731D-01
  0.506764213882D-02 -0.126188048167D-01 -0.134729172819D-02  0.381877120310D-03
  0.174372567472D-01 -0.141037077979D-02  0.238567513193D-02 -0.523251565563D-02
 -0.257529445180D-01  0.190246487169D-02 -0.201704881030D-02 -0.693709919597D-02
 -0.274465892990D-01  0.234504717703D+00 -0.840219103584D-02 -0.319939703473D-01
 -0.232856718268D-02 -0.702875316838D-02 -0.179927293838D-01  0.254692596083D-02
  0.975996261356D-02 -0.118790342845D-01  0.340908315930D-02  0.238546472802D-03
  0.421590373247D-02  0.580947324763D-03  0.608227203531D-02  0.163349642026D-01
 -0.828417485664D-02 -0.757204653264D-04 -0.146991920428D-01  0.149845898512D-01
  0.268828215286D-02 -0.618146509660D-03  0.181213990637D-01  0.208139347515D-02
  0.326547314747D-01  0.751963229309D-02 -0.110349458349D-02  0.392150317286D-02
 -0.523084505265D-02  0.122071112348D-01  0.905865198920D-02  0.379191545921D-03
 -0.119351705480D-01 -0.142166392756D-02 -0.300522247621D-02  0.158592839564D-01
  0.106066546383D-01 -0.773740241728D-03 -0.502266126638D-02 -0.278476771723D-01
 -0.172915529350D-01  0.507540122913D-02  0.164468176788D-02  0.216098003239D-01
 -0.109500472128D-01 -0.110959511203D-02  0.142430600183D-01 -0.685776332431D-02
 -0.139410679402D-01  0.173414899762D-01  0.359546690323D-02  0.395169006083D-02
  0.273675528953D-02 -0.133902261696D-01 -0.403458808335D-02 -0.152105720140D-01
  0.120161207695D-01  0.743474307042D-02 -0.321902275756D-02 -0.146277622246D-01
 -0.100670600516D-01 -0.590510378214D-02 -0.301664836738D-01  0.150090727946D-01
  0.270613841876D-02 -0.164841251795D-02  0.473000912573D-01  0.107803023707D-01
  0.167987226204D-02  0.231586388485D+00 -0.141557911654D-01 -0.571586220110D-02
  0.313786516571D-01 -0.813492000294D-03  0.319511693496D-02 -0.637226665589D-02
 -0.259614387727D-02 -0.310387245232D-03 -0.851478016898D-02  0.524746869675D-02
 -0.108880180186D-01  0.156814312308D-01 -0.823355519136D-02 -0.159220128775D-02
 -0.270775627089D-02  0.833583788235D-02  0.414549254437D-02  0.116675105632D-02
 -0.150648336779D-01  0.334196775653D-02 -0.210759597863D-02  0.169505594688D-01
 -0.243001978203D-02  0.284384324894D-02 -0.180532987662D-01  0.104488506663D-01
 -0.623783067864D-02 -0.254437778147D-02  0.745748585136D-02 -0.519386949244D-02
  0.340635462146D-02 -0.546159043901D-02 -0.132617258023D-01  0.381147058743D-02
  0.184542479358D-02  0.236686492031D-01  0.254170300976D-01  0.527550635389D-02
  0.653107140818D-02 -0.192132280559D-01 -0.230515815434D-01  0.873786202132D-02
 -0.465720725935D-02  0.164893739308D-02  0.612810329333D-02 -0.232246451669D-02
  0.608862048660D-02 -0.204394172721D-01 -0.249242742431D-01  0.415614230601D-02
 -0.283276499288D-02 -0.214786087008D-01 -0.551722704557D-03  0.619069452990D-02
  0.719542221758D-02 -0.134681131725D-02  0.180384817633D-01 -0.604484706347D-02
  0.211754395027D-02  0.309132496547D-01 -0.520262863869D-02  0.951891909389D-02
 -0.296820940955D-01  0.367631327047D-01 -0.296433875408D-02  0.101602093581D-01
 -0.384414363096D-02 -0.297194285323D-02  0.210888744500D+00 -0.550616082812D-02
 -0.543590059968D-02  0.240866722113D-01  0.382501622739D-02 -0.655205729039D-02
  0.375428656592D-01  0.204250535179D-02  0.565867243232D-02 -0.716981897270D-02
 -0.595437898944D-02 -0.495255901595D-02  0.768729522613D-02 -0.376828973019D-01
  0.116398545945D-02 -0.278891481749D-01  0.199731555939D-01  0.565629556821D-02
 -0.436427207827D-02 -0.123792450225D-01  0.115553284729D-01 -0.195449825727D-02
  0.382831120311D-01  0.117880197848D-01  0.710677670774D-03  0.251366647623D-01
 -0.429356682414D-01 -0.131386347624D-01 -0.638889502045D-02  0.746764476344D-02
  0.189887925508D-02 -0.211921957333D-02 -0.105760907361D-01  0.848448998193D-01
  0.397764441554D-02 -0.150941699945D-02  0.321715984902D-01 -0.813502034135D-02
  0.500614793767D-02 -0.743699395359D-02  0.176700060790D-01  0.175536098905D-01
 -0.100162818420D-01 -0.982590561821D-02  0.330645227431D-01  0.468961886751D-02
  0.710192689946D-02 -0.485542229923D-02 -0.504258705531D-02  0.355815484183D-01
  0.194815165388D-01  0.830270929463D-02  0.271510646112D-01  0.413749399542D-02
 -0.192445784967D-01  0.489067667668D-02  0.242520969026D-01  0.338071821793D-02
  0.828818743643D-02 -0.171348128397D-02  0.354726908866D-01  0.305702538495D-02
  0.125332218650D-01  0.225794488926D-01  0.271759179442D-03  0.850903434909D-03
 -0.812583593728D-03 -0.530216378606D-02  0.529812018101D-02 -0.119608857117D-01
  0.398352701430D+00 -0.199557414961D-02 -0.214225937818D-01  0.188438658971D-02
 -0.575810183889D-02 -0.311641642204D-01 -0.239021556004D-02 -0.272988232404D-01
  0.342664547156D-02  0.455640157748D-02 -0.755918054110D-02  0.437598385784D-02
 -0.181437711105D-02  0.780951816828D-02  0.854205824694D-02 -0.167840568266D-01
 -0.989023411466D-02 -0.506534535943D-03  0.116749120812D-01  0.103787823832D-01
 -0.920833373502D-02  0.114110143072D-01  0.482296260295D-02  0.122332551241D-01
 -0.117260413784D-01 -0.370525100740D-02  0.735451453589D-02 -0.920948092870D-02
  0.346560494823D-02  0.138992700644D-01  0.234953327379D-01  0.239939442082D-02
  0.234380244417D-01  0.815201138271D-03 -0.733117542250D-02  0.280437110469D-01
 -0.614998664666D-02 -0.288938514132D-02  0.282003821243D-02 -0.611914301415D-03
  0.296659602623D-02  0.892832604993D-02 -0.194332516419D-01 -0.436008325076D-01
 -0.334632776600D-02  0.119982798475D-01  0.318680075146D-01  0.427327419370D-02
  0.121869231317D-01 -0.213338549945D-02  0.345880134520D-01  0.632430334816D-01
 -0.474588382232D-01 -0.304773419295D-01 -0.213070223467D-01 -0.656597255099D-02
 -0.997071522270D-03 -0.601671945474D-02  0.373064468616D-01 -0.343302974972D-01
 -0.412355536793D-02  0.328943673403D-01 -0.226724802804D-01  0.761401050738D-02
 -0.136124530056D-02  0.129220236101D-01 -0.426593980533D-01  0.155531853055D-02
 -0.463428934509D-01 -0.712957819436D-02  0.118378562107D-01  0.203598720729D+00
 -0.232185329754D-01 -0.132568573589D-01 -0.256877962905D-02 -0.209448238880D-02
 -0.787482456549D-02  0.157453078118D-02 -0.862740298722D-03  0.242453763671D-01
  0.243121816540D-02 -0.104526715597D-01 -0.613432121895D-02  0.657983594786D-02
  0.314277265559D-02 -0.241096902483D-02  0.951420667787D-02  0.865943804232D-02
  0.581729660506D-02 -0.424252300698D-03 -0.204640595685D-02  0.139221469818D-01
 -0.790176463177D-02  0.781820527640D-02  0.725425545088D-02 -0.609950986663D-02
  0.948009109912D-02 -0.915548895372D-03 -0.852144039400D-02  0.126275682779D-01
  0.557627489855D-02 -0.273157673882D-01  0.235866988030D-01 -0.353270795059D-01
  0.805280062338D-03  0.290505691106D-02  0.395457537910D-02  0.504560076950D-03
 -0.656623821628D-04 -0.155966987338D-01 -0.210338078143D-01  0.544564568094D-03
 -0.111262453294D-01  0.163838970574D-01 -0.232090630293D-01  0.785197688968D-03
  0.261650238192D-01 -0.178574322726D-01  0.804791319440D-02  0.499809704323D-02
  0.180153534612D-02  0.537997611668D-01 -0.227275729842D-01  0.422604599147D-01
 -0.549317297399D-01 -0.330498271201D-02  0.424454811618D-01  0.382301500766D-01
 -0.272573684270D-02 -0.593282671332D-01 -0.120431842473D-01 -0.940232855096D-03
  0.915675254174D-02 -0.404791860086D-01  0.889955393622D-03 -0.190217467863D-02
  0.519643673153D-01  0.111591107780D-01  0.430612399573D-01 -0.712037884301D-03
  0.563752214043D-02 -0.273728949736D-03  0.894367727571D-02  0.214500948379D+00
 -0.855220807173D-02  0.313256306390D-02  0.192144963583D-01 -0.425182842909D-02
  0.153775754922D-02 -0.115276226640D-02 -0.329904717757D-02 -0.118470941120D-02
 -0.260425919177D-01  0.166816959490D-02  0.454867092984D-02  0.108691420839D-02
 -0.213079467246D-01  0.139011679550D-01 -0.658577249569D-02  0.612410913241D-01
  0.578740840926D-02  0.228905593470D-02 -0.408251879878D-03  0.186196493678D-04
  0.158646978658D-02 -0.941578023615D-02 -0.159741120529D-02  0.605472634715D-02
  0.226792916038D-01 -0.265035358023D-01 -0.179517515526D-02 -0.182089511613D-02
  0.476327904689D-02 -0.649296854827D-02 -0.144328731848D-01 -0.139227438875D-02
  0.235037665704D-01  0.285584184459D-02  0.123987483782D-01  0.436694505096D-01
 -0.200604473941D-01  0.325347934770D-02  0.194717437090D-01  0.362229455591D-01
 -0.168775006327D-01  0.178917493822D-02  0.544439171383D-02  0.277917059677D-02
  0.493680207406D-02 -0.263080669493D-02  0.171470668003D-02 -0.119943983771D-01
  0.466586242172D-01  0.496735371096D-02  0.111822203250D-01 -0.191943236789D-01
 -0.735153881194D-03 -0.345273928071D-01  0.304194496738D-02  0.745890010506D-02
  0.460723346476D-01  0.138219568927D-02  0.555294705673D-03  0.833577933526D-01
 -0.175535191981D-02  0.181647729782D-01 -0.179233356365D-01  0.275531585903D-01
 -0.115723532390D-02 -0.320085184922D-02 -0.392995899307D-02 -0.943284256569D-04
 -0.536577466962D-02 -0.223929097730D-01  0.750707151011D-02 -0.445514188332D-02
  0.186559912723D+00  0.122035051120D-01  0.283152376987D-01  0.281751071232D-02
 -0.131242698169D-02  0.126700760096D-01 -0.177317320276D-01  0.539063169418D-02
 -0.145215087145D-01  0.233503458731D-02  0.358559876198D-02 -0.184220579408D-01
 -0.307765426663D-01  0.106048014447D-01 -0.986312946868D-03 -0.192674670004D-01
 -0.496773936251D-01 -0.166476867480D-01  0.203388516661D-02  0.516553725668D-02
 -0.223349077020D-01 -0.761733127377D-02  0.132594274201D-01 -0.825163955340D-02
 -0.233437910483D-02 -0.287241272441D-01  0.423918389978D-01  0.529880958758D-02
 -0.161679944648D-01 -0.213944042310D-01  0.402116039342D-02 -0.232600361732D-01
  0.106884179701D-01 -0.592117745811D-01 -0.174311139812D-01  0.761402237691D-02
 -0.385645258313D-01 -0.260683175756D-01  0.283302309661D-01  0.328135529414D-01
 -0.916925780407D-02 -0.238158564241D-01 -0.239729286671D-01 -0.430132495714D-02
 -0.164738737194D-01  0.550639163913D-02  0.207309094250D-02  0.186400226131D-02
  0.638578449057D-02 -0.133562799076D-01 -0.563953649651D-02  0.122185867544D-01
  0.112899624392D-01 -0.531312908554D-02  0.391787312880D-01  0.997871034576D-02
 -0.235977130989D-01  0.811920425592D-02  0.402704614692D-03 -0.624903089037D-02
  0.967795777067D-02  0.958506152475D-02 -0.154679289877D-02  0.599449583733D-02
 -0.781887896790D-03  0.546916540279D-02 -0.837790497169D-02 -0.272405029815D-02
 -0.511772810162D-02 -0.657699067531D-03  0.941013032601D-03  0.525767941195D-02
 -0.499483984384D-02 -0.265966453830D-01  0.397421008096D+00 -0.577004901825D-01
 -0.286321932480D-01  0.750481999539D-02  0.968317877116D-02  0.109537944532D-01
 -0.142653200651D-02  0.558350541222D-01 -0.196276482423D-02 -0.608531916031D-02
 -0.176075440961D-02  0.261063420953D-01 -0.495778483970D-02 -0.127784653945D-01
 -0.125904983576D-01 -0.313905894849D-01  0.764937705580D-03 -0.165988301851D-01
 -0.333750043514D-01  0.359894785289D-02 -0.132409839393D-02 -0.625642376015D-02
  0.863220054905D-03 -0.181249891390D-01 -0.199409625864D-01 -0.354759160380D-02
  0.483867777838D-02  0.215443056976D-01 -0.603567891957D-03 -0.288618911568D-01
  0.142016563016D-01  0.237134220003D-01 -0.153357438103D-02  0.163413440827D-02
  0.105915066271D-01 -0.554873076657D-02 -0.907774044078D-02 -0.225366447516D-02
 -0.419773459608D-02 -0.125881727027D-01  0.801733054971D-02 -0.444422527826D-02
  0.205731712291D-01 -0.228110784486D-01  0.124281263570D-02  0.162431878412D-01
  0.226401843234D-01  0.304286956757D-02  0.133774815906D-01 -0.768894606889D-02
  0.115653271513D-01  0.104940854106D-01  0.708781673423D-03  0.928339885058D-02
  0.787265139711D-02  0.115880063435D-01 -0.185872902476D-02 -0.387055464012D-02
  0.811272206726D-02  0.137303705889D-01 -0.483028490366D-02  0.169911870006D-01
 -0.246071264802D-01  0.253296278928D-02 -0.176340948907D-02  0.289564716090D-01
 -0.158212607311D-01  0.102491126061D-01  0.921950406086D-02 -0.100226026329D-01
  0.161656942295D-01 -0.781877171346D-02  0.100903991117D-01  0.685036155847D-02
  0.141513174952D-01  0.398599096573D+00 -0.295400200753D-01  0.373944893298D-01
  0.857257160062D-02 -0.859125245357D-02 -0.160022744304D-01  0.125717876140D-01
  0.860270745455D-02  0.532769933573D-01 -0.103392168649D-02  0.244420105517D-01
  0.859175232983D-02  0.877330274627D-03 -0.999569797336D-02  0.798447775762D-02
 -0.208956477981D-01  0.119996844590D-01  0.892633561387D-02  0.612804037093D-02
  0.112569853465D-02  0.205777706989D-01 -0.396648080039D-02 -0.200965920253D-01
  0.501872701097D-02  0.157766091678D-01 -0.108577276913D-01 -0.358567613152D-02
 -0.317980623635D-01 -0.195042777565D-01  0.686371696529D-02 -0.782929653851D-02
  0.146343072671D-01 -0.185967568507D-01 -0.465399803755D-03  0.394248309309D-02
  0.115110306537D-01 -0.368987437969D-02  0.442102178864D-02  0.644722670132D-02
  0.102183539406D-01  0.359568740863D-01 -0.225220177652D-01 -0.101898486410D-02
 -0.566399788300D-02 -0.183661037459D-01 -0.267587481119D-01  0.150954408816D-01
 -0.175354865249D-02 -0.219345501701D-01  0.125806987652D-01 -0.216345237536D-02
  0.107160227610D-01 -0.762572472410D-02  0.867848008927D-02 -0.451727779194D-02
  0.122891160038D-01 -0.236946367310D-01  0.281421006367D-01 -0.206724862305D-01
  0.739267055111D-02 -0.308115918339D-01 -0.669489658429D-02 -0.144809977225D-02
 -0.301984645004D-01  0.274212651296D-01  0.120853541861D-03 -0.123394475096D-01
 -0.625575961400D-02 -0.929042203419D-02 -0.382177172159D-02 -0.168416819060D-01
  0.395921650315D-02  0.164291759004D-01  0.512324838336D-01  0.160856812334D-02
  0.926041301412D-02  0.390539407401D+00  0.914665110130D-02 -0.149402973618D-01
 -0.115462008467D-01 -0.235285552087D-02 -0.759765197781D-02  0.455142684540D-03
  0.144235185650D-02 -0.512702730857D-02 -0.108765074915D-01  0.754547010427D-02
  0.113898114541D-01 -0.133394294439D-01  0.439802631459D-02  0.282492517071D-03
  0.376430345040D-01 -0.761001481964D-02 -0.921873114916D-02  0.552098116420D-02
  0.978013052997D-02 -0.725211315614D-03 -0.254867939726D-02  0.245284401333D-02
  0.228699824409D-02  0.609500083290D-03  0.425714664607D-01 -0.516774186707D-02
  0.993211498211D-03  0.238484296512D-02  0.626124887774D-04  0.789609855313D-02
  0.219966105554D-03  0.660643738446D-02  0.310971517856D-02 -0.504045243625D-02
 -0.587331912793D-02 -0.219241285959D-01 -0.217386435060D-02 -0.888058212345D-03
 -0.101222959572D-02 -0.170640575252D-01  0.547456725208D-02 -0.507548626584D-02
 -0.714043449112D-02  0.384509087613D-01 -0.644058447631D-02  0.113524470015D-02
  0.400755134288D-03  0.440428053793D-02  0.597602414626D-03 -0.151965556737D-02
  0.439157708207D-02 -0.221975365490D-01  0.581861948828D-02 -0.968910999999D-02
 -0.988630385831D-02 -0.231352552477D-02 -0.173277826402D-01 -0.117299655270D-03
 -0.629006394835D-02  0.542923650339D-02  0.722479461522D-03 -0.299157766005D-02
  0.470005155859D-01 -0.178267407415D-01  0.729164039904D-02  0.130686004432D-02
  0.176862691522D-02 -0.276102549477D-02 -0.381832301174D-02 -0.158015343844D-01
  0.120324767123D-02 -0.753785665770D-02 -0.324551527823D-02 -0.185016594736D-02
  0.343356554215D-02 -0.153084438647D-01  0.318440805772D+00 -0.144692114027D-01
 -0.593740341980D-01 -0.172198434518D-02  0.474815376973D-02 -0.565840945172D-01
 -0.100122840742D-02  0.752804278396D-02 -0.572815341275D-01 -0.660392734802D-02
 -0.329437808019D-01  0.241756217068D-02 -0.478364102035D-02  0.162663205674D-01
  0.108541555776D-01  0.156238422550D-02  0.349530183949D-02  0.242105114868D-01
 -0.485474871325D-02  0.112305214354D-01 -0.204438296210D-01 -0.254406360715D-02
  0.413896144150D-02 -0.156585462486D-01 -0.623386145885D-02  0.618304295677D-03
  0.117543504667D-02  0.154454677236D-01 -0.105604816860D-01 -0.191205453578D-01
  0.196820400011D-02 -0.182873291785D-01  0.851577135983D-02  0.139601666220D-01
  0.147947647851D-02 -0.180022357437D-01  0.120759451785D-01  0.558853740637D-02
  0.131776030119D-02  0.244592273117D-01 -0.275983123707D-03 -0.108808585473D-01
 -0.688262549640D-02  0.248810642977D-02  0.835032678500D-02 -0.483318164011D-02
  0.126424211197D-01 -0.264884585070D-01  0.253119217345D-01  0.716658558774D-02
  0.246331676958D-02  0.303045244292D-01  0.362921285569D-02 -0.618896243793D-02
  0.883080085501D-02 -0.637220476224D-02 -0.805855294908D-02  0.425756150827D-02
  0.330487389297D-01  0.340289636390D-02  0.206173372947D-02  0.469514524051D-01
  0.207989704968D-01 -0.373857264959D-02 -0.158930676504D-02  0.307483672419D-01
  0.436539145066D-02  0.604641493041D-02  0.202604735776D-01  0.715803179625D-02
 -0.135907792751D-01  0.144763043278D-01 -0.160185966326D-01 -0.523577868151D-03
  0.151673631278D-01  0.108892656249D-01 -0.350849600389D-01  0.596416721202D-02
  0.463536359565D+00  0.769449998298D-01 -0.210070565454D-01 -0.466073419282D-02
  0.306693234100D-01 -0.405800584227D-02  0.113354320704D-01 -0.458297551688D-01
 -0.692677127604D-02  0.813664169236D-02 -0.169775055469D-01  0.211146476655D-02
 -0.338037829396D-02  0.103701902376D-01  0.106662059108D-01 -0.214367619051D-02
  0.129262787354D-01 -0.877506251550D-02 -0.103854446770D-01 -0.859311140646D-02
  0.242159997850D-02 -0.166215367665D-02 -0.117880627250D-01  0.619660826116D-02
 -0.140117106139D-01  0.137097578606D-01 -0.116599581812D-01  0.639958612310D-02
  0.169898862062D-01 -0.540271612969D-02 -0.126316967431D-02  0.950415306287D-02
 -0.189973167100D-02  0.156150135856D-01 -0.160633616125D-01  0.138732166161D-01
  0.107117356093D-01  0.293627597091D-02 -0.464663383824D-02 -0.175980610741D-01
  0.375364829594D-02 -0.189218124333D-01  0.631699772406D-02  0.290087076728D-01
 -0.399126061777D-02  0.549090664250D-02 -0.188963233336D-02  0.136436714203D-01
  0.168779573209D-01 -0.713880683094D-02 -0.211164776315D-02 -0.448124885715D-01
  0.177991033381D-02 -0.153945204366D-02 -0.350612399418D-02 -0.198929011071D-01
  0.138709395658D-02  0.510718920499D-03 -0.143371025150D-01 -0.251612549855D-01
  0.449981360000D-02  0.316149611250D-01  0.569267321485D-02 -0.104771955090D-02
 -0.253788329203D-03 -0.472808122478D-02  0.522026813621D-01 -0.108462175629D-01
 -0.752575876409D-02  0.119088762604D-02  0.115129496145D-02  0.184509776759D-02
 -0.880881361114D-02 -0.527342745346D-02  0.850722959761D-03 -0.553498218169D-01
 -0.278933615940D-01  0.213154280330D-02  0.978554834316D-04  0.454085339126D+00
 -0.145656705464D-04 -0.124819138870D-02 -0.253644759642D-02 -0.739305854823D-02
  0.207665331351D-01  0.458635901539D-02 -0.444597785167D-02  0.120138964599D-01
  0.612668100638D-02  0.105265843638D-01 -0.236222205841D-01 -0.105262465474D-01
 -0.191512229723D-01 -0.127367530588D-01 -0.654469346395D-02  0.560446471685D-02
 -0.143436780223D-01 -0.355822712825D-02 -0.469761304874D-02  0.987310438148D-04
 -0.295054037390D-01 -0.138184089343D-01 -0.210896435918D-01 -0.106257802046D-01
 -0.469202523028D-02 -0.276974888852D-02  0.915005876842D-02 -0.171208671287D-01
 -0.750860424125D-02 -0.591449151450D-02  0.337958787609D-01  0.187375090345D-01
  0.635678731540D-02 -0.674403738316D-02  0.247177063312D-01  0.127634864373D-01
 -0.592540680408D-02 -0.158295576570D-01 -0.148974587997D-01  0.657568030469D-02
 -0.741609345760D-03 -0.307362944706D-01 -0.210807037039D-01 -0.469313214835D-02
  0.133733740827D-01  0.282121651616D-02  0.146795202150D-01  0.104794077955D-01
 -0.557467153383D-02  0.467728225087D-02 -0.610308544167D-02 -0.684236301682D-02
 -0.144568887508D-01 -0.157748638975D-01 -0.158735161052D-02 -0.513130532648D-01
  0.322388878992D-02 -0.118588200707D-01 -0.582727744175D-02 -0.225242913872D-02
  0.243296485512D-01 -0.265409091200D-01 -0.640801095205D-02  0.945496615239D-02
  0.392429221472D-02 -0.183115860420D-01  0.135361832159D-01 -0.200225670798D-01
 -0.201447926878D-02  0.604830700220D-02 -0.115716623021D-01  0.107296016903D-02
 -0.420097579712D-03  0.989763590373D-02  0.675540990567D-02 -0.270732811254D-01
 -0.366242933904D-02 -0.164580579030D-01 -0.679730765982D-02  0.351738472819D+00
  0.283669816599D-01 -0.327127134750D-01 -0.558152892559D-02  0.596253131880D-02
 -0.238022053414D-01  0.111457757918D-01  0.703312532030D-02  0.178084335438D-01
  0.431950599788D-02 -0.231101250514D-01  0.102534181825D-02  0.745647241797D-03
 -0.141658419172D-01  0.418149659082D-01 -0.190669211242D-01 -0.249540562294D-02
  0.491936143917D-02 -0.224953425462D-01 -0.831800917673D-02 -0.557204080108D-02
  0.175796309315D-01 -0.107533986681D-01  0.385212298852D-02 -0.810276377588D-03
  0.170643404294D-01 -0.504790587923D-02 -0.237285258999D-02 -0.183357560432D-01
 -0.498892878477D-02  0.168201964284D-01  0.201668486881D-01  0.178922103578D-01
  0.100867852606D-01 -0.137956961672D-01  0.159549309514D-01  0.495602545613D-03
  0.131229122886D-01  0.228312183210D-01 -0.130070498927D-01  0.742953357627D-02
 -0.150387089287D-01  0.332268945457D-01  0.367316612033D-02 -0.461947931602D-02
  0.279457919783D-01  0.180815667550D-01  0.241372484033D-01  0.960427334089D-02
 -0.158951933785D-01  0.100168238852D-01  0.141458356509D-01 -0.360225927782D-01
 -0.203661083330D-02 -0.141629143784D-01  0.305005168782D-01 -0.319286046580D-03
  0.692872406745D-02  0.163099590430D-01 -0.206822728169D-01  0.749482108957D-02
  0.133155215689D-01 -0.121653664401D-01 -0.527308415671D-02 -0.257835346704D-02
 -0.116097867037D-01 -0.234319332052D-02 -0.967102328459D-02 -0.838142790415D-02
  0.347122920978D-02 -0.638100979131D-02 -0.191296156109D-02  0.632069886777D-02
  0.134488851575D-01  0.227306252984D-01  0.570721114848D-01  0.597771310814D-02
  0.256418315741D-02 -0.137109870858D-01  0.262265877725D-01 -0.592619925652D-02
  0.334521903045D+00 -0.158314655518D-01 -0.150665861951D-01 -0.301783888290D-02
  0.759711379799D-02 -0.205777594317D-01 -0.198371892958D-02 -0.587568864839D-02
  0.192755791067D-01 -0.448130566089D-02  0.117280357037D-01  0.143794767745D-03
  0.104902289943D-02  0.308790720179D-02 -0.159519893962D-01  0.756548645800D-02
 -0.833515240174D-02  0.317329798200D-01 -0.347462549722D-01 -0.241098427717D-02
  0.301407944494D-01  0.158961360368D-01  0.107186556860D-01  0.290785060947D-01
 -0.229140239447D-01  0.229795403131D-02  0.405003533264D-02  0.232507688971D-01
 -0.796935415811D-02  0.421853658147D-02  0.100709563810D-01  0.123809299272D-01
 -0.464315878913D-02  0.595564504445D-02  0.136464191396D-01 -0.670803974592D-02
  0.824497272270D-02 -0.409061340887D-02 -0.172155983700D-01 -0.383535848142D-01
 -0.403177110639D-02  0.157780047298D-01  0.344962544569D-02 -0.372453237094D-01
  0.470394414475D-02  0.587632327169D-01 -0.477593589120D-01 -0.777436022373D-02
 -0.271029911839D-01 -0.215247967946D-02  0.110787530257D-01 -0.139648779058D-01
  0.259024327552D-01 -0.135299027121D-03 -0.936702403847D-02 -0.492292156943D-02
  0.531479938151D-01 -0.222815397828D-01 -0.703232678385D-02  0.872602148511D-02
 -0.343795733411D-03 -0.298463614056D-02 -0.348686994356D-01  0.105079072554D-01
  0.428415409487D-02 -0.269078954078D-01 -0.132175231549D-01  0.287236432916D-02
  0.160692276504D-01  0.143166509956D-01  0.124321302939D-01 -0.475503750965D-02
  0.222571076348D-02  0.825285441506D-02 -0.579969543876D-01 -0.259217759115D-01
  0.514089647057D-01 -0.729711985983D-02 -0.363657772714D-01 -0.157182859144D-02
  0.261182615038D-01  0.222620130488D-01  0.364984193980D+00 -0.387619919255D-02
 -0.301743210975D-03 -0.270629300018D-02  0.393042140430D-02  0.861199012111D-02
 -0.173645925938D-01 -0.105482305798D-02 -0.607848658769D-03 -0.143507403377D-01
 -0.584126678940D-02 -0.936282283751D-02  0.166954515955D-01 -0.704966492618D-02
 -0.702988215364D-02  0.158298186941D-01 -0.211714881026D-01  0.229247217720D-01
  0.367213827786D-02  0.148595320300D-01 -0.103375707419D-01 -0.294600014440D-02
  0.552803796711D-02  0.601263279928D-02 -0.864080722485D-02 -0.733140925771D-02
  0.485335307182D-02 -0.200469160571D-01 -0.449597080515D-02  0.156108764995D-01
  0.242575121888D-01 -0.145068201160D-01 -0.136065876035D-01 -0.142774091550D-01
  0.101504466559D-01  0.644779109451D-02 -0.589887225311D-02 -0.280916801630D-02
 -0.125406012234D-01 -0.118632507506D-02 -0.130626468436D-01  0.210152773253D-01
 -0.286733231073D-02 -0.639489750305D-01 -0.520716336465D-03  0.593429683324D-02
  0.119356252960D-01  0.372460470565D-03 -0.211016383964D-01  0.230491167387D-02
 -0.250686570133D-01  0.274985062599D-01  0.146533729888D-01  0.227453456338D-01
  0.181462598681D-01  0.264059979819D-01  0.247153710119D-01 -0.334644183230D-02
  0.138238854575D-01  0.194237536658D-01 -0.115050654885D-01  0.962497669618D-02
  0.163397816091D-01  0.128287372031D-01  0.229509585613D-02  0.212842419424D-01
 -0.389589895871D-02  0.173507300770D-02 -0.302258102171D-02 -0.706813449004D-02
 -0.754991247085D-02  0.323174199902D-01 -0.166499775932D-01 -0.539883005371D-02
 -0.367333630956D-01  0.899839717529D-01  0.620261043843D-02  0.531945980480D-02
  0.160568736873D-01 -0.156743829368D-01  0.185477021485D-01 -0.172001419890D-01
  0.104748797657D-01  0.277675437986D+00  0.281430281607D-02 -0.150612816961D-02
 -0.560732303609D-02  0.138022919803D-02 -0.143836004773D-01 -0.681916203454D-02
  0.162133679610D-02  0.238530437792D-02  0.199309771371D-01 -0.119438427495D-02
  0.162086337274D-02 -0.400566042274D-01 -0.197180257052D-01  0.973336145772D-02
 -0.161955082691D-01 -0.376623556933D-01  0.178500991646D-03  0.352124352342D-02
  0.183225583089D-01 -0.673869110393D-02 -0.368124300620D-03  0.188668013938D-01
  0.352237944275D-02  0.176409245339D-02  0.274344568008D-02  0.113517253902D-01
  0.102325334472D-02  0.233685722912D-02 -0.769107721430D-03  0.228161190282D-02
  0.890429553016D-03 -0.102533179358D-02  0.325393935153D-01 -0.173894346077D-03
  0.135632460084D-02  0.214353592042D-01 -0.237343468083D-01  0.945767630289D-03
  0.531179394589D-02  0.220014509874D-01  0.258232401515D-01 -0.761405502041D-02
 -0.528647322797D-02  0.184035327681D-01 -0.417359829157D-02  0.215593483721D-02
  0.210865708842D-02  0.178753048305D-02 -0.684406737752D-02 -0.520814433088D-03
  0.749448067365D-02 -0.620728176259D-02  0.133193146366D-02  0.532781735365D-02
  0.823086195157D-04  0.299614767861D-03 -0.202565687665D-01  0.210842430204D-02
 -0.675854466539D-03  0.301234671486D-01  0.261355941440D-02 -0.152424340454D-02
  0.295516106013D-01 -0.413457999865D-02  0.359113744417D-02 -0.669015272558D-02
  0.124911980298D-02  0.691080973996D-03 -0.166146516839D-01  0.755694025375D-01
  0.851334689875D-02 -0.222046591423D-02 -0.165996035521D-01 -0.730155063139D-02
  0.713305998961D-02 -0.301537587590D-01  0.266556742756D-01 -0.480857360023D-02
 -0.374932136911D-02  0.195942806470D-02 -0.471022515361D-02  0.784239740940D-02
  0.957477479772D-02  0.155763953710D+00
$end
