$energy      SCF               SCFKIN            SCFPOT
     1 -689.3364716134      687.9492150985     -1377.285686712
     2 -689.3381409924      687.9269429551     -1377.265083948
     3 -689.3388953653      687.9142770500     -1377.253172415
     4 -689.3393747555      687.9021359225     -1377.241510678
     5 -689.3397397740      687.9040526215     -1377.243792396
     6 -689.3399920826      687.9112164925     -1377.251208575
     7 -689.3401029626      687.9231274919     -1377.263230455
     8 -689.3402143854      687.9252727861     -1377.265487172
     9 -689.3403246439      687.9128398499     -1377.253164494
    10 -689.3403765523      687.9136291427     -1377.254005695
    11 -689.3404019852      687.9140231812     -1377.254425166
    12 -689.3404631739      687.9164856830     -1377.256948857
    13 -689.3404904240      687.9191421948     -1377.259632619
    14 -689.3405223986      687.9183964665     -1377.258918865
    15 -689.3405526771      687.9164583153     -1377.257010992
    16 -689.3405577889      687.9159920995     -1377.256549888
    17 -689.3405689479      687.9163014303     -1377.256870378
    18 -689.3405751627      687.9175227707     -1377.258097933
    19 -689.3405791446      687.9174046191     -1377.257983764
    20 -689.3405813353      687.9175287129     -1377.258110048
    21 -689.3405820737      687.9171709339     -1377.257753008
    22 -689.3405823593      687.9170156378     -1377.257597997
    23 -689.3405824916      687.9170525274     -1377.257635019
    24 -689.3405825547      687.9171457867     -1377.257728341
    25 -689.3405826850      687.9172165404     -1377.257799225
    26 -689.3405828281      687.9171944429     -1377.257777271
    27 -689.3405830479      687.9172495390     -1377.257832587
    28 -689.3405832899      687.9172731024     -1377.257856392
    29 -689.3405833982      687.9172852558     -1377.257868654
    30 -689.3405834981      687.9173363768     -1377.257919875
$end
