$hessian (projected)
 1  1   0.0077548329  -0.0004340781   0.0023446151   0.0021504556  -0.0027487300
 1  2   0.0101671531   0.0046735274  -0.0008396738  -0.0021106633  -0.0016994340
 1  3   0.0042190671  -0.0120883513  -0.0016955053  -0.0008822116  -0.0007770902
 1  4  -0.0030746995   0.0001756793   0.0002252408  -0.0051788396   0.0002572278
 1  5   0.0000514255   0.0000448735  -0.0030124773   0.0068391525  -0.0007843083
 1  6   0.0009460073   0.0015395005  -0.0021909026   0.0023191893  -0.0061909825
 2  1  -0.0004340781   0.0076673337  -0.0014547339  -0.0024879069   0.0026654205
 2  2   0.0074812059  -0.0017304355   0.0003091717  -0.0124717833   0.0039062582
 2  3   0.0024749504   0.0077329863  -0.0010441430  -0.0023305063   0.0006634633
 2  4  -0.0000127147  -0.0004865029  -0.0014506492   0.0010770887  -0.0006173176
 2  5   0.0077578053  -0.0024055264  -0.0037578077  -0.0034412363   0.0007967850
 2  6  -0.0028215219   0.0001328462   0.0023346727  -0.0031032199  -0.0049499042
 3  1   0.0023446151  -0.0014547339   0.0296293428   0.0066443858   0.0049578540
 3  2  -0.0127092066  -0.0028402891  -0.0081258457  -0.0127977004  -0.0081006175
 3  3   0.0058997008  -0.0086411640  -0.0006266545   0.0006299546   0.0015655736
 3  4   0.0002296792  -0.0013161519   0.0010681825   0.0006425693   0.0041329973
 3  5   0.0011592033   0.0034409940  -0.0020750374  -0.0011700251   0.0014490771
 3  6  -0.0000399732   0.0010166902  -0.0031837595  -0.0026087648   0.0008791038
 4  1   0.0021504556  -0.0024879069   0.0066443858   0.0752920337   0.1350526437
 4  2  -0.0405414573  -0.0012045792  -0.0080576027   0.0007049096  -0.0132853142
 4  3   0.0004921109   0.0030795450  -0.0425017209  -0.1070960905  -0.0239515626
 4  4   0.0068369953  -0.0041756247   0.0010462693  -0.0009743449   0.0010883029
 4  5  -0.0010691064   0.0003981180   0.0008714794  -0.0035078752   0.0016198499
 4  6   0.0026171561   0.0003100360  -0.0283314933  -0.0183044682   0.0572848558
 5  1  -0.0027487300   0.0026654205   0.0049578540   0.1350526437   0.4707846906
 5  2   0.0826703415  -0.0092015093  -0.0077375497   0.0014693953   0.0022199519
 5  3   0.0047399226  -0.0006674172  -0.1129946793  -0.4132783905  -0.1026739714
 5  4  -0.0041063633  -0.0040668178  -0.0005137749   0.0011357907   0.0005922302
 5  5  -0.0029987030   0.0006470719  -0.0015234347   0.0009524556   0.0020644350
 5  6  -0.0019594764   0.0002778356  -0.0120686114  -0.0502165948   0.0165259844
 6  1   0.0101671531   0.0074812059  -0.0127092066  -0.0405414573   0.0826703415
 6  2   0.5308452729  -0.0007421150  -0.0008650066   0.0058701825   0.0006832215
 6  3  -0.0004518917   0.0055153956  -0.0391975492  -0.1513508400  -0.0887047217
 6  4   0.0021229570  -0.0008437065  -0.0057703661  -0.0011386615  -0.0020718251
 6  5  -0.0032241527  -0.0026156520   0.0008842077  -0.0024778613   0.0009713018
 6  6   0.0003634215  -0.0014013843   0.0702908017   0.0641840933  -0.4279431583
 7  1   0.0046735274  -0.0017304355  -0.0028402891  -0.0012045792  -0.0092015093
 7  2  -0.0007421150   0.3109141104  -0.2363750418   0.1377460634   0.0015906584
 7  3   0.0078067950   0.0018893473   0.0013772016   0.0062426860  -0.0025235500
 7  4  -0.0029940032   0.0002483772   0.0004909421  -0.0487286174  -0.0045698392
 7  5  -0.0972493927  -0.0017224753  -0.0005585160  -0.0023552656  -0.2630278043
 7  6   0.2371755265  -0.0366524454  -0.0008780185   0.0009619572   0.0022367049
 8  1  -0.0008396738   0.0003091717  -0.0081258457  -0.0080576027  -0.0077375497
 8  2  -0.0008650066  -0.2363750418   0.2850805827   0.0439316901   0.0060919988
 8  3  -0.0101059255  -0.0028003658   0.0067674041   0.0006948882  -0.0020645358
 8  4  -0.0000113748   0.0027301006  -0.0003550565   0.0081371745  -0.0447323773
 8  5  -0.0568102740  -0.0005268500   0.0001556870   0.0025724531   0.2239363432
 8  6  -0.2269570013   0.0219898510   0.0008776225   0.0005624235   0.0025270903
 9  1  -0.0021106633  -0.0124717833  -0.0127977004   0.0007049096   0.0014693953
 9  2   0.0058701825   0.1377460634   0.0439316901   0.4804413011   0.0006294529
 9  3  -0.0008007485   0.0054506063  -0.0033016665  -0.0027521669  -0.0048495486
 9  4   0.0001624501  -0.0010542836  -0.0014927760  -0.0620646150  -0.0892261544
 9  5  -0.4124845845  -0.0016863998   0.0023566973  -0.0023451737  -0.0717233687
 9  6   0.0569259644  -0.0543997670   0.0016438374   0.0016213896  -0.0033925397
10  1  -0.0016994340   0.0039062582  -0.0081006175  -0.0132853142   0.0022199519
10  2   0.0006832215   0.0015906584   0.0060919988   0.0006294529   0.4822570774
10  3   0.0979147495  -0.0291700290   0.0007367767  -0.0021996744  -0.0010358001
10  4  -0.3922271360  -0.1167558361   0.1094069223  -0.0003019624  -0.0015428389
10  5   0.0003950505  -0.0735985300   0.0130641929  -0.0749128199  -0.0051136957
10  6  -0.0022445166  -0.0005225129   0.0016415598  -0.0004542853   0.0026271322
11  1   0.0042190671   0.0024749504   0.0058997008   0.0004921109   0.0047399226
11  2  -0.0004518917   0.0078067950  -0.0101059255  -0.0008007485   0.0979147495
11  3   0.1053460417  -0.1709999613  -0.0027849494  -0.0014258999   0.0004028560
11  4  -0.1332530292  -0.0570045685   0.0506319141  -0.0016749882   0.0002117343
11  5  -0.0028343772   0.0295953660  -0.0491865009   0.1135080708  -0.0021153884
11  6   0.0066606534   0.0037514265  -0.0001997332  -0.0017104076   0.0008930105
12  1  -0.0120883513   0.0077329863  -0.0086411640   0.0030795450  -0.0006674172
12  2   0.0055153956   0.0018893473  -0.0028003658   0.0054506063  -0.0291700290
12  3  -0.1709999613   0.4893988448  -0.0015783465   0.0008837052  -0.0010071099
12  4   0.1570613790   0.0604901340  -0.0956913240   0.0000040445  -0.0021466674
12  5  -0.0037014423  -0.1203945108   0.1020981219  -0.3833084425  -0.0007632980
12  6   0.0050012355  -0.0044715963   0.0019602198   0.0004082287  -0.0035437676
13  1  -0.0016955053  -0.0010441430  -0.0006266545  -0.0425017209  -0.1129946793
13  2  -0.0391975492   0.0013772016   0.0067674041  -0.0033016665   0.0007367767
13  3  -0.0027849494  -0.0015783465   0.0421331773   0.1039805442   0.0352679147
13  4  -0.0004038237   0.0046247402   0.0012944676   0.0006351696  -0.0010751625
13  5   0.0033100410  -0.0000866724   0.0004276324   0.0012902647  -0.0052047164
13  6  -0.0021046423   0.0009723362   0.0050101136   0.0042032556   0.0025691926
14  1  -0.0008822116  -0.0023305063   0.0006299546  -0.1070960905  -0.4132783905
14  2  -0.1513508400   0.0062426860   0.0006948882  -0.0027521669  -0.0021996744
14  3  -0.0014258999   0.0008837052   0.1039805442   0.4161257886   0.1488468109
14  4   0.0039486735  -0.0016449068  -0.0011186681  -0.0012927987   0.0001127434
14  5   0.0044957929   0.0001437372   0.0006725343  -0.0004744209  -0.0014731817
14  6   0.0028465513  -0.0002292682  -0.0013716839  -0.0017728022   0.0010691006
15  1  -0.0007770902   0.0006634633   0.0015655736  -0.0239515626  -0.1026739714
15  2  -0.0887047217  -0.0025235500  -0.0020645358  -0.0048495486  -0.0010358001
15  3   0.0004028560  -0.0010071099   0.0352679147   0.1488468109   0.1132245883
15  4   0.0007364521  -0.0001981031   0.0013664435   0.0033014586   0.0033248075
15  5  -0.0012125602   0.0008050529  -0.0004388068   0.0001293886  -0.0002118719
15  6  -0.0001126842   0.0015114023  -0.0116110035  -0.0477498364  -0.0220234559
16  1  -0.0030746995  -0.0000127147   0.0002296792   0.0068369953  -0.0041063633
16  2   0.0021229570  -0.0029940032  -0.0000113748   0.0001624501  -0.3922271360
16  3  -0.1332530292   0.1570613790  -0.0004038237   0.0039486735   0.0007364521
16  4   0.3850717159   0.1321675507  -0.1500171834   0.0007111403   0.0004254706
16  5  -0.0001868078   0.0053283541   0.0014267390  -0.0046613665   0.0023159139
16  6  -0.0022656479  -0.0002046523  -0.0015644571   0.0016806961  -0.0052429074
17  1   0.0001756793  -0.0004865029  -0.0013161519  -0.0041756247  -0.0040668178
17  2  -0.0008437065   0.0002483772   0.0027301006  -0.0010542836  -0.1167558361
17  3  -0.0570045685   0.0604901340   0.0046247402  -0.0016449068  -0.0001981031
17  4   0.1321675507   0.0666371075  -0.0672085966   0.0001409252  -0.0005705147
17  5   0.0012205644  -0.0148135990  -0.0021238209   0.0071802182  -0.0026707369
17  6  -0.0045604009   0.0007815026   0.0010585242   0.0010903245   0.0009484224
18  1   0.0002252408  -0.0014506492   0.0010681825   0.0010462693  -0.0005137749
18  2  -0.0057703661   0.0004909421  -0.0003550565  -0.0014927760   0.1094069223
18  3   0.0506319141  -0.0956913240   0.0012944676  -0.0011186681   0.0013664435
18  4  -0.1500171834  -0.0672085966   0.1201313340  -0.0000108980   0.0007067378
18  5   0.0005666161   0.0427342279   0.0181860353  -0.0220461007  -0.0008487260
18  6  -0.0003411753   0.0016827663  -0.0043212626   0.0014632335   0.0001852244
19  1  -0.0051788396   0.0010770887   0.0006425693  -0.0009743449   0.0011357907
19  2  -0.0011386615  -0.0487286174   0.0081371745  -0.0620646150  -0.0003019624
19  3  -0.0016749882   0.0000040445   0.0006351696  -0.0012927987   0.0033014586
19  4   0.0007111403   0.0001409252  -0.0000108980   0.0634042936  -0.0065258147
19  5   0.0969609224   0.0003969273   0.0017528117   0.0011802435  -0.0100043967
19  6  -0.0008913974  -0.0386223552   0.0000406301  -0.0018587917  -0.0002527086
20  1   0.0002572278  -0.0006173176   0.0041329973   0.0010883029   0.0005922302
20  2  -0.0020718251  -0.0045698392  -0.0447323773  -0.0892261544  -0.0015428389
20  3   0.0002117343  -0.0021466674  -0.0010751625   0.0001127434   0.0033248075
20  4   0.0004254706  -0.0005705147   0.0007067378  -0.0065258147   0.0446629850
20  5   0.0522642386   0.0018719997  -0.0018818803   0.0005674414   0.0118084564
20  6   0.0044733680   0.0318408773  -0.0017378021  -0.0022509710   0.0006075471
21  1   0.0000514255   0.0077578053   0.0011592033  -0.0010691064  -0.0029987030
21  2  -0.0032241527  -0.0972493927  -0.0568102740  -0.4124845845   0.0003950505
21  3  -0.0028343772  -0.0037014423   0.0033100410   0.0044957929  -0.0012125602
21  4  -0.0001868078   0.0012205644   0.0005666161   0.0969609224   0.0522642386
21  5   0.4234995326   0.0015156543  -0.0005009790   0.0040512796  -0.0027520733
21  6  -0.0023593102  -0.0130879081  -0.0009757134  -0.0002347578   0.0044340163
22  1   0.0000448735  -0.0024055264   0.0034409940   0.0003981180   0.0006470719
22  2  -0.0026156520  -0.0017224753  -0.0005268500  -0.0016863998  -0.0735985300
22  3   0.0295953660  -0.1203945108  -0.0000866724   0.0001437372   0.0008050529
22  4   0.0053283541  -0.0148135990   0.0427342279   0.0003969273   0.0018719997
22  5   0.0015156543   0.0703611821  -0.0136995255   0.0743212608   0.0019000070
22  6  -0.0006078326   0.0004983031  -0.0030217845  -0.0002048414   0.0013810696
23  1  -0.0030124773  -0.0037578077  -0.0020750374   0.0008714794  -0.0015234347
23  2   0.0008842077  -0.0005585160   0.0001556870   0.0023566973   0.0130641929
23  3  -0.0491865009   0.1020981219   0.0004276324   0.0006725343  -0.0004388068
23  4   0.0014267390  -0.0021238209   0.0181860353   0.0017528117  -0.0018818803
23  5  -0.0005009790  -0.0136995255   0.0565819714  -0.1146238280  -0.0001348592
23  6  -0.0003407976  -0.0046003281  -0.0001374773   0.0014040496  -0.0012860829
24  1   0.0068391525  -0.0034412363  -0.0011700251  -0.0035078752   0.0009524556
24  2  -0.0024778613  -0.0023552656   0.0025724531  -0.0023451737  -0.0749128199
24  3   0.1135080708  -0.3833084425   0.0012902647  -0.0004744209   0.0001293886
24  4  -0.0046613665   0.0071802182  -0.0220461007   0.0011802435   0.0005674414
24  5   0.0040512796   0.0743212608  -0.1146238280   0.4051864042   0.0014783808
24  6  -0.0051223596  -0.0019834799   0.0003280249  -0.0011187943   0.0039640106
25  1  -0.0007843083   0.0007967850   0.0014490771   0.0016198499   0.0020644350
25  2   0.0009713018  -0.2630278043   0.2239363432  -0.0717233687  -0.0051136957
25  3  -0.0021153884  -0.0007632980  -0.0052047164  -0.0014731817  -0.0002118719
25  4   0.0023159139  -0.0026707369  -0.0008487260  -0.0100043967   0.0118084564
25  5  -0.0027520733   0.0019000070  -0.0001348592   0.0014783808   0.2784471642
25  6  -0.2318342239   0.0734016070  -0.0001480136  -0.0003776295  -0.0010010287
26  1   0.0009460073  -0.0028215219  -0.0000399732   0.0026171561  -0.0019594764
26  2   0.0003634215   0.2371755265  -0.2269570013   0.0569259644  -0.0022445166
26  3   0.0066606534   0.0050012355  -0.0021046423   0.0028465513  -0.0001126842
26  4  -0.0022656479  -0.0045604009  -0.0003411753  -0.0008913974   0.0044733680
26  5  -0.0023593102  -0.0006078326  -0.0003407976  -0.0051223596  -0.2318342239
26  6   0.2222829557  -0.0535667210  -0.0007904292   0.0003756698  -0.0007483981
27  1   0.0015395005   0.0001328462   0.0010166902   0.0003100360   0.0002778356
27  2  -0.0014013843  -0.0366524454   0.0219898510  -0.0543997670  -0.0005225129
27  3   0.0037514265  -0.0044715963   0.0009723362  -0.0002292682   0.0015114023
27  4  -0.0002046523   0.0007815026   0.0016827663  -0.0386223552   0.0318408773
27  5  -0.0130879081   0.0004983031  -0.0046003281  -0.0019834799   0.0734016070
27  6  -0.0535667210   0.0706383253  -0.0007198170  -0.0003780219   0.0004949515
28  1  -0.0021909026   0.0023346727  -0.0031837595  -0.0283314933  -0.0120686114
28  2   0.0702908017  -0.0008780185   0.0008776225   0.0016438374   0.0016415598
28  3  -0.0001997332   0.0019602198   0.0050101136  -0.0013716839  -0.0116110035
28  4  -0.0015644571   0.0010585242  -0.0043212626   0.0000406301  -0.0017378021
28  5  -0.0009757134  -0.0030217845  -0.0001374773   0.0003280249  -0.0001480136
28  6  -0.0007904292  -0.0007198170   0.0294423660   0.0120349179  -0.0534113279
29  1   0.0023191893  -0.0031032199  -0.0026087648  -0.0183044682  -0.0502165948
29  2   0.0641840933   0.0009619572   0.0005624235   0.0016213896  -0.0004542853
29  3  -0.0017104076   0.0004082287   0.0042032556  -0.0017728022  -0.0477498364
29  4   0.0016806961   0.0010903245   0.0014632335  -0.0018587917  -0.0022509710
29  5  -0.0002347578  -0.0002048414   0.0014040496  -0.0011187943  -0.0003776295
29  6   0.0003756698  -0.0003780219   0.0120349179   0.0556215280  -0.0155867701
30  1  -0.0061909825  -0.0049499042   0.0008791038   0.0572848558   0.0165259844
30  2  -0.4279431583   0.0022367049   0.0025270903  -0.0033925397   0.0026271322
30  3   0.0008930105  -0.0035437676   0.0025691926   0.0010691006  -0.0220234559
30  4  -0.0052429074   0.0009484224   0.0001852244  -0.0002527086   0.0006075471
30  5   0.0044340163   0.0013810696  -0.0012860829   0.0039640106  -0.0010010287
30  6  -0.0007483981   0.0004949515  -0.0534113279  -0.0155867701   0.4469456149
$end
