$vibrational normal modes
 1  1  -0.0149628767  -0.2556646553   0.0028712171  -0.0057821502   0.3948172841
 1  2  -0.1540218557   0.1527611795   0.0642606249   0.0225068815   0.0616482244
 1  3   0.1177666553   0.0277717618  -0.0016751166   0.0049958856  -0.0005245447
 1  4  -0.0006847298   0.0042385416  -0.0002565220   0.0066395319  -0.0008841901
 1  5   0.0003980177   0.0006454132  -0.0010595472  -0.0002093441  -0.0001718458
 1  6  -0.0005947173  -0.0000083893   0.0000124323  -0.0000595513   0.0001733319
 2  1  -0.1551077581  -0.2751013481   0.0513769970   0.0786549258  -0.0400954237
 2  2   0.3643270167   0.0721060611  -0.1509124858  -0.0219199010   0.1136703939
 2  3  -0.0678452102  -0.0166331037   0.0043394619   0.0025000375   0.0006705889
 2  4   0.0046123896   0.0003628596   0.0004805093   0.0006955730   0.0068853203
 2  5  -0.0000892277  -0.0010190580  -0.0006087115   0.0001378632   0.0005955542
 2  6  -0.0001843383   0.0000173164  -0.0000011323   0.0001791581   0.0000602978
 3  1  -0.1865773579   0.1839012424   0.1038528309  -0.1001424982   0.0936104732
 3  2   0.0721109732  -0.0070863927  -0.0220885990   0.2721665375   0.0010089394
 3  3  -0.0100588265   0.2616959330   0.0004711725  -0.0002959478  -0.0076736357
 3  4   0.0010132357   0.0001274936  -0.0041271197  -0.0006508082   0.0007704602
 3  5   0.0035197660  -0.0001483328   0.0000664167  -0.0017656764   0.0000629206
 3  6   0.0000489140  -0.0001606502   0.0001274706   0.0000205718  -0.0000153263
 4  1   0.0363484689   0.2022508245  -0.2052433946   0.1541308803   0.2653859748
 4  2   0.1815164651  -0.0456758869  -0.3254128678  -0.3054721124  -0.2064733643
 4  3   0.1268799788   0.2083492302   0.0078214917   0.0015880783   0.0141761434
 4  4   0.0158908167  -0.0127794723  -0.0061268095   0.0409947216  -0.0215079354
 4  5   0.0311627078  -0.0152853086   0.0015613192  -0.0150646840  -0.0015950386
 4  6   0.0073157555  -0.0063343967  -0.0077064099   0.0041653844   0.0105641874
 5  1  -0.3381716067  -0.1387708512  -0.0160100507   0.2013022802  -0.1773999375
 5  2  -0.2737886658   0.1920368407   0.1531850112  -0.1191999030  -0.2788134110
 5  3  -0.1533600446   0.1262632290   0.0098987812  -0.0002678423   0.0030946807
 5  4   0.0001786443  -0.0105203467   0.0199254533  -0.0000883551   0.0105265599
 5  5  -0.0033147040  -0.0451186642  -0.0001391909  -0.0316743671   0.0018272648
 5  6   0.0038534244  -0.0081096028  -0.0301930284   0.0165100400   0.0417435177
 6  1  -0.2288457341   0.4357256984  -0.0125257270   0.0144666308  -0.0126696065
 6  2  -0.0056397257   0.3693248392   0.0156538328  -0.1834667524   0.2218020220
 6  3   0.1263253179  -0.1796364255  -0.0166529757  -0.0045159914  -0.0179929810
 6  4   0.0223822270  -0.0095338326   0.0074888010  -0.0053259190   0.0023695073
 6  5   0.0071656828   0.0287687799  -0.0020544601   0.0216190345   0.0185034160
 6  6  -0.0450200710   0.0320076973  -0.0196355862   0.0102932705   0.0163907875
 7  1  -0.1096552380   0.1132092095   0.1507337611   0.4456305239   0.1315979322
 7  2  -0.1133484133  -0.3716823893   0.0879976302   0.0124767532   0.2001791574
 7  3   0.0125007452  -0.0356784114   0.0007798661   0.0032004429  -0.0065025900
 7  4   0.0070764514  -0.0001282106   0.0210034150   0.0280401147   0.0061234985
 7  5  -0.0158056144   0.0137215135  -0.0207610128  -0.0151738193  -0.0118340128
 7  6  -0.0004986872   0.0026350369  -0.0268681715  -0.0360711974  -0.0047647917
 8  1  -0.2465397703  -0.0817170964  -0.2407041236   0.0181814392  -0.0936175956
 8  2  -0.0890089112  -0.1396171870  -0.1851758191   0.3159089129  -0.1099992968
 8  3   0.2906644156  -0.2480599053   0.0070395825  -0.0100158862  -0.0169673634
 8  4  -0.0038916369  -0.0199508570  -0.0025262999   0.0288098788   0.0246710816
 8  5  -0.0253629829  -0.0164320747   0.0306896685   0.0284545738  -0.0071547264
 8  6   0.0036337587   0.0089221631   0.0222992134   0.0313321450   0.0047661053
 9  1  -0.1246566128   0.0318811454   0.2454189545  -0.1233814354   0.1558060509
 9  2   0.3154143256  -0.1317462876   0.2987302196  -0.1655077778  -0.2708139604
 9  3   0.1395953131  -0.1851556507   0.0133766145  -0.0120614162  -0.0164760351
 9  4   0.0006691718   0.0248706409   0.0039042340  -0.0000873754   0.0005787313
 9  5   0.0104377589  -0.0161896946   0.0312866101   0.0258903168  -0.0479071899
 9  6   0.0067895430   0.0307171678  -0.0142651242  -0.0111628753   0.0017049623
10  1   0.0430164412   0.1577209012  -0.2120451374   0.1109331080   0.2915953661
10  2   0.1685659692   0.0953408621   0.1012536165   0.2449637797  -0.1090344666
10  3  -0.3456893951  -0.2261734085   0.0044759395   0.0148251358  -0.0107967774
10  4   0.0155262023  -0.0009246584  -0.0141223131   0.0097160197  -0.0162624367
10  5  -0.0119569343  -0.0252395373  -0.0424017039   0.0367992828   0.0089868404
10  6   0.0066809891   0.0131163004   0.0282346231  -0.0272246407   0.0328899221
11  1  -0.1538854151  -0.0535956710  -0.4069179245  -0.1382547578  -0.0124533118
11  2   0.1296043468  -0.2023540523   0.3503050354  -0.1505902457   0.1917097234
11  3  -0.0083043499   0.1535169993   0.0019142211  -0.0047230127   0.0123963845
11  4  -0.0093741301  -0.0098485956  -0.0113307293   0.0032640299   0.0429889252
11  5   0.0276570440  -0.0003509910  -0.0041385735  -0.0012619403  -0.0082347173
11  6  -0.0117944306  -0.0073556973   0.0122609781  -0.0097584916   0.0130219657
12  1  -0.2265426115  -0.0067878721   0.0509944191  -0.2777674882   0.1779699312
12  2  -0.2572354481  -0.2229998610  -0.2671581158  -0.2233760017   0.0479074320
12  3  -0.2499851742  -0.1339806610   0.0005343531   0.0122449315  -0.0202234364
12  4  -0.0216244035  -0.0109947457   0.0062306772  -0.0006278728   0.0039833714
12  5   0.0137270780  -0.0141439711  -0.0211893277   0.0183203072   0.0274303862
12  6   0.0373858384   0.0294268174  -0.0204645800   0.0102437429  -0.0178138113
13  1  -0.0160870020   0.2173738647  -0.0865632578   0.2877849991   0.1978567067
13  2   0.1012234623   0.2191303693  -0.0644128658  -0.3657189128  -0.0967629563
13  3  -0.0347759152   0.2481365234   0.2333466216  -0.2450839949  -0.2498641022
13  4  -0.6291550255  -0.0540257232  -0.2079705108  -0.2058300566   0.1507114623
13  5  -0.4742007406   0.0987397155   0.0035359977   0.0874465659  -0.0093926278
13  6  -0.0070079417   0.0200233204   0.1299283730  -0.0731364756  -0.1761881018
14  1  -0.3364056908  -0.1099461636  -0.0775249434   0.1708365133  -0.1724538654
14  2  -0.3000179834   0.2198793564   0.0709642534  -0.1695462955  -0.2724127753
14  3  -0.1415881078   0.1492498384   0.0367795767  -0.0934919177  -0.0551919109
14  4   0.2766894039  -0.0011906595   0.1159937953   0.0811855507  -0.0265706163
14  5   0.1679236968   0.1692748203  -0.0033234023   0.1220581213  -0.0435465221
14  6  -0.0260322943   0.1016343921   0.5048825308  -0.2757649999  -0.6841999278
15  1  -0.1925942829   0.3407503209   0.0711508511  -0.0031239231   0.0263186586
15  2   0.1332369396   0.1137368980   0.0478810426  -0.0273925725   0.1247239826
15  3   0.2056739128  -0.2525192656  -0.2571915873   0.4295815588   0.3298791332
15  4  -0.2732363838  -0.0012129460  -0.1211675991  -0.0596971697  -0.0220730210
15  5  -0.0923160211  -0.5250007144   0.0051014680  -0.3705614116  -0.0096022919
15  6  -0.0407744265   0.0642662366   0.2025865103  -0.1076089689  -0.2726778793
16  1   0.0593781853   0.2202427380  -0.2621610158   0.1105788256   0.2848563861
16  2   0.2301722224   0.1500380501   0.2679846049   0.3313543157  -0.0135831520
16  3  -0.3193612413  -0.2719293207   0.2955389301   0.0399749855   0.1654404177
16  4  -0.0195090383  -0.1116829401   0.0029474219   0.0298820113   0.0458808273
16  5   0.0767543517   0.1234142878   0.2127815309  -0.1837799280  -0.0383653400
16  6   0.0235031114  -0.0931012438  -0.4841829449   0.4406112838  -0.5498525316
17  1  -0.2177417903  -0.0623104965  -0.3143646958  -0.0408034537  -0.0671092186
17  2  -0.0325221997  -0.1228231828   0.0241638771  -0.2018463947   0.0028733269
17  3  -0.0293930498   0.1841620882  -0.2863398787  -0.0750407751  -0.0663203672
17  4   0.2910729396   0.6112317892  -0.2536580083   0.0109729089  -0.2155820366
17  5  -0.4677865342  -0.0480903263  -0.0922166412   0.0866123797  -0.0200229835
17  6   0.0050279924  -0.0464878752  -0.1797542392   0.1647787438  -0.2014507235
18  1  -0.2402262183   0.1436555328   0.0041286272  -0.1946977569   0.1138529574
18  2  -0.2412858174  -0.0335145848  -0.1532267632  -0.0820055697   0.1116702024
18  3  -0.2026577611  -0.2008774810   0.4570798429   0.0154914544   0.3352047432
18  4   0.1559219738   0.2570368354  -0.1706796927   0.0604787028  -0.0739336582
18  5  -0.1935423536   0.2510687082   0.4264654304  -0.3444480094   0.0398509123
18  6   0.0125564166   0.0660073742   0.2195248084  -0.1995748281   0.2455540924
19  1  -0.0975698157  -0.0249306955   0.1495806218   0.3320182484   0.2028547223
19  2  -0.1680401859  -0.2354978132   0.0100423015  -0.0235431349   0.1093593496
19  3  -0.0719660290  -0.0263028830  -0.1164384320  -0.3180286150   0.1785855093
19  4   0.1733362965  -0.2349739483  -0.4413567904  -0.4654159260  -0.1198253863
19  5   0.1840943698  -0.2420845878   0.3644769230   0.2595881015   0.1927016721
19  6  -0.0340615853  -0.1308353913   0.0091503939  -0.0146612013  -0.0150769278
20  1  -0.2198970026  -0.1503976817  -0.1301630613   0.0477819488  -0.0795030434
20  2   0.0563385220  -0.2206364399   0.0698536364   0.0362567390  -0.1771834470
20  3   0.3640400872  -0.1616736204   0.2380941099   0.3190294874  -0.3879687278
20  4   0.1211513624  -0.0198584680  -0.2554404848  -0.4705295769  -0.2824752331
20  5   0.1758267022   0.1770641093  -0.3505292413  -0.3249488250   0.0974002618
20  6  -0.0147695045  -0.0653158498   0.0290646282   0.0203180762  -0.0043709907
21  1  -0.1319984410   0.0729279656   0.2255637552  -0.1052711204   0.1385070196
21  2   0.3003020644  -0.1604035561   0.2818980862  -0.1118869651  -0.2445423403
21  3   0.1557482932  -0.2067696165   0.0021237381   0.0097285331   0.0037526125
21  4  -0.0532223130   0.0727785742   0.1448916471   0.1837753034   0.0749269959
21  5  -0.0623148430   0.0304225880  -0.0364209537  -0.0116302244   0.7822553846
21  6  -0.1244258143  -0.5295369861   0.1094709659   0.0172190004  -0.0514361537
22  1   0.0294433965   0.0093438229  -0.1516922217   0.0518760126   0.3371025386
22  2   0.0649964318  -0.0702672258  -0.1285808964   0.0379776557  -0.2031957712
22  3  -0.4043319337  -0.1598325914  -0.5306811089   0.0095716039  -0.3938263448
22  4  -0.0230782818  -0.0032277431   0.0375324263  -0.0701100342   0.1948452862
22  5   0.0512326244   0.2805291346   0.4802132798  -0.3993713442  -0.0943763449
22  6  -0.1241427166  -0.1080263285   0.0436245249  -0.0081716695   0.0282411123
23  1  -0.1320214323  -0.1219600648  -0.2914478383  -0.1023021766  -0.0023126545
23  2   0.2617782924  -0.1153825549   0.2806801992   0.0114702487   0.1056128499
23  3   0.0577281213   0.1037383719  -0.1179096096  -0.0910257266   0.0099058763
23  4  -0.0819692214  -0.2738563843   0.4399482677  -0.0912906302  -0.7155642807
23  5  -0.2661795435   0.0635557895   0.1763141471  -0.0646609838   0.1413753000
23  6   0.1763818653   0.1572866537  -0.0241420594  -0.0147852028  -0.0059838981
24  1  -0.2163567888   0.0143428710   0.0681293206  -0.2508180127   0.1683114019
24  2  -0.1896852466  -0.1564264820  -0.2433067982  -0.1228493024   0.0404578955
24  3  -0.2248617418  -0.1709582918   0.0967407184  -0.0136258720   0.0778358022
24  4  -0.0319746947  -0.0832429347   0.1247824751  -0.0082357231  -0.2657721192
24  5  -0.0843712582  -0.0435870422  -0.0574800211   0.0746312963  -0.4705375656
24  6  -0.6004549460  -0.5323398445   0.1024052062   0.0369021649   0.0352180260
25  1  -0.0721111439   0.1598941079   0.0545674566   0.3853018381   0.1561620758
25  2  -0.0245941597  -0.1304275553   0.0512434398   0.0289275568   0.1417371282
25  3  -0.1039995824  -0.0475977909  -0.0120360421  -0.1815564128   0.0952413344
25  4  -0.2774097984   0.4130050642   0.1652183996  -0.1507098400  -0.1125162366
25  5   0.3451163992   0.0112503994  -0.0133412569  -0.0180445623  -0.0092004460
25  6   0.0439504476   0.0906485735   0.4212812828   0.5855693352   0.0873237666
26  1  -0.2116031768  -0.0464192156  -0.3543106565  -0.0647970089  -0.0600462437
26  2  -0.0331115484   0.1422202673  -0.2952383842   0.3882698137  -0.1758069330
26  3   0.1338247192  -0.2896995765  -0.0727561288  -0.3200530219   0.1924871251
26  4  -0.2876181703   0.3525911193   0.1202017486  -0.1625149244  -0.0841109348
26  5   0.3274897506   0.0834147870  -0.1405621353  -0.1325697697   0.0040846611
26  6  -0.0352060630  -0.0678481140  -0.3719908817  -0.5180691724  -0.0743142371
27  1  -0.1492565173  -0.0333220948   0.2059258137  -0.1979184176   0.1852410995
27  2   0.1438186247  -0.0844759060   0.0629753637  -0.0078382910  -0.2658436376
27  3   0.0411825220  -0.2574924405  -0.2330103178  -0.4196304452   0.3454690002
27  4   0.1236950216  -0.3163356878  -0.1596604430   0.0319516676   0.1058843988
27  5  -0.1648474563   0.2638542464  -0.4652709069  -0.3788504384  -0.0311730092
27  6   0.0194037523   0.0442414539   0.1158039475   0.1582368684   0.0251038391
28  1   0.0326252614   0.0516202165  -0.1672984386   0.0703284407   0.3233354074
28  2   0.0933489617  -0.1946469865  -0.2352157317  -0.0382245548  -0.2752877843
28  3   0.0669820203   0.1299598287  -0.0183861790   0.2080782983   0.2724474274
28  4   0.1888968834   0.0613837214   0.4406788145  -0.6213501608   0.3743308149
28  5  -0.2509667137   0.1308965714  -0.0326069728   0.1573858086   0.0351881010
28  6  -0.0955767396   0.0721120525  -0.0196054275   0.0104546741   0.0053447330
29  1  -0.2904697171  -0.1960736015   0.0464684792   0.1905024882  -0.1442386683
29  2  -0.0841109199  -0.0595277400   0.1050043644  -0.0256607970  -0.3525801182
29  3  -0.0459178635   0.0957603372  -0.2497436085   0.4108493494   0.3069347242
29  4  -0.2738258887  -0.0416882774  -0.2802695625   0.1000082406  -0.1589190357
29  5   0.0820648614   0.5731833517   0.0124939560   0.3797981364   0.0150330653
29  6  -0.0305498483   0.0239802443  -0.0273396638   0.0127226949   0.0232604020
30  1  -0.2244891365   0.4057911370   0.0000000000   0.0000000000   0.0000000000
30  2   0.0000000000   0.3389250136   0.0310819173  -0.1359933644   0.2155785135
30  3   0.1257687975  -0.1989622794  -0.0387911888   0.0576329767   0.0458884408
30  4   0.0205276451  -0.0024292292   0.0472561500  -0.0894913170   0.0438435553
30  5  -0.0237136363   0.0532987410  -0.0023939267   0.0480552194  -0.2816831425
30  6   0.7453822507  -0.5697015373   0.1086595177  -0.0546924943   0.0143019606
$end
