$coord
   -0.06497087741511     -0.13876414950001      0.09696212485604      ti
    0.65657497238690     -2.59636480239412      2.11773565034648      o
   -2.34392738399734     -1.11952013586342     -1.86846524993535      o
   -3.98944544842374      0.04928483227213     -1.86202028763701      h
   -0.76062569231007      3.05100312118456      1.60584879996245      o
   -1.66369811452565      4.22794365383692      0.79837858776754      h
    2.62150377375984      0.80312102226173     -2.09002200547135      o
    3.52948729218868      2.57241533702331     -2.01427419763906      h
    2.45679982428586     -2.44965292976799      2.19874459445468      h
$redundant
     number_of_atoms             9
     degrees_of_freedom         21
     internal_coordinates       21
     frozen_coordinates          0
# definitions of redundant internals
   1 k  1.0000000000000 tors    4    3    1    2 val= 105.32970
        1.0000000000000 tors    4    3    1    5
        1.0000000000000 tors    4    3    1    7
        1.0000000000000 tors    4    3    1    9
   2 k  1.0000000000000 stre    3    4           val=   1.90258
   3 k  1.0000000000000 bend    1    4    3      val= 117.31444
   4 k  1.0000000000000 tors    6    5    1    2 val=  64.85477
        1.0000000000000 tors    6    5    1    3
        1.0000000000000 tors    6    5    1    7
        1.0000000000000 tors    6    5    1    9
   5 k  1.0000000000000 stre    5    6           val=   1.93463
   6 k  1.0000000000000 bend    1    6    5      val= 118.62854
   7 k  1.0000000000000 tors    8    7    1    2 val=  32.96645
        1.0000000000000 tors    8    7    1    3
        1.0000000000000 tors    8    7    1    5
        1.0000000000000 tors    8    7    1    9
   8 k  1.0000000000000 stre    7    8           val=   1.69268
   9 k  1.0000000000000 bend    1    8    7      val= 140.20582
  10 k  1.0000000000000 stre    1    7           val=   3.36189
  11 k  1.0000000000000 stre    1    5           val=   3.36986
  12 k  1.0000000000000 stre    1    3           val=   3.51667
  13 k  0.4274071070743 bend    5    7    1      val=  -4.44982
       -0.3475490067585 bend    3    7    1
       -0.0024986414425 bend    3    5    1
       -0.0287154105494 bend    2    7    1
        0.3505913942230 bend    2    5    1
       -0.4218080877079 bend    2    3    1
        0.0626088794695 bend    9    7    1
        0.4233939019309 bend    9    5    1
       -0.4600906195216 bend    9    3    1
  14 k -0.0881438002862 bend    5    7    1      val=  41.21290
       -0.1656864832246 bend    3    7    1
       -0.5406399186822 bend    3    5    1
        0.4177955871176 bend    2    7    1
        0.2546023898591 bend    2    5    1
        0.2731370187720 bend    2    3    1
        0.4132858928635 bend    9    7    1
        0.3086651721281 bend    9    5    1
        0.3040203279217 bend    9    3    1
  15 k -0.3678198742973 bend    5    7    1      val=   7.92313
       -0.4144450714086 bend    3    7    1
        0.3081967224448 bend    3    5    1
       -0.3288386451962 bend    2    7    1
        0.4814868840659 bend    2    5    1
        0.3251596545150 bend    2    3    1
       -0.2919104028695 bend    9    7    1
        0.1806431337450 bend    9    5    1
        0.1855308681393 bend    9    3    1
  16 k -0.2735814835508 bend    5    7    1      val=  -6.76651
       -0.4368638158287 bend    3    7    1
        0.5047300369053 bend    3    5    1
        0.4274178856878 bend    2    7    1
       -0.1505148890368 bend    2    5    1
       -0.0807418987889 bend    2    3    1
        0.4324591001098 bend    9    7    1
       -0.2382457933178 bend    9    5    1
       -0.1546247126893 bend    9    3    1
  17 k -0.6230639100104 bend    5    7    1      val=  -3.01265
        0.5213235224970 bend    3    7    1
        0.0170182090660 bend    3    5    1
        0.1166739472546 bend    2    7    1
        0.3413281337958 bend    2    5    1
       -0.3474417142502 bend    2    3    1
        0.0552038109276 bend    9    7    1
        0.1645538259383 bend    9    5    1
       -0.2424142269598 bend    9    3    1
  18 k  0.1477603426590 bend    5    7    1      val=   3.73191
        0.0019716713420 bend    3    7    1
       -0.0551469448135 bend    3    5    1
       -0.2598332887571 bend    2    7    1
        0.4833319495135 bend    2    5    1
       -0.3392138659603 bend    2    3    1
        0.3267718659893 bend    9    7    1
       -0.5772902301078 bend    9    5    1
        0.3448025343882 bend    9    3    1
  19 k  1.0000000000000 stre    1    2           val=   3.35685
  20 k  1.0000000000000 stre    2    9           val=   1.83467
  21 k  1.0000000000000 stre    9    1           val=   3.80437
        21 non zero eigenvalues  of BmBt
           1          10.852383133    1    0
         1
           2           4.949561996    2    0
         2
           3           4.690487725    3    0
         3
           4           3.686729660    4    0
         4
           5           3.078086910    5    0
         5
           6           2.736097499    6    0
         6
           7           2.274390226    7    0
         7
           8           2.098781172    8    0
         8
           9           1.835919051    9    0
         9
          10           1.737300545   10    0
        10
          11           1.258648113   11    0
        11
          12           1.074473827   12    0
        12
          13           0.863438540   13    0
        13
          14           0.736221329   14    0
        14
          15           0.296696416   15    0
        15
          16           0.195284211   16    0
        16
          17           0.174879971   17    0
        17
          18           0.167307278   18    0
        18
          19           0.124866457   19    0
        19
          20           0.106128758   20    0
        20
          21           0.090838838   21    0
        21
$user-defined bonds
$end
