$energy      SCF               SCFKIN            SCFPOT
     1 -1152.087089222      1148.69552     -2300.78261     0.1879972774860
     2 -1152.093056664      1148.64098     -2300.73403     0.1882839912896
     3 -1152.094381645      1148.59880     -2300.69318     0.1873401012825
     4 -1152.092036285      1148.57208     -2300.66411     0.1852710800092
     5 -1152.091719537      1148.53042     -2300.62214     0.1826272335673
     6 -1152.093127862      1148.46471     -2300.55784     0.1798516372010
     7 -1152.097145284      1148.37479     -2300.47194     0.1769009325071
     8 -1152.097614675      1148.29417     -2300.39179     0.1735461559042
     9 -1152.090798966      1148.23318     -2300.32398     0.1697539946700
    10 -1152.087745659      1148.13749     -2300.22524     0.1656673182618
    11 -1152.090726689      1148.00488     -2300.09560     0.1613977235394
    12 -1152.087157913      1147.90361     -2299.99076     0.1567652252226
    13 -1152.078719474      1147.83476     -2299.91348     0.1515617605631
    14 -1152.072626984      1147.76045     -2299.83307     0.1459439803766
    15 -1152.070257276      1147.66785     -2299.73811     0.1401852938402
    16 -1152.069177639      1147.57712     -2299.64629     0.1344450845296
    17 -1152.061403938      1147.52936     -2299.59076     0.1287970580808
    18 -1152.049415467      1147.50525     -2299.55467     0.1233586048613
    19 -1152.046832180      1147.44100     -2299.48783     0.1183320866971
    20 -1152.048122238      1147.36991     -2299.41803     0.1136508820194
    21 -1152.041177154      1147.35815     -2299.39933     0.1089408626027
    22 -1152.030907324      1147.38370     -2299.41461     0.1040454237050
    23 -1152.025419821      1147.39253     -2299.41795     0.9920968062166E-01
    24 -1152.025570562      1147.37354     -2299.39911     0.9479098140990E-01
    25 -1152.025003569      1147.36601     -2299.39102     0.9088370977032E-01
    26 -1152.016996350      1147.40593     -2299.42293     0.8743193722497E-01
    27 -1152.008208092      1147.45663     -2299.46484     0.8443229845810E-01
    28 -1152.009828495      1147.46658     -2299.47641     0.8185950538088E-01
    29 -1152.012283196      1147.48648     -2299.49876     0.7954270826376E-01
    30 -1152.005876936      1147.56801     -2299.57388     0.7716855726510E-01
    31 -1151.997321168      1147.66987     -2299.66719     0.7464945184051E-01
    32 -1151.994989080      1147.73186     -2299.72685     0.7207457393900E-01
    33 -1151.997950665      1147.75652     -2299.75447     0.6956450002860E-01
    34 -1151.997544057      1147.80088     -2299.79842     0.6711962259076E-01
    35 -1151.989351575      1147.89580     -2299.88515     0.6477442832086E-01
    36 -1151.981490563      1147.99792     -2299.97941     0.6258833453690E-01
    37 -1151.984504765      1148.05710     -2300.04160     0.6061898398972E-01
    38 -1151.987342327      1148.12447     -2300.11182     0.5875300407213E-01
    39 -1151.979919098      1148.24416     -2300.22408     0.5676546372331E-01
    40 -1151.970316845      1148.35964     -2300.32996     0.5458955359581E-01
    41 -1151.968656972      1148.40464     -2300.37330     0.5238689903003E-01
    42 -1151.971359861      1148.40342     -2300.37478     0.5033383938470E-01
    43 -1151.969036383      1148.42708     -2300.39612     0.4838105666389E-01
    44 -1151.960082158      1148.49968     -2300.45976     0.4645127225387E-01
    45 -1151.952831956      1148.57413     -2300.52696     0.4456219333751E-01
    46 -1151.956953066      1148.59762     -2300.55457     0.4274570592678E-01
    47 -1151.959797303      1148.61922     -2300.57901     0.4093910160461E-01
    48 -1151.950947860      1148.67678     -2300.62773     0.3895447178944E-01
    49 -1151.941611558      1148.69966     -2300.64127     0.3681983458641E-01
    50 -1151.943220681      1148.62790     -2300.57112     0.3476828675038E-01
    51 -1151.947706999      1148.52173     -2300.46943     0.3289471420446E-01
    52 -1151.946260317      1148.45772     -2300.40398     0.3103615679555E-01
    53 -1151.939071021      1148.45164     -2300.39071     0.2914298295365E-01
    54 -1151.935075574      1148.44597     -2300.38104     0.2728878432169E-01
    55 -1151.942667601      1148.38981     -2300.33248     0.2559218992167E-01
    56 -1151.945612205      1148.34802     -2300.29363     0.2400234781666E-01
    57 -1151.935538264      1148.34568     -2300.28122     0.2238495265521E-01
    58 -1151.928596102      1148.29271     -2300.22130     0.2084153598278E-01
    59 -1151.933884991      1148.14952     -2300.08341     0.1949102652231E-01
    60 -1151.938377296      1148.00729     -2299.94566     0.1825358002397E-01
    61 -1151.935282954      1147.93474     -2299.87003     0.1696518236097E-01
    62 -1151.927024105      1147.92523     -2299.85225     0.1593953259538E-01
    63 -1151.921426496      1147.90576     -2299.82718     0.1508043483673E-01
    64 -1151.931745425      1147.81634     -2299.74809     0.1473594448415E-01
    65 -1151.934705371      1147.76414     -2299.69885     0.1479250868158E-01
    66 -1151.922708565      1147.78216     -2299.70487     0.1510672759088E-01
    67 -1151.915492810      1147.76312     -2299.67861     0.1561532052386E-01
    68 -1151.922611833      1147.65779     -2299.58040     0.1626789035772E-01
    69 -1151.929875523      1147.55830     -2299.48817     0.1698333987535E-01
    70 -1151.929803128      1147.53765     -2299.46745     0.1770670853661E-01
    71 -1151.921488817      1147.59914     -2299.52063     0.1847117418370E-01
    72 -1151.919500634      1147.64715     -2299.56665     0.1952013926447E-01
    73 -1151.934694397      1147.62689     -2299.56159     0.2097870698512E-01
    74 -1151.939427576      1147.66269     -2299.60212     0.2259504724069E-01
    75 -1151.929005578      1147.77413     -2299.70314     0.2418503946987E-01
    76 -1151.925269896      1147.83669     -2299.76196     0.2567423259342E-01
    77 -1151.935399098      1147.80863     -2299.74403     0.2706409876559E-01
    78 -1151.944165910      1147.78990     -2299.73407     0.2837753282660E-01
    79 -1151.944666080      1147.85438     -2299.79905     0.2968955459475E-01
    80 -1151.936125706      1147.99845     -2299.93458     0.3117339880267E-01
    81 -1151.937249228      1148.11009     -2300.04734     0.3314149011952E-01
    82 -1151.953487118      1148.15715     -2300.11064     0.3559802014746E-01
    83 -1151.954785900      1148.27348     -2300.22826     0.3819848795785E-01
    84 -1151.942098447      1148.44992     -2300.39202     0.4083452434461E-01
    85 -1151.938981736      1148.55009     -2300.48907     0.4359566320096E-01
    86 -1151.948585291      1148.55173     -2300.50032     0.4656125481856E-01
    87 -1151.956437908      1148.55571     -2300.51215     0.4981597294559E-01
    88 -1151.956057830      1148.63083     -2300.58689     0.5345709481260E-01
    89 -1151.947291579      1148.76439     -2300.71168     0.5761695062702E-01
    90 -1151.951712436      1148.83150     -2300.78321     0.6250727613477E-01
    91 -1151.969391669      1148.82032     -2300.78971     0.6797075356310E-01
    92 -1151.972132338      1148.85549     -2300.82763     0.7383597587941E-01
    93 -1151.967583266      1148.89992     -2300.86750     0.8029483953708E-01
    94 -1151.974316273      1148.84928     -2300.82359     0.8721696444093E-01
    95 -1151.989856034      1148.71643     -2300.70628     0.9414660087282E-01
    96 -1152.004495995      1148.58616     -2300.59065     0.1009973426130
    97 -1152.012578274      1148.52341     -2300.53598     0.1081165377525
    98 -1152.011976048      1148.52708     -2300.53906     0.1160339024274
    99 -1152.021597085      1148.48516     -2300.50676     0.1251619383772
   100 -1152.043844762      1148.37532     -2300.41916     0.1325278943196
   101 -1152.053219716      1148.31048     -2300.36370     0.1396399434563
   102 -1152.056872771      1148.27278     -2300.32965     0.1488652529575
   103 -1152.063078994      1148.22135     -2300.28443     0.1603542062051
   104 -1152.071726732      1148.16750     -2300.23922     0.1731128666808
   105 -1152.081339183      1148.15892     -2300.24026     0.1840855230794
   106 -1152.084157026      1148.26869     -2300.35284     0.1899636365133
   107 -1152.071732426      1148.52782     -2300.59955     0.1913061567562
   108 -1152.055324915      1148.84059     -2300.89592     0.1904884465928
   109 -1152.044660173      1149.11794     -2301.16260     0.1884501627234
   110 -1152.017339831      1149.41679     -2301.43413     0.1855061510603
   111 -1151.979859926      1149.69937     -2301.67923     0.1821615841106
   112 -1151.946666660      1149.88628     -2301.83294     0.1794175769467
   113 -1151.933980213      1149.91571     -2301.84969     0.1783560252616
   114 -1151.947889988      1149.79384     -2301.74173     0.1787736343560
   115 -1151.977259839      1149.60064     -2301.57790     0.1793447262412
   116 -1152.004980316      1149.40666     -2301.41164     0.1797070354359
   117 -1152.030088333      1149.17942     -2301.20951     0.1800498771175
   118 -1152.062229782      1148.86245     -2300.92468     0.1797304251345
   119 -1152.079084065      1148.56291     -2300.64200     0.1783507431340
   120 -1152.080151260      1148.32673     -2300.40688     0.1759711621214
   121 -1152.072409799      1148.15101     -2300.22342     0.1725882155816
   122 -1152.064474099      1148.01572     -2300.08019     0.1647231864090
   123 -1152.060812071      1147.92719     -2299.98800     0.1520477807375
   124 -1152.057330386      1147.93030     -2299.98763     0.1388430448156
   125 -1152.045002346      1148.05711     -2300.10211     0.1265766580872
   126 -1152.026016177      1148.24124     -2300.26726     0.1156613595331
   127 -1152.021894630      1148.33687     -2300.35876     0.1065442489061
   128 -1152.019358479      1148.37005     -2300.38941     0.9907072511840E-01
   129 -1152.007969641      1148.40333     -2300.41130     0.9256342387765E-01
   130 -1151.990513059      1148.44519     -2300.43570     0.8658518253969E-01
   131 -1151.977352308      1148.46794     -2300.44529     0.8093913821493E-01
   132 -1151.974570037      1148.47356     -2300.44813     0.7550253485145E-01
   133 -1151.975807640      1148.52439     -2300.50020     0.7020872479401E-01
   134 -1151.970346547      1148.67467     -2300.64501     0.6516317329067E-01
   135 -1151.954815051      1148.88320     -2300.83801     0.6079431708069E-01
   136 -1151.952697677      1148.97878     -2300.93148     0.5751862043453E-01
   137 -1151.959131686      1148.93940     -2300.89853     0.5524755725088E-01
   138 -1151.955609147      1148.86343     -2300.81904     0.5347888639580E-01
   139 -1151.943602210      1148.78182     -2300.72543     0.5182722768928E-01
   140 -1151.937300630      1148.66388     -2300.60118     0.5007742992258E-01
   141 -1151.943702247      1148.51550     -2300.45920     0.4819526335324E-01
   142 -1151.955352516      1148.41016     -2300.36551     0.4625011377607E-01
   143 -1151.960845828      1148.41048     -2300.37133     0.4428258242043E-01
   144 -1151.952565005      1148.49155     -2300.44411     0.4246543518079E-01
   145 -1151.953055562      1148.47538     -2300.42843     0.4113715477885E-01
   146 -1151.965831547      1148.30901     -2300.27484     0.4042650309835E-01
   147 -1151.965280669      1148.12988     -2300.09516     0.3995197369327E-01
   148 -1151.951279070      1147.98927     -2299.94054     0.3936575731851E-01
   149 -1151.941700339      1147.84766     -2299.78936     0.3850809634157E-01
   150 -1151.945337596      1147.70059     -2299.64593     0.3745676107136E-01
   151 -1151.955129096      1147.61682     -2299.57195     0.3628577537557E-01
   152 -1151.959769580      1147.65953     -2299.61930     0.3500026987828E-01
   153 -1151.948354845      1147.81699     -2299.76535     0.3378246756933E-01
   154 -1151.940263755      1147.90610     -2299.84637     0.3312046133430E-01
   155 -1151.952719268      1147.80322     -2299.75594     0.3328014268280E-01
   156 -1151.952607901      1147.67439     -2299.62699     0.3384011006122E-01
   157 -1151.936340875      1147.59481     -2299.53115     0.3436861756606E-01
   158 -1151.924762304      1147.51836     -2299.44312     0.3479180925674E-01
   159 -1151.927784127      1147.43409     -2299.36187     0.3536308495828E-01
   160 -1151.938176182      1147.40975     -2299.34793     0.3617321796899E-01
   161 -1151.946680393      1147.50529     -2299.45197     0.3708861577055E-01
   162 -1151.942323813      1147.72306     -2299.66538     0.3809119172253E-01
   163 -1151.930658818      1147.93269     -2299.86335     0.3959071053603E-01
   164 -1151.941728983      1147.93591     -2299.87764     0.4214265533811E-01
   165 -1151.953853820      1147.82443     -2299.77828     0.4556883274304E-01
   166 -1151.947578021      1147.74032     -2299.68789     0.4951432686662E-01
   167 -1151.940718661      1147.66869     -2299.60940     0.5366393847531E-01
   168 -1151.944813580      1147.60289     -2299.54771     0.5792006255471E-01
   169 -1151.955514230      1147.60169     -2299.55720     0.6239110028652E-01
   170 -1151.967992203      1147.71272     -2299.68071     0.6705453623606E-01
   171 -1151.976214611      1147.93988     -2299.91610     0.7161179345008E-01
   172 -1151.976363913      1148.21810     -2300.19446     0.7583230999616E-01
   173 -1151.980564402      1148.39555     -2300.37611     0.8066700077648E-01
   174 -1151.999744546      1148.38150     -2300.38124     0.8718998939993E-01
   175 -1152.005950643      1148.31600     -2300.32195     0.9445912729176E-01
   176 -1151.999947112      1148.27064     -2300.27058     0.1014346479517
   177 -1151.998201915      1148.24474     -2300.24294     0.1078703449475
   178 -1152.003112926      1148.27900     -2300.28211     0.1145655868955
   179 -1152.012951045      1148.41005     -2300.42300     0.1221956333855
   180 -1152.023940848      1148.63783     -2300.66177     0.1306061396346
   181 -1152.031065253      1148.91327     -2300.94434     0.1396522273611
   182 -1152.031299128      1149.13955     -2301.17085     0.1498297771076
   183 -1152.040390267      1149.17772     -2301.21811     0.1616889267200
   184 -1152.051608584      1149.06739     -2301.11900     0.1746195728379
   185 -1152.048536387      1148.95815     -2301.00669     0.1872729222524
   186 -1152.045820263      1148.88744     -2300.93327     0.1978063800778
   187 -1152.047812676      1148.90331     -2300.95112     0.2030152448630
   188 -1152.050816528      1149.05141     -2301.10223     0.2031146918102
   189 -1152.048680646      1149.33639     -2301.38507     0.2001380804263
   190 -1152.036184644      1149.70358     -2301.73977     0.1949051897440
   191 -1152.007809243      1150.05994     -2302.06775     0.1887198192626
   192 -1151.983236243      1150.24357     -2302.22680     0.1829334831231
   193 -1151.966836584      1150.24063     -2302.20747     0.1779970253710
   194 -1151.943396656      1150.18299     -2302.12639     0.1739772823871
   195 -1151.936662067      1150.05657     -2301.99323     0.1712059410115
   196 -1151.954973061      1149.87299     -2301.82797     0.1702691127255
   197 -1151.987764587      1149.68688     -2301.67464     0.1711388261058
   198 -1152.023273932      1149.52307     -2301.54635     0.1728194123203
   199 -1152.052943181      1149.36328     -2301.41623     0.1745148709388
   200 -1152.064591973      1149.18331     -2301.24790     0.1760405247574
   201 -1152.076252652      1148.87867     -2300.95492     0.1774558725619
   202 -1152.082524550      1148.50758     -2300.59011     0.1775453024382
   203 -1152.070769852      1148.20594     -2300.27671     0.1718894521582
   204 -1152.057241082      1147.99387     -2300.05111     0.1585611818312
   205 -1152.046822810      1147.89462     -2299.94144     0.1431373236378
   206 -1152.037580080      1147.91488     -2299.95246     0.1280869706169
   207 -1152.030662799      1148.00648     -2300.03715     0.1137119437761
   208 -1152.027370307      1148.10348     -2300.13085     0.1002994012299
   209 -1152.011088152      1148.20109     -2300.21218     0.8839029217559E-01
   210 -1151.989899943      1148.20969     -2300.19959     0.7818202742789E-01
   211 -1151.984805232      1148.04720     -2300.03201     0.6946334747134E-01
   212 -1151.976983209      1147.85209     -2299.82907     0.6188255337347E-01
   213 -1151.965061059      1147.72156     -2299.68662     0.5520784948545E-01
   214 -1151.953417577      1147.69617     -2299.64958     0.4938359282792E-01
   215 -1151.943599074      1147.76844     -2299.71204     0.4439025635376E-01
   216 -1151.941139711      1147.87383     -2299.81497     0.4034870173792E-01
   217 -1151.950669588      1147.95111     -2299.90178     0.3738008510454E-01
   218 -1151.953860302      1148.04011     -2299.99397     0.3553466884773E-01
   219 -1151.938898466      1148.13881     -2300.07771     0.3482743523646E-01
   220 -1151.937383567      1148.07514     -2300.01252     0.3532982453060E-01
   221 -1151.949180520      1147.87054     -2299.81972     0.3667230338630E-01
   222 -1151.949163894      1147.71809     -2299.66725     0.3834365547826E-01
   223 -1151.940850316      1147.68341     -2299.62426     0.4006186747817E-01
   224 -1151.932009865      1147.74404     -2299.67605     0.4175457802122E-01
   225 -1151.932663711      1147.81837     -2299.75104     0.4358076392266E-01
   226 -1151.949780619      1147.84558     -2299.79536     0.4571554165371E-01
   227 -1151.967302770      1147.88260     -2299.84990     0.4816286495729E-01
   228 -1151.965676806      1147.98772     -2299.95340     0.5072639572016E-01
   229 -1151.954244399      1148.05737     -2300.01161     0.5321056608991E-01
   230 -1151.965108960      1147.93698     -2299.90209     0.5553954165146E-01
   231 -1151.972782785      1147.78724     -2299.76002     0.5748837101023E-01
   232 -1151.965084057      1147.74511     -2299.71019     0.5903337538011E-01
   233 -1151.951675638      1147.80369     -2299.75537     0.6027086291180E-01
   234 -1151.946577075      1147.87665     -2299.82322     0.6149023963848E-01
   235 -1151.959529902      1147.90208     -2299.86161     0.6291202659238E-01
   236 -1151.976799615      1147.94543     -2299.92223     0.6446703113705E-01
   237 -1151.978921801      1148.09119     -2300.07011     0.6610739665845E-01
   238 -1151.961411484      1148.29517     -2300.25658     0.6802939481027E-01
   239 -1151.962890830      1148.33459     -2300.29748     0.7062931766385E-01
   240 -1151.979328886      1148.23382     -2300.21315     0.7389435327395E-01
   241 -1151.978209118      1148.20363     -2300.18184     0.7761773144915E-01
   242 -1151.964990162      1148.27361     -2300.23860     0.8179131752018E-01
   243 -1151.957911298      1148.35251     -2300.31042     0.8675663517320E-01
   244 -1151.969948666      1148.36985     -2300.33979     0.9300567571775E-01
   245 -1151.989581184      1148.38926     -2300.37884     0.1002441086800
   246 -1152.002526998      1148.49386     -2300.49639     0.1078979940735
   247 -1151.999995281      1148.68221     -2300.68221     0.1158266191041
   248 -1152.000135551      1148.79243     -2300.79256     0.1245208095024
   249 -1152.026495484      1148.69582     -2300.72231     0.1342928707016
   250 -1152.041378281      1148.58269     -2300.62407     0.1444333661926
   251 -1152.034941261      1148.55213     -2300.58707     0.1539727711569
   252 -1152.027498055      1148.53471     -2300.56220     0.1622813277817
   253 -1152.035634071      1148.46800     -2300.50363     0.1700418519362
   254 -1152.051825979      1148.41614     -2300.46797     0.1777711671577
   255 -1152.068254140      1148.45974     -2300.52800     0.1842010123562
   256 -1152.078815202      1148.63564     -2300.71445     0.1881399900023
   257 -1152.073325807      1148.92468     -2300.99801     0.1912371510492
   258 -1152.067518970      1149.16250     -2301.23002     0.1952348028573
   259 -1152.079087982      1149.22961     -2301.30870     0.2000005013951
   260 -1152.064094176      1149.31609     -2301.38018     0.2033922618892
   261 -1152.028790935      1149.44293     -2301.47172     0.2041443881656
   262 -1152.003111941      1149.51292     -2301.51604     0.2021671644632
   263 -1151.990255296      1149.54159     -2301.53184     0.1989872187621
   264 -1151.989545358      1149.57463     -2301.56418     0.1974555690326
   265 -1152.001315789      1149.62430     -2301.62562     0.1965233591102
   266 -1152.017731870      1149.68011     -2301.69784     0.1953756325386
   267 -1152.027679079      1149.69053     -2301.71821     0.1943359606516
   268 -1152.045990928      1149.50770     -2301.55369     0.1931021081062
   269 -1152.064448485      1149.16145     -2301.22590     0.1918418373980
   270 -1152.059696808      1148.812313350     -2300.872010157
$end
