$energy      SCF               SCFKIN            SCFPOT
     1 -1152.063912619      1148.67662     -2300.74054     0.1938347481628
     2 -1152.064170760      1148.65911     -2300.72328     0.1919925102159
     3 -1152.068159048      1148.66545     -2300.73361     0.1890268790660
     4 -1152.073769673      1148.68059     -2300.75436     0.1850745494711
     5 -1152.074681270      1148.69000     -2300.76468     0.1800650222487
     6 -1152.072873850      1148.64132     -2300.71419     0.1738691883613
     7 -1152.075314879      1148.48884     -2300.56415     0.1666025823078
     8 -1152.075365206      1148.28478     -2300.36015     0.1585892985039
     9 -1152.069828725      1148.09234     -2300.16217     0.1501297585368
    10 -1152.061876600      1147.94523     -2300.00711     0.1417240086545
    11 -1152.055039216      1147.84964     -2299.90468     0.1337653297571
    12 -1152.051432479      1147.79439     -2299.84582     0.1264729331239
    13 -1152.048018114      1147.77255     -2299.82056     0.1199643299768
    14 -1152.039938322      1147.76689     -2299.80683     0.1142974194596
    15 -1152.033206388      1147.71671     -2299.74992     0.1095532856493
    16 -1152.030928257      1147.59957     -2299.63050     0.1057959392337
    17 -1152.026062539      1147.46861     -2299.49467     0.1028896484407
    18 -1152.018656919      1147.36388     -2299.38254     0.1005276515988
    19 -1152.011863267      1147.30203     -2299.31389     0.9850814968668E-01
    20 -1152.008328671      1147.28179     -2299.29012     0.9672837393295E-01
    21 -1152.008849935      1147.29470     -2299.30355     0.9515039714464E-01
    22 -1152.008605741      1147.34106     -2299.34967     0.9377969744280E-01
    23 -1152.003898871      1147.40019     -2299.40409     0.9268545239805E-01
    24 -1152.001970348      1147.40869     -2299.41066     0.9196244946271E-01
    25 -1152.003636092      1147.35611     -2299.35975     0.9152816307287E-01
    26 -1152.002139232      1147.29556     -2299.29770     0.9107937612578E-01
    27 -1151.997813577      1147.26144     -2299.25926     0.9042318479512E-01
    28 -1151.993526624      1147.26569     -2299.25922     0.8948369726644E-01
    29 -1151.992161718      1147.30508     -2299.29724     0.8825636152048E-01
    30 -1151.993865879      1147.37680     -2299.37066     0.8675919047395E-01
    31 -1151.993035493      1147.48873     -2299.48177     0.8506258765467E-01
    32 -1151.987462760      1147.61874     -2299.60620     0.8331627440447E-01
    33 -1151.986028730      1147.69932     -2299.68535     0.8171243343821E-01
    34 -1151.989279788      1147.71850     -2299.70778     0.8025825513238E-01
    35 -1151.989487934      1147.72800     -2299.71749     0.7876297498407E-01
    36 -1151.986324048      1147.75941     -2299.74574     0.7706706536684E-01
    37 -1151.983045638      1147.81868     -2299.80172     0.7523847605841E-01
    38 -1151.983296653      1147.90030     -2299.88359     0.7335536759853E-01
    39 -1151.986673373      1148.01002     -2299.99670     0.7148463827812E-01
    40 -1151.987243866      1148.16448     -2300.15173     0.6966618318203E-01
    41 -1151.982716586      1148.34322     -2300.32594     0.6801450187959E-01
    42 -1151.981359730      1148.47258     -2300.45394     0.6666658386248E-01
    43 -1151.984216777      1148.52765     -2300.51187     0.6555885901673E-01
    44 -1151.982491346      1148.55767     -2300.54016     0.6441374330314E-01
    45 -1151.975770630      1148.59198     -2300.56775     0.6302747109411E-01
    46 -1151.969411640      1148.62902     -2300.59843     0.6138158871812E-01
    47 -1151.967839583      1148.66410     -2300.63194     0.5950828275671E-01
    48 -1151.969095807      1148.71515     -2300.68424     0.5739412739995E-01
    49 -1151.966890034      1148.80115     -2300.76804     0.5501965114754E-01
    50 -1151.960259847      1148.89015     -2300.85041     0.5253431277836E-01
    51 -1151.958860432      1148.90096     -2300.85982     0.5015277556183E-01
    52 -1151.961562371      1148.82454     -2300.78610     0.4786080521298E-01
    53 -1151.958774571      1148.72046     -2300.67924     0.4541095743047E-01
    54 -1151.952352335      1148.61073     -2300.56308     0.4268029147732E-01
    55 -1151.948898307      1148.49246     -2300.44136     0.3976623307319E-01
    56 -1151.950389894      1148.37971     -2300.33010     0.3678457737134E-01
    57 -1151.952286839      1148.30767     -2300.25996     0.3376371965419E-01
    58 -1151.948891469      1148.29155     -2300.24045     0.3075471841897E-01
    59 -1151.942758835      1148.28164     -2300.22440     0.2791472733242E-01
    60 -1151.943555961      1148.20225     -2300.14581     0.2540316072063E-01
    61 -1151.944488122      1148.07608     -2300.02057     0.2314972671183E-01
    62 -1151.938199133      1147.95500     -2299.89320     0.2099183297186E-01
    63 -1151.930213046      1147.84188     -2299.77209     0.1890869578615E-01
    64 -1151.926725718      1147.73327     -2299.66000     0.1693526933848E-01
    65 -1151.927076222      1147.65468     -2299.58176     0.1507267443784E-01
    66 -1151.926422491      1147.63674     -2299.56317     0.1346072065099E-01
    67 -1151.919545788      1147.67953     -2299.59908     0.1191740010670E-01
    68 -1151.913324536      1147.71381     -2299.62714     0.1088952396310E-01
    69 -1151.916076628      1147.67770     -2299.59377     0.1056699522164E-01
    70 -1151.915987222      1147.62564     -2299.54163     0.1083082241454E-01
    71 -1151.908568716      1147.59937     -2299.50794     0.1145218001835E-01
    72 -1151.901633471      1147.58024     -2299.48187     0.1226821483483E-01
    73 -1151.901275519      1147.55290     -2299.45418     0.1315627405756E-01
    74 -1151.905225914      1147.54439     -2299.44962     0.1402071382315E-01
    75 -1151.907539105      1147.59220     -2299.49974     0.1483697744193E-01
    76 -1151.904124541      1147.69726     -2299.60138     0.1562780636810E-01
    77 -1151.900524363      1147.79560     -2299.69613     0.1650268807905E-01
    78 -1151.906247413      1147.81980     -2299.72605     0.1755680359925E-01
    79 -1151.911501095      1147.81215     -2299.72365     0.1866420108454E-01
    80 -1151.909207760      1147.82177     -2299.73098     0.1971006672137E-01
    81 -1151.906037232      1147.83458     -2299.74062     0.2070517399756E-01
    82 -1151.908127390      1147.83689     -2299.74502     0.2166223893927E-01
    83 -1151.913743949      1147.85682     -2299.77057     0.2258317215671E-01
    84 -1151.918828295      1147.93267     -2299.85149     0.2348201727307E-01
    85 -1151.919878207      1148.07725     -2299.99712     0.2443251562152E-01
    86 -1151.917167873      1148.25484     -2300.17201     0.2559094068711E-01
    87 -1151.920592158      1148.38373     -2300.30433     0.2713666675605E-01
    88 -1151.928340473      1148.45077     -2300.37911     0.2914452638174E-01
    89 -1151.927842150      1148.51374     -2300.44159     0.3154322218479E-01
    90 -1151.922648506      1148.57670     -2300.49935     0.3426290367970E-01
    91 -1151.920478413      1148.62663     -2300.54711     0.3724792769375E-01
    92 -1151.921741914      1148.68604     -2300.60778     0.4044195538047E-01
    93 -1151.924502408      1148.78502     -2300.70952     0.4379156164723E-01
    94 -1151.925999736      1148.93326     -2300.85925     0.4730002381875E-01
    95 -1151.923939610      1149.10084     -2301.02478     0.5109416395493E-01
    96 -1151.927687062      1149.19568     -2301.12337     0.5538307720274E-01
    97 -1151.940366092      1149.17628     -2301.11665     0.6020188437314E-01
    98 -1151.947503625      1149.11028     -2301.05779     0.6531587795868E-01
    99 -1151.951096084      1149.01944     -2300.97053     0.7050365373142E-01
   100 -1151.958431172      1148.90118     -2300.85961     0.7552821823449E-01
   101 -1151.969590590      1148.78197     -2300.75156     0.8019985913633E-01
   102 -1151.982205005      1148.69463     -2300.67683     0.8434322714910E-01
   103 -1151.992036203      1148.65606     -2300.64809     0.8808306375823E-01
   104 -1151.996632559      1148.63789     -2300.63453     0.9213929645871E-01
   105 -1152.007836143      1148.54759     -2300.55542     0.9719902370678E-01
   106 -1152.024610359      1148.37663     -2300.40124     0.1035350835971
   107 -1152.032845738      1148.20447     -2300.23731     0.1113251547010
   108 -1152.037830913      1148.04582     -2300.08365     0.1208336982885
   109 -1152.045929501      1147.90562     -2299.95155     0.1320047249833
   110 -1152.056507860      1147.81772     -2299.87423     0.1436198457395
   111 -1152.065893922      1147.82281     -2299.88871     0.1512552419616
   112 -1152.067153937      1147.94604     -2300.01319     0.1527508582100
   113 -1152.059369690      1148.15004     -2300.20941     0.1517804404440
   114 -1152.054158784      1148.34586     -2300.40002     0.1502525243280
   115 -1152.039640867      1148.55989     -2300.59953     0.1487120488030
   116 -1152.005862142      1148.83416     -2300.84002     0.1472125878405
   117 -1151.963861080      1149.12264     -2301.08650     0.1457188119164
   118 -1151.926309063      1149.36749     -2301.29380     0.1440879263441
   119 -1151.904288756      1149.52931     -2301.43360     0.1420602188340
   120 -1151.903288999      1149.58964     -2301.49293     0.1396776349984
   121 -1151.918422586      1149.54028     -2301.45870     0.1373094243501
   122 -1151.949298044      1149.33330     -2301.28260     0.1351991841473
   123 -1151.993419618      1148.96254     -2300.95596     0.1335290216671
   124 -1152.026738432      1148.55968     -2300.58642     0.1325040059096
   125 -1152.045367227      1148.20582     -2300.25119     0.1323510828205
   126 -1152.056486346      1147.93059     -2299.98708     0.1332178729317
   127 -1152.063979735      1147.75587     -2299.81985     0.1349358890482
   128 -1152.069039899      1147.69450     -2299.76354     0.1366403356515
   129 -1152.068304914      1147.74733     -2299.81563     0.1363103691996
   130 -1152.058962412      1147.87464     -2299.93360     0.1318003484319
   131 -1152.054137976      1147.96704     -2300.02118     0.1247116825295
   132 -1152.054498034      1147.99800     -2300.05250     0.1177959048193
   133 -1152.046391756      1148.03921     -2300.08560     0.1118059247549
   134 -1152.034241532      1148.10763     -2300.14187     0.1067285105732
   135 -1152.023875352      1148.20443     -2300.22831     0.1020754349146
   136 -1152.016539382      1148.34166     -2300.35820     0.9624384597913E-01
   137 -1152.010010690      1148.53332     -2300.54333     0.8972823526806E-01
   138 -1151.997600983      1148.78205     -2300.77965     0.8348215663649E-01
   139 -1151.979440616      1149.02922     -2301.00866     0.7789034737337E-01
   140 -1151.970421339      1149.16655     -2301.13697     0.7318558332543E-01
   141 -1151.962463204      1149.21681     -2301.17927     0.6922957704114E-01
   142 -1151.947494855      1149.24542     -2301.19292     0.6560128779222E-01
   143 -1151.933733870      1149.25558     -2301.18931     0.6206686988073E-01
   144 -1151.926546276      1149.24842     -2301.17497     0.5851552671397E-01
   145 -1151.926275105      1149.23736     -2301.16364     0.5483050426559E-01
   146 -1151.928457484      1149.24002     -2301.16848     0.5107554826787E-01
   147 -1151.925735422      1149.25313     -2301.17887     0.4735088217129E-01
   148 -1151.924551898      1149.19916     -2301.12371     0.4395897338938E-01
   149 -1151.934769437      1149.01609     -2300.95085     0.4108369681797E-01
   150 -1151.939798477      1148.79323     -2300.73302     0.3856735357215E-01
   151 -1151.937517958      1148.58344     -2300.52095     0.3616462911032E-01
   152 -1151.935925954      1148.39057     -2300.32650     0.3378262305859E-01
   153 -1151.937480116      1148.22524     -2300.16272     0.3140679170915E-01
   154 -1151.940325294      1148.10750     -2300.04782     0.2897714317811E-01
   155 -1151.938746250      1148.05349     -2299.99223     0.2654657843340E-01
   156 -1151.928765439      1148.03858     -2299.96734     0.2427831402494E-01
   157 -1151.924191864      1147.96175     -2299.88594     0.2241210040893E-01
   158 -1151.927180872      1147.80581     -2299.73299     0.2099891681124E-01
   159 -1151.921330411      1147.66517     -2299.58650     0.1980692405989E-01
   160 -1151.910634987      1147.55968     -2299.47032     0.1865818013493E-01
   161 -1151.903458944      1147.47656     -2299.38002     0.1751837693147E-01
   162 -1151.901295348      1147.42088     -2299.32218     0.1637970545898E-01
   163 -1151.901143348      1147.41022     -2299.31136     0.1518925738418E-01
   164 -1151.896424394      1147.45540     -2299.35182     0.1403590522862E-01
   165 -1151.886742142      1147.51206     -2299.39880     0.1314535620785E-01
   166 -1151.888446869      1147.47844     -2299.36688     0.1274250855773E-01
   167 -1151.894341186      1147.38885     -2299.28319     0.1281828320215E-01
   168 -1151.890983563      1147.33354     -2299.22452     0.1315133102173E-01
   169 -1151.885903208      1147.31303     -2299.19894     0.1364582476799E-01
   170 -1151.886577767      1147.30898     -2299.19556     0.1428097565944E-01
   171 -1151.892850945      1147.32914     -2299.22199     0.1501351386464E-01
   172 -1151.900095301      1147.39519     -2299.29529     0.1583041285318E-01
   173 -1151.900884356      1147.51577     -2299.41665     0.1678951642978E-01
   174 -1151.899293505      1147.62750     -2299.52679     0.1810189863074E-01
   175 -1151.911302251      1147.64068     -2299.55198     0.1994626869645E-01
   176 -1151.921576143      1147.63237     -2299.55394     0.2217368807604E-01
   177 -1151.921896963      1147.67815     -2299.60005     0.2466103145365E-01
   178 -1151.921797786      1147.76239     -2299.68419     0.2732910878545E-01
   179 -1151.926894165      1147.86599     -2299.79288     0.3015881709195E-01
   180 -1151.935465494      1147.99895     -2299.93441     0.3309401257063E-01
   181 -1151.941143016      1148.18327     -2300.12442     0.3609681523640E-01
   182 -1151.936617168      1148.41446     -2300.35108     0.3920472882158E-01
   183 -1151.932725154      1148.59851     -2300.53124     0.4268883046702E-01
   184 -1151.940381262      1148.67486     -2300.61524     0.4665591425637E-01
   185 -1151.939735348      1148.74989     -2300.68962     0.5081793941953E-01
   186 -1151.930052186      1148.86926     -2300.79931     0.5503400081852E-01
   187 -1151.922756547      1148.99740     -2300.92016     0.5925135266269E-01
   188 -1151.923297542      1149.10600     -2301.02930     0.6351165070445E-01
   189 -1151.929538822      1149.19786     -2301.12740     0.6773816265912E-01
   190 -1151.933846356      1149.28997     -2301.22382     0.7191345652062E-01
   191 -1151.931820195      1149.35996     -2301.29178     0.7626415432080E-01
   192 -1151.940683807      1149.30271     -2301.24339     0.8117846421493E-01
   193 -1151.960484858      1149.12890     -2301.08938     0.8659348788046E-01
   194 -1151.972368716      1148.96656     -2300.93892     0.9213127015796E-01
   195 -1151.979887044      1148.84681     -2300.82670     0.9749074222636E-01
   196 -1151.991475467      1148.74192     -2300.73340     0.1026158095975
   197 -1152.009439334      1148.63181     -2300.64125     0.1074587145392
   198 -1152.028614814      1148.53099     -2300.55961     0.1121664374641
   199 -1152.039252583      1148.46678     -2300.50603     0.1173130829097
   200 -1152.040399767      1148.41132     -2300.45172     0.1235613403394
   201 -1152.051776242      1148.26942     -2300.32120     0.1314375178281
   202 -1152.067272909      1148.09307     -2300.16034     0.1409306347238
   203 -1152.071621711      1148.00080     -2300.07243     0.1515971465351
   204 -1152.069502333      1148.01005     -2300.07956     0.1620125654399
   205 -1152.067754647      1148.08930     -2300.15706     0.1623648987516
   206 -1152.067373504      1148.22022     -2300.28760     0.1583089403390
   207 -1152.061309617      1148.42202     -2300.48333     0.1545000214908
   208 -1152.038466843      1148.71863     -2300.75710     0.1509467875405
   209 -1151.998960042      1149.05849     -2301.05745     0.1480693314798
   210 -1151.964843578      1149.30949     -2301.27434     0.1465459665875
   211 -1151.937534714      1149.46140     -2301.39893     0.1463979630011
   212 -1151.912699930      1149.56446     -2301.47716     0.1470008898854
   213 -1151.903282661      1149.58361     -2301.48690     0.1480248590703
   214 -1151.918633920      1149.46404     -2301.38267     0.1494748087877
   215 -1151.954138791      1149.20787     -2301.16200     0.1512595245002
   216 -1151.994729479      1148.88505     -2300.87978     0.1530018137841
   217 -1152.023946658      1148.58870     -2300.61264     0.1540981360013
   218 -1152.035986150      1148.35338     -2300.38937     0.1538641047344
   219 -1152.046885278      1148.11765     -2300.16454     0.1521736935590
   220 -1152.059747071      1147.88833     -2299.94808     0.1494968707483
   221 -1152.059582840      1147.75542     -2299.81500     0.1450272602522
   222 -1152.049514512      1147.72172     -2299.77123     0.1374137928173
   223 -1152.039662541      1147.73483     -2299.77449     0.1270996973115
   224 -1152.034446648      1147.76505     -2299.79950     0.1158796356092
   225 -1152.032304088      1147.82550     -2299.85780     0.1050621909240
   226 -1152.028930872      1147.94620     -2299.97513     0.9527865456627E-01
   227 -1152.019155654      1148.13619     -2300.15535     0.8690567093815E-01
   228 -1152.008183123      1148.33107     -2300.33926     0.8031151593937E-01
   229 -1152.007000225      1148.45048     -2300.45748     0.7556260282420E-01
   230 -1152.001906393      1148.54448     -2300.54639     0.7213187984747E-01
   231 -1151.986709260      1148.65767     -2300.64438     0.6945740653018E-01
   232 -1151.970985541      1148.75834     -2300.72933     0.6741070375064E-01
   233 -1151.961419244      1148.82095     -2300.78237     0.6605823407521E-01
   234 -1151.958054653      1148.86123     -2300.81928     0.6521948519370E-01
   235 -1151.957304769      1148.91447     -2300.87177     0.6444780183603E-01
   236 -1151.952573381      1149.00493     -2300.95750     0.6351338054781E-01
   237 -1151.943664903      1149.09142     -2301.03508     0.6258735766394E-01
   238 -1151.944601000      1149.07777     -2301.02238     0.6191759742045E-01
   239 -1151.947768127      1148.99447     -2300.94223     0.6141667044679E-01
   240 -1151.941918102      1148.91514     -2300.85706     0.6080720128169E-01
   241 -1151.934464104      1148.82881     -2300.76328     0.6000042429132E-01
   242 -1151.933715275      1148.70560     -2300.63931     0.5900136936850E-01
   243 -1151.940383138      1148.55429     -2300.49467     0.5780439171252E-01
   244 -1151.949358172      1148.42041     -2300.36976     0.5639933636168E-01
   245 -1151.952898427      1148.34846     -2300.30136     0.5488033336695E-01
   246 -1151.947991348      1148.32300     -2300.27099     0.5346298025314E-01
   247 -1151.947982179      1148.24680     -2300.19478     0.5237943995873E-01
   248 -1151.952568503      1148.10772     -2300.06028     0.5159815338171E-01
   249 -1151.947856179      1147.98222     -2299.93007     0.5092866281416E-01
   250 -1151.937475609      1147.87467     -2299.81215     0.5043475754767E-01
   251 -1151.929873612      1147.75455     -2299.68442     0.5032383013867E-01
   252 -1151.927738969      1147.62009     -2299.54782     0.5060773204738E-01
   253 -1151.928520907      1147.50702     -2299.43554     0.5104121382454E-01
   254 -1151.928173607      1147.45747     -2299.38564     0.5131850239881E-01
   255 -1151.922479240      1147.48957     -2299.41205     0.5138703624053E-01
   256 -1151.912110171      1147.56658     -2299.47869     0.5151297438732E-01
   257 -1151.907677906      1147.60574     -2299.51342     0.5208154648905E-01
   258 -1151.909826331      1147.58354     -2299.49337     0.5313745348044E-01
   259 -1151.910157231      1147.53126     -2299.44141     0.5437868135958E-01
   260 -1151.909857147      1147.45303     -2299.36289     0.5573838467075E-01
   261 -1151.912466700      1147.35578     -2299.26824     0.5735677466886E-01
   262 -1151.918411944      1147.27308     -2299.19150     0.5926507148615E-01
   263 -1151.927858179      1147.24286     -2299.17072     0.6136543662517E-01
   264 -1151.940905136      1147.28754     -2299.22844     0.6342351387477E-01
   265 -1151.954851147      1147.40888     -2299.36373     0.6538737293423E-01
   266 -1151.966066328      1147.57249     -2299.53855     0.6739795281462E-01
   267 -1151.976698897      1147.70031     -2299.67701     0.6986162702438E-01
   268 -1151.988350526      1147.73780     -2299.72615     0.7303874873377E-01
   269 -1151.995883395      1147.71008     -2299.70596     0.7685597832605E-01
   270 -1151.999135237      1147.66545     -2299.66458     0.8129138653765E-01
   271 -1152.002066965      1147.64510     -2299.64717     0.8665280109668E-01
   272 -1152.008423465      1147.68030     -2299.68872     0.9330804625805E-01
   273 -1152.019746666      1147.79004     -2299.80978     0.1012995998701
   274 -1152.032901844      1147.98083     -2300.01373     0.1103066741487
   275 -1152.041406049      1148.23350     -2300.27490     0.1202198347634
   276 -1152.045875643      1148.47332     -2300.51920     0.1314438867234
   277 -1152.053968556      1148.61651     -2300.67048     0.1444259607998
   278 -1152.060657270      1148.68319     -2300.74385     0.1590235577178
   279 -1152.061766851      1148.74240     -2300.80417     0.1747735781231
   280 -1152.061246386      1148.84063     -2300.90187     0.1894999714068
   281 -1152.062718007      1149.00889     -2301.07161     0.2016034761138
   282 -1152.066230579      1149.26659     -2301.33282     0.2116841734653
   283 -1152.067005358      1149.61817     -2301.68517     0.2190690792766
   284 -1152.057367743      1150.03581     -2302.09318     0.2251443656709
   285 -1152.036339434      1150.43229     -2302.46863     0.2302644083001
   286 -1152.012092764      1150.69844     -2302.71054     0.2333803238042
   287 -1151.985825676      1150.81315     -2302.79897     0.2336343020478
   288 -1151.960655080      1150.80701     -2302.76766     0.2312364710980
   289 -1151.947522308      1150.69832     -2302.64585     0.2274223325628
   290 -1151.953389746      1150.50645     -2302.45984     0.2236194453083
   291 -1151.976101149      1150.25991     -2302.23602     0.2195268154980
   292 -1152.006500511      1149.99058     -2301.99708     0.2135722305543
   293 -1152.033331556      1149.72219     -2301.75552     0.2056559709645
   294 -1152.049022905      1149.45237     -2301.50139     0.1966728960353
   295 -1152.057372641      1149.13836     -2301.19574     0.1875462207009
   296 -1152.066007933      1148.75229     -2300.81830     0.1789713286881
   297 -1152.068757800      1148.35965     -2300.42841     0.1705102134651
   298 -1152.062144594      1148.03635     -2300.09850     0.1579064645504
   299 -1152.050998509      1147.81179     -2299.86279     0.1435554327905
   300 -1152.040743445      1147.68266     -2299.72340     0.1304373748272
   301 -1152.034478668      1147.62701     -2299.66149     0.1186939893652
   302 -1152.032579379      1147.61640     -2299.64898     0.1084002874529
   303 -1152.031138510      1147.62962     -2299.66076     0.9966973021801E-01
   304 -1152.023775926      1147.64668     -2299.67045     0.9260964923911E-01
   305 -1152.012925900      1147.61458     -2299.62750     0.8724530147823E-01
   306 -1152.006134962      1147.49598     -2299.50212     0.8338463491761E-01
   307 -1151.997412156      1147.36046     -2299.35787     0.8057708292458E-01
   308 -1151.983658016      1147.28338     -2299.26704     0.7834133756755E-01
   309 -1151.970243008      1147.28026     -2299.25051     0.7648906940455E-01
   310 -1151.962180327      1147.33289     -2299.29507     0.7497826999771E-01
   311 -1151.961106049      1147.41700     -2299.37810     0.7307969319805E-01
   312 -1151.963873871      1147.52321     -2299.48708     0.6980337966249E-01
   313 -1151.962926073      1147.65359     -2299.61652     0.6664127348448E-01
   314 -1151.955345324      1147.77873     -2299.73407     0.6403526612047E-01
   315 -1151.950392753      1147.82996     -2299.78035     0.6219618209694E-01
   316 -1151.948028481      1147.81826     -2299.76629     0.6086395892117E-01
   317 -1151.939808112      1147.82785     -2299.76766     0.5964718464839E-01
   318 -1151.928291860      1147.89164     -2299.81993     0.5847387941820E-01
   319 -1151.919879451      1147.99346     -2299.91334     0.5758695308642E-01
   320 -1151.917807958      1148.10862     -2300.02643     0.5714358933641E-01
   321 -1151.920394070      1148.22753     -2300.14793     0.5696133863342E-01
   322 -1151.921952905      1148.35433     -2300.27628     0.5671780701635E-01
   323 -1151.917450853      1148.48357     -2300.40102     0.5621303149003E-01
   324 -1151.908860764      1148.58149     -2300.49035     0.5549262414574E-01
   325 -1151.903866889      1148.61229     -2300.51616     0.5469077647840E-01
   326 -1151.901904297      1148.60043     -2300.50233     0.5378149524040E-01
   327 -1151.898941788      1148.59301     -2300.49195     0.5270803967361E-01
   328 -1151.897005036      1148.59917     -2300.49617     0.5161335503344E-01
   329 -1151.898927191      1148.60861     -2300.50753     0.5073155208913E-01
   330 -1151.904522393      1148.61904     -2300.52356     0.5006872724384E-01
   331 -1151.911811721      1148.63686     -2300.54867     0.4936702231288E-01
   332 -1151.919113841      1148.66579     -2300.58491     0.4842855568636E-01
   333 -1151.924651681      1148.70171     -2300.62636     0.4726693160896E-01
   334 -1151.927762572      1148.72562     -2300.65339     0.4602640957346E-01
   335 -1151.930719425      1148.70874     -2300.63946     0.4484970362550E-01
   336 -1151.932408327      1148.65360     -2300.58601     0.4382918717931E-01
   337 -1151.930816060      1148.58674     -2300.51756     0.4305603986837E-01
   338 -1151.928669498      1148.51904     -2300.44771     0.4260246171889E-01
   339 -1151.929555545      1148.45004     -2300.37959     0.4253515844256E-01
   340 -1151.934757001      1148.38115     -2300.31591     0.4282852434333E-01
   341 -1151.943572199      1148.31645     -2300.26003     0.4336548153754E-01
   342 -1151.952888812      1148.26214     -2300.21502     0.4409147442927E-01
   343 -1151.958865701      1148.21555     -2300.17441     0.4511804492200E-01
   344 -1151.963713963      1148.14564     -2300.10935     0.4668717184130E-01
   345 -1151.970061150      1148.03604     -2300.00610     0.4895191250225E-01
   346 -1151.974155662      1147.91938     -2299.89354     0.5186491156132E-01
   347 -1151.976062231      1147.82295     -2299.79902     0.5534043607307E-01
   348 -1151.979296441      1147.75337     -2299.73266     0.5940021018424E-01
   349 -1151.985680935      1147.71227     -2299.69795     0.6416903380510E-01
   350 -1151.995384445      1147.69892     -2299.69430     0.6955047447362E-01
   351 -1152.006375103      1147.71320     -2299.71958     0.7479785481969E-01
   352 -1152.014004814      1147.75235     -2299.76636     0.7951181486128E-01
   353 -1152.017246926      1147.78878     -2299.80603     0.8467517370594E-01
   354 -1152.020294577      1147.78396     -2299.80425     0.9093509360932E-01
   355 -1152.022698608      1147.74784     -2299.77054     0.9840209157251E-01
   356 -1152.022323008      1147.72029     -2299.74261     0.1069177778088
   357 -1152.020788001      1147.72505     -2299.74584     0.1162951827750
   358 -1152.020274777      1147.77063     -2299.79090     0.1263733292452
   359 -1152.022522101      1147.85520     -2299.87772     0.1353627595000
   360 -1152.027708356      1147.97811     -2300.00582     0.1346820575613
   361 -1152.032190062      1148.14934     -2300.18153     0.1334544710701
   362 -1152.031378711      1148.36953     -2300.40091     0.1334201622296
   363 -1152.028833081      1148.59127     -2300.62010     0.1348841190833
   364 -1152.031552751      1148.75808     -2300.78964     0.1379340308500
   365 -1152.028787163      1148.91055     -2300.93933     0.1422690258928
   366 -1152.012115006      1149.10763     -2301.11975     0.1474127069773
   367 -1151.987194515      1149.34485     -2301.33205     0.1527762239115
   368 -1151.964984209      1149.57536     -2301.54034     0.1574445466252
   369 -1151.955427345      1149.75113     -2301.70656     0.1610770678643
   370 -1151.962386218      1149.85275     -2301.81513     0.1657422433905
   371 -1151.981752402      1149.88620     -2301.86795     0.1725619888843
   372 -1152.005047606      1149.84964     -2301.85469     0.1800838945982
   373 -1152.032371960      1149.69738     -2301.72975     0.1870963242756
   374 -1152.062992588      1149.42790     -2301.49089     0.1933652990555
   375 -1152.082141363      1149.14686     -2301.22900     0.1988463264397
   376 -1152.086798700      1148.92952     -2301.01632     0.2032649913148
   377 -1152.084135340      1148.78976     -2300.87390     0.2054596636407
   378 -1152.080571694      1148.71960     -2300.80017     0.2024967754620
   379 -1152.077395005      1148.71744     -2300.79484     0.1919227982028
   380 -1152.070602550      1148.78651     -2300.85712     0.1780919668211
   381 -1152.054332133      1148.90657     -2300.96090     0.1645004713900
   382 -1152.035585991      1148.98722     -2301.02281     0.1523187695380
   383 -1152.024942806      1148.955589312     -2300.980532118
$end
