$coord
  -12.87231949794280      6.53765797891806      0.00554351161082      o
  -10.81234737082765      5.42492146940557      0.00252939842887      c
   -8.38069559310156      6.69947655048535      0.00864814267454      c
   -6.14747091747949      5.36742466208639      0.00500286096420      c
   -6.11147843766209      2.64727746633809     -0.00512739391636      c
   -8.45412940576243      1.32936564270106     -0.01140600899287      c
  -10.66227798251896      2.65482578840329     -0.00773861748678      c
   -3.05337337619898      6.47074258757997      0.01097496246196      s
   -2.00003908486546      3.29684172273509     -0.00024112905456      c
   -3.81870376727745      1.59454165127085     -0.00768400440154      n
    0.60143878994341      2.67691668689673     -0.00096678388958      c
    1.44439383932765     -0.58242209792295     -0.01254267926180      s
    2.43735818372956      4.32763498281032      0.00631697651701      n
    4.79140079890416      3.25254578628979      0.00380836507560      c
    4.72369795868649      0.34060367127347     -0.00705207998270      c
    5.70931901630862     -0.37068962308991      1.67559049332941      h
    5.71149371314235     -0.35815866013014     -1.69366969221534      h
    6.78918751919183      4.38140751786681      0.00925209914661      o
   -8.34232111349367     10.26694973216326      0.02205178116248      br
   -8.42325392636767     -0.73346564005314     -0.01906015572151      h
  -12.48528412174865      1.68768644133340     -0.01240605206239      h
$redundant
     number_of_atoms            21
     degrees_of_freedom         57
     internal_coordinates       57
     frozen_coordinates          0
# definitions of redundant internals
   1 k  1.0000000000000 stre    2    1           val=   2.34130
   2 k  0.7071067811866 bend    3    1    2      val=   1.24203
       -0.7071067811865 bend    7    1    2
   3 k  1.0000000000000 outp    1    7    3    2 val=   0.00011
   4 k  1.0000000000000 stre   15   16           val=   2.07573
   5 k  1.0000000000000 stre   15   17           val=   2.07574
   6 k  0.0044262308481 bend   17   16   15      val=   1.26538
       -0.4901047098907 bend   12   16   15
       -0.4901228188991 bend   12   17   15
        0.5096900855702 bend   14   16   15
        0.5096797238358 bend   14   17   15
   7 k  0.0000217345268 bend   17   16   15      val=   0.00030
        0.4581882837683 bend   12   16   15
       -0.4581802638547 bend   12   17   15
        0.5385689911376 bend   14   16   15
       -0.5385886962647 bend   14   17   15
   8 k -0.8890464733354 bend   17   16   15      val=   2.51839
        0.2314217137708 bend   12   16   15
        0.2313930104180 bend   12   17   15
        0.2263901627153 bend   14   16   15
        0.2263738668677 bend   14   17   15
   9 k -0.0000058345837 bend   17   16   15      val=   0.00093
       -0.5385782085219 bend   12   16   15
        0.5385794789932 bend   12   17   15
        0.4581898206829 bend   14   16   15
       -0.4581787274649 bend   14   17   15
  10 k  1.0000000000000 stre   14   18           val=   2.29467
  11 k  0.7071067811878 bend   13   18   14      val=   2.59182
       -0.7071067811853 bend   15   18   14
  12 k  1.0000000000000 outp   18   15   13   14 val=   0.00026
  13 k  1.0000000000000 stre    3   19           val=   3.56770
  14 k  0.7071067812714 bend    4   19    3      val=   0.96034
       -0.7071067811017 bend    2   19    3
  15 k  1.0000000000000 outp   19    2    4    3 val=   0.00280
  16 k  1.0000000000000 stre    6   20           val=   2.06308
  17 k  0.7071067811915 bend    7   20    6      val=   1.66428
       -0.7071067811816 bend    5   20    6
  18 k  1.0000000000000 outp   20    5    7    6 val=   0.00080
  19 k  1.0000000000000 stre    7   21           val=   2.06367
  20 k  0.7071067811878 bend    6   21    7      val=   3.11605
       -0.7071067811853 bend    2   21    7
  21 k  1.0000000000000 outp   21    2    6    7 val=  -0.00031
  22 k  1.0000000000000 stre   11   13           val=   2.46891
  23 k  1.0000000000000 stre   13   14           val=   2.58792
  24 k  1.0000000000000 stre   14   15           val=   2.91275
  25 k  1.0000000000000 stre   15   12           val=   3.40673
  26 k  1.0000000000000 stre   12   11           val=   3.36660
  27 k -0.8090169943749 bend   11   14   13      val=   6.76200
        0.3090169943749 bend   13   15   14
        0.3090169943749 bend   14   12   15
       -0.8090169943749 bend   15   11   12
        1.0000000000000 bend   12   13   11
  28 k  0.5877852522925 bend   11   14   13      val=   2.81587
       -0.9510565162952 bend   13   15   14
        0.9510565162952 bend   14   12   15
       -0.5877852522925 bend   15   11   12
  29 k -0.8090169943749 tors   14   15   12   11 val=  -0.00010
        0.3090169943749 tors   15   12   11   13
        0.3090169943749 tors   12   11   13   14
       -0.8090169943749 tors   11   13   14   15
        1.0000000000000 tors   13   14   15   12
  30 k  0.5877852522925 tors   14   15   12   11 val=  -0.00009
       -0.9510565162952 tors   15   12   11   13
        0.9510565162952 tors   12   11   13   14
       -0.5877852522925 tors   11   13   14   15
  31 k  1.0000000000000 tors   13   11    9    8 val=  89.99947
        1.0000000000000 tors   13   11    9   10
        1.0000000000000 tors   12   11    9    8
        1.0000000000000 tors   12   11    9   10
  32 k  0.7071067813567 bend    9   13   11      val=   3.36650
       -0.7071067810164 bend    9   12   11
  33 k  1.0000000000000 outp   13    9   12   11 val=   0.00123
  34 k  1.0000000000000 stre    4    3           val=   2.60032
  35 k  1.0000000000000 stre    3    2           val=   2.74544
  36 k  1.0000000000000 stre    2    7           val=   2.77418
  37 k  1.0000000000000 stre    7    6           val=   2.57542
  38 k  1.0000000000000 stre    6    5           val=   2.68793
  39 k -0.5000000000000 bend    5    3    4      val=  -2.56358
       -0.5000000000000 bend    4    2    3
        1.0000000000000 bend    3    7    2
       -0.5000000000000 bend    2    6    7
       -0.5000000000000 bend    7    5    6
        1.0000000000000 bend    6    4    5
  40 k  0.8660254037844 bend    5    3    4      val=   1.11527
       -0.8660254037844 bend    4    2    3
        0.8660254037844 bend    2    6    7
       -0.8660254037844 bend    7    5    6
  41 k -1.0000000000000 bend    5    3    4      val=   1.40075
        1.0000000000000 bend    4    2    3
       -1.0000000000000 bend    3    7    2
        1.0000000000000 bend    2    6    7
       -1.0000000000000 bend    7    5    6
        1.0000000000000 bend    6    4    5
  42 k -0.5000000000000 tors    4    3    2    7 val=   0.00062
       -0.5000000000000 tors    3    2    7    6
        1.0000000000000 tors    2    7    6    5
       -0.5000000000000 tors    7    6    5    4
       -0.5000000000000 tors    6    5    4    3
        1.0000000000000 tors    5    4    3    2
  43 k  0.8660254037844 tors    4    3    2    7 val=  -0.00077
       -0.8660254037844 tors    3    2    7    6
        0.8660254037844 tors    7    6    5    4
       -0.8660254037844 tors    6    5    4    3
  44 k -1.0000000000000 tors    4    3    2    7 val=   0.00112
        1.0000000000000 tors    3    2    7    6
       -1.0000000000000 tors    2    7    6    5
        1.0000000000000 tors    7    6    5    4
       -1.0000000000000 tors    6    5    4    3
        1.0000000000000 tors    5    4    3    2
  45 k  1.0000000000000 tors   10    5    4    6 val= 180.00067
        1.0000000000000 tors    8    5    4    3
  46 k  1.0000000000000 stre    9   11           val=   2.67432
  47 k  0.7071067812016 bend   10   11    9      val=   0.86312
       -0.7071067811715 bend    8   11    9
  48 k  1.0000000000000 outp   11    8   10    9 val=   0.00066
  49 k  1.0000000000000 stre    4    5           val=   2.72040
  50 k  1.0000000000000 stre    5   10           val=   2.52291
  51 k  1.0000000000000 stre   10    9           val=   2.49107
  52 k  1.0000000000000 stre    9    8           val=   3.34414
  53 k  1.0000000000000 stre    8    4           val=   3.28493
  54 k -0.8090169943749 bend    4   10    5      val=   4.27792
        0.3090169943749 bend    5    9   10
        0.3090169943749 bend   10    8    9
       -0.8090169943749 bend    9    4    8
        1.0000000000000 bend    8    5    4
  55 k  0.5877852522925 bend    4   10    5      val=   5.87473
       -0.9510565162952 bend    5    9   10
        0.9510565162952 bend   10    8    9
       -0.5877852522925 bend    9    4    8
  56 k -0.8090169943749 tors   10    9    8    4 val=  -0.00000
        0.3090169943749 tors    9    8    4    5
        0.3090169943749 tors    8    4    5   10
       -0.8090169943749 tors    4    5   10    9
        1.0000000000000 tors    5   10    9    8
  57 k  0.5877852522925 tors   10    9    8    4 val=  -0.00004
       -0.9510565162952 tors    9    8    4    5
        0.9510565162952 tors    8    4    5   10
       -0.5877852522925 tors    4    5   10    9
        57 non zero eigenvalues  of BmBt
           1          10.074492295    1    0
         1
           2           5.603041151    2    0
         2
           3           5.180060791    3    0
         3
           4           5.008778544    4    0
         4
           5           4.380568348    5    0
         5
           6           4.087768200    6    0
         6
           7           4.066293380    7    0
         7
           8           3.974914978    8    0
         8
           9           3.645656827    9    0
         9
          10           3.465476081   10    0
        10
          11           3.395082618   11    0
        11
          12           3.346654990   12    0
        12
          13           3.329960033   13    0
        13
          14           3.281661205   14    0
        14
          15           3.101140489   15    0
        15
          16           2.945515483   16    0
        16
          17           2.824092630   17    0
        17
          18           2.636780611   18    0
        18
          19           2.597707521   19    0
        19
          20           1.951702431   20    0
        20
          21           1.882383797   21    0
        21
          22           1.835812679   22    0
        22
          23           1.761165611   23    0
        23
          24           1.658823033   24    0
        24
          25           1.567386589   25    0
        25
          26           1.363359778   26    0
        26
          27           1.233786042   27    0
        27
          28           1.168446800   28    0
        28
          29           1.087324393   29    0
        29
          30           0.973494889   30    0
        30
          31           0.869895094   31    0
        31
          32           0.843454771   32    0
        32
          33           0.768734700   33    0
        33
          34           0.751852674   34    0
        34
          35           0.700027017   35    0
        35
          36           0.596641552   36    0
        36
          37           0.483331194   37    0
        37
          38           0.449642485   38    0
        38
          39           0.378645393   39    0
        39
          40           0.362338796   40    0
        40
          41           0.358103007   41    0
        41
          42           0.316913229   42    0
        42
          43           0.301640887   43    0
        43
          44           0.294064052   44    0
        44
          45           0.264734361   45    0
        45
          46           0.264482298   46    0
        46
          47           0.249580959   47    0
        47
          48           0.204287204   48    0
        48
          49           0.164231971   49    0
        49
          50           0.117748109   50    0
        50
          51           0.091928540   51    0
        51
          52           0.068994898   52    0
        52
          53           0.062147508   53    0
        53
          54           0.047897226   54    0
        54
          55           0.038083900   55    0
        55
          56           0.010097148   56    0
        56
          57           0.008297002   57    0
        57
$user-defined bonds
$end
