$energy      SCF               SCFKIN            SCFPOT
     1 -1152.077202618      1147.87273     -2299.94993     0.1682448265783
     2 -1152.083727426      1147.92568     -2300.00941     0.1675392122659
     3 -1152.088845388      1148.02845     -2300.11729     0.1665049241006
     4 -1152.086133251      1148.15635     -2300.24249     0.1650346097317
     5 -1152.082218466      1148.21519     -2300.29741     0.1630524714721
     6 -1152.087460686      1148.13162     -2300.21908     0.1603665415430
     7 -1152.089608673      1147.98862     -2300.07823     0.1570070080855
     8 -1152.082306427      1147.87602     -2299.95833     0.1531307907477
     9 -1152.074008207      1147.81500     -2299.88901     0.1490873428980
    10 -1152.071676429      1147.80213     -2299.87381     0.1450830270749
    11 -1152.075148059      1147.84212     -2299.91727     0.1410115187109
    12 -1152.077474669      1147.94543     -2300.02290     0.1367060798348
    13 -1152.070312511      1148.09236     -2300.16268     0.1321591105793
    14 -1152.060089047      1148.18037     -2300.24046     0.1274429742914
    15 -1152.060804684      1148.11341     -2300.17422     0.1226091007490
    16 -1152.059568143      1147.97516     -2300.03473     0.1177852346713
    17 -1152.048736195      1147.86701     -2299.91575     0.1129052429592
    18 -1152.037491212      1147.81269     -2299.85018     0.1079826381979
    19 -1152.033132519      1147.81023     -2299.84336     0.1030007887137
    20 -1152.034916129      1147.86538     -2299.90030     0.9794875008106E-01
    21 -1152.034519196      1147.98750     -2300.02202     0.9289648918644E-01
    22 -1152.024057349      1148.14383     -2300.16789     0.8799481233289E-01
    23 -1152.014412645      1148.20935     -2300.22377     0.8331483514676E-01
    24 -1152.017487561      1148.10508     -2300.12257     0.7881733665152E-01
    25 -1152.016017948      1147.94617     -2299.96219     0.7455793440875E-01
    26 -1152.005505144      1147.82674     -2299.83224     0.7046098918326E-01
    27 -1151.996140003      1147.76606     -2299.76220     0.6661809672314E-01
    28 -1151.994384379      1147.76287     -2299.75725     0.6305505951595E-01
    29 -1151.998190630      1147.82480     -2299.82299     0.5973261501113E-01
    30 -1151.998260080      1147.95924     -2299.95750     0.5664871877782E-01
    31 -1151.988143329      1148.12095     -2300.10909     0.5383767632596E-01
    32 -1151.981177925      1148.17539     -2300.15657     0.5131346577191E-01
    33 -1151.986235973      1148.06398     -2300.05021     0.4895659149687E-01
    34 -1151.984793944      1147.91529     -2299.90008     0.4679132559697E-01
    35 -1151.974565361      1147.81731     -2299.79188     0.4477945516742E-01
    36 -1151.966239205      1147.78496     -2299.75120     0.4288823328994E-01
    37 -1151.965564208      1147.81537     -2299.78094     0.4102013054341E-01
    38 -1151.969306238      1147.91515     -2299.88445     0.3914560106302E-01
    39 -1151.967969773      1148.08401     -2300.05198     0.3734808546278E-01
    40 -1151.957316159      1148.26158     -2300.21890     0.3582293436137E-01
    41 -1151.951812884      1148.31069     -2300.26250     0.3456516466338E-01
    42 -1151.957764299      1148.19233     -2300.15009     0.3345124046089E-01
    43 -1151.956400198      1148.04463     -2300.00103     0.3247289900500E-01
    44 -1151.946934762      1147.94885     -2299.89578     0.3154175988334E-01
    45 -1151.940479084      1147.91767     -2299.85815     0.3052481610517E-01
    46 -1151.942086811      1147.94822     -2299.89031     0.2934162406027E-01
    47 -1151.947399281      1148.04620     -2299.99360     0.2804270341949E-01
    48 -1151.947179379      1148.20554     -2300.15272     0.2680022649322E-01
    49 -1151.938787381      1148.35683     -2300.29562     0.2578940919056E-01
    50 -1151.936078555      1148.36921     -2300.30529     0.2502966878892E-01
    51 -1151.944042959      1148.21920     -2300.16325     0.2448185067297E-01
    52 -1151.943866704      1148.05302     -2299.99689     0.2399023223347E-01
    53 -1151.935602256      1147.94883     -2299.88443     0.2340677040601E-01
    54 -1151.930645499      1147.91873     -2299.84938     0.2270837972098E-01
    55 -1151.933251702      1147.95852     -2299.89178     0.2187472177773E-01
    56 -1151.938307583      1148.07040     -2300.00871     0.2095594649767E-01
    57 -1151.937580562      1148.23857     -2300.17615     0.2005637114596E-01
    58 -1151.929783796      1148.38645     -2300.31623     0.1936250102306E-01
    59 -1151.926648708      1148.39704     -2300.32369     0.1896741892837E-01
    60 -1151.933760236      1148.25257     -2300.18633     0.1872247130623E-01
    61 -1151.933075417      1148.09911     -2300.03218     0.1851124675974E-01
    62 -1151.924730283      1148.01015     -2299.93488     0.1827754586340E-01
    63 -1151.920229995      1147.99450     -2299.91473     0.1792492364559E-01
    64 -1151.923151499      1148.04191     -2299.96506     0.1770914164232E-01
    65 -1151.925652027      1148.20051     -2300.12616     0.1751054830383E-01
    66 -1151.923106413      1148.36516     -2300.28827     0.1779376073351E-01
    67 -1151.925319339      1148.43305     -2300.35837     0.1880480811896E-01
    68 -1151.926687695      1148.38988     -2300.31656     0.2036791357236E-01
    69 -1151.929944570      1148.25875     -2300.18869     0.2199349082659E-01
    70 -1151.928369498      1148.13431     -2300.06268     0.2335142983909E-01
    71 -1151.924078133      1148.06946     -2299.99354     0.2447315842191E-01
    72 -1151.925886684      1148.06539     -2299.99128     0.2531690543030E-01
    73 -1151.931862710      1148.13345     -2300.06531     0.2586664439307E-01
    74 -1151.933250998      1148.27576     -2300.20901     0.2625046254450E-01
    75 -1151.934471558      1148.41136     -2300.34583     0.2680279513991E-01
    76 -1151.942943200      1148.45609     -2300.39903     0.2780348761192E-01
    77 -1151.941330187      1148.45483     -2300.39616     0.2889761018012E-01
    78 -1151.936932588      1148.39573     -2300.33266     0.2955085312555E-01
    79 -1151.935575356      1148.29516     -2300.23074     0.2974440374444E-01
    80 -1151.932955264      1148.22343     -2300.15639     0.2973054499724E-01
    81 -1151.932824937      1148.21094     -2300.14377     0.2962937728374E-01
    82 -1151.933299979      1148.27748     -2300.21078     0.2945588211013E-01
    83 -1151.928974927      1148.41034     -2300.33931     0.2935398297401E-01
    84 -1151.929868776      1148.51015     -2300.44002     0.2962927197521E-01
    85 -1151.940536385      1148.51975     -2300.46029     0.3039902200880E-01
    86 -1151.937610821      1148.52093     -2300.45854     0.3140824159542E-01
    87 -1151.929488561      1148.48405     -2300.41354     0.3249709040257E-01
    88 -1151.933519163      1148.35702     -2300.29054     0.3362820616723E-01
    89 -1151.940008223      1148.22406     -2300.16406     0.3498490537603E-01
    90 -1151.945333026      1148.15281     -2300.09814     0.3666651095905E-01
    91 -1151.947899071      1148.17255     -2300.12045     0.3857925492168E-01
    92 -1151.945570633      1148.25857     -2300.20414     0.4082201634948E-01
    93 -1151.951887391      1148.30118     -2300.25307     0.4374217140009E-01
    94 -1151.970503897      1148.25904     -2300.22954     0.4755884623799E-01
    95 -1151.975646475      1148.23744     -2300.21308     0.5213036066397E-01
    96 -1151.970531618      1148.22273     -2300.19326     0.5717427085779E-01
    97 -1151.977238648      1148.12228     -2300.09952     0.6222834921420E-01
    98 -1151.989251560      1147.98985     -2299.97911     0.6725998965438E-01
    99 -1151.996899846      1147.91967     -2299.91657     0.7254996743888E-01
   100 -1151.999039344      1147.94615     -2299.94519     0.7830839388281E-01
   101 -1151.996275612      1148.03513     -2300.03141     0.8482352305210E-01
   102 -1152.004861292      1148.06760     -2300.07246     0.9249432607814E-01
   103 -1152.028919722      1148.01043     -2300.03935     0.1012239148450
   104 -1152.041695043      1147.98987     -2300.03156     0.1093433847177
   105 -1152.039491817      1148.02662     -2300.06612     0.1177149618672
   106 -1152.043953571      1148.01132     -2300.05528     0.1274020029111
   107 -1152.061951060      1147.92440     -2299.98635     0.1385399665737
   108 -1152.076209818      1147.88877     -2299.96498     0.1509780363834
   109 -1152.080420389      1147.97524     -2300.05566     0.1633536760081
   110 -1152.076428081      1148.15840     -2300.23482     0.1725578557199
   111 -1152.082439061      1148.32459     -2300.40703     0.1778149476175
   112 -1152.097700576      1148.47181     -2300.56951     0.1809452069330
   113 -1152.092012100      1148.74321     -2300.83523     0.1833167976509
   114 -1152.059425816      1149.15105     -2301.21048     0.1855737809603
   115 -1152.021836460      1149.54884     -2301.57068     0.1880113312699
   116 -1151.992783104      1149.84998     -2301.84276     0.1900442856356
   117 -1151.961305641      1150.11313     -2302.07443     0.1891481626648
   118 -1151.934233743      1150.33751     -2302.27175     0.1842334114759
   119 -1151.927673308      1150.43221     -2302.35989     0.1846972040253
   120 -1151.962199038      1150.27580     -2302.23800     0.1941400624785
   121 -1152.013974871      1149.96655     -2301.98052     0.2018512236604
   122 -1152.046103603      1149.68495     -2301.73105     0.2049841221640
   123 -1152.060340843      1149.44574     -2301.50609     0.2065314976662
   124 -1152.077620731      1149.17371     -2301.25133     0.2081495496298
   125 -1152.090173222      1148.93469     -2301.02487     0.2097110756005
   126 -1152.088375503      1148.81912     -2300.90749     0.2009050276250
   127 -1152.072729292      1148.83256     -2300.90529     0.1854322013501
   128 -1152.053267015      1148.88631     -2300.93958     0.1709773859936
   129 -1152.052184403      1148.85811     -2300.91029     0.1583510689272
   130 -1152.053136919      1148.82122     -2300.87436     0.1473692614678
   131 -1152.037939036      1148.87024     -2300.90817     0.1374049775604
   132 -1152.015922893      1148.94378     -2300.95970     0.1280723399301
   133 -1152.009079742      1148.91330     -2300.92238     0.1192212256698
   134 -1152.012545163      1148.80166     -2300.81421     0.1101739189481
   135 -1152.009344885      1148.71963     -2300.72897     0.1009679191240
   136 -1151.995303943      1148.70478     -2300.70008     0.9226368000205E-01
   137 -1151.980203383      1148.68979     -2300.66999     0.8459579153694E-01
   138 -1151.985615587      1148.57094     -2300.55655     0.7824115375248E-01
   139 -1151.994045707      1148.43726     -2300.43130     0.7292496176986E-01
   140 -1151.987245541      1148.39034     -2300.37759     0.6813227027766E-01
   141 -1151.970718105      1148.38904     -2300.35975     0.6372057115582E-01
   142 -1151.966191957      1148.30239     -2300.26859     0.5948933344719E-01
   143 -1151.974744439      1148.12457     -2300.09931     0.5541691422049E-01
   144 -1151.975788407      1147.98090     -2299.95669     0.5169217868034E-01
   145 -1151.963021148      1147.92514     -2299.88816     0.4836023129027E-01
   146 -1151.947349314      1147.89008     -2299.83743     0.4553742437812E-01
   147 -1151.952351773      1147.76434     -2299.71669     0.4333876616718E-01
   148 -1151.960496568      1147.64121     -2299.60170     0.4159202943285E-01
   149 -1151.954768350      1147.62090     -2299.57567     0.3997794607120E-01
   150 -1151.939367799      1147.66948     -2299.60884     0.3839877411098E-01
   151 -1151.932760304      1147.66021     -2299.59297     0.3684836827964E-01
   152 -1151.942126492      1147.55151     -2299.49364     0.3534735319221E-01
   153 -1151.946395882      1147.46548     -2299.41187     0.3395837125302E-01
   154 -1151.935220361      1147.47444     -2299.40966     0.3272229656603E-01
   155 -1151.920396171      1147.51114     -2299.43153     0.3176509740034E-01
   156 -1151.928190217      1147.45497     -2299.38317     0.3123289361524E-01
   157 -1151.939139112      1147.40815     -2299.34729     0.3095585889424E-01
   158 -1151.938031637      1147.46842     -2299.40645     0.3075054924548E-01
   159 -1151.927939296      1147.60785     -2299.53579     0.3065436577815E-01
   160 -1151.923053071      1147.70897     -2299.63202     0.3067036457936E-01
   161 -1151.937057702      1147.69334     -2299.63040     0.3081585464734E-01
   162 -1151.948159165      1147.67906     -2299.62722     0.3112075511539E-01
   163 -1151.940045171      1147.76543     -2299.70548     0.3163171470318E-01
   164 -1151.927840087      1147.87269     -2299.80053     0.3253735667590E-01
   165 -1151.939782649      1147.87752     -2299.81730     0.3399600049191E-01
   166 -1151.951045298      1147.90609     -2299.85714     0.3569157957333E-01
   167 -1151.950360519      1148.04968     -2300.00004     0.3754201504169E-01
   168 -1151.941564225      1148.27386     -2300.21543     0.3962030307513E-01
   169 -1151.935091136      1148.47022     -2300.40531     0.4195577281228E-01
   170 -1151.947425831      1148.53689     -2300.48431     0.4432861750591E-01
   171 -1151.956734456      1148.57677     -2300.53350     0.4656929776630E-01
   172 -1151.941864015      1148.69857     -2300.64043     0.4888803973915E-01
   173 -1151.927528421      1148.78979     -2300.71731     0.5168107521819E-01
   174 -1151.937996583      1148.75739     -2300.69539     0.5501082184876E-01
   175 -1151.943510292      1148.75896     -2300.70247     0.5829763209965E-01
   176 -1151.942146735      1148.84712     -2300.78926     0.6141196558156E-01
   177 -1151.939167368      1148.97931     -2300.91848     0.6433199881182E-01
   178 -1151.938962232      1149.06946     -2301.00842     0.6725052934905E-01
   179 -1151.956202573      1149.01286     -2300.96906     0.6982595611724E-01
   180 -1151.971459262      1148.88951     -2300.86097     0.7195246350635E-01
   181 -1151.962307667      1148.80213     -2300.76444     0.7435820852578E-01
   182 -1151.964222036      1148.62502     -2300.58924     0.7771126911801E-01
   183 -1151.980901833      1148.38171     -2300.36261     0.8167723408645E-01
   184 -1151.988163634      1148.23082     -2300.21898     0.8550523358509E-01
   185 -1151.992486645      1148.18765     -2300.18014     0.8900783476366E-01
   186 -1151.997245915      1148.21402     -2300.21126     0.9281876813427E-01
   187 -1152.000807710      1148.24888     -2300.24969     0.9750772789171E-01
   188 -1152.014770085      1148.19232     -2300.20709     0.1027413289599
   189 -1152.028315404      1148.07585     -2300.10417     0.1084361890198
   190 -1152.020844833      1147.98573     -2300.00657     0.1153903992789
   191 -1152.026855686      1147.81465     -2299.84151     0.1242796378563
   192 -1152.039681742      1147.64129     -2299.68097     0.1346167359377
   193 -1152.043533627      1147.59683     -2299.64037     0.1457604527144
   194 -1152.047502895      1147.67645     -2299.72396     0.1437320893704
   195 -1152.054866088      1147.84190     -2299.89677     0.1423636332225
   196 -1152.059689467      1148.06358     -2300.12327     0.1419403502977
   197 -1152.064261952      1148.28073     -2300.34499     0.1427080980916
   198 -1152.065433230      1148.48085     -2300.54629     0.1446888865180
   199 -1152.043091093      1148.72678     -2300.76987     0.1469984658382
   200 -1152.023892245      1148.92378     -2300.94767     0.1481682058769
   201 -1152.005423563      1149.10766     -2301.11308     0.1475922050059
   202 -1151.979097999      1149.35770     -2301.33680     0.1485417877256
   203 -1151.961921078      1149.61935     -2301.58127     0.1547522848390
   204 -1151.963568939      1149.82326     -2301.78683     0.1628200259105
   205 -1151.976038554      1149.94775     -2301.92378     0.1700701752112
   206 -1152.000540235      1149.93684     -2301.93738     0.1774477259293
   207 -1152.036464280      1149.77591     -2301.81237     0.1855082689959
   208 -1152.049343779      1149.60024     -2301.64958     0.1934883575182
   209 -1152.061251529      1149.35698     -2301.41824     0.2005994774712
   210 -1152.075991493      1149.08685     -2301.16285     0.2066710990076
   211 -1152.075441924      1148.92449     -2300.99993     0.2104444613870
   212 -1152.068625725      1148.87177     -2300.94039     0.2052420492252
   213 -1152.060931548      1148.89747     -2300.95841     0.1903431692787
   214 -1152.046513065      1148.97979     -2301.02631     0.1746939645037
   215 -1152.035566878      1149.02412     -2301.05969     0.1602833672357
   216 -1152.033945163      1148.98778     -2301.02173     0.1468930785680
   217 -1152.012863135      1148.98607     -2300.99893     0.1344868525114
   218 -1151.992326236      1148.94693     -2300.93925     0.1233826789904
   219 -1151.991674890      1148.80948     -2300.80115     0.1144370461353
   220 -1151.988161866      1148.69881     -2300.68697     0.1076360901310
   221 -1151.983915429      1148.64233     -2300.62624     0.1024500481230
   222 -1151.985492484      1148.61381     -2300.59930     0.9858912560761E-01
   223 -1151.986988146      1148.60202     -2300.58901     0.9560608028881E-01
   224 -1151.988447868      1148.55821     -2300.54666     0.9276135003624E-01
   225 -1151.999167548      1148.42365     -2300.42282     0.8924617069651E-01
   226 -1151.994925133      1148.29372     -2300.28865     0.8526365449601E-01
   227 -1151.981462146      1148.14632     -2300.12778     0.8156756897968E-01
   228 -1151.987333634      1147.88916     -2299.87650     0.7869136205504E-01
   229 -1151.988750081      1147.66092     -2299.64967     0.7645615694775E-01
   230 -1151.983460839      1147.51861     -2299.50207     0.7462023298245E-01
   231 -1151.981730377      1147.43832     -2299.42005     0.7328061357874E-01
   232 -1151.981061860      1147.41294     -2299.39400     0.7252713225345E-01
   233 -1151.974608118      1147.42973     -2299.40434     0.7213213038512E-01
   234 -1151.976064840      1147.39667     -2299.37274     0.7180351291604E-01
   235 -1151.975898632      1147.32641     -2299.30231     0.7175155018146E-01
   236 -1151.965595202      1147.24052     -2299.20612     0.7262745495047E-01
   237 -1151.972236468      1147.06212     -2299.03436     0.7480861215102E-01
   238 -1151.974657934      1146.92988     -2298.90454     0.7788573543637E-01
   239 -1151.971421588      1146.90204     -2298.87346     0.8161316315695E-01
   240 -1151.975374019      1146.94283     -2298.91821     0.8590737198121E-01
   241 -1151.987292660      1147.03508     -2299.02237     0.9066355930924E-01
   242 -1151.996809718      1147.18885     -2299.18566     0.9550392099005E-01
   243 -1152.003165814      1147.35288     -2299.35604     0.9999954968155E-01
   244 -1152.008363140      1147.45882     -2299.46718     0.1043239500013
   245 -1152.009619284      1147.48246     -2299.49208     0.1094296832778
   246 -1152.023999694      1147.39476     -2299.41876     0.1159761444785
   247 -1152.027725124      1147.35930     -2299.38703     0.1234338811586
   248 -1152.024237768      1147.42593     -2299.45017     0.1314493524703
   249 -1152.028508022      1147.55037     -2299.57888     0.1400420708870
   250 -1152.043561146      1147.71742     -2299.76098     0.1494952417560
   251 -1152.057733977      1147.96522     -2300.02295     0.1596725992940
   252 -1152.054762484      1148.30832     -2300.36308     0.1700081226616
   253 -1152.042248374      1148.62060     -2300.66285     0.1804460903990
   254 -1152.043086791      1148.75343     -2300.79652     0.1911493973952
   255 -1152.049650387      1148.79202     -2300.84167     0.2014666316789
   256 -1152.035682821      1148.94856     -2300.98425     0.2101487598712
   257 -1152.016404406      1149.23956     -2301.25596     0.2177840530743
   258 -1152.009037491      1149.59304     -2301.60208     0.2277542489378
   259 -1152.016792197      1149.95942     -2301.97621     0.2407511379185
   260 -1152.023401811      1150.35332     -2302.37673     0.2512926237645
   261 -1152.003883467      1150.77951     -2302.78340     0.2505959815330
   262 -1151.977698762      1151.03439     -2303.01209     0.2452738590571
   263 -1151.986345034      1150.91359     -2302.89994     0.2400422601605
   264 -1151.994502107      1150.65043     -2302.64493     0.2333112267073
   265 -1151.992412591      1150.42339     -2302.41580     0.2220314716020
   266 -1152.000285382      1150.23067     -2302.23096     0.2185262130922
   267 -1152.023539627      1150.04178     -2302.06532     0.2245283885403
   268 -1152.056676803      1149.84015     -2301.89683     0.2312519744110
   269 -1152.081976828      1149.65511     -2301.73708     0.2247076179701
   270 -1152.073662760      1149.51384     -2301.58751     0.2147012771884
   271 -1152.060818289      1149.22137     -2301.28219     0.2051195005443
   272 -1152.075135423      1148.67684     -2300.75198     0.1954873374705
   273 -1152.070145090      1148.19037     -2300.26052     0.1846894767397
   274 -1152.050975305      1147.87323     -2299.92421     0.1730652566159
   275 -1152.036796309      1147.70253     -2299.73933     0.1618104843534
   276 -1152.033596619      1147.63459     -2299.66819     0.1517026280733
   277 -1152.040042211      1147.63400     -2299.67404     0.1428567075503
   278 -1152.043518725      1147.70377     -2299.74729     0.1347114172521
   279 -1152.019933965      1147.85140     -2299.87134     0.1266057531118
   280 -1151.995229741      1147.86195     -2299.85718     0.1192944507015
   281 -1152.006598727      1147.56678     -2299.57338     0.1128962573749
   282 -1152.005927041      1147.25656     -2299.26249     0.1070407916448
   283 -1151.986837459      1147.09038     -2299.07722     0.1014626574827
   284 -1151.969744791      1147.05948     -2299.02922     0.9628135996438E-01
   285 -1151.964090490      1147.12012     -2299.08421     0.9152227384413E-01
   286 -1151.968853075      1147.24181     -2299.21067     0.8723390495806E-01
   287 -1151.974568166      1147.41916     -2299.39372     0.8352959164117E-01
   288 -1151.962241424      1147.65126     -2299.61350     0.8045164605208E-01
   289 -1151.942585072      1147.78691     -2299.72950     0.7804158641533E-01
   290 -1151.948669448      1147.64260     -2299.59127     0.7615852937495E-01
   291 -1151.955877739      1147.38826     -2299.34413     0.7488341353370E-01
   292 -1151.946488216      1147.22304     -2299.16952     0.7446700548227E-01
   293 -1151.936307552      1147.17777     -2299.11408     0.7476439088256E-01
   294 -1151.939879661      1147.21445     -2299.15433     0.7548672651634E-01
   295 -1151.958722356      1147.30883     -2299.26755     0.7643508557637E-01
   296 -1151.983160756      1147.46694     -2299.45010     0.7764072728680E-01
   297 -1151.991701943      1147.70327     -2299.69497     0.7943012835203E-01
   298 -1151.982006739      1147.90296     -2299.88497     0.8240598706044E-01
   299 -1151.994386347      1147.82594     -2299.82033     0.8691178044806E-01
   300 -1152.017500349      1147.56671     -2299.58421     0.9253222710043E-01
   301 -1152.019362211      1147.39377     -2299.41313     0.9938480080057E-01
   302 -1152.014149060      1147.36710     -2299.38124     0.1075332240184
   303 -1152.020798562      1147.44630     -2299.46710     0.1168130955915
   304 -1152.042247893      1147.60956     -2299.65181     0.1272400639216
   305 -1152.068211321      1147.86925     -2299.93746     0.1390579594375
   306 -1152.076818798      1148.24256     -2300.31938     0.1525822040553
   307 -1152.059699107      1148.62440     -2300.68410     0.1677288931574
   308 -1152.067963688      1148.71537     -2300.78333     0.1746501502684
   309 -1152.088165960      1148.60530     -2300.69347     0.1789354528093
   310 -1152.076251424      1148.62049     -2300.69674     0.1824486442358
   311 -1152.051957842      1148.80906     -2300.86102     0.1842362139479
   312 -1152.037360644      1149.11063     -2301.14799     0.1862165612762
   313 -1152.036111529      1149.48797     -2301.52409     0.1911798218673
   314 -1152.037088315      1149.94123     -2301.97832     0.1968989972077
   315 -1152.014822582      1150.46846     -2302.48328     0.1984730210454
   316 -1151.967393497      1150.89286     -2302.86025     0.1975955601813
   317 -1151.971881700      1150.81962     -2302.79150     0.1970033668503
   318 -1151.985883114      1150.48097     -2302.46685     0.1968769199009
   319 -1151.974020895      1150.18816     -2302.16218     0.1960562731755
   320 -1151.968779449      1149.95156     -2301.92034     0.1946419748871
   321 -1151.987448119      1149.74352     -2301.73097     0.1957311740834
   322 -1152.024614262      1149.58641     -2301.61103     0.1973597970341
   323 -1152.057925861      1149.54700     -2301.60493     0.1975471201833
   324 -1152.053919893      1149.65183     -2301.70575     0.1967983696136
   325 -1152.035797519      1149.62665     -2301.66245     0.1955099450680
   326 -1152.066252575      1149.16211     -2301.22836     0.1927733340871
   327 -1152.072196101      1148.65769     -2300.72988     0.1858503102528
   328 -1152.046331796      1148.31977     -2300.36610     0.1742154026518
   329 -1152.023394767      1148.11949     -2300.14289     0.1615495856476
   330 -1152.020094700      1148.00947     -2300.02957     0.1502925621520
   331 -1152.034087919      1147.99671     -2300.03080     0.1401698700208
   332 -1152.046423653      1148.12856     -2300.17499     0.1305309577976
   333 -1152.026296488      1148.40898     -2300.43527     0.1216693293983
   334 -1151.996844526      1148.54891     -2300.54576     0.1142387652854
   335 -1152.016541841      1148.23247     -2300.24902     0.1081347695023
   336 -1152.019655079      1147.82049     -2299.84015     0.1029251934657
   337 -1151.992587212      1147.54184     -2299.53443     0.9823528431592E-01
   338 -1151.968004125      1147.38729     -2299.35530     0.9415004050993E-01
   339 -1151.963362851      1147.31920     -2299.28257     0.9053489494883E-01
   340 -1151.977476937      1147.34810     -2299.32558     0.8699433121445E-01
   341 -1151.994458402      1147.52024     -2299.51470     0.8332234462343E-01
   342 -1151.984866889      1147.85532     -2299.84019     0.7985089275765E-01
   343 -1151.955602452      1148.13212     -2300.08772     0.7720918947659E-01
   344 -1151.969654480      1147.97896     -2299.94861     0.7549256725181E-01
   345 -1151.983872252      1147.62870     -2299.61257     0.7412865518870E-01
   346 -1151.964518621      1147.38205     -2299.34657     0.7285113730886E-01
   347 -1151.940765959      1147.26554     -2299.20631     0.7186985714021E-01
   348 -1151.934445985      1147.24470     -2299.17915     0.7134593847138E-01
   349 -1151.947762174      1147.32344     -2299.27121     0.7107846323315E-01
   350 -1151.969701077      1147.53616     -2299.50586     0.7049116373557E-01
   351 -1151.974188526      1147.91540     -2299.88959     0.6988915514286E-01
   352 -1151.944993680      1148.34413     -2300.28913     0.6999062209294E-01
   353 -1151.943861658      1148.41151     -2300.35537     0.7081554958623E-01
   354 -1151.971915142      1148.10938     -2300.08130     0.7186740413028E-01
   355 -1151.964824955      1147.85556     -2299.82039     0.7329719776360E-01
   356 -1151.940868136      1147.73734     -2299.67821     0.7530506664314E-01
   357 -1151.928301794      1147.72610     -2299.65441     0.7757528778669E-01
   358 -1151.934871936      1147.80820     -2299.74307     0.7986468277727E-01
   359 -1151.955948887      1147.99695     -2299.95290     0.8220144574724E-01
   360 -1151.975745389      1148.31799     -2300.29373     0.8489641510356E-01
   361 -1151.966121540      1148.75986     -2300.72598     0.8840201110698E-01
   362 -1151.938591110      1149.07307     -2301.01166     0.9278805944845E-01
   363 -1151.971424046      1148.85567     -2300.82709     0.9759838515391E-01
   364 -1151.993534049      1148.47117     -2300.46471     0.1024013299706
   365 -1151.979831332      1148.19185     -2300.17168     0.1073781562821
   366 -1151.965117647      1148.04437     -2300.00949     0.1112767736362
   367 -1151.968486308      1148.00012     -2299.96861     0.1157476086604
   368 -1151.991686133      1148.05863     -2300.05031     0.1216972854569
   369 -1152.025027676      1148.23895     -2300.26397     0.1277927633760
   370 -1152.043008422      1148.56400     -2300.60701     0.1339450185051
   371 -1152.016985304      1148.95075     -2300.96774     0.1409168485455
   372 -1152.022219006      1148.91986     -2300.94208     0.1490588716979
   373 -1152.065462626      1148.45691     -2300.52237     0.1580244970996
   374 -1152.059947616      1148.10736     -2300.16731     0.1674136552933
   375 -1152.037657396      1147.95018     -2299.98784     0.1764860502932
   376 -1152.029468559      1147.94594     -2299.97540     0.1813557589774
   377 -1152.042190293      1148.07411     -2300.11630     0.1807243964508
   378 -1152.068577854      1148.34378     -2300.41236     0.1795807695586
   379 -1152.086242320      1148.77943     -2300.86567     0.1784778999116
   380 -1152.055694955      1149.36058     -2301.41627     0.1775191148797
   381 -1152.020471269      1149.68477     -2301.70524     0.1768989767808
   382 -1152.049646677      1149.44928     -2301.49893     0.1760637212110
   383 -1152.028784699      1149.26312     -2301.29191     0.1710838178137
   384 -1151.978263349      1149.26102     -2301.23928     0.1552828407496
   385 -1151.945083932      1149.35269     -2301.29777     0.1418304841661
   386 -1151.946577708      1149.46978     -2301.41636     0.1460257213207
   387 -1151.978486733      1149.59950     -2301.57799     0.1665589463605
   388 -1152.015027967      1149.77657     -2301.79160     0.1838132335780
   389 -1152.006879772      1150.01183     -2302.01871     0.1875452608412
   390 -1152.003172334      1149.88524     -2301.88842     0.1893191702932
   391 -1152.071447050      1149.12723     -2301.19867     0.1905595876227
   392 -1152.077690795      1148.47801     -2300.55570     0.1904786025642
   393 -1152.050627179      1148.05878     -2300.10941     0.1885643406214
   394 -1152.033548439      1147.83530     -2299.86884     0.1844678801013
   395 -1152.038387270      1147.76318     -2299.80157     0.1751376826543
   396 -1152.060001570      1147.83736     -2299.89737     0.1647018251615
   397 -1152.076955000      1148.08141     -2300.15837     0.1534250429363
   398 -1152.045587757      1148.49586     -2300.54145     0.1424685718035
   399 -1152.000328006      1148.68765     -2300.68798     0.1327776581132
   400 -1152.040028894      1148.22288     -2300.26290     0.1248982312618
   401 -1152.033292967      1147.79323     -2299.82652     0.1184777996802
   402 -1151.991192576      1147.57956     -2299.57076     0.1113145702125
   403 -1151.960965789      1147.52738     -2299.48834     0.1042764631200
   404 -1151.957147919      1147.58031     -2299.53746     0.9862351693321E-01
   405 -1151.976543363      1147.72434     -2299.70088     0.9373501797953E-01
   406 -1152.004034246      1147.97647     -2299.98051     0.8895410614211E-01
   407 -1152.002990706      1148.36893     -2300.37192     0.8535760074999E-01
   408 -1151.954738065      1148.73109     -2300.68582     0.8358281116083E-01
   409 -1151.982379424      1148.45425     -2300.43663     0.8325872678399E-01
   410 -1152.007878358      1147.94466     -2299.95254     0.8353043495606E-01
   411 -1151.980085589      1147.62644     -2299.60653     0.8411853558232E-01
   412 -1151.949089196      1147.50430     -2299.45339     0.8477867840453E-01
   413 -1151.939506080      1147.51069     -2299.45020     0.8535927082697E-01
   414 -1151.952957512      1147.61487     -2299.56783     0.8599455597473E-01
   415 -1151.981963331      1147.81337     -2299.79533     0.8704293104798E-01
   416 -1152.007118571      1148.12711     -2300.13423     0.8897005721882E-01
   417 -1151.984765507      1148.57718     -2300.56194     0.9220785522533E-01
   418 -1151.944071310      1148.81710     -2300.76117     0.9669252255314E-01
   419 -1151.991664755      1148.39283     -2300.38450     0.1013515342529
   420 -1151.998905687      1147.99605     -2299.99495     0.1057528249001
   421 -1151.968983066      1147.80515     -2299.77413     0.1110924324701
   422 -1151.947423149      1147.78457     -2299.73199     0.1157618232204
   423 -1151.948301689      1147.86460     -2299.81291     0.1202407121736
   424 -1151.969877126      1148.01496     -2299.98484     0.1261203439224
   425 -1152.004333187      1148.23196     -2300.23629     0.1330635026200
   426 -1152.026373014      1148.55416     -2300.58054     0.1404879986551
   427 -1151.992833995      1148.97789     -2300.97073     0.1475790361708
   428 -1151.990450273      1148.98452     -2300.97497     0.1543326718781
   429 -1152.045240046      1148.48039     -2300.52563     0.1597998992572
   430 -1152.041648526      1148.13741     -2300.17906     0.1645896625630
   431 -1152.014641163      1148.01820     -2300.03284     0.1681918385334
   432 -1152.000405994      1148.04415     -2300.04456     0.1694187753022
   433 -1152.006800581      1148.15921     -2300.16601     0.1708079764230
   434 -1152.031282951      1148.34534     -2300.37662     0.1739686924514
   435 -1152.063009342      1148.62383     -2300.68684     0.1780397931791
   436 -1152.066456465      1149.06168     -2301.12814     0.1804348978391
   437 -1152.029191306      1149.51931     -2301.54850     0.1815454670995
   438 -1152.029969118      1149.53709     -2301.56706     0.1834975752650
   439 -1152.050609439      1149.24755     -2301.29816     0.1857700014288
   440 -1152.016306068      1149.14744     -2301.16374     0.1804788311609
   441 -1151.970597888      1149.21812     -2301.18872     0.1601337129954
   442 -1151.949509424      1149.33363     -2301.28314     0.1430358671358
   443 -1151.960310598      1149.43237     -2301.39268     0.1443606757834
   444 -1151.996905621      1149.51297     -2301.50988     0.1659170351643
   445 -1152.030385499      1149.64272     -2301.67311     0.1946537053606
   446 -1152.010310301      1149.850214483     -2301.860524784
$end
