$dipgrad          cartesian dipole gradients
  -.21649690547959D+01  0.44386821933747D+00  0.83789428343784D-03
  0.94894261355217D+00  -.64702755113029D+00  -.50752447309377D-03
  0.29033522524785D-02  -.70860223345572D-03  -.40806661618014D+00
  0.19583253214094D+01  -.33466665962319D+00  -.54961266067006D-03
  -.82447254825231D+00  0.38037879339836D+00  0.20265585057294D-03
  -.25005474968923D-02  0.46883495307100D-03  0.24049256633406D+00
  -.14997881836302D+01  0.40251234565542D+00  0.79637098956743D-03
  -.56839967453177D+00  0.85894599579504D+00  0.35035159823333D-02
  -.26978700636671D-02  0.40667151445659D-02  -.21177811192511D+00
  0.93249304688381D+00  -.44168564218857D+00  -.10761767614050D-02
  -.97981858986328D+00  0.43290860586283D-01  -.41035199827818D-03
  -.31167581154594D-02  -.70770403751111D-04  0.12643415595831D-01
  -.17286282298550D+01  0.33247462686568D+00  0.28173658629042D-03
  0.84002335112177D+00  -.22606882876071D+00  -.37129591992832D-03
  0.19030145053520D-02  -.60420897276125D-03  -.30607528847471D-02
  0.12477153685734D+01  0.24765101041791D-01  0.85601795297760D-03
  0.91026099321007D-01  0.35563280843248D-01  0.55769979774861D-03
  0.10679236476988D-02  0.56629562311411D-03  -.95984397201132D-01
  -.33025041878142D+00  -.66491855143245D-01  -.24218272270488D-03
  0.10857700649982D+01  -.27456245984050D+00  0.43429311447967D-03
  0.41203478105482D-02  -.15807200851137D-03  -.23846067457551D+00
  -.74400408899572D-01  0.10900521384512D+00  0.31970112640273D-03
  -.48821423362590D+00  0.66619670479007D-01  -.23797506186604D-03
  -.19871060139259D-02  0.10660347815051D-03  0.54061580859252D-01
  -.31331793823082D+01  0.51557813461030D+00  0.11628690112586D-03
  -.28462785023477D+00  0.58498800523260D+00  0.22841476058662D-02
  -.27181780207517D-02  0.27135497354586D-02  -.71819737827477D-01
  0.24110872125612D+01  -.55104380166582D+00  -.52425319699369D-03
  0.52850567190891D+00  -.84483212525387D+00  -.21784393646282D-02
  0.34174382937386D-02  -.28064199761685D-02  -.17409814855564D+00
  0.40526014243498D+01  -.73656557025544D+00  -.49442424574972D-03
  0.48018018432637D-02  0.12152709815590D+01  0.41568130448718D-02
  0.21836875853366D-02  0.36758897887648D-02  0.10284421571512D+00
  -.17482429353980D+00  0.19252319385759D+00  0.74686886490212D-03
  0.49088418624544D+00  -.67677554186619D+00  -.18321443466090D-02
  0.19873981291409D-02  -.21105557873190D-02  -.89736063049240D-01
  -.36401182369257D+01  0.79502884076780D-01  -.17360374781092D-02
  -.10363284422293D+00  -.83539980308799D+00  -.21430250758155D-02
  -.24294042105812D-02  -.21541544616721D-02  -.24554440875971D+00
  0.36770468368124D+01  0.15568784219253D+00  0.27745608439319D-02
  -.40574696974916D+00  0.11287663065216D+01  0.31293829887519D-02
  0.97019618796282D-03  0.33921979136969D-02  0.22439146589759D+00
  0.17442406556814D+00  0.45853160005036D-01  0.27183727384908D-03
  0.20276663946197D+00  -.51051783645688D+00  -.20144723267800D-02
  0.73566778367898D-03  -.20914461257774D-02  0.82970091283785D-01
  -.10497934738657D+00  0.45060354179044D-01  -.51307625527037D-01
  0.24777260709555D-02  0.77310689231333D-01  0.23085566752024D-01
  -.75232470192899D-01  0.45797735064146D-01  0.12281656680339D-01
  -.10512170329766D+00  0.44733132707988D-01  0.51496967955234D-01
  0.20064844943112D-02  0.77792181699103D-01  -.22604364498347D-01
  0.75065545267656D-01  -.45257071644960D-01  0.11974664132237D-01
  -.23824261722824D+01  -.23271306068003D+00  -.21176515668102D-02
  -.74232246704716D+00  -.66600594867819D+00  -.15203515103358D-02
  -.41355252301941D-02  -.12937902156497D-02  -.36648820464312D+00
  -.81517726067528D-01  0.27275578513024D-01  -.88020290148652D-04
  0.30101454862421D+00  -.67902399891711D+00  -.22069579954562D-02
  0.98104378328627D-03  -.22125432784341D-02  -.57814573970530D-01
  0.85102296380107D-01  0.24277024023280D-01  0.84054526373752D-04
  -.66575630915291D-01  -.10342973773790D+00  -.84646728761667D-03
  -.23876909491198D-03  -.78592327093188D-03  0.10660138150770D+00
  -.11859241477137D+00  -.79950221358766D-01  -.44631285446662D-03
  -.34408379171278D-01  -.52829336586216D-02  -.48070527796910D-03
  -.27898680763025D-03  -.53426332153794D-03  0.11459065155905D+00
$end
