$grad          cartesian gradients
  cycle =      1    SCF energy =    -4011.7322146610   |dE/dxyz| =  0.020044
  -12.87231949794280      6.53765797891806      0.00554351161082      o
  -10.81234737082765      5.42492146940557      0.00252939842887      c
   -8.38069559310156      6.69947655048535      0.00864814267454      c
   -6.14747091747949      5.36742466208639      0.00500286096420      c
   -6.11147843766209      2.64727746633809     -0.00512739391636      c
   -8.45412940576243      1.32936564270106     -0.01140600899287      c
  -10.66227798251896      2.65482578840329     -0.00773861748678      c
   -3.05337337619898      6.47074258757997      0.01097496246196      s
   -2.00003908486546      3.29684172273509     -0.00024112905456      c
   -3.81870376727745      1.59454165127085     -0.00768400440154      n
    0.60143878994341      2.67691668689673     -0.00096678388958      c
    1.44439383932765     -0.58242209792295     -0.01254267926180      s
    2.43735818372956      4.32763498281032      0.00631697651701      n
    4.79140079890416      3.25254578628979      0.00380836507560      c
    4.72369795868649      0.34060367127347     -0.00705207998270      c
    5.70931901630862     -0.37068962308991      1.67559049332941      h
    5.71149371314235     -0.35815866013014     -1.69366969221534      h
    6.78918751919183      4.38140751786681      0.00925209914661      o
   -8.34232111349367     10.26694973216326      0.02205178116248      br
   -8.42325392636767     -0.73346564005314     -0.01906015572151      h
  -12.48528412174865      1.68768644133340     -0.01240605206239      h
  -.59997610412461D-02  0.30216257627007D-02  0.81660445129805D-05
  0.10722866340739D-01  -.52649720452938D-02  -.12686736957181D-04
  -.35840130131331D-02  -.20204270922884D-03  -.53594554307625D-05
  -.67185787508445D-04  -.10311868732917D-02  -.31520895502068D-05
  -.25027032237622D-02  0.46848648116704D-03  -.46608038689611D-06
  0.62782942861733D-03  -.10838925402611D-02  -.38981394435145D-05
  -.22635305970966D-02  0.16598661198568D-03  -.34075597520056D-06
  -.22518811602404D-03  -.73909908025929D-03  -.23422006910495D-05
  0.25164570211020D-02  0.14298614334230D-02  0.74450514941570D-05
  -.34616671573739D-03  0.15939885636284D-02  0.58896898506577D-05
  -.47308436813083D-02  -.26327740217739D-02  -.14512919492199D-04
  0.50622950898114D-03  0.16160066308014D-02  0.76212976152235D-05
  0.32863926267030D-02  -.50257359994613D-03  0.23996547821037D-06
  -.58910207103166D-02  -.53485064436159D-02  -.22814128175127D-04
  0.45091480218736D-02  0.25515158428913D-04  0.27375453850280D-05
  -.14826489651362D-02  0.13262236030046D-02  -.19731139563992D-02
  -.14830126954546D-02  0.13121590320053D-02  0.19804309911146D-02
  0.40862103262853D-02  0.26890486424563D-02  0.12021636868809D-04
  0.85163743666250D-03  0.11592176338793D-02  0.51261845239736D-05
  -.34831906302447D-03  0.17771668873142D-02  0.70920087977240D-05
  0.18030651184352D-02  0.22874907104383D-03  0.14965745942412D-05
  cycle =      2    SCF energy =    -4011.7324223920   |dE/dxyz| =  0.008028
  -12.86640984939718      6.54696467633323      0.00543564478756      o
  -10.81549426254823      5.43197423447141      0.00250891304248      c
   -8.37303308896968      6.69498527232228      0.00867671009075      c
   -6.14068238742354      5.36114442533456      0.00504588745352      c
   -6.10459059311632      2.63874077879312     -0.00508947396401      c
   -8.45422790073787      1.32832871770466     -0.01141187726373      c
  -10.66202628199078      2.65905421767969     -0.00773632603443      c
   -3.04886257044340      6.46657317063384      0.01089906083546      s
   -1.99822953043501      3.29117257339034     -0.00024589737733      c
   -3.81230466993900      1.58354306881798     -0.00766054159754      n
    0.60685613795047      2.68033162078785     -0.00091120437646      c
    1.44013501611126     -0.58216022743678     -0.01245647608029      s
    2.43346760020026      4.33801695678354      0.00634635025113      n
    4.79114493345651      3.26433383019609      0.00382018907029      c
    4.71664011053163      0.34251127445219     -0.00704945536995      c
    5.70574302084691     -0.37479954277059      1.67911315154234      h
    5.70781979624009     -0.36228018081041     -1.69726781720648      h
    6.78655455596125      4.38810061794464      0.00921356573247      o
   -8.35014898033828     10.26025537198564      0.02211755449176      br
   -8.42714393436807     -0.73869984969318     -0.01918003311189      h
  -12.49061189760380      1.69399331044128     -0.01234393052959      h
  -.22834064197959D-02  0.10965113751237D-02  0.19062795965641D-05
  0.44311031416987D-02  -.16558396286277D-02  -.37624154946366D-05
  -.17323600097985D-02  -.12756326100424D-03  -.43333602886830D-05
  0.62922268345739D-03  -.76223769112585D-03  0.13329207832480D-05
  -.64361936225962D-03  -.17638212398224D-04  0.17757532195378D-05
  0.48757392836166D-03  -.43748426254047D-03  -.17725913424027D-05
  -.12197016241392D-02  0.79718877858173D-03  0.75393212967123D-06
  -.19461864206327D-03  -.72373940789294D-04  -.32611031440394D-05
  0.12134960677929D-02  0.11707199677091D-02  0.44482581216046D-05
  -.56061065893988D-04  0.23016095801002D-03  0.16445364930603D-05
  -.14601869344064D-02  -.19233705163454D-02  -.79417138972356D-05
  -.16964021353932D-03  0.42190062234011D-03  0.25447139901935D-05
  0.13477265649892D-02  0.30452537718281D-03  0.24383976146847D-05
  -.27245985775297D-02  -.17651273028451D-02  -.88471554163805D-05
  0.13691625343341D-02  0.37630604518844D-03  0.13736280723778D-05
  -.50246632442496D-03  0.30386891587696D-03  -.21832476472478D-03
  -.50162515019956D-03  0.30305154965443D-03  0.22020515910454D-03
  0.16265357698838D-02  0.11477706795475D-02  0.51966128888636D-05
  0.46952649552789D-04  0.38324689791877D-03  0.26562335886382D-05
  -.15099765405678D-03  0.31478805280093D-03  -.10235259494376D-05
  0.47361603366958D-03  -.79817142857350D-04  0.25810312010419D-05
  cycle =      3    SCF energy =    -4011.7324541950   |dE/dxyz| =  0.001867
  -12.86853152347227      6.54845854759537      0.00634518031184      o
  -10.82178844136363      5.43431001961701      0.00281780049987      c
   -8.37316454807558      6.69447863775920      0.00838560894831      c
   -6.14102769704282      5.36186556811682      0.00450770923283      c
   -6.10380188834455      2.63875999340822     -0.00556363380856      c
   -8.45466015228546      1.32934869488469     -0.01131052589526      c
  -10.66302655108331      2.65922697203502     -0.00756302522991      c
   -3.04865128490201      6.46531702001410      0.01122729774019      s
   -1.99901910776159      3.28902961284017     -0.00036270372178      c
   -3.81234137143993      1.58090592456713     -0.00815708788476      n
    0.60948529348128      2.68393775597450     -0.00098024177654      c
    1.44050807951290     -0.58065292287201     -0.01301703282055      s
    2.43415876762115      4.34184234957364      0.00664290763642      n
    4.79455752626024      3.26757152106040      0.00417102137591      c
    4.71621914430364      0.34155157593919     -0.00714748601116      c
    5.70758800121907     -0.37876222667620      1.67908451561432      h
    5.70999410381967     -0.36576074841950     -1.69746228838159      h
    6.78889751100609      4.38735338573743      0.00988816586390      o
   -8.35129794479422     10.25853546404931      0.02128224655728      br
   -8.42641572247908     -0.73897139844650     -0.01843721212668      h
  -12.49308697019235      1.69373857060342     -0.01252722173802      h
  -.20071729799748D-03  -.19577755172973D-04  0.47082180719416D-05
  0.47984745530960D-03  0.11941587264894D-03  0.97541008116098D-05
  -.34266902459375D-03  -.89574760564209D-04  0.53118093103488D-05
  0.36031122841862D-03  -.37858961897758D-04  -.26791703065118D-04
  -.95317982676257D-05  0.12161438031457D-03  -.12410804755919D-04
  0.23980689780046D-03  -.95957301070496D-04  0.61529641458627D-05
  -.25322440369747D-03  0.40751728788497D-03  0.11630378583805D-04
  -.17258439110091D-03  -.96737403648683D-04  0.19350629887782D-04
  0.19558405634651D-03  0.68401161150609D-03  0.94780188739096D-05
  -.45523569241479D-04  -.25364564754465D-03  -.14526677754312D-04
  -.10751864325775D-03  -.11033310743989D-02  -.33841048580341D-05
  -.21934936141849D-03  0.15176537096209D-03  -.27110964950783D-06
  0.26091845413592D-03  0.38718763416993D-03  -.18966117998342D-06
  -.34902294245715D-03  0.34438920750057D-04  0.14663499006695D-06
  0.33036273574980D-03  0.26069636816331D-03  0.15180997801068D-05
  -.75684294462164D-04  -.77372555335627D-04  0.24352068498356D-03
  -.74806382513608D-04  -.75214510445633D-04  -.24428000524220D-03
  0.10191327649908D-03  0.17209483862028D-04  0.34761993314425D-06
  -.42016843018633D-04  -.46591741366342D-04  -.63752013907958D-05
  -.60590479100619D-04  -.13634765035008D-03  0.14935507608786D-04
  -.28843274315841D-04  -.14324631086928D-03  -.19060096086527D-04
  cycle =      4    SCF energy =    -4011.7324557850   |dE/dxyz| =  0.001128
  -12.86862164886938      6.54914787337883      0.00109561586023      o
  -10.82275860206257      5.43452638087660      0.00091965186436      c
   -8.37306042137922      6.69438220783503      0.00996169224034      c
   -6.14150315895441      5.36142942188078      0.00783354856665      c
   -6.10421349740233      2.63822359620419     -0.00253201871943      c
   -8.45535252782252      1.32931401952258     -0.01152953826704      c
  -10.66352576328773      2.65902713224377     -0.00882517094939      c
   -3.04887018103277      6.46476171017165      0.01047882069969      s
   -1.99949788771855      3.28826080798721      0.00079623869675      c
   -3.81271765484642      1.58031466855904     -0.00491735995332      n
    0.60965585055468      2.68500734891593     -0.00049896230215      c
    1.44103380926359     -0.58030624380543     -0.01047038567856      s
    2.43428475050133      4.34225294930531      0.00507801016689      n
    4.79517902522891      3.26786280560905      0.00219442475442      c
    4.71631844191820      0.34147223606461     -0.00693261999837      c
    5.70945771904053     -0.37752890549276      1.67866753239539      h
    5.71015414403682     -0.36701804555959     -1.69656792794667      h
    6.78927467978905      4.38735314579296      0.00606495635995      o
   -8.34989031032270     10.25837667560962      0.02524041946828      br
   -8.42687626016907     -0.73888177719155     -0.02143894822213      h
  -12.49387528247822      1.69410630945357     -0.01279398464984      h
  0.86928645147491D-04  -.11789688062441D-03  -.18847462523230D-04
  -.10007770376992D-03  0.24021455186074D-03  -.39899854261172D-04
  -.43704001892131D-04  -.41031585559166D-04  -.38935305977664D-04
  0.18270192122252D-03  0.26888630517308D-04  0.13436128116370D-03
  0.19565129109257D-04  0.47917999747987D-04  0.52244978474496D-04
  0.88379897149347D-04  -.21725312474984D-04  -.37933576987895D-04
  -.60864993141074D-04  0.17311288858515D-03  -.42290482939439D-04
  -.10949291348807D-03  -.84074870667195D-04  -.83784059632497D-04
  0.24636668833899D-04  0.45434855346638D-03  -.35360153816305D-04
  -.14531293872265D-04  -.18571238314323D-03  0.74837282159748D-04
  0.40800350636583D-04  -.68376805949584D-03  -.16681226590615D-04
  -.15139464007485D-03  0.12188173802818D-03  0.23125326527040D-05
  0.56833022755720D-04  0.24681420037403D-03  0.46611112300282D-05
  -.12763988491010D-04  0.19717100379199D-03  0.40145235809808D-05
  0.23135538228888D-03  0.13919479532601D-03  0.53185148873175D-06
  -.44011577886426D-04  -.74792801757178D-04  0.15807730192869D-03
  -.44607246757873D-04  -.74190179822398D-04  -.15843763640418D-03
  -.68931143774043D-04  -.10880272458641D-03  -.26897668433667D-05
  -.19576717654068D-04  -.61376390634749D-04  0.27995323986119D-04
  -.35711501665660D-04  -.88127966989673D-04  -.60020040975405D-04
  -.38855803406540D-04  -.97677022105320D-04  0.75609067006360D-04
  cycle =      5    SCF energy =    -4011.7324571590   |dE/dxyz| =  0.000711
  -12.86855428107451      6.54958828396442      0.00671596212745      o
  -10.82314947992798      5.43444991409914      0.00318180950012      c
   -8.37299374058238      6.69438974431237      0.00861948978929      c
   -6.14196631171473      5.36104681161599      0.00416682417961      c
   -6.10469031458411      2.63780406626515     -0.00613908076273      c
   -8.45594839521545      1.32920090926810     -0.01192913640481      c
  -10.66390041318831      2.65875358226029     -0.00716279703970      c
   -3.04907528052788      6.46437074004947      0.00969958520456      s
   -1.99990606687956      3.28769832981926     -0.00108911765104      c
   -3.81311193055378      1.58005410337864     -0.00870921579252      n
    0.60957488069493      2.68582392588825     -0.00111736988591      c
    1.44149933700567     -0.58010743884376     -0.01230711343822      s
    2.43438945444526      4.34226670809208      0.00636714580266      n
    4.79549523201402      3.26774471235741      0.00417377068379      c
    4.71638688180602      0.34141788063320     -0.00657445116930      c
    5.70943440643668     -0.37811789859567      1.67842963011361      h
    5.71187816660153     -0.36579120398347     -1.69535047961290      h
    6.78945482478302      4.38730943514670      0.00973461789802      o
   -8.34856172870341     10.25846459284139      0.02222088381532      br
   -8.42725730095611     -0.73875731561756     -0.02047822372761      h
  -12.49440271589169      1.69447443440999     -0.01062873924364      h
  0.17201801924625D-03  -.10274838403240D-03  -.41558985992840D-05
  -.30460448712118D-03  0.17820041905436D-03  -.10531793195809D-05
  0.12268364442763D-03  0.74646282967814D-05  0.85310820494011D-05
  0.20846822714526D-04  0.27547648067158D-04  -.87830039476322D-05
  -.75788707761433D-05  -.33374122225281D-04  -.35763619048168D-06
  -.39050757527248D-04  0.19081271770610D-04  0.13822275074626D-04
  0.44824044083458D-04  -.32866588199620D-04  -.84855055774574D-05
  -.39144101784849D-04  -.67891034339129D-04  -.12273791063500D-04
  -.55792313952835D-04  0.23905031796428D-03  0.92366622893780D-05
  0.18495515052869D-04  -.63852457070065D-04  -.57089866789505D-05
  0.60713339671115D-04  -.30213930914381D-03  0.95186578085299D-05
  -.70362995735707D-04  0.11014240969692D-03  0.16393023893890D-05
  -.51039970044603D-04  0.85556741299730D-04  0.42419404095995D-05
  0.10115042389343D-03  0.17839686650484D-03  -.38999337657331D-05
  0.21501518778735D-03  0.22257400139024D-04  -.16299755951979D-05
  -.51303597125112D-04  -.33901077812737D-04  0.20558377686608D-04
  -.50911781908100D-04  -.33030326567216D-04  -.20242592889928D-04
  -.91947965606021D-04  -.12198366566260D-03  0.63013178358551D-06
  0.10368981641196D-04  -.31051018346662D-04  0.18429616877036D-06
  -.18440360516473D-04  0.46472055387076D-05  -.21987890915051D-04
  0.73152340684599D-06  -.41164056751647D-04  0.19764014489915D-04
  cycle =      6    SCF energy =    -4011.7324573490   |dE/dxyz| =  0.000439
  -12.86848289789041      6.54951343661893      0.00266257520620      o
  -10.82295250026504      5.43418005478341      0.00115738911769      c
   -8.37308857569215      6.69451773650791      0.00887336958578      c
   -6.14215613724048      5.36109648945478      0.00662578527460      c
   -6.10487765616884      2.63787583908937     -0.00320041088381      c
   -8.45598325653708      1.32914543696008     -0.01034524345810      c
  -10.66388835799159      2.65856461556175     -0.00880460551721      c
   -3.04908431366595      6.46440345453953      0.01296309302310      s
   -2.00001169977885      3.28759737970855      0.00119383956352      c
   -3.81330497961825      1.58022424889948     -0.00601542240657      n
    0.60939786135067      2.68607926707815     -0.00026151656421      c
    1.44156596102388     -0.58018872488093     -0.01244679346282      s
    2.43449158961570      4.34200353453996      0.00662750256866      n
    4.79545478300754      3.26732724304964      0.00322062905073      c
    4.71626189489164      0.34130440582937     -0.00796058555768      c
    5.71039066745325     -0.37811542602371      1.67614587139925      h
    5.71139454819584     -0.36525329145297     -1.69691271115160      h
    6.78944521870204      4.38714544384217      0.00807116455594      o
   -8.34854701092830     10.25870855121201      0.02228918998914      br
   -8.42705270623662     -0.73865874046535     -0.01647598338813      h
  -12.49437720823977      1.69461336250923     -0.01558314255843      h
  0.73657792800497D-04  -.20628426040545D-04  -.95977811164979D-06
  -.14039014303534D-03  0.31731789939010D-04  0.84836472618033D-05
  0.98161081103013D-04  0.21419880619919D-04  -.21056598703245D-04
  -.46555274978766D-04  -.55670382504425D-05  0.21001300941070D-04
  -.37697058587277D-04  -.52110261697214D-04  0.17411709720125D-04
  -.62504641474496D-04  0.11038537151429D-04  -.20925458904378D-04
  0.35167556082794D-04  -.90982868390622D-04  0.83226320781379D-05
  0.60143122704304D-06  -.54626857153295D-04  0.97580787524337D-05
  -.33022345898331D-04  0.12779770514079D-03  -.12678030007485D-04
  0.22408286987297D-04  0.17990047376237D-04  -.11396271727415D-04
  -.82168780316250D-05  -.13674753505188D-03  -.94969982984972D-05
  -.22990017364843D-04  0.99483338579454D-04  0.15941080233339D-05
  -.28529964542390D-04  -.79618119488978D-06  0.11023959231304D-05
  0.72786415538512D-06  0.46055486133428D-04  0.12436532180991D-06
  0.22533137353202D-03  -.20440846706719D-04  -.13229091002515D-06
  -.68145503439627D-04  0.77818757776753D-05  -.63699824512320D-04
  -.68479853868764D-04  0.75509952053621D-05  0.63446022736273D-04
  -.40763790397280D-05  -.45217272990283D-04  -.21310113914041D-05
  0.22253365802083D-04  0.10851101194365D-04  0.46714070229825D-05
  -.14863308042446D-04  0.62169803402217D-04  0.39284544056013D-04
  0.43811401870326D-04  -.83987239940936D-05  -.33008446886094D-04
$end
