$hessian (projected)
 1  1   0.6125362539  -0.2853399311  -0.0009043828  -0.5179131792   0.2355249076
 1  2   0.0007544489  -0.0912900967   0.0146330023   0.0000173855   0.0086188380
 1  3  -0.0163011118  -0.0000574962  -0.0079272497   0.0062364974   0.0000187099
 1  4   0.0070401987  -0.0007451196  -0.0000019700  -0.0127681533   0.0416569329
 1  5   0.0001515338  -0.0028397529  -0.0021173323  -0.0000104837  -0.0113245374
 1  6   0.0022314458   0.0000018933   0.0079852341   0.0008057246   0.0000078774
 1  7   0.0108267765  -0.0008565653   0.0000029409  -0.0009387416   0.0016402165
 1  8   0.0000062653  -0.0065903067  -0.0002471276  -0.0000044831   0.0056890742
 1  9  -0.0014050464  -0.0000009006  -0.0000944097   0.0007813384   0.0000026058
 1 10  -0.0002639701  -0.0000280314  -0.0000310163  -0.0002638582  -0.0000281690
 1 11   0.0000304393  -0.0032810819  -0.0008240651  -0.0000050362   0.0014967020
 1 12   0.0009241944   0.0000050452  -0.0005510659   0.0008084878   0.0000030273
 1 13   0.0018533258   0.0026497516   0.0000135963
 2  1  -0.2853399311   0.2482027098   0.0007341926   0.2341155752  -0.2254887216
 2  2  -0.0005098932   0.0008662081   0.0187986978  -0.0000033928  -0.0018796830
 2  3  -0.0014432550  -0.0000208375   0.0092962010  -0.0005737275   0.0000016681
 2  4  -0.0148472523  -0.0060035304  -0.0000435507   0.0627880603  -0.0463597403
 2  5  -0.0002332286  -0.0024709928   0.0003611736   0.0000009647   0.0089810875
 2  6  -0.0017524474  -0.0000003178  -0.0072566147   0.0018035514   0.0000007376
 2  7  -0.0073153786   0.0013583821   0.0000032208   0.0003653419  -0.0008591696
 2  8  -0.0000040560   0.0045243167   0.0003936657   0.0000037990  -0.0035746592
 2  9   0.0010172744   0.0000014165   0.0000282681  -0.0003825573  -0.0000016278
 2 10   0.0001365112   0.0000186081   0.0000189236   0.0001366344   0.0000186166
 2 11  -0.0000185547   0.0020457353   0.0005198411   0.0000035753  -0.0022479717
 2 12   0.0074157396   0.0000364739   0.0019854465  -0.0013921539   0.0000033178
 2 13  -0.0003369027   0.0043470426   0.0000271692
 3  1  -0.0009043828   0.0007341926   0.0333274346   0.0007521771  -0.0005092662
 3  2  -0.0728671324  -0.0000378188   0.0000021365   0.0194708048  -0.0000040575
 3  3  -0.0000261252   0.0038253867   0.0000319580   0.0000001246   0.0003454942
 3  4  -0.0000566998  -0.0000370347   0.0033143881   0.0002326853  -0.0002425269
 3  5   0.0202004212  -0.0000105798  -0.0000001512  -0.0001026629   0.0000293718
 3  6  -0.0000039649  -0.0002680704  -0.0000244942   0.0000050434   0.0004719631
 3  7  -0.0000222116   0.0000071673  -0.0006279631   0.0000010991  -0.0000026292
 3  8   0.0000680057   0.0000144010   0.0000010228   0.0000807458  -0.0000112280
 3  9   0.0000033068  -0.0000398411  -0.0000001480  -0.0000015928   0.0001010036
 3 10   0.0000221469  -0.0000105421  -0.0000063431  -0.0000212903   0.0000107194
 3 11  -0.0000064393   0.0000063603   0.0000017082  -0.0000044523  -0.0000072723
 3 12   0.0000364464  -0.0025542996   0.0000087774   0.0000014631  -0.0017611019
 3 13   0.0000012062   0.0000305020  -0.0029673418
 4  1  -0.5179131792   0.2341155752   0.0007521771   0.8305603107  -0.1619035179
 4  2  -0.0003845293  -0.1713199377  -0.0738523083  -0.0003221886  -0.0519043612
 4  3   0.0176039229   0.0000391847  -0.0024833447  -0.0152700236  -0.0000542381
 4  4   0.0163059684   0.0297293029   0.0001231425  -0.1097120689  -0.0097292255
 4  5  -0.0000614405   0.0097845320   0.0082686880   0.0000361874   0.0047348726
 4  6  -0.0029762830  -0.0000095059  -0.0025661536  -0.0023433516  -0.0000091717
 4  7  -0.0075741634   0.0000994308  -0.0000048323   0.0008311897  -0.0013775873
 4  8  -0.0000050883   0.0042640080   0.0000894594   0.0000028053  -0.0039473636
 4  9   0.0008652655   0.0000000862   0.0000440859  -0.0006261000  -0.0000019544
 4 10   0.0002081945   0.0000271389   0.0000247394   0.0002080587   0.0000272877
 4 11  -0.0000242566   0.0022789137   0.0005674675   0.0000034756   0.0022301698
 4 12   0.0067483148   0.0000227231  -0.0039943501   0.0016797323  -0.0000016353
 4 13  -0.0000353815  -0.0317431888  -0.0001256804
 5  1   0.2355249076  -0.2254887216  -0.0005092662  -0.1619035179   0.6209926094
 5  2   0.0015646229  -0.0507993361  -0.1369300102  -0.0002755133  -0.0100206403
 5  3   0.0344585923   0.0001255556  -0.0242976243  -0.0144716047  -0.0000436120
 5  4   0.0514523841  -0.0119321629  -0.0000222491  -0.0401175327  -0.2150763097
 5  5  -0.0005674278   0.0134145629   0.0039576761   0.0000098790  -0.0118123237
 5  6  -0.0002222095  -0.0000117141   0.0128686834  -0.0041800093  -0.0000009559
 5  7   0.0073099567  -0.0029859528  -0.0000130439  -0.0000349437   0.0005256069
 5  8   0.0000033699  -0.0045608078  -0.0003333016  -0.0000028386   0.0030647477
 5  9  -0.0012882829  -0.0000029795  -0.0000217122   0.0002766933   0.0000018812
 5 10  -0.0000679450  -0.0000331998  -0.0000107266  -0.0000682882  -0.0000330710
 5 11   0.0000103283  -0.0016569417  -0.0002996692  -0.0000024969  -0.0211613640
 5 12  -0.0393610299  -0.0001702204  -0.0013559943   0.0028460312  -0.0000295565
 5 13   0.0042437294  -0.0104216742  -0.0000530362
 6  1   0.0007544489  -0.0005098932  -0.0728671324  -0.0003845293   0.0015646229
 6  2   0.1985367642  -0.0002342461  -0.0002896329  -0.0678371343  -0.0000661242
 6  3   0.0001396855  -0.0001065842  -0.0000890892  -0.0000384392  -0.0065371450
 6  4   0.0002054089  -0.0000316576   0.0008214881  -0.0001774415  -0.0005434291
 6  5  -0.0752290347   0.0000516065   0.0000084381   0.0034083257  -0.0000423738
 6  6  -0.0000067460   0.0008261735   0.0000473278  -0.0000096430  -0.0020715525
 6  7   0.0000223881  -0.0000176050   0.0016830129   0.0000003664   0.0000018200
 6  8  -0.0002024304  -0.0000148018   0.0000003602  -0.0002415823   0.0000094985
 6  9  -0.0000046492   0.0000410426  -0.0000000641   0.0000015734  -0.0002323487
 6 10  -0.0000502234   0.0000224255   0.0000109263   0.0000498833  -0.0000227331
 6 11   0.0000108553  -0.0000051415  -0.0000009899   0.0000467649  -0.0000769971
 6 12  -0.0001572404   0.0042076349  -0.0000140696  -0.0000279066   0.0106129336
 6 13   0.0000141732  -0.0000783604   0.0051190225
 7  1  -0.0912900967   0.0008662081  -0.0000378188  -0.1713199377  -0.0507993361
 7  2  -0.0002342461   0.6522958436  -0.0860316075  -0.0000360517  -0.3224124769
 7  3   0.1276030533   0.0003169035   0.0100396184   0.0452654743   0.0001705847
 7  4  -0.0275352842  -0.0063725099  -0.0000399278   0.0180173457  -0.0292630114
 7  5  -0.0001018612  -0.0372427163  -0.0029541544  -0.0000352055  -0.0127398693
 7  6   0.0052478089   0.0000137384   0.0068468267  -0.0038028341  -0.0000114036
 7  7   0.0118886180   0.0010985584   0.0000100603  -0.0015023854   0.0019947185
 7  8   0.0000070293  -0.0057804015  -0.0008739304  -0.0000067111   0.0053553678
 7  9  -0.0012344448  -0.0000005970  -0.0001016192   0.0008300571   0.0000026026
 7 10  -0.0002771020  -0.0000137484  -0.0000272988  -0.0002769847  -0.0000138600
 7 11   0.0000267437  -0.0030559652  -0.0007780887  -0.0000050122  -0.0306929526
 7 12  -0.0020759043  -0.0000141200  -0.0000654703  -0.0001409369  -0.0000011231
 7 13  -0.0001503582   0.0014484882   0.0000037144
 8  1   0.0146330023   0.0187986978   0.0000021365  -0.0738523083  -0.1369300102
 8  2  -0.0002896329  -0.0860316075   0.4846828973   0.0014084236   0.1543435142
 8  3  -0.1773613190  -0.0003911276   0.0214393173  -0.0253535180  -0.0001080744
 8  4   0.0043685424   0.0003433865   0.0000013682  -0.0231847420  -0.0187889665
 8  5  -0.0001128710  -0.0116748971   0.0113123419   0.0000233547  -0.0057362910
 8  6  -0.0055770743  -0.0000287299   0.0031391944  -0.0022287594  -0.0000131234
 8  7   0.0025688373   0.0006530689  -0.0000027162  -0.0005326448   0.0005746472
 8  8   0.0000016750  -0.0029695563   0.0004593586  -0.0000000838   0.0030381040
 8  9  -0.0002071493   0.0000009916  -0.0001407710   0.0003774781   0.0000027980
 8 10  -0.0001490870   0.0000314994  -0.0000157334  -0.0001497286   0.0000314674
 8 11   0.0000155284  -0.0018234179  -0.0006241889  -0.0000035246   0.0026045980
 8 12  -0.1467375248  -0.0004703733   0.0005107958   0.0008203254   0.0000059947
 8 13  -0.0004008542  -0.0042766580  -0.0000262801
 9  1   0.0000173855  -0.0000033928   0.0194708048  -0.0003221886  -0.0002755133
 9  2  -0.0678371343  -0.0000360517   0.0014084236   0.0886135270   0.0004211176
 9  3  -0.0004059074  -0.0492794649   0.0000802582  -0.0000961787   0.0067943651
 9  4   0.0000015176  -0.0000046066   0.0005402857  -0.0000814486  -0.0001202952
 9  5   0.0082969673  -0.0000690942   0.0000311794   0.0030813327  -0.0000277003
 9  6  -0.0000247514   0.0012193983   0.0000138816  -0.0000169318   0.0019693236
 9  7   0.0000135951  -0.0000026666   0.0016372067  -0.0000027344   0.0000029449
 9  8  -0.0000313010  -0.0000135724   0.0000014095   0.0000523566   0.0000137038
 9  9  -0.0000018005   0.0001083744  -0.0000003425   0.0000034103  -0.0004276522
 9 10  -0.0000845575   0.0000028075   0.0000219338   0.0000831473  -0.0000027222
 9 11   0.0000221727  -0.0000082563  -0.0000028256   0.0000372225   0.0000022930
 9 12  -0.0004721848  -0.0161111186   0.0000022944   0.0000051367  -0.0006389892
 9 13  -0.0000032477  -0.0000255348   0.0024603892
10  1   0.0086188380  -0.0018796830  -0.0000040575  -0.0519043612  -0.0100206403
10  2  -0.0000661242  -0.3224124769   0.1543435142   0.0004211176   0.6668997746
10  3  -0.1259000325  -0.0001427045  -0.0968745299  -0.0212290125  -0.0000955587
10  4   0.0139768779  -0.0207908147  -0.0000734036  -0.0103403139   0.0077168949
10  5   0.0000231919  -0.1584739345  -0.0266302064  -0.0001820503  -0.0317522334
10  6   0.0234229363   0.0000664601  -0.0141710228   0.0255271726   0.0000768837
10  7  -0.0029724042   0.0008374031  -0.0000000674   0.0006659916  -0.0022947873
10  8  -0.0000084138   0.0016427482  -0.0000247116   0.0000011958  -0.0016458738
10  9   0.0003751331  -0.0000002928  -0.0003970358  -0.0001991038  -0.0000005877
10 10   0.0000244645  -0.0000199009   0.0000399498   0.0000244977  -0.0000194862
10 11  -0.0000400814   0.0009765143   0.0001761858   0.0000011830   0.0017128680
10 12  -0.0021364359  -0.0000086006  -0.0043242132  -0.0026416787  -0.0000145283
10 13   0.0007258250   0.0013872538   0.0000064890
11  1  -0.0163011118  -0.0014432550  -0.0000261252   0.0176039229   0.0344585923
11  2   0.0001396855   0.1276030533  -0.1773613190  -0.0004059074  -0.1259000325
11  3   0.5820956160   0.0016498483  -0.0133190085  -0.2379867341  -0.0006398079
11  4  -0.0294743232  -0.0267712909  -0.0001388744   0.0125971403  -0.0130036540
11  5  -0.0000410167  -0.0616902381  -0.0777013143  -0.0002189457  -0.0101772220
11  6   0.0034557810   0.0000159067   0.0677384739  -0.0382379314  -0.0001593520
11  7   0.0187069195  -0.0096715194  -0.0000231133  -0.0006336346   0.0026864956
11  8   0.0000101827  -0.0105267794  -0.0011368884  -0.0000099336   0.0071046904
11  9  -0.0034768413  -0.0000084729   0.0000070762   0.0008817837   0.0000007819
11 10  -0.0000504158  -0.0000409551  -0.0000485423  -0.0000486473  -0.0000405332
11 11   0.0000482291  -0.0035382213  -0.0003224448  -0.0000039454   0.0213510733
11 12  -0.0358796875  -0.0001254166  -0.0012340710  -0.0000141673  -0.0000134421
11 13   0.0001813557  -0.0004897328  -0.0000017386
12  1  -0.0000574962  -0.0000208375   0.0038253867   0.0000391847   0.0001255556
12  2  -0.0001065842   0.0003169035  -0.0003911276  -0.0492794649  -0.0001427045
12  3   0.0016498483   0.1193723899  -0.0000601464  -0.0006405281  -0.0684896504
12  4  -0.0001087758  -0.0001360607   0.0056042004   0.0000430418  -0.0000439778
12  5  -0.0003209734  -0.0003124799  -0.0001989398  -0.0299792718  -0.0000555148
12  6   0.0000392994  -0.0018488210   0.0002271879  -0.0001857348   0.0160372994
12  7   0.0000698452  -0.0000338940  -0.0005885362  -0.0000019143   0.0000089923
12  8   0.0000409878  -0.0000382396  -0.0000048112   0.0000435820   0.0000254579
12  9  -0.0000134474   0.0000883674  -0.0000003474   0.0000010853   0.0005103817
12 10   0.0002070510   0.0000773020  -0.0000036415  -0.0002073845  -0.0000776682
12 11  -0.0000041950  -0.0000127782  -0.0000013367   0.0000817826   0.0000777125
12 12  -0.0001382688   0.0017056666  -0.0000098122  -0.0000147040   0.0033708538
12 13   0.0000012091  -0.0000007462  -0.0000597600
13  1  -0.0079272497   0.0092962010   0.0000319580  -0.0024833447  -0.0242976243
13  2  -0.0000890892   0.0100396184   0.0214393173   0.0000802582  -0.0968745299
13  3  -0.0133190085  -0.0000601464   0.8116204343   0.0192255050   0.0004998784
13  4  -0.2283270355  -0.1123514674  -0.0005301786  -0.0582841884   0.0225263612
13  5   0.0000461174  -0.0098586678  -0.0066236037  -0.0000331586  -0.1367126267
13  6  -0.0233928893  -0.0001784812  -0.3001821302   0.1068936133   0.0002322539
13  7   0.0352196430  -0.0110216268  -0.0000284455  -0.0044298768   0.0051803726
13  8   0.0000187918  -0.0189190118  -0.0001546834  -0.0000093699   0.0134673914
13  9  -0.0060720368  -0.0000124347  -0.0007386204   0.0024507810   0.0000067523
13 10  -0.0002594404  -0.0000127724  -0.0000171533  -0.0002588013  -0.0000124412
13 11   0.0000166964  -0.0065961538  -0.0004517637  -0.0000068178  -0.0025160541
13 12   0.0040294677   0.0000102048   0.0053289559   0.0038830406   0.0000183602
13 13  -0.0013083115   0.0027852579   0.0000040038
14  1   0.0062364974  -0.0005737275   0.0000001246  -0.0152700236  -0.0144716047
14  2  -0.0000384392   0.0452654743  -0.0253535180  -0.0000961787  -0.0212290125
14  3  -0.2379867341  -0.0006405281   0.0192255050   0.6133398611   0.0017379917
14  4  -0.0881174671  -0.1757332769  -0.0004882157  -0.0005382836   0.0286286543
14  5   0.0000852049  -0.0368288491  -0.0184688164  -0.0001017063   0.0002040644
14  6  -0.0048605761  -0.0000594048   0.1292468651  -0.1565961584  -0.0002570175
14  7  -0.0172957748  -0.0005296308  -0.0000397637   0.0002874327  -0.0014854842
14  8  -0.0000018696   0.0061486241   0.0013772470   0.0000109559  -0.0054573395
14  9   0.0018945502   0.0000070573   0.0003159294  -0.0007909114  -0.0000055408
14 10   0.0002162424   0.0000809291   0.0000010092   0.0002175176   0.0000813953
14 11   0.0000000885   0.0025312760   0.0004882963   0.0000024131  -0.0016884573
14 12   0.0047292885  -0.0000013768  -0.0278717959  -0.0124232620  -0.0000785467
14 13   0.0044015749  -0.0013465213  -0.0000362572
15  1   0.0000187099   0.0000016681   0.0003454942  -0.0000542381  -0.0000436120
15  2  -0.0065371450   0.0001705847  -0.0001080744   0.0067943651  -0.0000955587
15  3  -0.0006398079  -0.0684896504   0.0004998784   0.0017379917   0.1495712008
15  4  -0.0004380446  -0.0004986304  -0.0612124340  -0.0000407163   0.0000953223
15  5   0.0067516990  -0.0001446612  -0.0000811703   0.0023221611  -0.0000906560
15  6  -0.0000721576   0.0108087209   0.0003191845  -0.0002745603  -0.0637571331
15  7  -0.0000439664  -0.0000381326   0.0080390681  -0.0000019583   0.0000015265
15  8  -0.0008788569   0.0000109385   0.0000084690  -0.0008437406  -0.0000103253
15  9   0.0000064828  -0.0009913245  -0.0000000775  -0.0000042612   0.0008083243
15 10   0.0001799179   0.0000818192  -0.0000213896  -0.0001786881  -0.0000810963
15 11  -0.0000222634   0.0000046001   0.0000005214   0.0002767576  -0.0000101635
15 12   0.0000051752   0.0044487801  -0.0001050026  -0.0000600981   0.0038693153
15 13   0.0000102427  -0.0000373752   0.0087180510
16  1   0.0070401987  -0.0148472523  -0.0000566998   0.0163059684   0.0514523841
16  2   0.0002054089  -0.0275352842   0.0043685424   0.0000015176   0.0139768779
16  3  -0.0294743232  -0.0001087758  -0.2283270355  -0.0881174671  -0.0004380446
16  4   0.7305142463  -0.0635333601   0.0001134260  -0.3741151437   0.1279847058
16  5   0.0003069277  -0.0047158829  -0.0038168639  -0.0000185620   0.0255260805
16  6   0.0083646363   0.0000422110  -0.0748266113  -0.0122014661  -0.0000882698
16  7  -0.0165019457   0.0022676929  -0.0000019250   0.0013684828  -0.0022704871
16  8  -0.0000083797   0.0085857390   0.0005042810   0.0000064929  -0.0068524545
16  9   0.0025756390   0.0000052923   0.0002752150  -0.0010210409  -0.0000032392
16 10   0.0002169029   0.0000391076   0.0000214357   0.0002166874   0.0000389829
16 11  -0.0000208298   0.0035661595   0.0005696240   0.0000042556  -0.0000930433
16 12   0.0006904222   0.0000024187  -0.0570886155   0.0001840808  -0.0000158563
16 13  -0.0175365415   0.0162421616   0.0000511955
17  1  -0.0007451196  -0.0060035304  -0.0000370347   0.0297293029  -0.0119321629
17  2  -0.0000316576  -0.0063725099   0.0003433865  -0.0000046066  -0.0207908147
17  3  -0.0267712909  -0.0001360607  -0.1123514674  -0.1757332769  -0.0004986304
17  4  -0.0635333601   0.7534173147   0.0023296477   0.1710788133  -0.2175419088
17  5  -0.0005251797  -0.0024029728  -0.0051798722  -0.0000304669   0.0111165373
17  6   0.0004530425  -0.0000205681   0.0091624696   0.0170460346   0.0000929102
17  7  -0.0037951180   0.0022219288  -0.0000013376   0.0000529475  -0.0003628591
17  8  -0.0000015447   0.0028143380   0.0000668173   0.0000031963  -0.0018282742
17  9   0.0007723320   0.0000044848   0.0000753563  -0.0002192459  -0.0000009864
17 10   0.0000570225   0.0000057535   0.0000081801   0.0000567599   0.0000050757
17 11  -0.0000080414   0.0010798460   0.0001938753   0.0000007672   0.0001688793
17 12  -0.0013825496  -0.0000058417   0.0017575767  -0.3404369356  -0.0011557016
17 13  -0.0153302125   0.0110380713   0.0000184719
18  1  -0.0000019700  -0.0000435507   0.0033143881   0.0001231425  -0.0000222491
18  2   0.0008214881  -0.0000399278   0.0000013682   0.0005402857  -0.0000734036
18  3  -0.0001388744   0.0056042004  -0.0005301786  -0.0004882157  -0.0612124340
18  4   0.0001134260   0.0023296477   0.1339316223   0.0004677758  -0.0005475536
18  5  -0.0544297724  -0.0000122886  -0.0000321963   0.0026517748   0.0000522701
18  6  -0.0000200165   0.0077587412  -0.0000104217   0.0000774263  -0.0061023517
18  7  -0.0000246028   0.0000024494   0.0019543123   0.0000010019  -0.0000029816
18  8   0.0001079639   0.0000159840   0.0000021764  -0.0004004818  -0.0000106527
18  9   0.0000071572  -0.0007882184   0.0000001895  -0.0000018305   0.0000828139
18 10  -0.0000338826  -0.0000912467  -0.0000007298   0.0000345908   0.0000913178
18 11  -0.0000001589   0.0000061526   0.0000006653   0.0001357256   0.0000007421
18 12  -0.0000046467  -0.0000518220  -0.0000054228  -0.0011571262  -0.0376195866
18 13  -0.0000725243   0.0000382797   0.0037022394
19  1  -0.0127681533   0.0627880603   0.0002326853  -0.1097120689  -0.0401175327
19  2  -0.0001774415   0.0180173457  -0.0231847420  -0.0000814486  -0.0103403139
19  3   0.0125971403   0.0000430418  -0.0582841884  -0.0005382836  -0.0000407163
19  4  -0.3741151437   0.1710788133   0.0004677758   0.8158049074  -0.0493822153
19  5   0.0002239133   0.0028264438   0.0040902850   0.0000172964  -0.0097512115
19  6  -0.0033306495  -0.0000193161   0.0108212220  -0.0037440036  -0.0000090483
19  7   0.0048009559  -0.0017425944  -0.0000037982  -0.0003731111   0.0006114248
19  8   0.0000022712  -0.0027980910   0.0001978818  -0.0000005456   0.0020096202
19  9  -0.0009019681  -0.0000018732  -0.0001251993   0.0003679017   0.0000012510
19 10  -0.0000607905  -0.0000217846   0.0000017500  -0.0000607588  -0.0000217160
19 11  -0.0000019873  -0.0010150427  -0.0000812794  -0.0000008410  -0.0035359718
19 12  -0.0065540688  -0.0000265732   0.0050760443  -0.0027033807  -0.0000066068
19 13  -0.2764164941  -0.1194072886  -0.0006197887
20  1   0.0416569329  -0.0463597403  -0.0002425269  -0.0097292255  -0.2150763097
20  2  -0.0005434291  -0.0292630114  -0.0187889665  -0.0001202952   0.0077168949
20  3  -0.0130036540  -0.0000439778   0.0225263612   0.0286286543   0.0000953223
20  4   0.1279847058  -0.2175419088  -0.0005475536  -0.0493822153   0.6091326731
20  5   0.0018807872  -0.0055522881  -0.0014811338  -0.0000058456   0.0153921627
20  6   0.0000971033   0.0000099950  -0.0233840032  -0.0003317346  -0.0000320566
20  7  -0.0112382998   0.0015208872   0.0000016408   0.0007698658  -0.0014154013
20  8  -0.0000058746   0.0060922212   0.0006245784   0.0000055901  -0.0048509176
20  9   0.0016354111   0.0000025246   0.0001000624  -0.0005878784  -0.0000019972
20 10   0.0001683742   0.0000275193   0.0000210774   0.0001684120   0.0000276299
20 11  -0.0000206166   0.0026573276   0.0005597550   0.0000041128  -0.0002156214
20 12   0.0027329796   0.0000011188   0.0283971132  -0.0112625979  -0.0000529633
20 13  -0.1200148515  -0.1191378660  -0.0004050323
21  1   0.0001515338  -0.0002332286   0.0202004212  -0.0000614405  -0.0005674278
21  2  -0.0752290347  -0.0001018612  -0.0001128710   0.0082969673   0.0000231919
21  3  -0.0000410167  -0.0003209734   0.0000461174   0.0000852049   0.0067516990
21  4   0.0003069277  -0.0005251797  -0.0544297724   0.0002239133   0.0018807872
21  5   0.1179902660  -0.0000185597  -0.0000013249  -0.0006165834   0.0000523012
21  6  -0.0000012572   0.0000233805  -0.0000859355  -0.0000203544   0.0042291026
21  7  -0.0000391336   0.0000070511  -0.0005611053   0.0000027962  -0.0000050186
21  8   0.0000322031   0.0000214331   0.0000024040   0.0000401902  -0.0000173117
21  9   0.0000053078   0.0000495356   0.0000000869  -0.0000023786   0.0000434787
21 10   0.0000179075   0.0000056568  -0.0000026642  -0.0000166715  -0.0000054297
21 11  -0.0000029296   0.0000094493   0.0000020985  -0.0000033562  -0.0000033502
21 12  -0.0000011135   0.0025501697   0.0001081093  -0.0000682823   0.0061595679
21 13  -0.0006195036  -0.0004036273  -0.0352005628
22  1  -0.0028397529  -0.0024709928  -0.0000105798   0.0097845320   0.0134145629
22  2   0.0000516065  -0.0372427163  -0.0116748971  -0.0000690942  -0.1584739345
22  3  -0.0616902381  -0.0003124799  -0.0098586678  -0.0368288491  -0.0001446612
22  4  -0.0047158829  -0.0024029728  -0.0000122886   0.0028264438  -0.0055522881
22  5  -0.0000185597   0.2728380767   0.0357840888   0.0002808198  -0.0490768951
22  6   0.0413953872   0.0001475089  -0.0155513905   0.0012533412  -0.0000169418
22  7  -0.0080645946   0.0303602828   0.0001085943  -0.0013589168  -0.0017005780
22  8  -0.0000075616   0.0039883637   0.0000346933   0.0000030367  -0.0027629996
22  9   0.0008881992   0.0000016149   0.0000497453  -0.0004343599  -0.0000017897
22 10  -0.0002573532  -0.0000879698   0.0000581666  -0.0002570878  -0.0000875963
22 11  -0.0000591842   0.0007170866  -0.0002663689  -0.0000001062   0.0007093628
22 12   0.0002771498   0.0000041473  -0.0003922996   0.0000223724  -0.0000011007
22 13  -0.0000611194  -0.0002329664  -0.0000011473
23  1  -0.0021173323   0.0003611736  -0.0000001512   0.0082686880   0.0039576761
23  2   0.0000084381  -0.0029541544   0.0113123419   0.0000311794  -0.0266302064
23  3  -0.0777013143  -0.0001989398  -0.0066236037  -0.0184688164  -0.0000811703
23  4  -0.0038168639  -0.0051798722  -0.0000321963   0.0040902850  -0.0014811338
23  5  -0.0000013249   0.0357840888   0.2877375033   0.0009776213   0.0116497154
23  6  -0.1247390093  -0.0003478230  -0.0253815427  -0.0679134120  -0.0003329299
23  7   0.0140223696  -0.0115790753  -0.0000393905  -0.0023268190   0.0015199032
23  8   0.0000001584  -0.0050772304   0.0001241350   0.0000026623   0.0042156046
23  9  -0.0008250805   0.0000033038  -0.0011608037   0.0011043725  -0.0000012906
23 10  -0.0001399932   0.0000483938  -0.0000152767  -0.0001384395   0.0000483815
23 11   0.0000157983  -0.0018702997  -0.0002980059  -0.0000023302   0.0009031415
23 12   0.0023229669   0.0000175465  -0.0005226998  -0.0002002066  -0.0000034986
23 13  -0.0001739043  -0.0001509215  -0.0000003861
24  1  -0.0000104837   0.0000009647  -0.0001026629   0.0000361874   0.0000098790
24  2   0.0034083257  -0.0000352055   0.0000233547   0.0030813327  -0.0001820503
24  3  -0.0002189457  -0.0299792718  -0.0000331586  -0.0001017063   0.0023221611
24  4  -0.0000185620  -0.0000304669   0.0026517748   0.0000172964  -0.0000058456
24  5  -0.0006165834   0.0002808198   0.0009776213   0.0341103747   0.0000309944
24  6  -0.0003295638  -0.0312211827  -0.0001127184  -0.0003124493   0.0171876206
24  7   0.0000490433  -0.0000319205   0.0010346855  -0.0000101666   0.0000012292
24  8   0.0012216219  -0.0000168361   0.0000048120  -0.0014030456   0.0000153876
24  9   0.0000013581  -0.0008901959  -0.0000050559  -0.0000001455   0.0011096118
24 10   0.0002131500  -0.0000081916  -0.0000439505  -0.0002144826   0.0000088324
24 11  -0.0000440958  -0.0000067825  -0.0000015426   0.0000043152   0.0000057127
24 12   0.0000160396  -0.0023128007  -0.0000024062  -0.0000028493   0.0005709648
24 13  -0.0000006829  -0.0000004638  -0.0000889994
25  1  -0.0113245374   0.0089810875   0.0000293718   0.0047348726  -0.0118123237
25  2  -0.0000423738  -0.0127398693  -0.0057362910  -0.0000277003  -0.0317522334
25  3  -0.0101772220  -0.0000555148  -0.1367126267   0.0002040644  -0.0000906560
25  4   0.0255260805   0.0111165373   0.0000522701  -0.0097512115   0.0153921627
25  5   0.0000523012  -0.0490768951   0.0116497154   0.0000309944   0.7847506777
25  6   0.0635881011   0.0005913971  -0.2117982456  -0.1502295754  -0.0006385753
25  7  -0.2813212228   0.0694633785   0.0001498035  -0.0116564924   0.0181594897
25  8   0.0000618538  -0.0716686960  -0.0130696975  -0.0000876070   0.0261372541
25  9  -0.0098167000  -0.0000218604  -0.0003319966   0.0038972754   0.0000107866
25 10  -0.0006183215  -0.0001977131  -0.0001135387  -0.0006169103  -0.0001971954
25 11   0.0001117171  -0.0120280822  -0.0022533771  -0.0000166399   0.0009638197
25 12   0.0015842533   0.0000051269  -0.0000838571  -0.0011363064  -0.0000032464
25 13  -0.0006315066   0.0005903364   0.0000020901
26  1   0.0022314458  -0.0017524474  -0.0000039649  -0.0029762830  -0.0002222095
26  2  -0.0000067460   0.0052478089  -0.0055770743  -0.0000247514   0.0234229363
26  3   0.0034557810   0.0000392994  -0.0233928893  -0.0048605761  -0.0000721576
26  4   0.0083646363   0.0004530425  -0.0000200165  -0.0033306495   0.0000971033
26  5  -0.0000012572   0.0413953872  -0.1247390093  -0.0003295638   0.0635881011
26  6   0.5016617274   0.0014785223  -0.1865236909  -0.2490939215  -0.0007968458
26  7   0.0816307875  -0.1047671836  -0.0001393175   0.0287656642  -0.0142129284
26  8  -0.0000584515  -0.0381087568   0.0088575156  -0.0000020519   0.0033665921
26  9  -0.0059204187  -0.0000467365   0.0015825095  -0.0032543895  -0.0000201419
26 10   0.0006937272   0.0001499116  -0.0002634022   0.0006988046   0.0001527208
26 11   0.0002683833  -0.0055886232  -0.0001949420  -0.0000025231  -0.0007255385
26 12   0.0001426243  -0.0000015426  -0.0005984878  -0.0002231724   0.0000003422
26 13   0.0002565182  -0.0001521540   0.0000029231
27  1   0.0000018933  -0.0000003178  -0.0002680704  -0.0000095059  -0.0000117141
27  2   0.0008261735   0.0000137384  -0.0000287299   0.0012193983   0.0000664601
27  3   0.0000159067  -0.0018488210  -0.0001784812  -0.0000594048   0.0108087209
27  4   0.0000422110  -0.0000205681   0.0077587412  -0.0000193161   0.0000099950
27  5   0.0000233805   0.0001475089  -0.0003478230  -0.0312211827   0.0005913971
27  6   0.0014785223   0.1133198968  -0.0007664371  -0.0007739318  -0.0618321510
27  7   0.0001947497  -0.0001462630  -0.0557324920   0.0000976080  -0.0000626149
27  8   0.0056430152  -0.0001795244   0.0000131787   0.0034869167   0.0000191977
27  9  -0.0000568829   0.0081444118   0.0000030245  -0.0000183813   0.0022047298
27 10   0.0006657787   0.0006378739  -0.0003672484  -0.0006607023  -0.0006343018
27 11  -0.0003707208  -0.0000258036   0.0000014162  -0.0008580557  -0.0000028939
27 12   0.0000001748   0.0004553440  -0.0000020427   0.0000001059  -0.0003875478
27 13   0.0000011398   0.0000037599  -0.0010044390
28  1   0.0079852341  -0.0072566147  -0.0000244942  -0.0025661536   0.0128686834
28  2   0.0000473278   0.0068468267   0.0031391944   0.0000138816  -0.0141710228
28  3   0.0677384739   0.0002271879  -0.3001821302   0.1292468651   0.0003191845
28  4  -0.0748266113   0.0091624696  -0.0000104217   0.0108212220  -0.0233840032
28  5  -0.0000859355  -0.0155513905  -0.0253815427  -0.0001127184  -0.2117982456
28  6  -0.1865236909  -0.0007664371   0.6663134898   0.0392452806   0.0004962331
28  7  -0.0954649987  -0.0224571069  -0.0001268813   0.0067699177  -0.0079768890
28  8  -0.0000288495   0.0240804088   0.0065775153   0.0000331963  -0.0208061496
28  9   0.0072438373   0.0000118293   0.0012671528  -0.0038117596  -0.0000099619
28 10   0.0004782242   0.0000983001   0.0000455850   0.0004770657   0.0000979514
28 11  -0.0000441628   0.0088967159   0.0011317246   0.0000114492  -0.0005283911
28 12  -0.0017386924  -0.0000056928   0.0028735778   0.0015696687   0.0000086322
28 13  -0.0009147419   0.0004103349   0.0000010484
29  1   0.0008057246   0.0018035514   0.0000050434  -0.0023433516  -0.0041800093
29  2  -0.0000096430  -0.0038028341  -0.0022287594  -0.0000169318   0.0255271726
29  3  -0.0382379314  -0.0001857348   0.1068936133  -0.1565961584  -0.0002745603
29  4  -0.0122014661   0.0170460346   0.0000774263  -0.0037440036  -0.0003317346
29  5  -0.0000203544   0.0012533412  -0.0679134120  -0.0003124493  -0.1502295754
29  6  -0.2490939215  -0.0007739318   0.0392452806   0.4905301823   0.0014538410
29  7  -0.0170933964   0.0071838909   0.0000604054   0.0035137861  -0.0013243577
29  8  -0.0000028447   0.0092339001   0.0025669298  -0.0000089455  -0.0036935907
29  9   0.0007019920  -0.0000130586  -0.0003220590  -0.0002726066   0.0000036490
29 10   0.0003697686   0.0001636746   0.0000277352   0.0003671253   0.0001634817
29 11  -0.0000260354   0.0026052234   0.0011690543   0.0000113269   0.0027591732
29 12  -0.0032943187  -0.0000082233   0.0016199404   0.0014869373   0.0000174674
29 13  -0.0007637725   0.0006574806  -0.0000041818
30  1   0.0000078774   0.0000007376   0.0004719631  -0.0000091717  -0.0000009559
30  2  -0.0020715525  -0.0000114036  -0.0000131234   0.0019693236   0.0000768837
30  3  -0.0001593520   0.0160372994   0.0002322539  -0.0002570175  -0.0637571331
30  4  -0.0000882698   0.0000929102  -0.0061023517  -0.0000090483  -0.0000320566
30  5   0.0042291026  -0.0000169418  -0.0003329299   0.0171876206  -0.0006385753
30  6  -0.0007968458  -0.0618321510   0.0004962331   0.0014538410   0.0997783298
30  7  -0.0001081583   0.0000588114  -0.0118598741   0.0000178167  -0.0000082706
30  8  -0.0005544595   0.0000423287  -0.0000108136   0.0063113336  -0.0000261196
30  9  -0.0000065550   0.0036119168   0.0000004091   0.0000011763  -0.0012467904
30 10  -0.0003359646  -0.0000297004  -0.0000017136   0.0003393708   0.0000312119
30 11  -0.0000011819   0.0000149208   0.0000091023  -0.0012355150   0.0000100183
30 12  -0.0000137425   0.0001449008   0.0000098762   0.0000176295  -0.0028589996
30 13  -0.0000043360  -0.0000040569   0.0017799320
31  1   0.0108267765  -0.0073153786  -0.0000222116  -0.0075741634   0.0073099567
31  2   0.0000223881   0.0118886180   0.0025688373   0.0000135951  -0.0029724042
31  3   0.0187069195   0.0000698452   0.0352196430  -0.0172957748  -0.0000439664
31  4  -0.0165019457  -0.0037951180  -0.0000246028   0.0048009559  -0.0112382998
31  5  -0.0000391336  -0.0080645946   0.0140223696   0.0000490433  -0.2813212228
31  6   0.0816307875   0.0001947497  -0.0954649987  -0.0170933964  -0.0001081583
31  7   0.8102672538   0.0991287630   0.0007262284  -0.0489098602   0.0021913336
31  8  -0.0000056672  -0.2920037849  -0.1753046804  -0.0007791357  -0.1096442531
31  9  -0.0136446325  -0.0001172646  -0.0236809776   0.0154306661   0.0000439586
31 10  -0.0035385353  -0.0015888370   0.0015571191  -0.0035407412  -0.0015789038
31 11  -0.0015752972   0.0198444330   0.0101496923   0.0000459293  -0.0000490143
31 12  -0.0028555665  -0.0000098157  -0.0001071078   0.0008232616   0.0000024797
31 13   0.0005259236  -0.0002519993  -0.0000000834
32  1  -0.0008565653   0.0013583821   0.0000071673   0.0000994308  -0.0029859528
32  2  -0.0000176050   0.0010985584   0.0006530689  -0.0000026666   0.0008374031
32  3  -0.0096715194  -0.0000338940  -0.0110216268  -0.0005296308  -0.0000381326
32  4   0.0022676929   0.0022219288   0.0000024494  -0.0017425944   0.0015208872
32  5   0.0000070511   0.0303602828  -0.0115790753  -0.0000319205   0.0694633785
32  6  -0.1047671836  -0.0001462630  -0.0224571069   0.0071838909   0.0000588114
32  7   0.0991287630   0.4859901573   0.0013113077   0.0219995485  -0.1129768665
32  8  -0.0002828805  -0.1884646674  -0.2631685542  -0.0008562518  -0.0466897668
32  9   0.0136811824   0.0000350171   0.0274849318   0.0001782807   0.0000196357
32 10  -0.0030288334  -0.0042906780  -0.0003994336  -0.0030414012  -0.0042970210
32 11   0.0003619141   0.0247524437   0.0011074149   0.0000028987   0.0000395450
32 12   0.0004547030   0.0000021023  -0.0000377803  -0.0002435701  -0.0000015722
32 13  -0.0001916361   0.0001601555   0.0000022650
33  1   0.0000029409   0.0000032208  -0.0006279631  -0.0000048323  -0.0000130439
33  2   0.0016830129   0.0000100603  -0.0000027162   0.0016372067  -0.0000000674
33  3  -0.0000231133  -0.0005885362  -0.0000284455  -0.0000397637   0.0080390681
33  4  -0.0000019250  -0.0000013376   0.0019543123  -0.0000037982   0.0000016408
33  5  -0.0005611053   0.0001085943  -0.0000393905   0.0010346855   0.0001498035
33  6  -0.0001393175  -0.0557324920  -0.0001268813   0.0000604054  -0.0118598741
33  7   0.0007262284   0.0013113077   0.1462666634   0.0000720735  -0.0003008525
33  8  -0.0323574077  -0.0008206301  -0.0008511595  -0.0585391303  -0.0002369371
33  9   0.0000609594  -0.0051750407   0.0000834398   0.0000150709  -0.0005180752
33 10  -0.0018199516  -0.0004795488   0.0003326631   0.0017923876   0.0004434950
33 11   0.0003392912   0.0000981624  -0.0000085519   0.0053346462   0.0000001965
33 12   0.0000016604  -0.0003982582  -0.0000002377  -0.0000012299   0.0002010998
33 13  -0.0000001810   0.0000022649  -0.0004647666
34  1  -0.0009387416   0.0003653419   0.0000010991   0.0008311897  -0.0000349437
34  2   0.0000003664  -0.0015023854  -0.0005326448  -0.0000027344   0.0006659916
34  3  -0.0006336346  -0.0000019143  -0.0044298768   0.0002874327  -0.0000019583
34  4   0.0013684828   0.0000529475   0.0000010019  -0.0003731111   0.0007698658
34  5   0.0000027962  -0.0013589168  -0.0023268190  -0.0000101666  -0.0116564924
34  6   0.0287656642   0.0000976080   0.0067699177   0.0035137861   0.0000178167
34  7  -0.0489098602   0.0219995485   0.0000720735   0.2479724093   0.0275322462
34  8   0.0002531688   0.0058318136  -0.0007872658  -0.0000134888  -0.0268350418
34  9  -0.0243600403  -0.0001044349  -0.1381386830  -0.0353076742  -0.0002068578
34 10  -0.0162340548  -0.0087463743   0.0017937722  -0.0162519782  -0.0087429057
34 11  -0.0018912338   0.0032497769  -0.0017293974  -0.0000063930   0.0000501979
34 12   0.0000081337  -0.0000001299  -0.0000965612  -0.0000850640  -0.0000003509
34 13  -0.0000140761  -0.0000082028  -0.0000000403
35  1   0.0016402165  -0.0008591696  -0.0000026292  -0.0013775873   0.0005256069
35  2   0.0000018200   0.0019947185   0.0005746472   0.0000029449  -0.0022947873
35  3   0.0026864956   0.0000089923   0.0051803726  -0.0014854842   0.0000015265
35  4  -0.0022704871  -0.0003628591  -0.0000029816   0.0006114248  -0.0014154013
35  5  -0.0000050186  -0.0017005780   0.0015199032   0.0000012292   0.0181594897
35  6  -0.0142129284  -0.0000626149  -0.0079768890  -0.0013243577  -0.0000082706
35  7   0.0021913336  -0.1129768665  -0.0003008525   0.0275322462   0.2570547098
35  8   0.0008384710  -0.0266047042  -0.0615467252  -0.0003199128  -0.0065733176
35  9  -0.0178820590  -0.0000482238  -0.0167867888  -0.0526004634  -0.0000667100
35 10   0.0072315175   0.0044397437  -0.0020035908   0.0071228968   0.0043730016
35 11   0.0020035578  -0.0062283988  -0.0062883259  -0.0000366341   0.0000277918
35 12  -0.0003636335  -0.0000017944   0.0000413501   0.0001578573   0.0000005947
35 13   0.0000801800  -0.0000136913   0.0000000968
36  1   0.0000062653  -0.0000040560   0.0000680057  -0.0000050883   0.0000033699
36  2  -0.0002024304   0.0000070293   0.0000016750  -0.0000313010  -0.0000084138
36  3   0.0000101827   0.0000409878   0.0000187918  -0.0000018696  -0.0008788569
36  4  -0.0000083797  -0.0000015447   0.0001079639   0.0000022712  -0.0000058746
36  5   0.0000322031  -0.0000075616   0.0000001584   0.0012216219   0.0000618538
36  6  -0.0000584515   0.0056430152  -0.0000288495  -0.0000028447  -0.0005544595
36  7  -0.0000056672  -0.0002828805  -0.0323574077   0.0002531688   0.0008384710
36  8   0.0364599234  -0.0001055745  -0.0002956189   0.0198773141  -0.0000412013
36  9  -0.0000616949  -0.0060565134  -0.0001359744  -0.0000812777  -0.0377469527
36 10  -0.0145352171  -0.0070619853   0.0058080678   0.0145532887   0.0070381550
36 11   0.0058928871  -0.0000213162  -0.0000335333   0.0026228742   0.0000002098
36 12  -0.0000011347   0.0000646232   0.0000000696   0.0000005764  -0.0000017408
36 13   0.0000002953   0.0000001781  -0.0000098250
37  1  -0.0065903067   0.0045243167   0.0000144010   0.0042640080  -0.0045608078
37  2  -0.0000148018  -0.0057804015  -0.0029695563  -0.0000135724   0.0016427482
37  3  -0.0105267794  -0.0000382396  -0.0189190118   0.0061486241   0.0000109385
37  4   0.0085857390   0.0028143380   0.0000159840  -0.0027980910   0.0060922212
37  5   0.0000214331   0.0039883637  -0.0050772304  -0.0000168361  -0.0716686960
37  6  -0.0381087568  -0.0001795244   0.0240804088   0.0092339001   0.0000423287
37  7  -0.2920037849  -0.1884646674  -0.0008206301   0.0058318136  -0.0266047042
37  8  -0.0001055745   0.6750015330   0.1185269367   0.0008397972  -0.1959951179
37  9   0.1076802899   0.0002884858  -0.0201053660   0.0176009831   0.0000356184
37 10   0.0017623052   0.0032188757   0.0006232381   0.0017626290   0.0032188141
37 11  -0.0005960644  -0.1126185312  -0.0048325359  -0.0001142234  -0.0000760487
37 12   0.0024696332   0.0000088276   0.0000834437  -0.0005927408  -0.0000018961
37 13  -0.0004476363   0.0002088462   0.0000003104
38  1  -0.0002471276   0.0003936657   0.0000010228   0.0000894594  -0.0003333016
38  2   0.0000003602  -0.0008739304   0.0004593586   0.0000014095  -0.0000247116
38  3  -0.0011368884  -0.0000048112  -0.0001546834   0.0013772470   0.0000084690
38  4   0.0005042810   0.0000668173   0.0000021764   0.0001978818   0.0006245784
38  5   0.0000024040   0.0000346933   0.0001241350   0.0000048120  -0.0130696975
38  6   0.0088575156   0.0000131787   0.0065775153   0.0025669298  -0.0000108136
38  7  -0.1753046804  -0.2631685542  -0.0008511595  -0.0007872658  -0.0615467252
38  8  -0.0002956189   0.1185269367   0.4711959789   0.0015330631   0.0703132701
38  9  -0.1545492980  -0.0002528932   0.0151458948  -0.0290613984  -0.0001603249
38 10   0.0001947375  -0.0037668729  -0.0000445321   0.0001922457  -0.0037920879
38 11   0.0000231160  -0.0214886810   0.0314612320   0.0000309884   0.0000648728
38 12   0.0001638344  -0.0000011416   0.0000869626   0.0000523799   0.0000006371
38 13   0.0000220266   0.0000114539  -0.0000003423
39  1  -0.0000044831   0.0000037990   0.0000807458   0.0000028053  -0.0000028386
39  2  -0.0002415823  -0.0000067111  -0.0000000838   0.0000523566   0.0000011958
39  3  -0.0000099336   0.0000435820  -0.0000093699   0.0000109559  -0.0008437406
39  4   0.0000064929   0.0000031963  -0.0004004818  -0.0000005456   0.0000055901
39  5   0.0000401902   0.0000030367   0.0000026623  -0.0014030456  -0.0000876070
39  6  -0.0000020519   0.0034869167   0.0000331963  -0.0000089455   0.0063113336
39  7  -0.0007791357  -0.0008562518  -0.0585391303  -0.0000134888  -0.0003199128
39  8   0.0198773141   0.0008397972   0.0015330631   0.0667140808   0.0001565893
39  9  -0.0002274686  -0.0703807879   0.0000283458  -0.0001611236   0.0187214829
39 10  -0.0002970650  -0.0036708684  -0.0008180269   0.0003022408   0.0036535615
39 11  -0.0007914494  -0.0001754940   0.0000453493   0.0179202444   0.0000000753
39 12   0.0000014616   0.0001326675   0.0000004138   0.0000001604  -0.0000743879
39 13  -0.0000002888  -0.0000003207   0.0001117181
40  1   0.0056890742  -0.0035746592  -0.0000112280  -0.0039473636   0.0030647477
40  2   0.0000094985   0.0053553678   0.0030381040   0.0000137038  -0.0016458738
40  3   0.0071046904   0.0000254579   0.0134673914  -0.0054573395  -0.0000103253
40  4  -0.0068524545  -0.0018282742  -0.0000106527   0.0020096202  -0.0048509176
40  5  -0.0000173117  -0.0027629996   0.0042156046   0.0000153876   0.0261372541
40  6   0.0033665921   0.0000191977  -0.0208061496  -0.0036935907  -0.0000261196
40  7  -0.1096442531  -0.0466897668  -0.0002369371  -0.0268350418  -0.0065733176
40  8  -0.0000412013  -0.1959951179   0.0703132701   0.0001565893   0.9492281857
40  9   0.2206931591   0.0013468787  -0.0601073043   0.0229354225   0.0001028417
40 10  -0.0010979156   0.0138772642   0.0006932405  -0.0010942173   0.0139241670
40 11  -0.0005974990  -0.5714466727  -0.2881508544  -0.0014253384   0.0000553502
40 12  -0.0020699688  -0.0000076031  -0.0000591296   0.0004836687   0.0000016195
40 13   0.0003522498  -0.0001280016  -0.0000001990
41  1  -0.0014050464   0.0010172744   0.0000033068   0.0008652655  -0.0012882829
41  2  -0.0000046492  -0.0012344448  -0.0002071493  -0.0000018005   0.0003751331
41  3  -0.0034768413  -0.0000134474  -0.0060720368   0.0018945502   0.0000064828
41  4   0.0025756390   0.0007723320   0.0000071572  -0.0009019681   0.0016354111
41  5   0.0000053078   0.0008881992  -0.0008250805   0.0000013581  -0.0098167000
41  6  -0.0059204187  -0.0000568829   0.0072438373   0.0007019920  -0.0000065550
41  7  -0.0136446325   0.0136811824   0.0000609594  -0.0243600403  -0.0178820590
41  8  -0.0000616949   0.1076802899  -0.1545492980  -0.0002274686   0.2206931591
41  9   0.5800850810   0.0014426836   0.0067955929  -0.1255022604  -0.0001360905
41 10   0.0016428404  -0.0082021470  -0.0027329478   0.0016523680  -0.0080183241
41 11   0.0026588642  -0.2928901998  -0.2740533167  -0.0009452620   0.0000318138
41 12   0.0002604979   0.0000018048  -0.0000371934  -0.0001657675  -0.0000006628
41 13  -0.0000818760   0.0000426244  -0.0000004629
42  1  -0.0000009006   0.0000014165  -0.0000398411   0.0000000862  -0.0000029795
42  2   0.0000410426  -0.0000005970   0.0000009916   0.0001083744  -0.0000002928
42  3  -0.0000084729   0.0000883674  -0.0000124347   0.0000070573  -0.0009913245
42  4   0.0000052923   0.0000044848  -0.0007882184  -0.0000018732   0.0000025246
42  5   0.0000495356   0.0000016149   0.0000033038  -0.0008901959  -0.0000218604
42  6  -0.0000467365   0.0081444118   0.0000118293  -0.0000130586   0.0036119168
42  7  -0.0001172646   0.0000350171  -0.0051750407  -0.0001044349  -0.0000482238
42  8  -0.0060565134   0.0002884858  -0.0002528932  -0.0703807879   0.0013468787
42  9   0.0014426836   0.2285008991   0.0000428963  -0.0001260390  -0.0863910614
42 10   0.0019479462   0.0280343230   0.0026039188  -0.0019417046  -0.0280895192
42 11   0.0024156060  -0.0014432217  -0.0009424137  -0.0749782109  -0.0000000631
42 12  -0.0000006430  -0.0000223758  -0.0000001956  -0.0000003227   0.0000115211
42 13  -0.0000001864  -0.0000005001   0.0001379763
43  1  -0.0000944097   0.0000282681  -0.0000001480   0.0000440859  -0.0000217122
43  2  -0.0000000641  -0.0001016192  -0.0001407710  -0.0000003425  -0.0003970358
43  3   0.0000070762  -0.0000003474  -0.0007386204   0.0003159294  -0.0000000775
43  4   0.0002752150   0.0000753563   0.0000001895  -0.0001251993   0.0001000624
43  5   0.0000000869   0.0000497453  -0.0011608037  -0.0000050559  -0.0003319966
43  6   0.0015825095   0.0000030245   0.0012671528  -0.0003220590   0.0000004091
43  7  -0.0236809776   0.0274849318   0.0000834398  -0.1381386830  -0.0167867888
43  8  -0.0001359744  -0.0201053660   0.0151458948   0.0000283458  -0.0601073043
43  9   0.0067955929   0.0000428963   0.4506782910  -0.0845248631  -0.0003884167
43 10  -0.0990401986   0.0465425121  -0.1051109326  -0.0993730510   0.0459005855
43 11   0.1056520579  -0.0100435592  -0.0409714284  -0.0001692908   0.0000102714
43 12  -0.0000126863   0.0000003868  -0.0000433356  -0.0000398128  -0.0000001880
43 13  -0.0000034050   0.0000022063   0.0000000013
44  1   0.0007813384  -0.0003825573  -0.0000015928  -0.0006261000   0.0002766933
44  2   0.0000015734   0.0008300571   0.0003774781   0.0000034103  -0.0001991038
44  3   0.0008817837   0.0000010853   0.0024507810  -0.0007909114  -0.0000042612
44  4  -0.0010210409  -0.0002192459  -0.0000018305   0.0003679017  -0.0005878784
44  5  -0.0000023786  -0.0004343599   0.0011043725  -0.0000001455   0.0038972754
44  6  -0.0032543895  -0.0000183813  -0.0038117596  -0.0002726066   0.0000011763
44  7   0.0154306661   0.0001782807   0.0000150709  -0.0353076742  -0.0526004634
44  8  -0.0000812777   0.0176009831  -0.0290613984  -0.0001611236   0.0229354225
44  9  -0.1255022604  -0.0001260390  -0.0845248631   0.3948821047  -0.0006217658
44 10   0.0468786666  -0.0742374378   0.0794450889   0.0462035555  -0.0730806150
44 11  -0.0782245708  -0.0315489476  -0.0376639328  -0.0002246613   0.0000003466
44 12  -0.0001346181   0.0000001457   0.0000497892   0.0000984592   0.0000003893
44 13   0.0000470660  -0.0000108572   0.0000000881
45  1   0.0000026058  -0.0000016278   0.0001010036  -0.0000019544   0.0000018812
45  2  -0.0002323487   0.0000026026   0.0000027980  -0.0004276522  -0.0000005877
45  3   0.0000007819   0.0005103817   0.0000067523  -0.0000055408   0.0008083243
45  4  -0.0000032392  -0.0000009864   0.0000828139   0.0000012510  -0.0000019972
45  5   0.0000434787  -0.0000017897  -0.0000012906   0.0011096118   0.0000107866
45  6  -0.0000201419   0.0022047298  -0.0000099619   0.0000036490  -0.0012467904
45  7   0.0000439586   0.0000196357  -0.0005180752  -0.0002068578  -0.0000667100
45  8  -0.0377469527   0.0000356184  -0.0001603249   0.0187214829   0.0001028417
45  9  -0.0001360905  -0.0863910614  -0.0003884167  -0.0006217658   0.5487002098
45 10  -0.1091713305   0.0810464277  -0.2313361576   0.1097132791  -0.0798258314
45 11  -0.2321607775  -0.0001359148  -0.0002329207   0.0177978800   0.0000000707
45 12  -0.0000003880   0.0000144184   0.0000001477   0.0000003396  -0.0000063376
45 13   0.0000001382   0.0000001030  -0.0000281816
46  1  -0.0002639701   0.0001365112   0.0000221469   0.0002081945  -0.0000679450
46  2  -0.0000502234  -0.0002771020  -0.0001490870  -0.0000845575   0.0000244645
46  3  -0.0000504158   0.0002070510  -0.0002594404   0.0002162424   0.0001799179
46  4   0.0002169029   0.0000570225  -0.0000338826  -0.0000607905   0.0001683742
46  5   0.0000179075  -0.0002573532  -0.0001399932   0.0002131500  -0.0006183215
46  6   0.0006937272   0.0006657787   0.0004782242   0.0003697686  -0.0003359646
46  7  -0.0035385353  -0.0030288334  -0.0018199516  -0.0162340548   0.0072315175
46  8  -0.0145352171   0.0017623052   0.0001947375  -0.0002970650  -0.0010979156
46  9   0.0016428404   0.0019479462  -0.0990401986   0.0468786666  -0.1091713305
46 10   0.1104533732  -0.0478752845   0.1116015047   0.0081726566  -0.0052515134
46 11   0.0116374647   0.0003490914  -0.0011058162  -0.0001594186  -0.0000093526
46 12   0.0000927693  -0.0000016214   0.0000109273  -0.0000176704  -0.0000008479
46 13  -0.0000191051   0.0000043816  -0.0000027873
47  1  -0.0000280314   0.0000186081  -0.0000105421   0.0000271389  -0.0000331998
47  2   0.0000224255  -0.0000137484   0.0000314994   0.0000028075  -0.0000199009
47  3  -0.0000409551   0.0000773020  -0.0000127724   0.0000809291   0.0000818192
47  4   0.0000391076   0.0000057535  -0.0000912467  -0.0000217846   0.0000275193
47  5   0.0000056568  -0.0000879698   0.0000483938  -0.0000081916  -0.0001977131
47  6   0.0001499116   0.0006378739   0.0000983001   0.0001636746  -0.0000297004
47  7  -0.0015888370  -0.0042906780  -0.0004795488  -0.0087463743   0.0044397437
47  8  -0.0070619853   0.0032188757  -0.0037668729  -0.0036708684   0.0138772642
47  9  -0.0082021470   0.0280343230   0.0465425121  -0.0742374378   0.0810464277
47 10  -0.0478752845   0.0789299442  -0.0843016604  -0.0051512145   0.0047086359
47 11  -0.0098947508  -0.0000590154   0.0019705372  -0.0043569231  -0.0000027980
47 12  -0.0000060321  -0.0000197202   0.0000038413   0.0000011931   0.0000081316
47 13  -0.0000015956   0.0000009791   0.0000083705
48  1  -0.0000310163   0.0000189236  -0.0000063431   0.0000247394  -0.0000107266
48  2   0.0000109263  -0.0000272988  -0.0000157334   0.0000219338   0.0000399498
48  3  -0.0000485423  -0.0000036415  -0.0000171533   0.0000010092  -0.0000213896
48  4   0.0000214357   0.0000081801  -0.0000007298   0.0000017500   0.0000210774
48  5  -0.0000026642   0.0000581666  -0.0000152767  -0.0000439505  -0.0001135387
48  6  -0.0002634022  -0.0003672484   0.0000455850   0.0000277352  -0.0000017136
48  7   0.0015571191  -0.0003994336   0.0003326631   0.0017937722  -0.0020035908
48  8   0.0058080678   0.0006232381  -0.0000445321  -0.0008180269   0.0006932405
48  9  -0.0027329478   0.0026039188  -0.1051109326   0.0794450889  -0.2313361576
48 10   0.1116015047  -0.0843016604   0.2414213630  -0.0116339426   0.0100544943
48 11  -0.0183636051   0.0004729309   0.0002456752   0.0007665133   0.0000005197
48 12   0.0000144107  -0.0000009644   0.0000022813  -0.0000011880   0.0000008808
48 13  -0.0000023508   0.0000004392   0.0000001682
49  1  -0.0002638582   0.0001366344  -0.0000212903   0.0002080587  -0.0000682882
49  2   0.0000498833  -0.0002769847  -0.0001497286   0.0000831473   0.0000244977
49  3  -0.0000486473  -0.0002073845  -0.0002588013   0.0002175176  -0.0001786881
49  4   0.0002166874   0.0000567599   0.0000345908  -0.0000607588   0.0001684120
49  5  -0.0000166715  -0.0002570878  -0.0001384395  -0.0002144826  -0.0006169103
49  6   0.0006988046  -0.0006607023   0.0004770657   0.0003671253   0.0003393708
49  7  -0.0035407412  -0.0030414012   0.0017923876  -0.0162519782   0.0071228968
49  8   0.0145532887   0.0017626290   0.0001922457   0.0003022408  -0.0010942173
49  9   0.0016523680  -0.0019417046  -0.0993730510   0.0462035555   0.1097132791
49 10   0.0081726566  -0.0051512145  -0.0116339426   0.1108006277  -0.0471914561
49 11  -0.1121497070   0.0003496756  -0.0011066227   0.0001506389  -0.0000093286
49 12   0.0000927867   0.0000022169   0.0000109296  -0.0000176674   0.0000007365
49 13  -0.0000191105   0.0000043590   0.0000027929
50  1  -0.0000281690   0.0000186166   0.0000107194   0.0000272877  -0.0000330710
50  2  -0.0000227331  -0.0000138600   0.0000314674  -0.0000027222  -0.0000194862
50  3  -0.0000405332  -0.0000776682  -0.0000124412   0.0000813953  -0.0000810963
50  4   0.0000389829   0.0000050757   0.0000913178  -0.0000217160   0.0000276299
50  5  -0.0000054297  -0.0000875963   0.0000483815   0.0000088324  -0.0001971954
50  6   0.0001527208  -0.0006343018   0.0000979514   0.0001634817   0.0000312119
50  7  -0.0015789038  -0.0042970210   0.0004434950  -0.0087429057   0.0043730016
50  8   0.0070381550   0.0032188141  -0.0037920879   0.0036535615   0.0139241670
50  9  -0.0080183241  -0.0280895192   0.0459005855  -0.0730806150  -0.0798258314
50 10  -0.0052515134   0.0047086359   0.0100544943  -0.0471914561   0.0777140829
50 11   0.0830392785  -0.0000619783   0.0019409939   0.0043650944  -0.0000028399
50 12  -0.0000061272   0.0000196199   0.0000038715   0.0000012578  -0.0000081203
50 13  -0.0000015990   0.0000010383  -0.0000083577
51  1   0.0000304393  -0.0000185547  -0.0000064393  -0.0000242566   0.0000103283
51  2   0.0000108553   0.0000267437   0.0000155284   0.0000221727  -0.0000400814
51  3   0.0000482291  -0.0000041950   0.0000166964   0.0000000885  -0.0000222634
51  4  -0.0000208298  -0.0000080414  -0.0000001589  -0.0000019873  -0.0000206166
51  5  -0.0000029296  -0.0000591842   0.0000157983  -0.0000440958   0.0001117171
51  6   0.0002683833  -0.0003707208  -0.0000441628  -0.0000260354  -0.0000011819
51  7  -0.0015752972   0.0003619141   0.0003392912  -0.0018912338   0.0020035578
51  8   0.0058928871  -0.0005960644   0.0000231160  -0.0007914494  -0.0005974990
51  9   0.0026588642   0.0024156060   0.1056520579  -0.0782245708  -0.2321607775
51 10   0.0116374647  -0.0098947508  -0.0183636051  -0.1121497070   0.0830392785
51 11   0.2422908886  -0.0004743119  -0.0002389726   0.0007959542  -0.0000005675
51 12  -0.0000142860  -0.0000007708  -0.0000022376   0.0000011620   0.0000008225
51 13   0.0000023015  -0.0000004201   0.0000001100
52  1  -0.0032810819   0.0020457353   0.0000063603   0.0022789137  -0.0016569417
52  2  -0.0000051415  -0.0030559652  -0.0018234179  -0.0000082563   0.0009765143
52  3  -0.0035382213  -0.0000127782  -0.0065961538   0.0025312760   0.0000046001
52  4   0.0035661595   0.0010798460   0.0000061526  -0.0010150427   0.0026573276
52  5   0.0000094493   0.0007170866  -0.0018702997  -0.0000067825  -0.0120280822
52  6  -0.0055886232  -0.0000258036   0.0088967159   0.0026052234   0.0000149208
52  7   0.0198444330   0.0247524437   0.0000981624   0.0032497769  -0.0062283988
52  8  -0.0000213162  -0.1126185312  -0.0214886810  -0.0001754940  -0.5714466727
52  9  -0.2928901998  -0.0014432217  -0.0100435592  -0.0315489476  -0.0001359148
52 10   0.0003490914  -0.0000590154   0.0004729309   0.0003496756  -0.0000619783
52 11  -0.0004743119   0.6800648306   0.3299932063   0.0016926574  -0.0000609646
52 12   0.0012740254   0.0000045502   0.0000708802  -0.0002601674  -0.0000008590
52 13  -0.0002180239   0.0000758083   0.0000000957
53  1  -0.0008240651   0.0005198411   0.0000017082   0.0005674675  -0.0002996692
53  2  -0.0000009899  -0.0007780887  -0.0006241889  -0.0000028256   0.0001761858
53  3  -0.0003224448  -0.0000013367  -0.0004517637   0.0004882963   0.0000005214
53  4   0.0005696240   0.0001938753   0.0000006653  -0.0000812794   0.0005597550
53  5   0.0000020985  -0.0002663689  -0.0002980059  -0.0000015426  -0.0022533771
53  6  -0.0001949420   0.0000014162   0.0011317246   0.0011690543   0.0000091023
53  7   0.0101496923   0.0011074149  -0.0000085519  -0.0017293974  -0.0062883259
53  8  -0.0000335333  -0.0048325359   0.0314612320   0.0000453493  -0.2881508544
53  9  -0.2740533167  -0.0009424137  -0.0409714284  -0.0376639328  -0.0002329207
53 10  -0.0011058162   0.0019705372   0.0002456752  -0.0011066227   0.0019409939
53 11  -0.0002389726   0.3299932063   0.2798888405   0.0011548619  -0.0000372664
53 12   0.0004616442   0.0000016164   0.0000582642  -0.0000362872  -0.0000000919
53 13  -0.0000573003   0.0000196286   0.0000001642
54  1  -0.0000050362   0.0000035753  -0.0000044523   0.0000034756  -0.0000024969
54  2   0.0000467649  -0.0000050122  -0.0000035246   0.0000372225   0.0000011830
54  3  -0.0000039454   0.0000817826  -0.0000068178   0.0000024131   0.0002767576
54  4   0.0000042556   0.0000007672   0.0001357256  -0.0000008410   0.0000041128
54  5  -0.0000033562  -0.0000001062  -0.0000023302   0.0000043152  -0.0000166399
54  6  -0.0000025231  -0.0008580557   0.0000114492   0.0000113269  -0.0012355150
54  7   0.0000459293   0.0000028987   0.0053346462  -0.0000063930  -0.0000366341
54  8   0.0026228742  -0.0001142234   0.0000309884   0.0179202444  -0.0014253384
54  9  -0.0009452620  -0.0749782109  -0.0001692908  -0.0002246613   0.0177978800
54 10  -0.0001594186  -0.0043569231   0.0007665133   0.0001506389   0.0043650944
54 11   0.0007959542   0.0016926574   0.0011548619   0.0313112855  -0.0000002958
54 12   0.0000024240  -0.0000204734   0.0000002763  -0.0000003334   0.0000049814
54 13  -0.0000004520   0.0000001714  -0.0000368839
55  1   0.0014967020  -0.0022479717  -0.0000072723   0.0022301698  -0.0211613640
55  2  -0.0000769971  -0.0306929526   0.0026045980   0.0000022930   0.0017128680
55  3   0.0213510733   0.0000777125  -0.0025160541  -0.0016884573  -0.0000101635
55  4  -0.0000930433   0.0001688793   0.0000007421  -0.0035359718  -0.0002156214
55  5  -0.0000033502   0.0007093628   0.0009031415   0.0000057127   0.0009638197
55  6  -0.0007255385  -0.0000028939  -0.0005283911   0.0027591732   0.0000100183
55  7  -0.0000490143   0.0000395450   0.0000001965   0.0000501979   0.0000277918
55  8   0.0000002098  -0.0000760487   0.0000648728   0.0000000753   0.0000553502
55  9   0.0000318138  -0.0000000631   0.0000102714   0.0000003466   0.0000000707
55 10  -0.0000093526  -0.0000027980   0.0000005197  -0.0000093286  -0.0000028399
55 11  -0.0000005675  -0.0000609646  -0.0000372664  -0.0000002958   0.0300346017
55 12  -0.0009279728   0.0000072499   0.0001162907   0.0000518366   0.0000004460
55 13   0.0001914875  -0.0009932419  -0.0000036431
56  1   0.0009241944   0.0074157396   0.0000364464   0.0067483148  -0.0393610299
56  2  -0.0001572404  -0.0020759043  -0.1467375248  -0.0004721848  -0.0021364359
56  3  -0.0358796875  -0.0001382688   0.0040294677   0.0047292885   0.0000051752
56  4   0.0006904222  -0.0013825496  -0.0000046467  -0.0065540688   0.0027329796
56  5  -0.0000011135   0.0002771498   0.0023229669   0.0000160396   0.0015842533
56  6   0.0001426243   0.0000001748  -0.0017386924  -0.0032943187  -0.0000137425
56  7  -0.0028555665   0.0004547030   0.0000016604   0.0000081337  -0.0003636335
56  8  -0.0000011347   0.0024696332   0.0001638344   0.0000014616  -0.0020699688
56  9   0.0002604979  -0.0000006430  -0.0000126863  -0.0001346181  -0.0000003880
56 10   0.0000927693  -0.0000060321   0.0000144107   0.0000927867  -0.0000061272
56 11  -0.0000142860   0.0012740254   0.0004616442   0.0000024240  -0.0009279728
56 12   0.2103299344   0.0007296407   0.0000163613  -0.0002111470   0.0000010998
56 13   0.0001637842  -0.0016375446  -0.0000048849
57  1   0.0000050452   0.0000364739  -0.0025542996   0.0000227231  -0.0001702204
57  2   0.0042076349  -0.0000141200  -0.0004703733  -0.0161111186  -0.0000086006
57  3  -0.0001254166   0.0017056666   0.0000102048  -0.0000013768   0.0044487801
57  4   0.0000024187  -0.0000058417  -0.0000518220  -0.0000265732   0.0000011188
57  5   0.0025501697   0.0000041473   0.0000175465  -0.0023128007   0.0000051269
57  6  -0.0000015426   0.0004553440  -0.0000056928  -0.0000082233   0.0001449008
57  7  -0.0000098157   0.0000021023  -0.0003982582  -0.0000001299  -0.0000017944
57  8   0.0000646232   0.0000088276  -0.0000011416   0.0001326675  -0.0000076031
57  9   0.0000018048  -0.0000223758   0.0000003868   0.0000001457   0.0000144184
57 10  -0.0000016214  -0.0000197202  -0.0000009644   0.0000022169   0.0000196199
57 11  -0.0000007708   0.0000045502   0.0000016164  -0.0000204734   0.0000072499
57 12   0.0007296407   0.0085871757   0.0000005152   0.0000013301  -0.0005401017
57 13   0.0000007441  -0.0000057481  -0.0002983960
58  1  -0.0005510659   0.0019854465   0.0000087774  -0.0039943501  -0.0013559943
58  2  -0.0000140696  -0.0000654703   0.0005107958   0.0000022944  -0.0043242132
58  3  -0.0012340710  -0.0000098122   0.0053289559  -0.0278717959  -0.0001050026
58  4  -0.0570886155   0.0017575767  -0.0000054228   0.0050760443   0.0283971132
58  5   0.0001081093  -0.0003922996  -0.0005226998  -0.0000024062  -0.0000838571
58  6  -0.0005984878  -0.0000020427   0.0028735778   0.0016199404   0.0000098762
58  7  -0.0001071078  -0.0000377803  -0.0000002377  -0.0000965612   0.0000413501
58  8   0.0000000696   0.0000834437   0.0000869626   0.0000004138  -0.0000591296
58  9  -0.0000371934  -0.0000001956  -0.0000433356   0.0000497892   0.0000001477
58 10   0.0000109273   0.0000038413   0.0000022813   0.0000109296   0.0000038715
58 11  -0.0000022376   0.0000708802   0.0000582642   0.0000002763   0.0001162907
58 12   0.0000163613   0.0000005152   0.0521581451  -0.0021731128   0.0000070523
58 13   0.0010768115  -0.0007001773   0.0000016133
59  1   0.0008084878  -0.0013921539   0.0000014631   0.0016797323   0.0028460312
59  2  -0.0000279066  -0.0001409369   0.0008203254   0.0000051367  -0.0026416787
59  3  -0.0000141673  -0.0000147040   0.0038830406  -0.0124232620  -0.0000600981
59  4   0.0001840808  -0.3404369356  -0.0011571262  -0.0027033807  -0.0112625979
59  5  -0.0000682823   0.0000223724  -0.0002002066  -0.0000028493  -0.0011363064
59  6  -0.0002231724   0.0000001059   0.0015696687   0.0014869373   0.0000176295
59  7   0.0008232616  -0.0002435701  -0.0000012299  -0.0000850640   0.0001578573
59  8   0.0000005764  -0.0005927408   0.0000523799   0.0000001604   0.0004836687
59  9  -0.0001657675  -0.0000003227  -0.0000398128   0.0000984592   0.0000003396
59 10  -0.0000176704   0.0000011931  -0.0000011880  -0.0000176674   0.0000012578
59 11   0.0000011620  -0.0002601674  -0.0000362872  -0.0000003334   0.0000518366
59 12  -0.0002111470   0.0000013301  -0.0021731128   0.3600847941   0.0012784161
59 13   0.0003023888   0.0010600321   0.0000277209
60  1   0.0000030273   0.0000033178  -0.0017611019  -0.0000016353  -0.0000295565
60  2   0.0106129336  -0.0000011231   0.0000059947  -0.0006389892  -0.0000145283
60  3  -0.0000134421   0.0033708538   0.0000183602  -0.0000785467   0.0038693153
60  4  -0.0000158563  -0.0011557016  -0.0376195866  -0.0000066068  -0.0000529633
60  5   0.0061595679  -0.0000011007  -0.0000034986   0.0005709648  -0.0000032464
60  6   0.0000003422  -0.0003875478   0.0000086322   0.0000174674  -0.0028589996
60  7   0.0000024797  -0.0000015722   0.0002010998  -0.0000003509   0.0000005947
60  8  -0.0000017408  -0.0000018961   0.0000006371  -0.0000743879   0.0000016195
60  9  -0.0000006628   0.0000115211  -0.0000001880   0.0000003893  -0.0000063376
60 10  -0.0000008479   0.0000081316   0.0000008808   0.0000007365  -0.0000081203
60 11   0.0000008225  -0.0000008590  -0.0000000919   0.0000049814   0.0000004460
60 12   0.0000010998  -0.0005401017   0.0000070523   0.0012784161   0.0252626666
60 13   0.0000058850   0.0000277653  -0.0061768146
61  1   0.0018533258  -0.0003369027   0.0000012062  -0.0000353815   0.0042437294
61  2   0.0000141732  -0.0001503582  -0.0004008542  -0.0000032477   0.0007258250
61  3   0.0001813557   0.0000012091  -0.0013083115   0.0044015749   0.0000102427
61  4  -0.0175365415  -0.0153302125  -0.0000725243  -0.2764164941  -0.1200148515
61  5  -0.0006195036  -0.0000611194  -0.0001739043  -0.0000006829  -0.0006315066
61  6   0.0002565182   0.0000011398  -0.0009147419  -0.0007637725  -0.0000043360
61  7   0.0005259236  -0.0001916361  -0.0000001810  -0.0000140761   0.0000801800
61  8   0.0000002953  -0.0004476363   0.0000220266  -0.0000002888   0.0003522498
61  9  -0.0000818760  -0.0000001864  -0.0000034050   0.0000470660   0.0000001382
61 10  -0.0000191051  -0.0000015956  -0.0000023508  -0.0000191105  -0.0000015990
61 11   0.0000023015  -0.0002180239  -0.0000573003  -0.0000004520   0.0001914875
61 12   0.0001637842   0.0000007441   0.0010768115   0.0003023888   0.0000058850
61 13   0.2930501882   0.1276558809   0.0006664182
62  1   0.0026497516   0.0043470426   0.0000305020  -0.0317431888  -0.0104216742
62  2  -0.0000783604   0.0014484882  -0.0042766580  -0.0000255348   0.0013872538
62  3  -0.0004897328  -0.0000007462   0.0027852579  -0.0013465213  -0.0000373752
62  4   0.0162421616   0.0110380713   0.0000382797  -0.1194072886  -0.1191378660
62  5  -0.0004036273  -0.0002329664  -0.0001509215  -0.0000004638   0.0005903364
62  6  -0.0001521540   0.0000037599   0.0004103349   0.0006574806  -0.0000040569
62  7  -0.0002519993   0.0001601555   0.0000022649  -0.0000082028  -0.0000136913
62  8   0.0000001781   0.0002088462   0.0000114539  -0.0000003207  -0.0001280016
62  9   0.0000426244  -0.0000005001   0.0000022063  -0.0000108572   0.0000001030
62 10   0.0000043816   0.0000009791   0.0000004392   0.0000043590   0.0000010383
62 11  -0.0000004201   0.0000758083   0.0000196286   0.0000001714  -0.0009932419
62 12  -0.0016375446  -0.0000057481  -0.0007001773   0.0010600321   0.0000277653
62 13   0.1276558809   0.1202991146   0.0004536904
63  1   0.0000135963   0.0000271692  -0.0029673418  -0.0001256804  -0.0000530362
63  2   0.0051190225   0.0000037144  -0.0000262801   0.0024603892   0.0000064890
63  3  -0.0000017386  -0.0000597600   0.0000040038  -0.0000362572   0.0087180510
63  4   0.0000511955   0.0000184719   0.0037022394  -0.0006197887  -0.0004050323
63  5  -0.0352005628  -0.0000011473  -0.0000003861  -0.0000889994   0.0000020901
63  6   0.0000029231  -0.0010044390   0.0000010484  -0.0000041818   0.0017799320
63  7  -0.0000000834   0.0000022650  -0.0004647666  -0.0000000403   0.0000000968
63  8  -0.0000098250   0.0000003104  -0.0000003423   0.0001117181  -0.0000001990
63  9  -0.0000004629   0.0001379763   0.0000000013   0.0000000881  -0.0000281816
63 10  -0.0000027873   0.0000083705   0.0000001682   0.0000027929  -0.0000083577
63 11   0.0000001100   0.0000000957   0.0000001642  -0.0000368839  -0.0000036431
63 12  -0.0000048849  -0.0002983960   0.0000016133   0.0000277209  -0.0061768146
63 13   0.0006664182   0.0004536904   0.0243063639
$end
