$vibrational normal modes
 1  1   0.2267199319  -0.0041483783   0.0494156278   0.0113409189  -0.0325499974
 1  2  -0.0425945241  -0.0001393269   0.0000534423  -0.0100144551  -0.0001709173
 1  3  -0.0000060572  -0.1380923344   0.0000193050  -0.0000265964  -0.3796988791
 1  4   0.0001735122  -0.1391382467  -0.1545257586  -0.0000174202   0.4136453470
 1  5   0.2177980891  -0.0002632086   0.1865485170   0.0001602185   0.1154013507
 1  6   0.1078964868  -0.0829553016  -0.0000037903  -0.0000126967   0.0000873407
 1  7  -0.0651407415   0.1032841290   0.0606945448  -0.0000417784  -0.0016299308
 1  8   0.0000121159  -0.0226252560   0.0160053998   0.0000085447   0.2341624818
 1  9   0.1397494617   0.0000072368  -0.0075192709   0.0048359755   0.0000000082
 1 10   0.0008534879  -0.0061256098   0.0221885938   0.0164601875   0.0359003470
 1 11  -0.0213726393   0.0005668677   0.0086663208  -0.0736848314   0.0177915615
 1 12  -0.0753184941  -0.1745840628   0.3624556834   0.0057672023  -0.0000344901
 1 13   0.0000000000  -0.0002920387  -0.0006948611
 2  1   0.0862717149   0.0095537797  -0.1193196934   0.1488259491   0.1846445366
 2  2  -0.2260275756  -0.0013704751   0.0007036870   0.1358182340  -0.0018961191
 2  3  -0.0002094300  -0.2188666176   0.0006353236  -0.0006293113  -0.5316437534
 2  4  -0.0012529111   0.2947387569  -0.0652180453   0.0005469402   0.2162186330
 2  5  -0.0603335927  -0.0003248379   0.0850557013   0.0000714226  -0.2615519752
 2  6  -0.1608926322  -0.1923681165  -0.0000526114  -0.0002521554  -0.0002941873
 2  7   0.0772802483  -0.1084099590  -0.0760085233  -0.0002356847   0.0003481899
 2  8  -0.0002372083  -0.0014884238  -0.0012515991  -0.0000037990  -0.0622168552
 2  9  -0.0197318946  -0.0000318663  -0.0206972418   0.0019095036  -0.0000008422
 2 10  -0.0008504670   0.0054036898  -0.0630899968  -0.0262053624  -0.0194778723
 2 11   0.0248503045  -0.0008263168  -0.0269206762   0.0348513259   0.0334111636
 2 12   0.0487394417   0.1047160087  -0.1928957683  -0.0032305770   0.0000183551
 2 13   0.0000000042   0.0000984972   0.0005060413
 3  1  -0.0113128487   0.2629684753   0.0187741846   0.2233337420  -0.0891698271
 3  2   0.0515280367   0.3750684749  -0.1822301745   0.0004169686   0.4952910528
 3  3   0.0555009181  -0.0006793090  -0.1709387096   0.1269938273  -0.0022937891
 3  4   0.1326503620   0.0014894546  -0.0003363048  -0.1394717213   0.0009290186
 3  5  -0.0001674461   0.0283929545   0.0005062226  -0.0630233993  -0.0009374132
 3  6  -0.0005799588  -0.0007840264   0.0161043692   0.0633166393   0.0441725556
 3  7   0.0003882143  -0.0003851028  -0.0002660979   0.0679095484  -0.0000015991
 3  8   0.0593088041   0.0002972486  -0.0000017165   0.0003136813  -0.0001849432
 3  9  -0.0000131726   0.0066601404  -0.0000880192   0.0000059474  -0.0000195736
 3 10  -0.0000030814   0.0000188307  -0.0002384544  -0.0000948438  -0.0000639929
 3 11   0.0000906486  -0.0000030743  -0.0001016885   0.0001113512   0.0001364678
 3 12   0.0001632448   0.0003461070  -0.0006194318  -0.0000104978   0.0000000602
 3 13  -0.0000005490   0.0000002659   0.0000017321
 4  1   0.2089730546  -0.0056574957   0.0668788788  -0.0003076188  -0.0554371811
 4  2  -0.0400658357  -0.0001042083   0.0000071471  -0.0454955120  -0.0000514298
 4  3   0.0000130672  -0.0943277563  -0.0000470667   0.0000666671  -0.1782458606
 4  4   0.0004528748  -0.2113671586  -0.1268111711  -0.0001023953   0.2621212806
 4  5   0.1515386243   0.0001228544  -0.0140875455   0.0001451348   0.2764512974
 4  6   0.1749942657   0.0894791108   0.0000109586   0.0000856380   0.0001832166
 4  7  -0.0783623297   0.0174555482   0.0352791977   0.0001059202  -0.0039129529
 4  8   0.0001305688  -0.0377651025   0.0029902162   0.0000042824   0.0718991899
 4  9   0.0065234157   0.0000130773   0.0456676905  -0.0324892791   0.0000037704
 4 10   0.0009069099  -0.0033524360   0.2107258978   0.0653124098  -0.0246375591
 4 11  -0.0710929253   0.0036938324   0.0222684700   0.1343568231   0.0083419296
 4 12   0.0315591994   0.1970571751  -0.6310324346  -0.0092137817   0.0000434864
 4 13  -0.0000000013   0.0010700076   0.0014663651
 5  1   0.0536890909   0.0068314685  -0.0871980696   0.1277153804   0.1426451906
 5  2  -0.2213129231  -0.0008159728   0.0001674714   0.0702633573  -0.0005631049
 5  3   0.0000157740  -0.1380921041  -0.0002440295   0.0000469761  -0.1546883066
 5  4   0.0002593135   0.1448911672  -0.0230914710  -0.0006497244  -0.0256272428
 5  5  -0.1319945306   0.0005367919  -0.2361080446  -0.0006437722   0.0757555200
 5  6   0.0074645463   0.1178208000   0.0001748568   0.0008174104   0.0005883752
 5  7   0.0168589109  -0.1835768990  -0.0768767067   0.0011536600  -0.0048843731
 5  8   0.0009275737  -0.0465744958  -0.0113920716   0.0000009486  -0.1602324374
 5  9  -0.1649175809   0.0000668315   0.0993459394  -0.0397806222   0.0000064197
 5 10   0.0046316572  -0.0261731251   0.3994562150   0.1029227083  -0.0271669463
 5 11  -0.1660206341   0.0091642430   0.0256563618   0.0811372068  -0.0788828296
 5 12  -0.0109171189  -0.1453674644   0.3269160001   0.0044314272  -0.0000099119
 5 13  -0.0000000110  -0.0011453725  -0.0026575886
 6  1  -0.0041329980   0.2487416788  -0.0066107621   0.1434750937  -0.0862578092
 6  2   0.0283987691   0.2239793864  -0.0428550762   0.0002059460   0.1531987115
 6  3  -0.0031479048  -0.0005254520   0.0622140649  -0.0257583997  -0.0004994926
 6  4  -0.1631104574  -0.0000118720  -0.0001453496   0.1784520879   0.0001215591
 6  5  -0.0004213685  -0.0381977384  -0.0010860878   0.1645121401   0.0002993979
 6  6   0.0000769854   0.0004993378  -0.0459845707  -0.2136434351  -0.1599255591
 6  7  -0.0003701971  -0.0006951895  -0.0003126059  -0.2892667654  -0.0000117142
 6  8  -0.2260190122  -0.0013810998  -0.0000306054  -0.0010870363  -0.0004778639
 6  9  -0.0006900435  -0.0176746527   0.0004248249  -0.0001499560   0.0000623704
 6 10   0.0000184699  -0.0001018391   0.0016291854   0.0004224041  -0.0001089366
 6 11  -0.0006726875   0.0000368737   0.0001111057   0.0003542944  -0.0003020595
 6 12  -0.0000400273  -0.0004965340   0.0010208400   0.0000135830  -0.0000000109
 6 13   0.0000024620  -0.0000039569  -0.0000098473
 7  1   0.2290354080  -0.0039031651   0.0471613579   0.0128873197  -0.0295440781
 7  2  -0.0429154852  -0.0000082255  -0.0000276454  -0.0040124394  -0.0000029238
 7  3   0.0000244109  -0.1195352028  -0.0001198258   0.0000067922  -0.2158754523
 7  4   0.0004581705  -0.1433000741  -0.1028326214  -0.0001097870   0.1098851050
 7  5   0.0643843596  -0.0000797275  -0.0090801894  -0.0000000391   0.0993699766
 7  6   0.0596806686   0.1449411178  -0.0000059461  -0.0000265109   0.0000026551
 7  7  -0.0200645168   0.0979698357   0.0593530153  -0.0001196111   0.0060771811
 7  8  -0.0001268694   0.0915005369  -0.0289006507  -0.0000140439  -0.3755588307
 7  9  -0.2559073052  -0.0000160754   0.0995330528   0.0520703583  -0.0000031214
 7 10  -0.0021665412   0.0163655908  -0.1886223032  -0.0729669516  -0.0394141534
 7 11   0.1884606626  -0.0100046725   0.0923992482  -0.0501751688  -0.4479737786
 7 12   0.1628764382   0.1632183459   0.1348281759   0.0043062083  -0.0000476684
 7 13   0.0000000051   0.0000534528  -0.0000926647
 8  1   0.0146961627   0.0039821567  -0.0486509165   0.1019834985   0.0925476427
 8  2  -0.2157704223  -0.0000709680  -0.0001632198  -0.0218188422  -0.0000798025
 8  3   0.0001248077  -0.1068221253  -0.0008354246  -0.0001868583   0.0674905311
 8  4   0.0019895898  -0.0275955347   0.0144468683  -0.0007769182  -0.0221674839
 8  5   0.0213609524  -0.0009531217  -0.1056147544  -0.0005741987   0.2051526920
 8  6   0.1229393907  -0.0043991069   0.0000354938  -0.0002332608  -0.0001917311
 8  7  -0.0538096639  -0.1975094674  -0.1054218961  -0.0006861383  -0.0176140784
 8  8   0.0000854052  -0.2921760618   0.0501060285   0.0000266209   0.2752187451
 8  9  -0.4230480361  -0.0000142846   0.1354195023   0.0716282114  -0.0000035285
 8 10  -0.0031528350   0.0402886113  -0.2017015280  -0.0880483960  -0.0040448946
 8 11   0.0289310455  -0.0017960934  -0.0644454892  -0.0544934903   0.2893875856
 8 12  -0.1039927884  -0.0685235768  -0.0262515917   0.0004287332  -0.0000263373
 8 13   0.0000000081   0.0001097205  -0.0001176483
 9  1  -0.0011170821   0.1263699121  -0.0586911714   0.1643604274  -0.1322503391
 9  2   0.0271039353   0.0200666102   0.0445473664  -0.0000761715   0.0281694327
 9  3  -0.0318270426  -0.0005110075   0.2239682511   0.0552893536   0.0006803266
 9  4  -0.5197309694  -0.0015400941  -0.0000912949   0.2080975832   0.0001466236
 9  5   0.0001712958   0.3132202671   0.0005938093   0.1847435306   0.0005706002
 9  6   0.0004760509  -0.0000550009  -0.0084002222   0.0633749177   0.0741481999
 9  7  -0.0000288733  -0.0006109644  -0.0003189610   0.2074443445  -0.0000661742
 9  8   0.0659479653  -0.0006941778   0.0001675937  -0.0005229106   0.0008332173
 9  9  -0.0016450898   0.0003417686   0.0005490944   0.0002866506  -0.0001275264
 9 10  -0.0000124913   0.0001573641  -0.0008329340  -0.0003622033  -0.0000346250
 9 11   0.0002020953  -0.0000117338  -0.0001889302  -0.0002257997   0.0008345661
 9 12  -0.0002976233  -0.0001667741  -0.0000310893   0.0000038297  -0.0000001189
 9 13  -0.0000017962   0.0000004602  -0.0000003738
10  1   0.2078189882  -0.0056886925   0.0680480309  -0.0010282758  -0.0568981190
10  2  -0.0398889792   0.0000328962  -0.0000954732  -0.0557332104  -0.0000059587
10  3   0.0000297016  -0.1156086947  -0.0001217289  -0.0000244720  -0.1803293082
10  4   0.0003820919  -0.1505830964   0.0289410808   0.0000622444  -0.0800285368
10  5   0.0337084993   0.0001024628   0.0197888480   0.0002609137  -0.0110534281
10  6  -0.0109287468   0.0791294877  -0.0000516324  -0.0001062521  -0.0001086067
10  7   0.0400233239   0.1901967571   0.0527864725   0.0001076994   0.0103052048
10  8  -0.0001192340   0.1099561932  -0.0268611009  -0.0000195631  -0.4422378316
10  9  -0.1866557523  -0.0000205255  -0.1907470570   0.0196196387  -0.0000087024
10 10  -0.0048788134  -0.0029906174  -0.0430349802   0.0569141793   0.0338722675
10 11  -0.0909084499   0.0050615802  -0.0864675270   0.0641385919   0.5003267738
10 12  -0.1747867092  -0.2041908738  -0.0410657636  -0.0046745360   0.0000281815
10 13   0.0000000033  -0.0005348965  -0.0001774236
11  1  -0.0208410544   0.0010233118  -0.0136138262   0.0789467952   0.0467439585
11  2  -0.2106307649   0.0002233831  -0.0006136780  -0.1020514695  -0.0000647302
11  3   0.0001543649  -0.0615513841  -0.0008748171  -0.0004076453   0.0262751994
11  4   0.0013742528  -0.0452218219   0.2687877647   0.0003496048  -0.1911515817
11  5   0.0931891122   0.0006433479   0.0239200039   0.0016563799   0.1257908143
11  6   0.0936302085  -0.1606782344  -0.0002797038  -0.0006934616  -0.0003270396
11  7   0.0097931514   0.0251340663  -0.0746771414   0.0009583989  -0.0076272277
11  8   0.0001824001  -0.1849242002   0.0414094510   0.0000088159   0.0830072869
11  9  -0.1789414252  -0.0000192423  -0.3271916188   0.0200672951  -0.0000132673
11 10  -0.0054205915  -0.0175384813  -0.0205160510   0.1069844360   0.0971826164
11 11  -0.2035267689   0.0100724272   0.0848952781   0.1253541729  -0.3403406773
11 12   0.1192754275   0.1145864346   0.0440672270   0.0026482110  -0.0000082286
11 13   0.0000000371   0.0004998244  -0.0001916074
12  1   0.0069650125   0.1155909632  -0.0854030661   0.0720181352  -0.1268485619
12  2   0.0006893939  -0.0617886850   0.1661870598  -0.0003891816   0.0199771682
12  3  -0.0404828816  -0.0003604294   0.2399261045   0.1184446114   0.0003974707
12  4  -0.3570752866  -0.0011380024   0.0008284312  -0.1077747344  -0.0005609148
12  5   0.0004539332  -0.1852745339  -0.0002575618  -0.4212235889   0.0008798292
12  6   0.0004337632  -0.0004975287   0.0775906299   0.1823955971   0.0775854444
12  7   0.0002448243   0.0000848563  -0.0002909756  -0.2578224406  -0.0000200227
12  8   0.0027886241  -0.0006012767   0.0001393119   0.0003750652   0.0000231786
12  9  -0.0007931945   0.0012934476  -0.0013343159   0.0000873441   0.0004637283
12 10  -0.0000232142  -0.0000701623  -0.0001002566   0.0004361671   0.0003788580
12 11  -0.0008104157   0.0000405775   0.0002606692   0.0005023893  -0.0009743856
12 12   0.0003412232   0.0003101304   0.0001400609   0.0000069201  -0.0000000181
12 13  -0.0000107094   0.0000015567  -0.0000008201
13  1   0.1644799575  -0.0094104530   0.1106761964  -0.0294947945  -0.1128050102
13  2  -0.0337205092   0.0000087117  -0.0001011995  -0.1249072400   0.0000703632
13  3   0.0000113499   0.0075430237   0.0000236370  -0.0001104646  -0.0510309692
13  4   0.0002376984  -0.1020171875   0.0011643618   0.0001970225   0.0555819416
13  5  -0.1599477112   0.0003959446  -0.2026565707  -0.0001562277  -0.1285224959
13  6  -0.1287856236  -0.0345529175   0.0000339175   0.0001465046  -0.0000315537
13  7   0.0734240723   0.1399356267   0.0669290391  -0.0002653849   0.0031227296
13  8   0.0000412985   0.0224442874   0.0018380610   0.0000065471   0.1266526510
13  9  -0.1348920071  -0.0000197654  -0.0782024962  -0.0111035378   0.0000008599
13 10   0.0030004725   0.0319001375   0.1175490057  -0.1267115534  -0.0744237292
13 11  -0.2355308004   0.0111325440  -0.0126792330  -0.4740502599   0.0273929094
13 12  -0.1511909989   0.3516239123   0.0484945288  -0.0087289717  -0.0000031217
13 13  -0.0000000156   0.0021432541  -0.0029562175
14  1  -0.0214593048   0.0005654458  -0.0131096295   0.0790115243   0.0457832377
14  2  -0.2104421726   0.0001301869  -0.0006715476  -0.1024056412   0.0005989408
14  3   0.0000791179  -0.0340789167  -0.0000651468  -0.0008666274   0.0041613893
14  4   0.0004134471  -0.0242610289   0.3230031630   0.0009352630  -0.2099374724
14  5   0.0841166679   0.0007387462  -0.0066616001   0.0001997188   0.1647232579
14  6   0.1080138450  -0.2384566000   0.0001392445   0.0006804090   0.0003995227
14  7  -0.0272146859   0.0944004960   0.0210700953  -0.0014787960  -0.0029397964
14  8   0.0003088445  -0.0458066184  -0.0075895373  -0.0000127321  -0.0900294586
14  9   0.0218980382  -0.0000703560  -0.0443590346  -0.0478493335   0.0000002235
14 10   0.0002991635   0.0169737843   0.1633401352   0.0190488538  -0.1415476400
14 11   0.5314157069  -0.0279877270   0.0509675208  -0.1602988546   0.0897367673
14 12  -0.0059140290  -0.0363433522  -0.0005140230  -0.0018376776   0.0000111386
14 13  -0.0000000167   0.0001666304  -0.0009422877
15  1   0.0129074919   0.2250024186  -0.0632911224  -0.0507481486  -0.0752793494
15  2  -0.0272210475  -0.0366959642   0.1816470530  -0.0004310559  -0.1593852875
15  3  -0.0206634649  -0.0001748968   0.0237975613   0.2400930315   0.0001395314
15  4  -0.1145685277  -0.0003201659   0.0009845489  -0.2674290058  -0.0006896116
15  5   0.0002111252  -0.2006519003  -0.0007832270  -0.0265644531   0.0006420307
15  6   0.0003285681  -0.0008695226  -0.0342179716  -0.1866071880  -0.1031679178
15  7  -0.0003388651   0.0005728871   0.0001936459   0.3874428835  -0.0000086095
15  8  -0.0729007294  -0.0005206751  -0.0000356021   0.0026409669  -0.0002716182
15  9   0.0000031793   0.0187604941  -0.0002241983  -0.0001795355   0.0004569967
15 10   0.0000029423   0.0000851831   0.0006889392  -0.0000129084  -0.0005767367
15 11   0.0018212458  -0.0000967431   0.0001789493  -0.0009047352   0.0003525940
15 12  -0.0001238635   0.0000905064   0.0000286086  -0.0000123157   0.0000000401
15 13   0.0000057613   0.0000018509  -0.0000052374
16  1   0.1436476123  -0.0112447231   0.1311441591  -0.0432030927  -0.1396970496
16  2  -0.0307638293  -0.0000932056  -0.0000639044  -0.1738137277   0.0001659505
16  3   0.0000217045   0.0451093368   0.0000282364   0.0001135208   0.0241027807
16  4   0.0003238911  -0.2135713464   0.0763696450   0.0001824332   0.0870800191
16  5  -0.0732355814   0.0001111429  -0.2181478573  -0.0000857560  -0.0238425877
16  6  -0.0935677032  -0.2384476389   0.0000115374   0.0000448245  -0.0002638464
16  7   0.1992827433  -0.0418651806  -0.1100428746   0.0001248040   0.0098245699
16  8  -0.0001434073   0.0812537932   0.0089799030  -0.0000051477  -0.0417602434
16  9   0.0235235569   0.0000757511   0.0682992307  -0.0226250253   0.0000033993
16 10  -0.0007942892   0.0270369400  -0.0903238477  -0.0962595773  -0.0877858951
16 11  -0.1443861630   0.0083024726   0.1284954012   0.1259787884  -0.2851330145
16 12  -0.2557335096  -0.4267566389  -0.1711906942   0.0038622890   0.0000259426
16 13   0.0000000036  -0.0014737058  -0.0043452358
17  1   0.0159595873   0.0032639932  -0.0501100079   0.1037456270   0.0938440737
17  2  -0.2157522146  -0.0004159053  -0.0004853526  -0.0192379304   0.0013240560
17  3   0.0001553273  -0.1029996613  -0.0001201743   0.0002722235  -0.1147215412
17  4  -0.0007815329   0.0995761500   0.2213534402   0.0011019793  -0.2525329944
17  5  -0.0858769090  -0.0007489250  -0.1862176879   0.0001021715   0.0881932098
17  6   0.0251198172  -0.0654778433  -0.0000182007   0.0003349334   0.0002701512
17  7   0.0470946779   0.4752624183   0.1801754552   0.0005775897   0.0172522393
17  8  -0.0005418077   0.1663391998   0.0161071813  -0.0000012554   0.1514916317
17  9   0.1003290428   0.0004598301   0.1644560860   0.0434870100   0.0000037760
17 10   0.0014793116  -0.0122000402  -0.0462765058  -0.0311078782  -0.0154188308
17 11  -0.1476923127   0.0098647168  -0.1137315965   0.2156723652   0.0777392683
17 12   0.1552045443   0.0682550813   0.0536443320   0.0007719081  -0.0000205708
17 13   0.0000000136  -0.0635258756   0.0602658303
18  1   0.0102266347   0.3464690355  -0.0124811793  -0.0752473989  -0.0292487823
18  2  -0.0269881239   0.1122758547   0.1300285711  -0.0001472083  -0.3438102601
18  3  -0.0399888715  -0.0004385521   0.0352773359  -0.0722682629  -0.0004436563
18  4   0.1239072970   0.0005031399   0.0007916450  -0.2998071861  -0.0010053026
18  5  -0.0004119796   0.2688931573  -0.0000228810  -0.0373446415   0.0002548051
18  6   0.0000081881  -0.0004274827   0.0089241485  -0.0775854740  -0.0875643167
18  7   0.0000857981   0.0017409631   0.0005867685  -0.1775621461   0.0000682222
18  8   0.1014400057   0.0011987893   0.0000701924   0.0005775972   0.0005597061
18  9   0.0004400742  -0.1180064902   0.0006724910   0.0001439415  -0.0006588013
18 10   0.0000049694  -0.0000317634  -0.0002368018  -0.0001742095  -0.0001148594
18 11  -0.0006440760   0.0000424201  -0.0003594820   0.0009025369   0.0001261027
18 12   0.0004412920   0.0000059910   0.0001016547   0.0000049834  -0.0000000510
18 13  -0.0000032537  -0.0002435505   0.0002278342
19  1   0.1648028198  -0.0094603509   0.1103197486  -0.0293254463  -0.1124202932
19  2  -0.0337808621  -0.0001532887  -0.0000168628  -0.1285709102   0.0000927557
19  3   0.0000254271   0.0123588824  -0.0000353286   0.0002546438   0.0098863817
19  4   0.0003710181  -0.2208760317  -0.0335005659  -0.0001060462   0.1660241584
19  5  -0.0723254915   0.0005969986  -0.3149453141  -0.0000015217   0.1187744825
19  6  -0.0179038560  -0.0659681427   0.0000086114  -0.0000178422  -0.0002980078
19  7   0.1807331124  -0.2868627986  -0.2076310022   0.0000255899   0.0052806311
19  8  -0.0001647579   0.0707748232   0.0019573380  -0.0000092626  -0.0670068813
19  9   0.2591886188  -0.0000655247  -0.0617451853   0.0474269829  -0.0000051322
19 10  -0.0003979085  -0.0265866367  -0.0563796386   0.0157678240  -0.0108687561
19 11   0.0756466903  -0.0016089711  -0.1772445678   0.1180162487   0.2077656868
19 12   0.2702548250   0.2280941881   0.1940100077   0.0002582118  -0.0000387104
19 13   0.0000000029   0.0485633546   0.0611166129
20  1   0.0511285545   0.0061988174  -0.0847823094   0.1265360093   0.1391758004
20  2  -0.2208402335  -0.0008935585  -0.0001364266   0.0611243718   0.0007562639
20  3   0.0001695862  -0.1475040002  -0.0004817612   0.0012645838  -0.1749596346
20  4  -0.0006854136   0.1439866933   0.0195936414  -0.0010024961  -0.0913982039
20  5  -0.1459858709   0.0014146381  -0.3183964164   0.0000631633   0.1749084594
20  6   0.0550499301   0.2068315627   0.0000234066   0.0000384763  -0.0000292299
20  7   0.0087983380  -0.0130012431   0.0144171907  -0.0002446180   0.0039149257
20  8  -0.0006608125   0.0831185965  -0.0094202839  -0.0000038779   0.0536948841
20  9   0.2731669718  -0.0004040707  -0.0825753328  -0.0112775039  -0.0000014588
20 10  -0.0009178813  -0.0129021851  -0.1407917106   0.0481729933   0.1493747758
20 11   0.1258062248  -0.0099981556   0.1387325997  -0.2559828197  -0.1133109911
20 12  -0.2134160862  -0.1307694990  -0.1592247930  -0.0010486169   0.0000084718
20 13   0.0000000064   0.0274868454   0.0274853811
21  1   0.0022068698   0.3567304044   0.0138701189   0.0165859044  -0.0347851351
21  2  -0.0007458633   0.2432004423   0.0359891787   0.0001574822  -0.1889109348
21  3  -0.0428587821  -0.0005954225   0.1247743916  -0.3400203209  -0.0006673252
21  4   0.0755891966   0.0003780245   0.0002189911   0.2661325105  -0.0002204287
21  5  -0.0005253388  -0.2254303929  -0.0020552518  -0.0107150585   0.0008708655
21  6   0.0002585929   0.0008122844  -0.0068849115  -0.0047174445   0.0081044440
21  7   0.0001282298  -0.0001616355  -0.0000327227   0.0615870266   0.0000121044
21  8   0.1471770938   0.0011133633  -0.0000342551   0.0001166026   0.0001360161
21  9   0.0011939850   0.1081099102  -0.0003584589  -0.0000110529   0.0001305601
21 10  -0.0000038250  -0.0000651217  -0.0005779390   0.0001968163   0.0005709319
21 11   0.0005320242  -0.0000396984   0.0004349763  -0.0009194304  -0.0003198500
21 12  -0.0006687258  -0.0003717986  -0.0005066147  -0.0000039859   0.0000000128
21 13  -0.0000003814   0.0001375547   0.0001453100
22  1   0.2253680706  -0.0041216049   0.0508168754   0.0105315939  -0.0342354088
22  2  -0.0423756105   0.0001032951  -0.0001565532  -0.0465646035  -0.0001329085
22  3   0.0000385675  -0.2170772553  -0.0001598348   0.0001147358  -0.1514741730
22  4   0.0000909860  -0.1862982535   0.1024924061   0.0000141802  -0.4496468700
22  5   0.0318439105  -0.0002548674   0.1434687825  -0.0001040132  -0.1253142878
22  6  -0.0622565477   0.0761549955   0.0000009779  -0.0000096768   0.0000487296
22  7  -0.0385486784  -0.1294021870  -0.0579918203   0.0000248143   0.0069697168
22  8  -0.0000542356   0.0577054083   0.0247448195   0.0000016385   0.1029913650
22  9   0.0545310539   0.0000047197   0.0421444175  -0.0046584148   0.0000016116
22 10   0.0004196588  -0.0080998867   0.0084760753  -0.0008514472  -0.0054480902
22 11  -0.0020057426   0.0001154377   0.0044267496  -0.0004170120  -0.0164381040
22 12   0.0016833127   0.0100054135   0.0006808523  -0.0015558943  -0.0000079965
22 13   0.0000000034   0.0000250492   0.0000054359
23  1  -0.0700829881  -0.0026203459   0.0350533877   0.0465035095  -0.0165396789
23  2  -0.2036203727   0.0006047198  -0.0009607780  -0.1648708514  -0.0009580221
23  3   0.0001731392   0.1695982895  -0.0011034018   0.0003434123  -0.0110137262
23  4  -0.0006693584   0.0224867004   0.3542178485   0.0001137020   0.2179476892
23  5   0.0994005536  -0.0001622711   0.1013886971  -0.0003389750  -0.0809899774
23  6  -0.0491240633   0.1720035536   0.0000532949   0.0000429127  -0.0004688843
23  7   0.2228252365   0.0485665314  -0.1036537420  -0.0000076993  -0.0058028676
23  8   0.0000887405  -0.0862641806   0.0025824845   0.0000003113   0.0061005694
23  9   0.0353345808   0.0000019485   0.0290385687  -0.0008253429   0.0000012776
23 10   0.0007473397   0.0086799263   0.0075216731  -0.0166910360  -0.0002420564
23 11   0.0082289396  -0.0005911596  -0.0006677340  -0.0015021448   0.0059170345
23 12  -0.0008426145  -0.0004867409  -0.0021510469   0.0008726348  -0.0000014383
23 13  -0.0000000107   0.0000388319   0.0000218685
24  1   0.0118249883  -0.0190919646  -0.1470838038   0.0764410757  -0.1756049423
24  2  -0.0059196138  -0.1664970900   0.2601914708  -0.0006217951   0.2461357959
24  3  -0.0481438502   0.0004547434   0.3040455905  -0.0858476104  -0.0002878520
24  4   0.1632530041   0.0003716729   0.0014123434  -0.0499966952   0.0005091218
24  5   0.0003768673   0.0076467787   0.0004495102   0.0880978202  -0.0004523716
24  6  -0.0002379480   0.0006868083  -0.0176160771  -0.0108201371   0.0293160668
24  7   0.0008896047   0.0001058358  -0.0004206866   0.0049605915  -0.0000182246
24  8  -0.0006820425  -0.0002956794   0.0000224815   0.0003915545   0.0000871362
24  9   0.0001680341  -0.0000779362   0.0001359376  -0.0000059708  -0.0000945582
24 10   0.0000031073   0.0000285140   0.0000334710  -0.0000637489  -0.0000039051
24 11   0.0000295999  -0.0000021715   0.0000011667  -0.0000055042   0.0000119745
24 12  -0.0000020222   0.0000045987  -0.0000077790   0.0000024915  -0.0000000173
24 13   0.0000004721   0.0000001682   0.0000000910
25  1   0.1748051536  -0.0084499439   0.1005573383  -0.0226722324  -0.0994553984
25  2  -0.0351764050   0.0000866327  -0.0001232093  -0.1190274579  -0.0000561922
25  3  -0.0000130080  -0.0432612480   0.0001850167  -0.0000678410  -0.0016184302
25  4  -0.0001067815   0.0076741619   0.0101138654  -0.0001830018   0.0039526727
25  5  -0.1531920943  -0.0000163767  -0.0468783021   0.0000455716  -0.1122777584
25  6  -0.0304661069   0.0051801372  -0.0000545938   0.0000046668   0.0004867499
25  7  -0.1526591700   0.0299566184   0.1598533908  -0.0000494295  -0.0413660500
25  8   0.0003709335  -0.3773560858  -0.0964914388   0.0000097833  -0.0547675545
25  9   0.0433390094  -0.0000008783  -0.0148106182   0.0061930454   0.0000023670
25 10   0.0114814300  -0.0020374576   0.0737209773  -0.1013095108   0.0792799919
25 11   0.0720055786   0.0009700639  -0.5914834699  -0.0757103544  -0.1740939973
25 12   0.1987913945  -0.2421634594  -0.1178678778   0.0973639305  -0.0001501372
25 13  -0.0000001110  -0.0004714090   0.0004736834
26  1  -0.0868098084  -0.0044006217   0.0514443261   0.0361044618  -0.0382550497
26  2  -0.2011066262   0.0005779429  -0.0007973970  -0.1839888278  -0.0002743566
26  3  -0.0000912275   0.2525799764   0.0009953398  -0.0004936606  -0.0249636807
26  4  -0.0006773380   0.0293426093   0.1602563660  -0.0013330515   0.1861831102
26  5  -0.0376951189  -0.0004271733  -0.0038238326   0.0009906366  -0.0541255972
26  6  -0.0346089778   0.0223316196  -0.0004303397  -0.0001077905   0.0022058254
26  7  -0.3077845022  -0.1772923944   0.1935860500  -0.0002213189   0.0234920147
26  8  -0.0003678245   0.3772890627   0.0253857849  -0.0000158691   0.1163410068
26  9  -0.1233115687  -0.0000011434  -0.0087237710  -0.0069539578  -0.0000198989
26 10  -0.0083007006  -0.1712451849  -0.1184853606   0.3042222909  -0.0943428278
26 11  -0.0100136628   0.0088048913  -0.2857522685  -0.0378895169  -0.0847137624
26 12  -0.0644896351  -0.0254415219  -0.0113234900   0.0063026353  -0.0000225642
26 13  -0.0000004147  -0.0001396350  -0.0000409115
27  1   0.0211078382   0.0793302567  -0.1383371160  -0.0814351362  -0.1244537507
27  2  -0.0442745976  -0.1606751681   0.2171201964  -0.0007527813   0.0620056029
27  3   0.0212957197   0.0009629643  -0.2517326912   0.1321040839  -0.0003368208
27  4   0.1663083005   0.0005895634   0.0007771179   0.3505981355   0.0006761943
27  5  -0.0002092115   0.1185108879   0.0004458651  -0.2726936865  -0.0001106173
27  6  -0.0000990683   0.0000938660   0.1139345159   0.0256804284  -0.4550767120
27  7  -0.0024002018  -0.0006385700   0.0008267183   0.0636021772   0.0000634409
27  8  -0.0011446605   0.0011958231   0.0000450428   0.0030618599   0.0003979432
27  9  -0.0004210490   0.0001456356  -0.0000362399  -0.0000214519   0.0048061778
27 10  -0.0000246604  -0.0006412830  -0.0004077710   0.0010799432  -0.0003083100
27 11   0.0000027391   0.0000333259  -0.0013710318  -0.0001732578  -0.0004118768
27 12  -0.0001369410  -0.0002232750  -0.0001043881   0.0000729894  -0.0000001630
27 13   0.0001140291  -0.0000007877   0.0000001122
28  1   0.1476388918  -0.0108099087   0.1272644590  -0.0405308235  -0.1345106600
28  2  -0.0313148326   0.0000572831  -0.0001052731  -0.1445742555   0.0000372589
28  3  -0.0000200114   0.0749200179   0.0002254538  -0.0001848382  -0.0435588541
28  4  -0.0000280744  -0.0358157089  -0.0539624200  -0.0000668185   0.1481433200
28  5  -0.2276771422   0.0002616526  -0.1575831837  -0.0004419105  -0.2254915150
28  6  -0.1719946469   0.0679011035   0.0000302851  -0.0000547920   0.0000775421
28  7  -0.1086329569   0.0408254847   0.1898365917   0.0000802351  -0.0071509797
28  8   0.0000332561  -0.0367631607  -0.0288622169   0.0000176849   0.2362661037
28  9  -0.1668699579   0.0000065860  -0.0596132121  -0.0293048095  -0.0000006055
28 10  -0.0041924027   0.1064389523   0.0326249427   0.0136666115   0.0599180930
28 11   0.2459391008  -0.0195364374   0.3708929011   0.2113924981   0.0984635070
28 12   0.1579501498  -0.0473406948   0.0357131789  -0.0151831862   0.0000227399
28 13   0.0000000148   0.0001020373   0.0002070364
29  1  -0.0579501616  -0.0024132106   0.0228831274   0.0552883754  -0.0012255592
29  2  -0.2051791349   0.0004037570  -0.0006955078  -0.1583713075   0.0004790677
29  3  -0.0000893301   0.1197762393   0.0010407732  -0.0011906629   0.0201066799
29  4  -0.0005488417   0.0302159502   0.2789840597  -0.0005699289   0.0458071576
29  5   0.0365513163   0.0002472352   0.0676938905  -0.0012033655   0.0523037860
29  6   0.0706676778  -0.0843242524   0.0001683568  -0.0005293831  -0.0001826019
29  7  -0.3688423271  -0.2505447344   0.2507574254   0.0004716995  -0.0200206234
29  8  -0.0001287894   0.0328624500  -0.1467939968   0.0000029625  -0.2126853984
29  9   0.1514594194   0.0000299941   0.0514253464   0.0297337147   0.0000028384
29 10   0.0045425125   0.1310466772   0.0153786893  -0.1948858621   0.0584705527
29 11  -0.1806898610   0.0042319678   0.2192218080  -0.0030922373   0.0897546440
29 12  -0.0175800089   0.0733741143   0.0221279983  -0.0142409278   0.0000485958
29 13  -0.0000000531   0.0000736110  -0.0000114414
30  1   0.0205388279   0.2013191520  -0.0933189185  -0.1316247057  -0.0756573192
30  2  -0.0511853261  -0.1123463487   0.1886551245  -0.0006648803  -0.1372511339
30  3   0.0230757480   0.0005107211  -0.2716964140   0.3248599061  -0.0001363293
30  4   0.1313219332   0.0005947769   0.0010118461   0.1390285595   0.0002012104
30  5  -0.0000087679  -0.0939631742  -0.0002401488   0.3500591888  -0.0001830176
30  6   0.0001467855  -0.0002830035  -0.0474050825   0.1374837361   0.2091175185
30  7  -0.0009061059  -0.0009454526   0.0010148635  -0.1322000430  -0.0000788788
30  8   0.0218875387   0.0001917692  -0.0005542669  -0.0034786668  -0.0006358297
30  9   0.0004559773  -0.0077181035   0.0001547693   0.0000895101  -0.0004176539
30 10   0.0000143633   0.0005460358   0.0000736632  -0.0007028695   0.0002540337
30 11  -0.0005034629   0.0000032362   0.0010254116   0.0001272714   0.0003893477
30 12   0.0000331747   0.0002363920   0.0001023766  -0.0000602181   0.0000001876
30 13   0.0000168393   0.0000003277   0.0000000516
31  1   0.1652315878  -0.0092352707   0.1099923112  -0.0289402129  -0.1117901314
31  2  -0.0338069656   0.0000597097  -0.0000660657  -0.1024243479  -0.0000606722
31  3  -0.0000230976  -0.0486507694   0.0002313163   0.0000001318   0.0393470542
31  4  -0.0001878207   0.1198890194  -0.0717280001  -0.0000549085  -0.0391165268
31  5  -0.1535667572  -0.0000778848   0.0096687868   0.0001199183  -0.0557437969
31  6   0.0314553072  -0.0023565069   0.0000029342   0.0001480270  -0.0000420722
31  7  -0.1359133685   0.0824567912  -0.0018854034  -0.0000172351  -0.0276340450
31  8   0.0004104229  -0.4249983982  -0.0189868758   0.0000102123  -0.1077913234
31  9   0.1579679917   0.0000060664   0.0511852422   0.0014352141   0.0000005320
31 10  -0.0006656145  -0.0821525478  -0.0832043670   0.1391800274  -0.0431280448
31 11   0.0587871327   0.0046440060  -0.0141923361   0.2143316474  -0.0482272344
31 12  -0.4947554300   0.2929917565   0.1261770188  -0.1829075093   0.0006198963
31 13   0.0000000383   0.0001994190  -0.0003343197
32  1  -0.1283616959  -0.0077245022   0.0924466319   0.0090133040  -0.0917562671
32  2  -0.1951302106   0.0003648793  -0.0003707355  -0.0956161679  -0.0003122818
32  3  -0.0001713903   0.2759842237   0.0014015114   0.0002335825  -0.0857870439
32  4  -0.0000571060   0.0711614960  -0.1858747269  -0.0004569110  -0.0336875758
32  5   0.0253061105  -0.0003191503  -0.0106851582   0.0011037990  -0.0100924590
32  6   0.0166353217   0.0066604365   0.0000211426   0.0009272721  -0.0013240967
32  7  -0.3058966959   0.0978164549  -0.3262115778  -0.0000020501   0.0694707525
32  8  -0.0002298410   0.2539727123   0.2678761254   0.0000394191   0.0057793578
32  9  -0.0627342705  -0.0000086396  -0.0362187161  -0.0024351317   0.0000089515
32 10   0.0110101573  -0.0551321450   0.1195879783  -0.2519940939   0.1010878306
32 11   0.1405991917  -0.0047257420  -0.1636005571   0.1323280397  -0.0560893625
32 12  -0.1812531620   0.0653962027   0.0203793709  -0.0598903181  -0.0004929131
32 13  -0.0000005388  -0.0000777522   0.0000737099
33  1   0.0285009420   0.0278738917  -0.1775731660  -0.1464536435  -0.1363859385
33  2  -0.0654280298  -0.0995865588   0.1055567410  -0.0004303724   0.0751548812
33  3   0.0406727500   0.0010741086  -0.3683014300  -0.0730083174  -0.0003024825
33  4  -0.0239571702   0.0002035632  -0.0006419210   0.1310755950  -0.0001257946
33  5  -0.0000014936   0.0922569588   0.0003744453  -0.3016065606   0.0001704583
33  6   0.0000822200   0.0000124386  -0.0052823601  -0.2503325217   0.4934089242
33  7   0.0000054072   0.0004393299  -0.0012064462   0.0050628036   0.0002283634
33  8  -0.0049035964   0.0006470545   0.0009695429  -0.0145332350  -0.0000349440
33  9  -0.0001445284   0.0012809871  -0.0001061580  -0.0000087057  -0.0026504244
33 10   0.0000396158  -0.0002429041   0.0004010767  -0.0008602050   0.0003526222
33 11   0.0005548546  -0.0000151131  -0.0006222625   0.0006038684  -0.0002372946
33 12  -0.0009335805   0.0003966121   0.0001425842  -0.0003240312  -0.0000013279
33 13   0.0001230440  -0.0000001799   0.0000000977
34  1   0.1132419586  -0.0136831184   0.1611375930  -0.0630794945  -0.1788493324
34  2  -0.0264041368   0.0001825718   0.0001424325   0.1397754777   0.0000035168
34  3  -0.0000797320  -0.2941083115  -0.0001495438  -0.0000096826   0.2032693488
34  4  -0.0002786434   0.2157944098   0.1090132033   0.0000114542   0.0580394350
34  5   0.2411318106   0.0001378729  -0.0834517400  -0.0000280166   0.0139884918
34  6  -0.1601863718   0.0039890108   0.0000051282  -0.0000076206   0.0001534415
34  7  -0.0795241178   0.0090691185  -0.0417122018   0.0000004601  -0.1483062739
34  8  -0.0000713691   0.0697846679   0.0096437841   0.0000189853   0.0095818962
34  9  -0.0116724039  -0.0000002161  -0.0020950148  -0.0003690986   0.0000091222
34 10  -0.0033590721  -0.0012715949   0.0008555883  -0.0003069765   0.0003102332
34 11  -0.0010079142  -0.0017349697  -0.0004728847  -0.0023185213   0.0007331578
34 12   0.0068623259  -0.0048392340  -0.0019541492  -0.0056165819   0.0001724862
34 13   0.0000002699  -0.0000060521   0.0000076813
35  1  -0.1416313583  -0.0092408209   0.1054228734   0.0008826921  -0.1090253617
35  2  -0.1931106345   0.0009807323   0.0009254105  -0.0257534168  -0.0001974161
35  3  -0.0005357948   0.2353918472  -0.0004339833   0.0001913159  -0.1281528435
35  4  -0.0000053371   0.0418901633  -0.2845817252   0.0001794990  -0.1983451183
35  5   0.0775185815  -0.0000471156   0.0630425971   0.0000480405   0.1838323772
35  6  -0.3057934827  -0.0052486166   0.0000778986  -0.0000838105  -0.0000605973
35  7   0.1331391033  -0.0314086856   0.1023468456  -0.0000051380  -0.0270596183
35  8   0.0000465661  -0.0477695778  -0.0468764629   0.0000905102   0.0018287185
35  9   0.0032670682   0.0000002889   0.0009119590   0.0006714195   0.0000488320
35 10   0.0139907464   0.0068071340  -0.0043618224   0.0093325178  -0.0028011771
35 11  -0.0034961666   0.0021202466  -0.0009699392  -0.0038221448  -0.0010476186
35 12   0.0027250484  -0.0000492688   0.0004420262   0.0002168083  -0.0000851509
35 13   0.0000013005   0.0000087687  -0.0000154955
36  1   0.0374688644   0.1362458672  -0.1643946292  -0.3051880338  -0.0815795107
36  2  -0.1034431740  -0.2640986761  -0.2446481161  -0.0000147113   0.0472272030
36  3   0.1395284833   0.0007590774   0.1200039518  -0.0618207915  -0.0003170018
36  4  -0.0324108075   0.0001813309  -0.0010329154  -0.0355320288  -0.0007143529
36  5   0.0004574681  -0.0070958409   0.0001379578   0.0157500474   0.0006674484
36  6  -0.0012322017  -0.0000185963  -0.0242353345   0.0248362451  -0.0464050498
36  7   0.0003242790  -0.0001073018   0.0003470528   0.0003227381  -0.0002121854
36  8   0.0003642986  -0.0001359600  -0.0001681181  -0.0241901743   0.0000172697
36  9   0.0000042611  -0.0000587326   0.0000031355   0.0000011690  -0.0131435775
36 10   0.0000493129   0.0000236012  -0.0000149787   0.0000335079  -0.0000101950
36 11  -0.0000144979   0.0000062822  -0.0000054874  -0.0000167024  -0.0000039173
36 12   0.0000154280  -0.0000035847   0.0000005681  -0.0000037919  -0.0000001627
36 13  -0.0003410646   0.0000000241  -0.0000000605
37  1   0.1915778001  -0.0069447584   0.0840922749  -0.0116197239  -0.0777923280
37  2  -0.0375516401  -0.0000666815  -0.0001167057  -0.2209938037  -0.0000893287
37  3   0.0000024530   0.0360828978   0.0003931878   0.0000949807   0.0626335887
37  4  -0.0002097087   0.2170330486  -0.1065968185   0.0001258148  -0.0202806333
37  5  -0.2023192887  -0.0001661115   0.1317954893   0.0000404351   0.0741911972
37  6   0.0557149585  -0.0013574828   0.0000929470  -0.0000660322   0.0002424932
37  7  -0.0863023636   0.0360630993  -0.0541258546   0.0000027369  -0.0334462163
37  8   0.0001158577  -0.1246857499   0.2855300219  -0.0000412951  -0.1021350625
37  9   0.0756821779   0.0000002786   0.0200233236   0.0099795503   0.0000175204
37 10   0.0041740216  -0.3733207142  -0.0395664806   0.0095312117  -0.0495802451
37 11  -0.1161715046   0.0056905684   0.2482334651  -0.1418895440   0.0910804420
37 12   0.2746729562  -0.1274157443  -0.0532041893   0.0084752946   0.0004874661
37 13  -0.0000001897  -0.0000967288   0.0001903189
38  1  -0.1574104790  -0.0097332628   0.1211928528  -0.0102867988  -0.1290317928
38  2  -0.1910289805  -0.0003749883  -0.0006591376   0.0397043792  -0.0003251889
38  3   0.0000461470   0.1783372170   0.0021378171   0.0009319049  -0.1108151676
38  4   0.0007993994  -0.0081166713  -0.1942741367   0.0006160969  -0.1104944531
38  5   0.1343810150   0.0003056535  -0.1270017243  -0.0004323545  -0.1706514438
38  6   0.1319529927   0.0030381733   0.0004935545  -0.0003809764   0.0010771946
38  7  -0.2971688547   0.1600243607  -0.3392936976   0.0000190813   0.0735718789
38  8   0.0001124518  -0.1214379527  -0.1679746937  -0.0001791946  -0.0331306264
38  9   0.0705678157   0.0000042677   0.0341490601   0.0014475099   0.0000827470
38 10  -0.0406102007   0.2384613739  -0.0624900593   0.1436811736  -0.0549721280
38 11  -0.1099223452  -0.0019228825   0.0927709554  -0.1201537704   0.0403259951
38 12   0.1823689502  -0.0799449656  -0.0287311348   0.0318690757   0.0000053137
38 13  -0.0000007985   0.0000069496   0.0000036106
39  1   0.0292084449  -0.0923690292  -0.2223620929  -0.0987492713  -0.1843066299
39  2  -0.0591096093   0.1054490221   0.1858323563  -0.0000143808   0.0854120915
39  3  -0.0167900957   0.0007643405  -0.5814665820  -0.2598821376  -0.0001525095
39  4  -0.2268901267  -0.0007156554  -0.0007967377  -0.1623706206  -0.0003701914
39  5   0.0003271891  -0.0374986654  -0.0005727662   0.0786155609  -0.0006764129
39  6   0.0005164803  -0.0000003972  -0.1354146168   0.1069276808  -0.1617034829
39  7  -0.0015648371   0.0005977792  -0.0012533299  -0.0044587398   0.0002554078
39  8   0.0012989693  -0.0005373389  -0.0004048532   0.0485185505  -0.0002050782
39  9   0.0003130651  -0.0003141533   0.0001385640   0.0000106999  -0.0232107171
39 10  -0.0001429631   0.0005900940  -0.0002524700   0.0005247412  -0.0002317826
39 11  -0.0004747766  -0.0000026152   0.0004948741  -0.0005280383   0.0002044557
39 12   0.0008374927  -0.0003713150  -0.0001380020   0.0001140694   0.0000003464
39 13   0.0002027692  -0.0000000152   0.0000001323
40  1   0.1744651266  -0.0083592182   0.1009518580  -0.0228295752  -0.0998449435
40  2  -0.0351057618  -0.0001778798   0.0000189551  -0.1433049326   0.0000050135
40  3   0.0000136485  -0.0333689942   0.0000165082  -0.0000567371   0.0942845641
40  4  -0.0003503497   0.2370901467  -0.0840880285   0.0000675980  -0.0252910651
40  5  -0.2305465967  -0.0002354041   0.1870171259  -0.0000079551   0.0991897440
40  6   0.1843060173  -0.0092606427  -0.0002079716   0.0000147960  -0.0002137061
40  7   0.1170176513  -0.0180528886  -0.0407421295   0.0000021290  -0.0483274808
40  8  -0.0001254271   0.1253420876   0.0497389042   0.0001383942   0.0075457108
40  9  -0.0063705761   0.0000010830   0.0044420354  -0.0052536027  -0.0000900835
40 10  -0.0109905049   0.3537094852  -0.0047696938   0.0510174325   0.0007007337
40 11   0.0046370808  -0.0072974133  -0.0299026332   0.0332977978  -0.0086646474
40 12  -0.0936777580   0.0673715231   0.0224969288   0.7307244244  -0.0008105497
40 13  -0.0000002870   0.0000836300  -0.0001873381
41  1  -0.1950064267  -0.0127903401   0.1582786713  -0.0347418800  -0.1774594547
41  2  -0.1856094327  -0.0008921207   0.0000404929   0.2266801635   0.0001022878
41  3   0.0000811521   0.0038106717   0.0003078987   0.0002121613  -0.0607934092
41  4   0.0003260946  -0.0648063216  -0.0438165074   0.0002932623  -0.0485624241
41  5   0.0031756673   0.0002058004  -0.0332675342  -0.0007994656  -0.1418197564
41  6   0.3112835962  -0.0049965211  -0.0009994472   0.0000695044  -0.0001528668
41  7   0.0939961163  -0.0097294497  -0.0033566589  -0.0000062510  -0.0414483268
41  8  -0.0000313247   0.0320895329  -0.2968940330   0.0006752394   0.0652167979
41  9  -0.0440241009   0.0000014268  -0.0150297486   0.0034011494  -0.0004286498
41 10   0.0440159160  -0.5178935154   0.0127614709  -0.0892842171   0.0075360716
41 11   0.0420079546   0.0114865172   0.0852727414   0.0524539516   0.0223650466
41 12  -0.0624619041   0.0367478222   0.0066874618   0.3693439791  -0.0010717327
41 13  -0.0000013489  -0.0000334930   0.0000364501
42  1   0.0370386985  -0.1173799344  -0.2534253428  -0.1814017835  -0.1849825891
42  2  -0.0836471503   0.2448258236  -0.0136677212   0.0007375244  -0.0223048684
42  3  -0.0218635647  -0.0000133545  -0.0846342587  -0.0535979523  -0.0000988641
42  4  -0.0648953124  -0.0003153591  -0.0002314459  -0.0795858988  -0.0001762301
42  5  -0.0001676313  -0.0483598034  -0.0002010833   0.1985311684  -0.0005777357
42  6   0.0011841321   0.0000132496   0.2803457491  -0.0239706224   0.0042740133
42  7   0.0004128042  -0.0000417519  -0.0000402361   0.0017832620  -0.0002106121
42  8   0.0007447424   0.0001761514  -0.0010484046  -0.1829686193   0.0002830751
42  9  -0.0001746658  -0.0006596480  -0.0000603549   0.0000180452   0.1181557477
42 10   0.0001494677  -0.0016104093   0.0000389547  -0.0002801810   0.0000267064
42 11   0.0001605116   0.0000359970   0.0002896953   0.0002213076   0.0000743970
42 12  -0.0003052279   0.0001877355   0.0000425755   0.0018942827  -0.0000045438
42 13   0.0003567732  -0.0000000549   0.0000000101
43  1   0.1278986961  -0.0123527373   0.1467571888  -0.0534129880  -0.1599129379
43  2  -0.0284769332  -0.0000143269   0.0002129527   0.0757597841   0.0000027245
43  3   0.0002418652  -0.2371941097  -0.0000650417  -0.0001113948   0.1758472084
43  4  -0.0003329802   0.2086649412   0.0841590183  -0.0000208570   0.0569846929
43  5  -0.0166011279  -0.0001001045   0.0819696490   0.0000851600   0.1289322173
43  6  -0.1103439201  -0.0002528660  -0.0000654716   0.0000167311  -0.0001091205
43  7   0.0466121104  -0.0377971194   0.0215820504   0.0000069170   0.4830987827
43  8   0.0000130798  -0.0020104416  -0.1132021332  -0.0001599410   0.0308248329
43  9  -0.0250483408  -0.0000010243  -0.0062033787  -0.0009919941   0.0000191213
43 10  -0.0925522768  -0.0858011647   0.0157740781  -0.0335875232   0.0072320327
43 11  -0.0177300704  -0.0646446909  -0.0136684529   0.0042435824  -0.0032329684
43 12   0.0015865351  -0.0037404262  -0.0013982138  -0.0221509872  -0.0549788343
43 13  -0.0000732181  -0.0000137358  -0.0000153130
44  1  -0.1937603825  -0.0131238525   0.1569368078  -0.0334332789  -0.1760297451
44  2  -0.1856829354  -0.0000203275   0.0011488225   0.2190238773  -0.0001021868
44  3   0.0010747147   0.0104758215  -0.0000231561  -0.0002289275  -0.0550777795
44  4  -0.0000816745  -0.0399669078  -0.0666938915  -0.0000478502  -0.0746905797
44  5   0.1663353173   0.0001735177  -0.1195988710  -0.0002665881  -0.2009334338
44  6   0.2948820016  -0.0035718217  -0.0002953165   0.0000521051  -0.0003985840
44  7   0.1979448068  -0.1161467899   0.3144382351  -0.0000033401   0.0364819701
44  8   0.0000907816  -0.0932348715   0.3317865911  -0.0006982766  -0.0651834790
44  9   0.0397711181  -0.0000009794   0.0088660369  -0.0020348652   0.0001039591
44 10  -0.1563682916   0.0780385829   0.0088439218  -0.0042324283   0.0055527357
44 11   0.0181048756   0.0453493742  -0.0143794462  -0.0015148997  -0.0052097445
44 12  -0.0065860715   0.0046854262   0.0030575675  -0.0112491383   0.0412351858
44 13  -0.0003484701   0.0000202104  -0.0000087258
45  1   0.0431432394   0.0036651641  -0.2276324867  -0.3115610245  -0.1284982180
45  2  -0.1129445294   0.0050840769  -0.3183844531   0.0008423030   0.0336317654
45  3  -0.2956218630  -0.0002252098   0.0064157867   0.0657889191  -0.0001258892
45  4   0.0363272129   0.0001051761  -0.0001776208   0.0153231093  -0.0002321933
45  5   0.0005912991  -0.0051119432  -0.0003968969   0.0342618738  -0.0006530126
45  6   0.0009609015  -0.0000024887   0.0871330531  -0.0213617350   0.0283362574
45  7   0.0008115534  -0.0004456664   0.0011518402  -0.0010275718   0.0005092667
45  8  -0.0006437084  -0.0003236714   0.0011272137   0.1907042209  -0.0002591959
45  9   0.0001426727   0.0004695829   0.0000316239  -0.0000108914  -0.0300583662
45 10  -0.0006417526   0.0002169183   0.0000430102  -0.0000389504   0.0000249911
45 11   0.0000514419   0.0001144323  -0.0000597367  -0.0000008165  -0.0000199501
45 12  -0.0000242365   0.0000148541   0.0000103498  -0.0000580901   0.0001089794
45 13   0.0957022275   0.0000000616  -0.0000000385
46  1   0.1125109532   0.0357186848   0.1866330463  -0.0363379581  -0.1595462357
46  2  -0.0171241155  -0.0988236212   0.0959384831   0.1251439389  -0.0061579724
46  3   0.2994184850  -0.2801810171   0.0342725015  -0.1017460471   0.1925968964
46  4  -0.0675439129   0.1988639424   0.1194637190  -0.0593419353   0.0785920450
46  5   0.0958436767  -0.0277996575  -0.0097931630   0.1462647534   0.0314685444
46  6  -0.0638076185   0.0053094452   0.2236871710  -0.0433370912   0.0743867711
46  7  -0.0227121194  -0.0313729505   0.0307279001  -0.0087292292   0.5567576991
46  8  -0.0003217706  -0.0550092491   0.0515683714   0.6283279200  -0.0082917084
46  9  -0.0042789192   0.0003749719  -0.0069859005   0.0037450544   0.3867092455
46 10   0.4062824476   0.1935824748  -0.0264643635   0.0558750930  -0.0048675252
46 11   0.1653739787   0.4570098507   0.0815189588  -0.0405442083   0.0220644392
46 12   0.0606891663  -0.0272495397  -0.0145569205   0.0285670869   0.3218062882
46 13  -0.3328649400   0.0000008297   0.0002236151
47  1  -0.2059611221   0.0539851714   0.1866265751  -0.1193767705  -0.1642863400
47  2  -0.2005436953  -0.1367646113  -0.1782355959   0.2897445540   0.0338802439
47  3  -0.1801384533  -0.0536679429   0.0499660696   0.0844264986  -0.0277941515
47  4   0.0771379367  -0.0493061755  -0.0134186178   0.0876379762  -0.0446247124
47  5   0.3365246140   0.0682396892  -0.2473108799  -0.3122751965  -0.3164113967
47  6   0.3109952528   0.0032591142  -0.5382675769   0.0820445647  -0.0704289408
47  7   0.1027638264  -0.1123999522   0.3418592140  -0.0030157661   0.2133718059
47  8   0.0019969824  -0.1899283108   0.5140618631  -0.1211065019  -0.1148409606
47  9   0.0677374156  -0.0013717581   0.0048633796   0.0053001014   0.5852130903
47 10   0.5614677799   0.2626941877  -0.0605434623   0.1181641707  -0.0388054647
47 11  -0.1613950994  -0.3107788260  -0.0014790832  -0.0107030821   0.0051101760
47 12   0.0115948669  -0.0014827530  -0.0018257081   0.0819689465  -0.2374463458
47 13   0.2502382574  -0.0000090310  -0.0001090390
48  1   0.0470121776   0.0039532030  -0.2384810349  -0.3583133685  -0.1237023998
48  2  -0.1259834344   0.0045179369  -0.4517287159   0.0016807604   0.0526635968
48  3  -0.5538598306  -0.0020523607   0.0036704679   0.1624786271   0.0019142844
48  4   0.1094235177   0.0023009908   0.0021191885   0.0889079010   0.0009391462
48  5   0.0039654920   0.0410905934   0.0019463422  -0.1884907323   0.0104334669
48  6  -0.0207614941  -0.0001923671  -0.2796680440   0.0397784252  -0.0459604825
48  7  -0.0009216249  -0.0011845679   0.0006869820   0.0028659081   0.0362914234
48  8   0.0003571140  -0.0041366836  -0.0254574081  -0.2308084589   0.0046142100
48  9  -0.0031882253  -0.0003522876  -0.0020441682   0.0004101962   0.0015984367
48 10   0.0188080037  -0.0818421070  -0.0035390669  -0.0025650396  -0.0102614135
48 11  -0.1734711872  -0.4356840334  -0.0499768301   0.0218432453  -0.0106670389
48 12  -0.0257277542   0.0103312430   0.0056368333   0.0219764785   0.5811018565
48 13  -0.5674685649   0.0000366878   0.0002574062
49  1   0.1205913742  -0.0623245661   0.1292284568  -0.0853681778  -0.1895361648
49  2  -0.0365905439   0.0987791502  -0.0953285129   0.1251470762   0.0061516344
49  3  -0.2985156867  -0.2804427671  -0.0343881976   0.1013891906   0.1924596252
49  4   0.0668180194   0.1993040607   0.1195468208   0.0591731360   0.0785996184
49  5   0.0958226000   0.0277846616  -0.0095419572  -0.1459249498   0.0316291018
49  6  -0.0636524085   0.0052570553  -0.2232446328   0.0432673337  -0.0742351860
49  7  -0.0230169323  -0.0314005227   0.0308001376   0.0087381462   0.5567405854
49  8   0.0004494483  -0.0551823767   0.0514669475  -0.6279738854  -0.0079865186
49  9  -0.0043601120  -0.0003764806  -0.0069288024   0.0036798310  -0.3866763796
49 10   0.4063757356   0.1934650708  -0.0264506969   0.0558451559  -0.0048764043
49 11   0.1650972296   0.4563401551   0.0814121883  -0.0405328444   0.0220381811
49 12   0.0606746509  -0.0272444099  -0.0145510526   0.0286047331   0.3227191363
49 13   0.3337323560   0.0000008716   0.0002239559
50  1  -0.2132545594  -0.0828852579   0.1584924179   0.0319796532  -0.2286299411
50  2  -0.1662349384   0.1367030987   0.1814664429   0.2897941820  -0.0341965240
50  3   0.1841813235  -0.0535741667  -0.0499830811  -0.0855605677  -0.0276013453
50  4  -0.0777634444  -0.0498196817  -0.0134244571  -0.0882799661  -0.0445707768
50  5   0.3365463792  -0.0678608538  -0.2478877478   0.3131215900  -0.3167009003
50  6   0.3105063639   0.0033955631   0.5403304206  -0.0823935407   0.0705194825
50  7   0.1030011231  -0.1123782627   0.3418457432   0.0029813804   0.2136041123
50  8  -0.0016310700  -0.1899826654   0.5138780549   0.1227941453  -0.1148714183
50  9   0.0677767334   0.0013745548   0.0049564206   0.0052031483  -0.5851570785
50 10   0.5616430361   0.2621038732  -0.0605561828   0.1181317565  -0.0388779615
50 11  -0.1626758219  -0.3139439443  -0.0018597440  -0.0105671465   0.0050299394
50 12   0.0114305482  -0.0014160267  -0.0017869018   0.0821225138  -0.2332273395
50 13  -0.2461005338  -0.0000087063  -0.0001071735
51  1   0.0469919354   0.0033804826  -0.2386275320  -0.3578016453  -0.1239592031
51  2  -0.1258738907   0.0056638984  -0.4505692769   0.0005759966   0.0524253255
51  3  -0.5529956521   0.0008699930   0.0032565553   0.1620171276  -0.0021011099
51  4   0.1089685954  -0.0016918072  -0.0019755103   0.0883589193  -0.0011679515
51  5  -0.0013871657   0.0406434333  -0.0034080414  -0.1864556273  -0.0124849634
51  6   0.0231240587   0.0001556964  -0.2760904568   0.0392461759  -0.0455648396
51  7   0.0014627171   0.0003027250   0.0018791107   0.0029007477  -0.0339065682
51  8   0.0003359236   0.0026174766   0.0292503587  -0.2308917695  -0.0053506125
51  9   0.0036369842  -0.0003426134   0.0020658364  -0.0003667196  -0.0032561531
51 10  -0.0140858736   0.0840502959   0.0030609185   0.0035058095   0.0099732708
51 11   0.1725534149   0.4341243335   0.0500879095  -0.0219826749   0.0107363550
51 12   0.0259055782  -0.0103842584  -0.0056720945  -0.0213340024  -0.5823331813
51 13  -0.5687345722  -0.0000366969  -0.0002577919
52  1   0.1922818857  -0.0067876604   0.0834481414  -0.0111040766  -0.0768445122
52  2  -0.0376339267  -0.0003922092   0.0000013094  -0.2300120354   0.0000952693
52  3  -0.0001054365   0.0481063935  -0.0002741629  -0.0002121705   0.0729590208
52  4  -0.0005664110   0.2933827828  -0.2066905436  -0.0000264718  -0.1214839522
52  5   0.0213235988  -0.0001292406   0.0682335644   0.0000983175  -0.0538359339
52  6   0.4059710231  -0.0112647555   0.0000996645  -0.0000236659  -0.0004009234
52  7   0.2417568571  -0.0560057515   0.0170272964   0.0000041801  -0.0484159736
52  8  -0.0001672970   0.1732909518  -0.1582107423  -0.0000221500   0.0658555507
52  9  -0.0587453549  -0.0000014509  -0.0131573606  -0.0018626055   0.0000171231
52 10   0.0261499938   0.0851051166   0.0151544275  -0.0143197579   0.0126212515
52 11   0.0064132969  -0.0043125796  -0.0524553094  -0.0142680203  -0.0146718672
52 12   0.0386113855  -0.0347663153  -0.0101040591  -0.4457291163   0.0001539604
52 13   0.0000001954  -0.0000311831   0.0000818935
53  1  -0.2267462776  -0.0150736354   0.1896650025  -0.0557286274  -0.2182238322
53  2  -0.1811066822  -0.0019729176  -0.0001435948   0.3821216565   0.0006480096
53  3  -0.0004367945  -0.1431900243  -0.0011138309  -0.0003991283  -0.0204709544
53  4  -0.0000457467  -0.1577758895   0.1681500589  -0.0002669048   0.1158979173
53  5  -0.4699809369  -0.0003993454   0.2178507799   0.0004644499   0.1346924584
53  6   0.0367967046  -0.0035320215   0.0003593800  -0.0000120967  -0.0000145011
53  7  -0.0030817534   0.0190722878  -0.0718823868   0.0000026086  -0.0738474301
53  8  -0.0000552207   0.0560666218   0.0125786565  -0.0001376393   0.0027296281
53  9  -0.0064352140  -0.0000009790  -0.0002830383  -0.0002427343   0.0000764046
53 10   0.0156695337   0.1169389207  -0.0010566253   0.0164945513  -0.0007231547
53 11  -0.0145626343  -0.0042204307  -0.0250875943  -0.0251393576  -0.0058439530
53 12   0.0424445574  -0.0274493795  -0.0076809217  -0.2566190071  -0.0000127948
53 13   0.0000007824  -0.0000039409   0.0000243127
54  1   0.0392929536  -0.2207854032  -0.2966010440  -0.1602082538  -0.2242026036
54  2  -0.0837512961   0.5381360048   0.0297610870   0.0012623739  -0.1637877864
54  3   0.1241882953  -0.0005171086   0.3032154532   0.1242487059  -0.0001207700
54  4   0.0846789905  -0.0000692639   0.0004817700   0.0659231004   0.0003241498
54  5  -0.0016942341   0.0228727289   0.0009499376  -0.0862735304   0.0005079890
54  6   0.0004737349  -0.0000352772  -0.1008122030   0.0050411899   0.0015616855
54  7   0.0001855929   0.0000227982  -0.0002457468  -0.0001033038  -0.0002996755
54  8  -0.0002562742   0.0003424849  -0.0000720887   0.0384214500   0.0000519098
54  9  -0.0000663511   0.0001690820  -0.0000095093  -0.0000038816  -0.0207538742
54 10   0.0000770296   0.0004878201   0.0000084586   0.0000474023   0.0000074846
54 11  -0.0000485368  -0.0000185857  -0.0001311516  -0.0001030893  -0.0000322782
54 12   0.0001850022  -0.0001267565  -0.0000356160  -0.0012713747   0.0000000727
54 13  -0.0002137874  -0.0000000169   0.0000001657
55  1   0.2857591263   0.0009559808  -0.0086379801   0.0501387259   0.0436239943
55  2  -0.0509912375   0.0000533089   0.0000648566   0.2002942515   0.0000471344
55  3  -0.0000219750   0.3034116862   0.0000526560   0.0000064247   0.0733007476
55  4   0.0000103549  -0.0021801388   0.0415392442   0.0000003511  -0.0169304130
55  5   0.0073660617  -0.0000143700   0.0104851480   0.0000052202  -0.0009549086
55  6   0.0014972039  -0.0098588580  -0.0000000366  -0.0000004258   0.0000013868
55  7  -0.0009262009   0.0011812048  -0.0004350964  -0.0000000244  -0.0001959650
55  8   0.0000031662  -0.0032186330   0.0007026946   0.0000003096   0.0063637415
55  9   0.0022259134   0.0000000239  -0.0029680505   0.0001360425  -0.0000000881
55 10  -0.0000342637   0.0000090140  -0.0005126149   0.0004805691   0.0009553885
55 11  -0.0012849452   0.0000573109  -0.0001304590   0.0004335723   0.0011886437
55 12  -0.0004557475  -0.0001881235  -0.0013080900  -0.0000006019  -0.0000001158
55 13   0.0000000011   0.0000025045   0.0000012673
56  1   0.0143537323   0.0044737850  -0.0481784640   0.1011657209   0.0923160135
56  2  -0.2158478332   0.0003252627   0.0003882294  -0.0227948884   0.0004404984
56  3  -0.0000126525  -0.1298583832   0.0001487581   0.0000337202   0.2731645045
56  4   0.0002301467  -0.1016997325  -0.1678568821   0.0000599637   0.0558509566
56  5  -0.0006539319  -0.0000434222   0.0454842528  -0.0000136896  -0.0580235770
56  6  -0.0300314238  -0.0002033981  -0.0000005681   0.0000086042  -0.0000016413
56  7   0.0065595512   0.0269932009   0.0137334422  -0.0000009264   0.0017052247
56  8  -0.0000262039   0.0251518932  -0.0033927050  -0.0000016552  -0.0143794642
56  9   0.0286356393   0.0000007345  -0.0034072343  -0.0027413646   0.0000002461
56 10   0.0001633395  -0.0013430713   0.0038916426   0.0011672987  -0.0003680696
56 11   0.0018595616  -0.0000804460   0.0009236651  -0.0007575182  -0.0040294136
56 12   0.0013405775   0.0012790440  -0.0021777976  -0.0001787315   0.0000028119
56 13   0.0000000014   0.0000042320   0.0000102908
57  1  -0.0087257421  -0.0189302999  -0.0888573710   0.3239855389  -0.2003927889
57  2   0.0632170628  -0.0891935831  -0.1078067489   0.0000503263  -0.1141935324
57  3   0.0067359995  -0.0003194408  -0.0494546128  -0.0029156477   0.0009894305
57  4   0.0340420049  -0.0002854171  -0.0005815449  -0.0072085243   0.0001915666
57  5   0.0000002304  -0.0097995981   0.0001403977  -0.0034448411  -0.0002059459
57  6  -0.0001077930  -0.0000034530  -0.0001377722  -0.0022706902  -0.0021970973
57  7   0.0000176303   0.0000967454   0.0000499915  -0.0019434685   0.0000061168
57  8  -0.0007009742   0.0000859171  -0.0000120847   0.0000147385  -0.0000488760
57  9   0.0001046304   0.0000230403  -0.0000137439  -0.0000097174  -0.0000061207
57 10   0.0000005391  -0.0000049317   0.0000136396   0.0000044050  -0.0000007209
57 11   0.0000060926  -0.0000002555   0.0000035604  -0.0000025750  -0.0000140336
57 12   0.0000045459   0.0000045894  -0.0000084972  -0.0000006451   0.0000000069
57 13  -0.0000002038   0.0000000284   0.0000000460
58  1   0.1107385442  -0.0140766467   0.1635105127  -0.0648220793  -0.1821517904
58  2  -0.0260809458  -0.0001281131  -0.0000672491  -0.2546189379   0.0002767582
58  3   0.0000223756   0.0855070066   0.0001037146   0.0002341015   0.1126489649
58  4   0.0003935054  -0.3402309783   0.2659661926   0.0002258269   0.0039822001
58  5   0.1175432554  -0.0005555510  -0.0152999825   0.0000632514   0.0230060554
58  6  -0.0355346647  -0.6099617258  -0.0000345079  -0.0003389573  -0.0006543840
58  7   0.2666953994   0.0868661878  -0.1816014116  -0.0000035784   0.0142076886
58  8   0.0003480742   0.0289462503   0.0346357252  -0.0000134799  -0.4355069133
58  9  -0.4175399676  -0.0004046743   0.6968809705  -0.6629034361   0.0000705692
58 10   0.0139084886  -0.2344567566  -0.3258188691   0.3941362577   0.7668168344
58 11  -0.0698770280  -0.0028564740  -0.1052252986  -0.3458660825   0.2574874231
58 12   0.2088239072   0.4478516731   0.1248001286  -0.0046678890   0.0000329139
58 13  -0.0000000100  -0.0030434522   0.0071250700
59  1   0.0154741019   0.0029069828  -0.0497134276   0.1037935556   0.0930906820
59  2  -0.2156047392  -0.0005018409  -0.0005781279  -0.0206280206   0.0021956452
59  3   0.0001768805  -0.1025826387   0.0002592691   0.0007171558  -0.1130455682
59  4  -0.0019918515   0.0960790666   0.2251533429   0.0018945103  -0.2543765444
59  5  -0.0820830596  -0.0027365519  -0.1879012760   0.0005731887   0.0953256474
59  6   0.0290122288  -0.0722648101  -0.0004036072  -0.0018852262  -0.0012391549
59  7   0.0513134239   0.4800066631   0.1779424783  -0.0001652165   0.0180443549
59  8   0.0024874995   0.1746721948   0.0168357758   0.0000171078   0.1464556581
59  9   0.1154197640  -0.0028007420   0.1766844648   0.0432843710  -0.0000049807
59 10   0.0017922460  -0.0187928328  -0.0588460957  -0.0275774660  -0.0100876630
59 11  -0.1442012906   0.0100878845  -0.1417211780   0.2544778665   0.1051070068
59 12   0.2005544657   0.0822974783   0.0646956751   0.0004880635   0.0002591061
59 13  -0.0000000268   0.7444732757  -0.6609835760
60  1   0.0147413505   0.4295222712   0.0042929426  -0.1684843608   0.0099015724
60  2  -0.0481875858   0.1346469517   0.1543718336  -0.0001897790  -0.5719687193
60  3  -0.0456547563  -0.0004401329  -0.0638302557  -0.1883340663  -0.0006538747
60  4   0.4422289681   0.0011413191   0.0010141654  -0.5075801650  -0.0013330235
60  5  -0.0002981456   0.7894024130   0.0017621684  -0.1596623276   0.0002567970
60  6   0.0000849402  -0.0008134110   0.1098805175   0.5031443983   0.3053969115
60  7   0.0012177144   0.0017288460   0.0004810824   0.0169873921   0.0001057184
60  8  -0.6935943651  -0.0028579850   0.0000902972  -0.0044192928   0.0002875759
60  9  -0.0000771991   0.7352409256   0.0010286523  -0.0001597789   0.0017425216
60 10   0.0000168031  -0.0002165162  -0.0003811475   0.0001150783   0.0004054399
60 11  -0.0006059389   0.0000379689  -0.0006498480   0.0007490927   0.0005984597
60 12   0.0009278149   0.0006224889   0.0003555128  -0.0000009563   0.0000010259
60 13   0.0000085221   0.0028434960  -0.0025218163
61  1   0.1494647702  -0.0108168140   0.1253865316  -0.0394216163  -0.1322223009
61  2  -0.0316050789  -0.0002517700   0.0000226181  -0.1601857598   0.0001310391
61  3   0.0000282098   0.0390748521  -0.0000128927   0.0004659934   0.0271876316
61  4   0.0001524569  -0.2083848196   0.0387457186  -0.0002167267   0.1077510478
61  5  -0.1307072497   0.0005629410  -0.3458630006   0.0000297782  -0.0063691963
61  6  -0.1168178596  -0.2149680319  -0.0000483464  -0.0004520969  -0.0008095751
61  7   0.2953302811  -0.1749523646  -0.2161084786  -0.0004269487   0.0179317437
61  8   0.0002446134   0.1946038269   0.0121725899  -0.0000154935  -0.1047846352
61  9   0.2777902274   0.0004052513   0.1407347129   0.3791362958  -0.0000274465
61 10  -0.0021640686  -0.0943960991   0.2049531010   0.3596799232   0.3135270423
61 11   0.2792569064  -0.0188173844   0.0510664314  -0.2153712082   0.0835937413
61 12   0.0236168360   0.1620533670  -0.0992842185  -0.0026526942   0.0003340683
61 13  -0.0000000677  -0.5839776666  -0.6586543616
62  1   0.0802660596   0.0083028945  -0.1135932089   0.1457929056   0.1766011336
62  2  -0.2249757537  -0.0013893799   0.0000495376   0.1205179009   0.0011220942
62  3   0.0002038111  -0.1996512590  -0.0004225066   0.0024910991  -0.2074370726
62  4  -0.0018151891   0.1153549428  -0.1151139137  -0.0015105575   0.0184059056
62  5  -0.0285213125   0.0012050894  -0.2633408531   0.0013159007   0.4296523856
62  6   0.2534812681   0.4930710863  -0.0004448948  -0.0027713021  -0.0018063619
62  7  -0.2075881540  -0.2097335797   0.0347084422  -0.0030005505  -0.0191329689
62  8   0.0026079409  -0.1406792013  -0.0269386457   0.0000045469   0.1439028767
62  9   0.2756953776   0.0026021075  -0.4620067869  -0.6279716632   0.0000396538
62 10   0.0025360768   0.1078139058  -0.6560910946  -0.5919347645  -0.4462066269
62 11  -0.2398590002   0.0217883195  -0.3308566964   0.4015949176   0.1792467040
62 12   0.3362235031   0.0926214237   0.3737427139   0.0017017123   0.0001978288
62 13  -0.0000000645  -0.3123299589  -0.3479265463
63  1   0.0000000000   0.4490617804   0.0529711740   0.0000000000   0.0000000000
63  2   0.0000000000   0.3771874901  -0.0152347308   0.0003522397  -0.2751639589
63  3  -0.0506102197  -0.0007735811   0.1047239292  -0.6593454337  -0.0010370876
63  4   0.3807958886   0.0008451555   0.0000141816   0.4064133348  -0.0000197808
63  5  -0.0000270539  -0.1694530617  -0.0015533050  -0.2665341251   0.0020758624
63  6   0.0011205461   0.0018254177   0.1063862936   0.7093522122   0.5475972155
63  7   0.0007301626  -0.0007986247   0.0001325271   0.7711570200  -0.0000408662
63  8  -0.6497469062  -0.0037112789  -0.0001185791   0.0007746275   0.0006247564
63  9   0.0013173863  -0.6580390108  -0.0016495326  -0.0022255947   0.0002121885
63 10   0.0000086915   0.0003669517  -0.0023663331  -0.0020607757  -0.0015339116
63 11  -0.0007869708   0.0000741099  -0.0012345943   0.0014446970   0.0007427200
63 12   0.0013071212   0.0004370512   0.0014111280   0.0000056702   0.0000009773
63 13   0.0000088367  -0.0015845726  -0.0017697347
$end
