$vibrational normal modes
 1  1  -0.0696448837   0.1221143087   0.0631050502   0.0673427112   0.1590987915
 1  2  -0.0047188474   0.0034276285  -0.0072569333  -0.0904977223   0.0027322687
 1  3  -0.0039026102   0.0014789219   0.0553283373  -0.0514543447  -0.0512994488
 1  4  -0.4014014624   0.0039714313   0.1566202409  -0.0043808663   0.3965512919
 1  5  -0.0009689663   0.2264566949  -0.0041289210   0.2355505336  -0.0098552675
 1  6   0.1279034672   0.0021521280  -0.0622428977  -0.0014477984  -0.0008810017
 1  7  -0.0554348825  -0.0019511702   0.1148456695   0.0169320322   0.0044279330
 1  8   0.1180582605  -0.0023441268  -0.1050596283  -0.0732517441  -0.0076215767
 1  9   0.0016308178  -0.0758569353   0.0335702026  -0.0013295417   0.0445855725
 1 10  -0.0026331701  -0.0168829428   0.0075751367   0.0438025413  -0.0395834359
 1 11  -0.0529634595   0.0735680223  -0.0084647846   0.0063870702  -0.0891994281
 1 12   0.0203145440   0.0182737439  -0.3770630857   0.0150746599  -0.0000375695
 1 13   0.0000616516   0.0002063411  -0.0003577345
 2  1  -0.3229275347   0.0214883736   0.0472873172  -0.0727836318   0.0336299218
 2  2  -0.0220659633   0.0021681493  -0.0027213409  -0.0494868838  -0.0030644042
 2  3   0.0041912751  -0.0034286047   0.3572538950   0.1362812456   0.1541034220
 2  4  -0.4391224744   0.0067139047  -0.2108021534  -0.0046432293   0.2385515167
 2  5  -0.0008286887  -0.0701640643   0.0000799827  -0.1221349663  -0.1354412792
 2  6   0.1779583011   0.0053216848  -0.1760746692   0.0011584624  -0.0013322750
 2  7   0.0880995036   0.0041276614  -0.1942412812  -0.0721611015  -0.0006113929
 2  8  -0.0529942758   0.0013970265   0.0542633424   0.0415865578   0.0042242101
 2  9  -0.0005428455   0.0613227412  -0.0151293256   0.0008491341   0.0110145688
 2 10  -0.0053528479  -0.0015721960  -0.0046960868  -0.0480007061  -0.0061871650
 2 11   0.0564129172  -0.0253734067   0.0019545275   0.0199352666   0.0488394060
 2 12  -0.0092619152  -0.0360471430   0.2605362239  -0.0100100023   0.0000385361
 2 13  -0.0000665519  -0.0001494301   0.0003674384
 3  1  -0.1772019115  -0.0764166367  -0.2556863635   0.3189434278  -0.0214512645
 3  2   0.1171122686  -0.0972464727   0.3523510474  -0.0778688919  -0.3223970912
 3  3   0.1502391482   0.1751270908  -0.0076564379   0.2102577621  -0.2042209877
 3  4  -0.0002832270  -0.0477379966  -0.0004333422  -0.1242774747  -0.0017267975
 3  5  -0.0578430814   0.0004364340   0.0197807379   0.0013105446   0.0011347310
 3  6   0.0001673595   0.0033112960  -0.0003784229  -0.0329564004   0.0855446989
 3  7  -0.0005839111  -0.0202877884  -0.0005681382  -0.0000889448   0.0042084270
 3  8   0.0004107289   0.0595945715  -0.0013837285  -0.0025446441   0.0035162548
 3  9   0.0051482541  -0.0010695725   0.0000441354   0.0006834511   0.0000218828
 3 10  -0.0001438782   0.0000415398  -0.0004215099   0.0004702960   0.0001759676
 3 11  -0.0005838074   0.0001830826   0.0000004039   0.0003708670  -0.0001690844
 3 12   0.0000300585   0.0002405929  -0.0004357162  -0.0005551486  -0.0000511965
 3 13   0.0000101038   0.0001151955   0.0000823120
 4  1  -0.0432661472   0.1297932365   0.0638199545   0.0776742820   0.1333873676
 4  2  -0.0029221416   0.0017177428  -0.0044512293  -0.0473072827   0.0021220267
 4  3  -0.0013701123   0.0009428778  -0.0080136208  -0.0918940187  -0.0960037736
 4  4  -0.1561023016   0.0004553200   0.1701854894  -0.0019443604   0.1683950407
 4  5  -0.0006059213   0.1796539304  -0.0037237727   0.2430332374   0.1539186759
 4  6  -0.1433846549   0.0001704298   0.1197786999   0.0011364931   0.0024028755
 4  7  -0.0078716877  -0.0027743433   0.0806836480   0.0309807698  -0.0000308782
 4  8   0.0572568972  -0.0028482051  -0.0712288684  -0.0486093147  -0.0086715401
 4  9   0.0020983363  -0.1100976493   0.0231097768  -0.0009678915  -0.1714207502
 4 10   0.0228652640   0.0337224500   0.0368162116   0.0810874341   0.1956326861
 4 11   0.0107454829  -0.0153144081   0.0065956628  -0.0594412564   0.1793982249
 4 12  -0.0125143868   0.0646296657   0.5903384522  -0.0253248282  -0.0000779559
 4 13   0.0000076880  -0.0020793956   0.0020887776
 5  1  -0.2849232821   0.0325928715   0.0483892336  -0.0580998659  -0.0033136748
 5  2  -0.0196558627  -0.0006353492   0.0022958086   0.0098501208  -0.0026497617
 5  3   0.0032169508  -0.0022576227   0.2685120208   0.0798513222   0.0900731245
 5  4  -0.0887880584   0.0031428770  -0.1684810696  -0.0000381787  -0.0865027556
 5  5   0.0003938751  -0.1049689673   0.0020677341  -0.0566475431   0.1349086553
 5  6  -0.2365797828  -0.0028750250   0.1247102058   0.0016168408   0.0011768241
 5  7   0.1191055791   0.0012685385  -0.1436939327  -0.0249386872  -0.0047867843
 5  8  -0.0759763177  -0.0008854398   0.0476792288   0.0335780862   0.0036774736
 5  9  -0.0003040931  -0.0307053351   0.0248251961  -0.0000534882  -0.1864327837
 5 10   0.0287177645   0.0364037978   0.0266817000   0.1367510366   0.2764471920
 5 11  -0.0403734730   0.0027761836  -0.0024627962  -0.0032142655   0.0895677959
 5 12  -0.0765954251   0.0553741542  -0.4894816137   0.0188566967  -0.0000696459
 5 13   0.0001522015  -0.0004361815  -0.0004195509
 6  1  -0.1321061538  -0.0427698606  -0.2187621950   0.2368148420  -0.0161535831
 6  2   0.0316313477  -0.1036623316   0.1582056351  -0.0363964274  -0.2063568629
 6  3  -0.0077207381  -0.0086898964  -0.0041032921  -0.1412660070   0.1376232364
 6  4  -0.0014237322  -0.0406774477   0.0013775110   0.2202066570   0.0035931745
 6  5   0.1252419246  -0.0015504218  -0.0281742918  -0.0004513620  -0.0025269172
 6  6  -0.0017515537  -0.0132340169   0.0043201940   0.1219533782  -0.3354956938
 6  7   0.0032282974   0.1186366931   0.0109368569  -0.0002358990  -0.0189968208
 6  8  -0.0026406047  -0.2314659580   0.0047093223   0.0065327726  -0.0138480195
 6  9  -0.0216586378   0.0038898206  -0.0001529827  -0.0014974849   0.0004304854
 6 10   0.0003079169   0.0000050165   0.0004890623  -0.0012814832  -0.0006981032
 6 11   0.0001823569   0.0000075861  -0.0001714721  -0.0001504505  -0.0008093582
 6 12   0.0001676923   0.0000226620   0.0012660851  -0.0001810126   0.0000289048
 6 13  -0.0000292212  -0.0000274998  -0.0000121410
 7  1  -0.0657975905   0.1232783127   0.0631886371   0.0687784546   0.1553711918
 7  2  -0.0044321296   0.0039021027  -0.0077100693  -0.0782207201   0.0018996047
 7  3  -0.0013860954   0.0001978718   0.0528200941  -0.0496816629  -0.0518483380
 7  4  -0.2215572179  -0.0002560200   0.1396490148  -0.0019069078   0.0628019762
 7  5   0.0004753840   0.0564367831   0.0010409049   0.0494648552   0.1162615695
 7  6  -0.2032982926  -0.0065166642   0.2208211122  -0.0000877979   0.0008530018
 7  7  -0.0302932285  -0.0003095038   0.1077910350   0.0743946167  -0.0068213712
 7  8  -0.1427978409   0.0070223915   0.1576922904   0.1088483245   0.0130345447
 7  9  -0.0040867246   0.2101227688  -0.0132126546   0.0019314523   0.0540846467
 7 10  -0.0114267301   0.0090017375  -0.0766690632  -0.1661291891  -0.0959562174
 7 11   0.0285280686  -0.3541124926   0.0371079185  -0.0078434813  -0.0810153572
 7 12  -0.0745477272  -0.1344081620  -0.0726941140   0.0022339895   0.0001875654
 7 13  -0.0001008504   0.0016494300  -0.0014333913
 8  1  -0.2354159577   0.0471110007   0.0495020716  -0.0386183199  -0.0516678214
 8  2  -0.0158293768  -0.0036935345   0.0097836638   0.0889809790  -0.0038587077
 8  3   0.0036328845  -0.0027389123   0.1908730544   0.0652601148   0.0726242709
 8  4   0.1086375193   0.0012637144   0.0219141289   0.0011729035  -0.1358787986
 8  5   0.0003492451   0.0777373697  -0.0021840016   0.2503604192   0.2648129594
 8  6  -0.2420401521   0.0022445797   0.0358161753   0.0035664507   0.0003747084
 8  7   0.1872588357   0.0027556948  -0.2097051565  -0.1459399880   0.0125764204
 8  8   0.2339486058  -0.0010004264  -0.0774208914  -0.0625009153  -0.0064066292
 8  9   0.0015227268   0.2159661691   0.0218426628  -0.0000125250   0.1651033305
 8 10   0.0000584710   0.0622697178   0.0273551044  -0.0920587464  -0.0736107523
 8 11   0.0989463446   0.1166194662  -0.0138229158   0.0288955904  -0.1063580850
 8 12   0.0795972451   0.0195670914   0.0545373916   0.0008685507  -0.0014323907
 8 13   0.0016453679   0.0645576148  -0.0576507292
 9  1  -0.1439150063  -0.0021740537  -0.2785141982   0.2181045678  -0.0154795902
 9  2   0.1410185419  -0.1772440782   0.0914771935  -0.0183327472   0.0366974763
 9  3  -0.1053046626  -0.1461510557  -0.0036832014  -0.3301801094   0.3166827901
 9  4   0.0101680723   0.3099915685   0.0048815449   0.1757425408  -0.0007278371
 9  5  -0.1288938080  -0.0051027144  -0.0598334501  -0.0007138780  -0.0025181413
 9  6  -0.0002928359  -0.0084889094   0.0009124062   0.0424731372  -0.0571772288
 9  7   0.0036659801   0.0171204839  -0.0012283358   0.0011477243   0.0142902120
 9  8   0.0021574700   0.2263965706  -0.0070609882  -0.0042025167   0.0064844990
 9  9   0.0152860354  -0.0058972197   0.0004657168   0.0009425990  -0.0006800931
 9 10  -0.0002136810  -0.0000697565   0.0000917830   0.0009456981   0.0002436489
 9 11  -0.0002800605   0.0002491183   0.0003095247   0.0002409844   0.0010029758
 9 12  -0.0000559355   0.0001166104   0.0003069256  -0.0005840017  -0.0000126014
 9 13  -0.0000431852  -0.0002443525   0.0001676575
10  1  -0.0364210025   0.1318254400   0.0639868931   0.0802914103   0.1267354771
10  2  -0.0024337460   0.0021471651  -0.0035941256  -0.0334702624   0.0008495211
10  3  -0.0003594218  -0.0003140525   0.0222996257  -0.0084666660  -0.0076590568
10  4  -0.1129589525  -0.0016193822   0.2355792369  -0.0007645759  -0.0657579526
10  5  -0.0004161426  -0.0088534523   0.0001466501  -0.0838515953  -0.0080382711
10  6  -0.0456228596  -0.0004312046   0.0414384614  -0.0010813777   0.0002797466
10  7  -0.1838949925   0.0018124670   0.1358084308   0.0433005241  -0.0024734577
10  8  -0.1110980595   0.0060055910   0.1791650874   0.1168547949   0.0124397610
10  9  -0.0037547544   0.1831066999  -0.2695353200   0.0074041608  -0.0559167573
10 10   0.0077732922   0.0431112459   0.0005190174  -0.0622250836  -0.0093186077
10 11   0.0871949614   0.2939535391  -0.0342641115   0.0254912610   0.0367670243
10 12   0.0959553658   0.1096996569  -0.0186808207   0.0031832498  -0.0002187210
10 13   0.0000924237   0.0022228066  -0.0020702291
11  1  -0.1921128350   0.0597623846   0.0507661978  -0.0218966084  -0.0937563311
11  2  -0.0131014902  -0.0062670438   0.0167137874   0.1574667090  -0.0054208010
11  3   0.0028652616  -0.0021217584   0.1350771350   0.0980124817   0.1048847332
11  4   0.1866562572  -0.0009981379   0.2180895675   0.0009247072  -0.1333343061
11  5   0.0007553095   0.1168144915  -0.0019010976   0.1796260297   0.0449217198
11  6   0.0634889730   0.0050271466  -0.1476886638  -0.0002900515  -0.0014067580
11  7  -0.0577566184   0.0048772365  -0.0357880223  -0.1042713524   0.0115190466
11  8   0.1017353826   0.0001212192  -0.0114972914   0.0082387215   0.0025874349
11  9  -0.0008999375   0.0889309834  -0.1684088241   0.0042488155  -0.0276019564
11 10  -0.0284092999  -0.1193643407  -0.0840965120   0.0396767697  -0.0302493225
11 11  -0.2638144689  -0.1021583270   0.0171269886  -0.1568797860   0.3695961377
11 12  -0.1126103569  -0.0778665290  -0.0450658134   0.0089474679   0.0002522746
11 13  -0.0001170715  -0.0012386621   0.0008940129
12  1  -0.0933749956   0.0361184925  -0.2377240076   0.1255857475  -0.0095179856
12  2   0.0462457027  -0.2042077716  -0.0647758625   0.0084163694   0.0407592635
12  3  -0.1182249844  -0.1310965525   0.0017548084  -0.0205714841   0.0157949374
12  4   0.0086861391   0.1902193585   0.0057375419  -0.4299827750  -0.0026265414
12  5   0.1426033885   0.0029499980   0.2473617032  -0.0033653515  -0.0011188563
12  6   0.0008073562   0.0455390893  -0.0008112886  -0.1571615133   0.2155024081
12  7   0.0222064646   0.1883735724   0.0228652444  -0.0003472042  -0.0088058320
12  8  -0.0019856409  -0.0823022927   0.0016541340  -0.0006277025   0.0053680894
12  9   0.0052801909   0.0011337633   0.0005778659  -0.0013815502  -0.0000297610
12 10   0.0000009527   0.0001475947   0.0010104922   0.0002715785  -0.0001493637
12 11   0.0015351186   0.0002862884   0.0000901098  -0.0000347414  -0.0010161638
12 12   0.0002532960   0.0003333352   0.0003685977  -0.0001794230   0.0000268331
12 13  -0.0000213675  -0.0000094091  -0.0000086353
13  1   0.0161062401   0.1470714346   0.0654315160   0.1009367605   0.0755142648
13  2   0.0011188677  -0.0009542305   0.0022974629   0.0290402104  -0.0003794148
13  3  -0.0016113513   0.0008138947  -0.0883747096  -0.0291443255  -0.0333515495
13  4  -0.0462907488  -0.0017311967   0.1151378438  -0.0005226286   0.0357524950
13  5  -0.0005538912  -0.1408476251   0.0011916339  -0.1968757072   0.0728226497
13  6  -0.1425296470   0.0061330725  -0.1751450238  -0.0015284306  -0.0012092878
13  7  -0.1476369809   0.0054629414  -0.0560868344   0.0003163417   0.0040982574
13  8  -0.0230430891   0.0001109930  -0.0816302752  -0.0455059309  -0.0011845154
13  9   0.0004950155   0.0513818425  -0.0340083542  -0.0010288431   0.1611339928
13 10  -0.0047498924   0.0182445597   0.0066265524   0.0661870641   0.2600001275
13 11  -0.2217009432   0.0260724453   0.0042478018  -0.1107253411  -0.3086231079
13 12   0.1410498576  -0.3358978807   0.0997755972   0.0002264820   0.0003060700
13 13  -0.0003096106  -0.0023200522  -0.0023708861
14  1  -0.1937707625   0.0592270586   0.0510306412  -0.0228794527  -0.0919233061
14  2  -0.0138720448  -0.0066094885   0.0163082061   0.1563266438  -0.0065129269
14  3   0.0037998171  -0.0028894797   0.1407162516   0.0992944365   0.1063374232
14  4   0.1788715907  -0.0000652478   0.1952420196   0.0008655930  -0.1257878919
14  5   0.0000775976   0.0956976928  -0.0026220830   0.1672090649   0.0477712264
14  6   0.0520003377   0.0064436105  -0.1836746976  -0.0008624955  -0.0028004020
14  7  -0.1279535844   0.0006650016   0.0650063321   0.0123871827  -0.0024214559
14  8  -0.0479192652   0.0019984316   0.0812229745   0.0557522950   0.0041594797
14  9  -0.0014434154   0.0095553241   0.0275187151   0.0016712075  -0.1951486004
14 10  -0.0183065471  -0.1249543188   0.0682491404   0.0957694594   0.0375041845
14 11   0.1804701238  -0.0570527972   0.0018765035   0.1609476264  -0.4863651545
14 12   0.0372293387   0.0035253078   0.0466148875  -0.0162345352  -0.0001400257
14 13  -0.0000140660  -0.0014694878  -0.0000517922
15  1  -0.0287768383   0.0376983862  -0.1375752030   0.0458859938  -0.0038741458
15  2  -0.1582951991  -0.1911278430  -0.1884121070   0.0223286145  -0.2688221447
15  3  -0.1068033090  -0.0702130498   0.0041318798   0.0967800115  -0.0982468905
15  4   0.0029683046   0.0950561342   0.0016376150  -0.3677303294  -0.0033930054
15  5   0.0644263398   0.0025086163   0.0841858118  -0.0007732106  -0.0005217247
15  6  -0.0004200977  -0.0077545298   0.0031716457   0.0711741866  -0.2441667189
15  7  -0.0288269117  -0.2652042129  -0.0329164294   0.0005721302   0.0070996482
15  8   0.0032716902   0.0400126018  -0.0042493047   0.0075746461  -0.0304917766
15  9  -0.0760490964  -0.0002237797  -0.0005145885  -0.0003286722   0.0004387729
15 10   0.0005917826   0.0006727558  -0.0003340709  -0.0003877842   0.0002911167
15 11  -0.0001547810  -0.0005142772  -0.0000973439  -0.0006101272   0.0022097855
15 12   0.0000365298  -0.0000378393   0.0000328212   0.0003053920  -0.0000112804
15 13   0.0000300725  -0.0000554170   0.0000128679
16  1   0.0391472936   0.1537373463   0.0660754056   0.1100279238   0.0530350622
16  2   0.0026650443  -0.0025822614   0.0070806638   0.0720340019  -0.0016220772
16  3   0.0001026669   0.0004959589  -0.0867386546  -0.0608075498  -0.0676219335
16  4   0.0527581076  -0.0028612910   0.1866040051  -0.0001220503   0.0571444168
16  5  -0.0008207260  -0.0180552567  -0.0022539030  -0.0351161200   0.0970712432
16  6  -0.0900022226   0.0117610921  -0.2873231670   0.0008336629  -0.0008541632
16  7  -0.1418834058   0.0100360227  -0.2244238787  -0.0850866668   0.0012393912
16  8  -0.1765630358   0.0007586717   0.0033377260   0.0392454038   0.0041318138
16  9  -0.0006155569  -0.0556025414   0.0628344159  -0.0024207376   0.0936627072
16 10  -0.0049400696   0.0233090304  -0.0090155271  -0.0770889585   0.0206331897
16 11   0.0191710162  -0.0982347588   0.0215393739  -0.2068336260   0.0509765532
16 12   0.1130666805   0.5156956392  -0.0526678794  -0.0025790120  -0.0002796364
16 13   0.0002201105   0.0023707264   0.0025984613
17  1  -0.2409217608   0.0453991800   0.0499753564  -0.0414387886  -0.0458673501
17  2  -0.0175261742  -0.0035168120   0.0086081547   0.0799945892  -0.0048410512
17  3   0.0036043302  -0.0036525971   0.2311774281   0.1199527116   0.1320269009
17  4   0.0292174790   0.0011549239   0.0080849561   0.0007114743  -0.1785520271
17  5  -0.0009207152  -0.0856070611   0.0001614801  -0.0822551888   0.0461431315
17  6  -0.0755314772   0.0034641374  -0.1025104306  -0.0052070534  -0.0004055374
17  7  -0.4239172260  -0.0000121732   0.3513532922   0.1232259878   0.0043895521
17  8   0.0034325892  -0.0006572915  -0.1366746478  -0.0636455475  -0.0061762595
17  9   0.0017618085  -0.0251647174   0.1356123924  -0.0038000864   0.0958365804
17 10   0.0011413592   0.0409664446  -0.0069468104  -0.0876638928   0.0257463217
17 11   0.1265971519   0.0172809119  -0.0101709129   0.0925861106   0.2656790301
17 12  -0.1074433036  -0.0763711651  -0.0221060252   0.0057739177  -0.0003451242
17 13   0.0006343882   0.0576688958   0.0653339282
18  1  -0.0155682080  -0.0008728630  -0.0776706450   0.0612491459  -0.0043428057
18  2  -0.2686097138  -0.1114093672  -0.1750829109   0.0196731287  -0.3470409124
18  3  -0.1321812234  -0.0988610531   0.0024295200  -0.0529958011   0.0555670934
18  4  -0.0020874033  -0.3127348804  -0.0085544775  -0.1210673867  -0.0025716714
18  5  -0.2450802520   0.0022549685   0.0236768548   0.0035104152   0.0018443240
18  6   0.0005157443   0.0033373094   0.0008026672  -0.0074870369  -0.0227822530
18  7   0.0046475705   0.0501920095   0.0066801145  -0.0007378575  -0.0038082570
18  8  -0.0021073476  -0.0414950782   0.0103950439  -0.0159174556   0.0685545617
18  9   0.1673162839   0.0016592886  -0.0004435105   0.0013383659  -0.0007214263
18 10  -0.0002287816  -0.0002511697   0.0004197152   0.0000110249  -0.0008737664
18 11   0.0001138497  -0.0000771683   0.0003456587  -0.0008022334  -0.0005546159
18 12   0.0002233065   0.0001177400   0.0000588359   0.0001729722   0.0000661014
18 13  -0.0000234816  -0.0002085776  -0.0002098550
19  1   0.0109520348   0.1455335749   0.0653094154   0.0989785103   0.0805190617
19  2   0.0007468250  -0.0012619349   0.0037363928   0.0309097167   0.0000633684
19  3  -0.0013840379   0.0018127833  -0.0456877846  -0.1106184381  -0.1216546728
19  4   0.0490050788  -0.0025502392   0.0732504421  -0.0003627557   0.0597834810
19  5  -0.0007440264   0.0145672998  -0.0005339597   0.0344450268   0.1435401004
19  6  -0.1723277556   0.0040725350  -0.0863988238   0.0019944537   0.0010746614
19  7   0.0306278496   0.0067930453  -0.2823952304  -0.0927864536  -0.0027705774
19  8  -0.1722080277  -0.0028073051  -0.0114971453   0.0131928889   0.0017515229
19  9  -0.0005346645  -0.3800158329  -0.0674986237   0.0012219802   0.0283624423
19 10  -0.0155566510  -0.0447300043  -0.0306041771  -0.0655059081  -0.0999941742
19 11   0.1542447502   0.0547143096  -0.0221904763   0.2627534600   0.1449157883
19 12  -0.1571990846  -0.2951681039  -0.0481742596   0.0069306549   0.0000558844
19 13   0.0000114895   0.0027446102   0.0029930616
20  1  -0.2841706439   0.0327627309   0.0487184124  -0.0581456871  -0.0038275928
20  2  -0.0202625651  -0.0008552570   0.0014097948   0.0091619922  -0.0027077995
20  3   0.0033529871  -0.0031165860   0.2613142408   0.0690268032   0.0792573154
20  4  -0.0511267421   0.0016875779  -0.1720050807   0.0001339321  -0.1132648637
20  5   0.0012734727  -0.1081593225   0.0022444635  -0.0886278361   0.0864119472
20  6  -0.1827976650  -0.0026438807   0.1228986733  -0.0014189280   0.0023862785
20  7  -0.0726709278  -0.0028017825   0.1094081353   0.0733151706  -0.0032121329
20  8  -0.0195057993  -0.0026863390  -0.0804203627  -0.0609322272  -0.0071059340
20  9   0.0015641706  -0.3340167329  -0.0861013351  -0.0000799310  -0.0310303722
20 10   0.0132193615   0.0146601962  -0.0364483186   0.0358702114  -0.2711368949
20 11  -0.2091457205  -0.0020343061   0.0113162912  -0.1395155331  -0.2404765132
20 12   0.1470659582   0.1314822623   0.1147400798  -0.0090412174  -0.0000470994
20 13  -0.0000652723  -0.0013584971  -0.0011869029
21  1  -0.0646255924  -0.0390518726  -0.1162406013   0.1518758333  -0.0101716516
21  2  -0.1783953211  -0.0480123300  -0.0164815806  -0.0008448814  -0.2259575125
21  3  -0.0893407725  -0.0804288581   0.0010704941  -0.1895764017   0.1909734679
21  4  -0.0059397210  -0.3499357653  -0.0058081157   0.2653473141   0.0053291943
21  5   0.2427192736   0.0049071054  -0.0210925129  -0.0016996067   0.0025584300
21  6   0.0018847093   0.0095748598  -0.0044812046  -0.0877275228   0.2395972526
21  7  -0.0056977215  -0.1002249415  -0.0096304087   0.0001435751   0.0082723455
21  8   0.0018536467   0.0839648487  -0.0028890978   0.0024172883  -0.0147114317
21  9  -0.0409909494  -0.0005167191   0.0004860767   0.0000525079   0.0001570768
21 10  -0.0001329460  -0.0001817783  -0.0000818240  -0.0000164325   0.0012520125
21 11   0.0004785668   0.0003510858  -0.0000447594   0.0007333749   0.0007172600
21 12  -0.0005739395  -0.0004389468  -0.0007948389  -0.0000846312  -0.0000405336
21 13   0.0000001813  -0.0000094551  -0.0000390598
22  1  -0.0564348697   0.1260456426   0.0634227482   0.0723779876   0.1462665573
22  2  -0.0037709954   0.0023395871  -0.0036955486  -0.0380197391   0.0003679342
22  3   0.0001759632   0.0000163649   0.0873140516   0.0338433768   0.0378115930
22  4  -0.0267629196  -0.0036141579   0.3744604937   0.0019675633  -0.3674644701
22  5  -0.0002986068  -0.0200348239   0.0005774059  -0.0998575787  -0.1536433860
22  6   0.1223804819  -0.0044995154   0.0935128174   0.0003714850   0.0007739091
22  7   0.1463000904  -0.0034384169  -0.0429046607  -0.0290586118   0.0054244260
22  8  -0.0094631356  -0.0023161504  -0.0876772655  -0.0260851155  -0.0025723988
22  9   0.0014447541  -0.0426867141   0.0447073365  -0.0010476162   0.0129108852
22 10   0.0017237656   0.0056344040  -0.0012499955   0.0059796079   0.0002917437
22 11   0.0056366982  -0.0032795171   0.0006336374  -0.0021856840  -0.0038710104
22 12  -0.0001884079   0.0019137236   0.0026464465  -0.0019168548   0.0000115096
22 13   0.0000132165   0.0000275332  -0.0000075271
23  1  -0.1309829881   0.0776808086   0.0521896272   0.0021044627  -0.1534273279
23  2  -0.0084817349  -0.0087601458   0.0223223055   0.2152338329  -0.0051715070
23  3   0.0009204593  -0.0010130468  -0.0541738066   0.0515345665   0.0517758474
23  4   0.1087557993  -0.0018626460   0.1528735323   0.0000278468   0.3638768144
23  5  -0.0014762628   0.0425858358   0.0006380239  -0.1410934326  -0.1080042863
23  6   0.0227085166  -0.0084537838   0.2031004830   0.0002084726   0.0040669498
23  7  -0.1348659848   0.0055173588  -0.0849709816  -0.1203412832  -0.0005549019
23  8   0.0519874584  -0.0001527022   0.0446235435   0.0130403003   0.0000497168
23  9   0.0002723778  -0.0298053243   0.0193126692  -0.0006214720   0.0129568145
23 10   0.0018279975   0.0095052261   0.0148858328   0.0065491215   0.0011833682
23 11   0.0105167144   0.0003545513  -0.0000699729   0.0026608929  -0.0078143569
23 12   0.0056784577  -0.0000059107   0.0023678924  -0.0003273868  -0.0000199031
23 13  -0.0000352965   0.0000879864  -0.0000733817
24  1  -0.0982745969   0.0866858466  -0.2967011160   0.0903717800  -0.0078313774
24  2   0.1510176497  -0.1505645858  -0.1099822672   0.0234872518   0.3825670359
24  3  -0.0162582104  -0.0175584243   0.0061176040   0.1382548787  -0.1303868048
24  4  -0.0051438020  -0.1524942406  -0.0036969832   0.0286611678  -0.0002404762
24  5  -0.0076282339  -0.0006062262  -0.0897901872   0.0007414419   0.0008715576
24  6  -0.0001494098  -0.0212675166  -0.0018499467   0.0714067192  -0.0160161543
24  7  -0.0011645510  -0.0076794504  -0.0004132079   0.0005396571   0.0000413608
24  8  -0.0002005505   0.0040468329  -0.0004098826  -0.0000523346  -0.0009700499
24  9   0.0001267796   0.0000033473  -0.0000160486  -0.0000519267  -0.0002108875
24 10   0.0000311290  -0.0000559650   0.0001048271  -0.0000180940  -0.0000102958
24 11   0.0000197600   0.0000022639   0.0000230385   0.0000679792   0.0000081098
24 12   0.0000909723   0.0001383920   0.0000615715  -0.0002854948  -0.0000280818
24 13  -0.0000272682  -0.0000216765  -0.0000275557
25  1   0.0063296461   0.1442730555   0.0651441981   0.0970307699   0.0850677171
25  2   0.0004796366   0.0001259797   0.0010331461   0.0181809959  -0.0002831205
25  3  -0.0008428839  -0.0001709575  -0.1154238215   0.0395223387   0.0409998431
25  4  -0.0300705676  -0.0004932499   0.0628902314  -0.0000027457   0.0214367687
25  5   0.0001176068  -0.1660513051   0.0019045865  -0.1251018459   0.0666900738
25  6  -0.0513763145   0.0027088175  -0.1014763673   0.0001562854  -0.0023119430
25  7   0.0888691102  -0.0035223293   0.0649793284   0.0928423285  -0.0182092459
25  8   0.2308525902   0.0016735018   0.2669821369   0.0010266276  -0.0004773550
25  9  -0.0010001928  -0.0137350705  -0.0207170559  -0.0026598896   0.0817958789
25 10   0.0157763955   0.0253711311   0.0786923166   0.2095592125  -0.0255865839
25 11  -0.1250113427  -0.0880063799  -0.0075104771   0.5784420978   0.0384762021
25 12  -0.1369231084   0.1834231896   0.0578956114   0.0164583974  -0.0002190169
25 13  -0.0002815403   0.0001831942   0.0005885532
26  1  -0.1119484472   0.0831946859   0.0530353004   0.0091371248  -0.1717225415
26  2  -0.0079001436  -0.0092429777   0.0236653071   0.2349042754  -0.0065185082
26  3   0.0001616332  -0.0001838164  -0.1238982096   0.0117166824   0.0089978434
26  4   0.0187673530  -0.0006285915   0.0614422908   0.0006059681   0.2485589270
26  5  -0.0006220751  -0.0478956672   0.0021264082  -0.0476059195   0.0065841124
26  6  -0.0342717856   0.0006055261  -0.0216098614  -0.0016293518  -0.0030838723
26  7   0.2969984047  -0.0110656406   0.0889913639   0.2440845583   0.0015206008
26  8  -0.1625451944  -0.0025492314  -0.3044263765  -0.0918829463  -0.0046144246
26  9   0.0016346106   0.1124656151  -0.0024172941   0.0032209835  -0.0754250516
26 10  -0.0087803950  -0.0366536820  -0.3237966591  -0.2498570948   0.0412838592
26 11  -0.1085954500   0.0388191737  -0.0166814595   0.2922386610  -0.0118926302
26 12   0.0589057090   0.0960405681   0.0127397714  -0.0124036587   0.0001245429
26 13  -0.0002312568   0.0003793584  -0.0001460153
27  1  -0.0142386148   0.1063485109  -0.1842655816  -0.0276421948   0.0002452977
27  2  -0.0840645020  -0.1265959327  -0.2204327541   0.0325813011  -0.0318138973
27  3   0.0729206377   0.1326405091   0.0001897105   0.0885765092  -0.0875708356
27  4  -0.0048244002   0.0794259156   0.0016999483   0.3558531711   0.0024541414
27  5  -0.0374542081   0.0041478326   0.2587548493   0.0016263373  -0.0037116951
27  6  -0.0000756557   0.1537531805   0.0129799330  -0.5909807403  -0.0989074395
27  7   0.0002736674  -0.0134137778  -0.0054249899  -0.0010182326   0.0015409801
27  8   0.0015518289   0.0039126989   0.0014613902   0.0014910609   0.0007632798
27  9   0.0005434850  -0.0010498996   0.0001926290   0.0034132896   0.0003064604
27 10   0.0003512442   0.0002906077   0.0014381831   0.0005635079  -0.0004415113
27 11   0.0005745483  -0.0000941435   0.0001160022  -0.0012054869   0.0003529603
27 12  -0.0007345035  -0.0005400849  -0.0000895226  -0.0000220022   0.0000232912
27 13   0.0001667005  -0.0000562771   0.0000287919
28  1   0.0393338152   0.1538358133   0.0660597216   0.1100296781   0.0528756894
28  2   0.0027024896  -0.0009450247   0.0046393664   0.0457327910  -0.0009285289
28  3  -0.0015069476   0.0008791848  -0.1905743900  -0.0233941073  -0.0272954856
28  4  -0.0967910438  -0.0013626260   0.0410087821  -0.0003398496   0.1386316513
28  5  -0.0011347382  -0.2360691237   0.0020009517  -0.2738109243   0.0537310161
28  6  -0.1564108076   0.0050359473  -0.1008253788   0.0015800497  -0.0005112993
28  7   0.0703019864  -0.0019875634  -0.0181235129   0.0929016324  -0.0006417216
28  8   0.1762384220  -0.0023562418  -0.1462811039  -0.1462100703  -0.0180544217
28  9   0.0032994949   0.1396124079  -0.0156774969   0.0029943168  -0.1641724366
28 10  -0.0060960220  -0.0544714608   0.1692345583   0.0655190971  -0.1454189351
28 11   0.1579113487  -0.0188093379   0.0125085454  -0.2605426319   0.0340218277
28 12  -0.1527652791  -0.0395341636  -0.0525807560   0.0043951753  -0.0001853472
28 13   0.0002808120  -0.0002259632   0.0000210679
29  1  -0.1477097817   0.0726921153   0.0523265173  -0.0050393798  -0.1367268565
29  2  -0.0108666080  -0.0084811752   0.0206697393   0.2045386926  -0.0074758968
29  3   0.0025421772  -0.0015535809  -0.0194197815   0.0772879378   0.0797919990
29  4   0.1287637856  -0.0002565566   0.1240704295   0.0010771322   0.1482265869
29  5  -0.0000250506   0.0359812900  -0.0018490974   0.1016993539   0.0262470994
29  6   0.0713593476   0.0023536100  -0.0790706982   0.0029705195  -0.0037967804
29  7   0.3403830319  -0.0125142979   0.1400958785   0.3544363615  -0.0363115958
29  8  -0.1223995676   0.0026548828   0.2449388022   0.0031299938  -0.0012921097
29  9  -0.0019940443  -0.1035461338   0.0003529388  -0.0029235423   0.1098092622
29 10   0.0094551669   0.0650394886   0.1955403785   0.0719713140   0.0012156942
29 11   0.0481672688   0.0291770932   0.0079187515  -0.2740697238   0.0453376917
29 12  -0.0200105274  -0.0878760923  -0.0124164531   0.0142662832   0.0000733351
29 13   0.0001559338  -0.0001039549   0.0000804401
30  1   0.0150365125   0.0779754683  -0.1093920624  -0.0400829364   0.0015894199
30  2  -0.2279846323  -0.1709640856  -0.2804555838   0.0316057138  -0.3455123415
30  3   0.0009540355   0.0876635555   0.0012682118   0.2044137968  -0.2048191671
30  4  -0.0017679516   0.2605797508   0.0043973746   0.2219569216   0.0003932448
30  5   0.0495259980  -0.0073244213  -0.3174823734  -0.0007856166   0.0001560924
30  6  -0.0008951537  -0.0671887152  -0.0055002885   0.1933696004   0.1251297099
30  7   0.0069920158   0.0740799703   0.0101989568  -0.0014423472  -0.0020284581
30  8  -0.0013474498  -0.0063436494  -0.0005535801  -0.0010152764   0.0049327922
30  9   0.0179399164   0.0002191680  -0.0001075474   0.0007754115  -0.0002377548
30 10  -0.0002625804  -0.0002937985  -0.0005421680  -0.0001491122  -0.0002658398
30 11  -0.0002148568   0.0001093384   0.0000364740   0.0009505895  -0.0001792943
30 12   0.0002454839   0.0001927166   0.0001447656   0.0003280319   0.0000364661
30 13  -0.0001056480   0.0000477952   0.0000159369
31  1   0.0162557899   0.1471800645   0.0654050048   0.1008902564   0.0754015549
31  2   0.0011655159   0.0001056677  -0.0006960975  -0.0003788656   0.0004215927
31  3  -0.0007680714   0.0000366832  -0.1507991576   0.0816886142   0.0871615585
31  4  -0.0223099313   0.0008932949  -0.0557757248  -0.0000494845  -0.0424864628
31  5   0.0004068481  -0.1568396951   0.0021925549  -0.0027135377   0.0603222464
31  6   0.0124535958   0.0009981167  -0.0442005796   0.0006990731  -0.0012333426
31  7   0.0701317538  -0.0032933182   0.0807100474  -0.0484230585  -0.0004248216
31  8   0.2259022014   0.0008750142   0.2569784464   0.0746579660   0.0042621557
31  9  -0.0013291481  -0.1290653413   0.0726660090  -0.0003267844  -0.0947618456
31 10  -0.0092785567  -0.0376757224  -0.1815727976  -0.2074675372   0.0241392360
31 11   0.0353951700  -0.0164160097  -0.0115240509  -0.0629242658   0.1373573938
31 12   0.6191947299  -0.1127456951  -0.0689878163  -0.0770992088   0.0000485179
31 13  -0.0000132634   0.0002828322  -0.0001756112
32  1  -0.0593005115   0.0986012511   0.0544186352   0.0296355941  -0.2230025455
32  2  -0.0042565514  -0.0052376401   0.0145375877   0.1398618883  -0.0030498355
32  3  -0.0004029251   0.0007168008  -0.1851602122  -0.0343839929  -0.0367315965
32  4  -0.1794012741   0.0002292672  -0.0955386644  -0.0000958096  -0.0790507328
32  5   0.0002877472   0.0192306148   0.0012715526   0.0042928204   0.0132587120
32  6  -0.0174890615   0.0023427812  -0.0203263177   0.0033687572  -0.0030270206
32  7   0.1387645744  -0.0096264771   0.2353802640  -0.2989565040   0.0734089483
32  8  -0.1372438342  -0.0021529667  -0.2792312627   0.1527702452   0.0205140519
32  9  -0.0013999826   0.0489047848  -0.0455915863  -0.0013406357   0.0545756621
32 10   0.0168789641   0.0261138114   0.1066206156   0.3194767675  -0.0572527782
32 11   0.0900746848  -0.0833365424  -0.0040612343   0.0859954107   0.1157218685
32 12   0.3432992865  -0.0357261499  -0.0213575786  -0.0278840819   0.0006149472
32 13  -0.0000196345   0.0001262328   0.0000678105
33  1   0.0152261721   0.1514421922  -0.1835657947  -0.1001145164   0.0046708419
33  2  -0.0992214418  -0.0402636576  -0.1224942506   0.0183716055   0.0110790367
33  3   0.1382412351   0.1760940351  -0.0029691417  -0.1378375159   0.1353714807
33  4  -0.0029724855  -0.0022035620   0.0012640666   0.1098950844   0.0001848812
33  5  -0.0282634568   0.0097654728   0.5056068076   0.0007449862   0.0003140307
33  6   0.0011882082   0.0175515809  -0.0022294557   0.5364644730   0.0829286293
33  7  -0.0057912629  -0.0210586554   0.0004630041   0.0013506221  -0.0010528616
33  8   0.0003819285  -0.0027391258   0.0014610618  -0.0055416314   0.0103208907
33  9  -0.0029244717   0.0000754327   0.0004785344  -0.0007958293   0.0001476821
33 10  -0.0007012432  -0.0003338638  -0.0012904051  -0.0008023454   0.0004595592
33 11  -0.0005757015   0.0005840774  -0.0000230709   0.0001448214  -0.0007545562
33 12  -0.0013925313   0.0002216597  -0.0005168995   0.0013373831  -0.0000510729
33 13   0.0002939021  -0.0000030145  -0.0000295529
34  1   0.0795164738   0.1655500322   0.0671407849   0.1257404059   0.0137181430
34  2   0.0054488891   0.0106344581  -0.0292520631  -0.2648777124   0.0068261218
34  3   0.0005050855  -0.0018890090  -0.0148649871   0.1697702407   0.1851920981
34  4   0.1849917322   0.0026079927  -0.1239582020   0.0008053308   0.0818053317
34  5  -0.0003641731   0.2452545110  -0.0028793705  -0.0801111423  -0.0770985628
34  6  -0.0934022204   0.0008806810  -0.0344039089  -0.0010049840  -0.0003802957
34  7   0.0530561668  -0.0054285340   0.0548617529  -0.0563979322  -0.1460685410
34  8  -0.0274007133   0.0039605166  -0.0433160511  -0.0028286074   0.0002208486
34  9   0.0002177992   0.0107519649  -0.0030185676   0.0000368149  -0.0006457182
34 10  -0.0040160849   0.0014820321  -0.0007647680   0.0048626781  -0.0011098806
34 11   0.0003962151   0.0011747994   0.0020721369   0.0023277007  -0.0010234664
34 12  -0.0076627377   0.0018456956   0.0002700444  -0.0074224316  -0.0001513005
34 13  -0.0000388138   0.0000121725  -0.0000045343
35  1  -0.0401798728   0.1041392591   0.0552731073   0.0366946193  -0.2413769897
35  2  -0.0036829196  -0.0031795945   0.0074969630   0.0568324022  -0.0000429476
35  3  -0.0019757936   0.0007484098  -0.1447176184  -0.0489875397  -0.0526525042
35  4  -0.2198491591   0.0014515741  -0.0892342341  -0.0005138706  -0.2504255064
35  5   0.0002452161   0.1007787244  -0.0011581609   0.0929988199  -0.2882959344
35  6  -0.1544940236  -0.0015956479  -0.0176560896  -0.0010594298   0.0022969791
35  7  -0.0708227162   0.0041812451  -0.0981672071   0.1049146602  -0.0365266226
35  8   0.0366177080   0.0010997202   0.0600323920  -0.0304316205  -0.0036382146
35  9   0.0002849415  -0.0046013735   0.0027477783  -0.0004104253   0.0015652771
35 10   0.0122404975  -0.0052569485  -0.0025127076  -0.0177057134   0.0030767910
35 11  -0.0063824091   0.0012323411  -0.0012463418  -0.0000282022  -0.0021761628
35 12  -0.0065881126   0.0004309407  -0.0003128458   0.0002496616   0.0001703832
35 13  -0.0000128972   0.0000052745   0.0000051202
36  1   0.0999055016   0.1712037806  -0.0702171847  -0.2189899544   0.0128071959
36  2  -0.3361941682  -0.3140619733   0.1563482633  -0.0395915575   0.0691450565
36  3   0.1319081301  -0.1339502739  -0.0081649052  -0.0352934314   0.0298818855
36  4  -0.0007722052  -0.0127454139   0.0020700807  -0.0374364359   0.0007988157
36  5   0.0042152586  -0.0008876353  -0.0515472454  -0.0005908176   0.0019395954
36  6   0.0008833512  -0.0282299660  -0.0012167252  -0.0519890605  -0.0083676355
36  7   0.0005279737   0.0020218175  -0.0003085616  -0.0006730234   0.0005278231
36  8   0.0004634288   0.0003083235   0.0005004542  -0.0091175383   0.0231475824
36  9  -0.0082946254  -0.0000434922  -0.0007120421  -0.0131581051  -0.0007349399
36 10  -0.0003760675   0.0000076745  -0.0002964938  -0.0002041347   0.0000394211
36 11   0.0004049221  -0.0000105664  -0.0000355124  -0.0002131139   0.0000276360
36 12   0.0000720657  -0.0000779352  -0.0003318575  -0.0000498260   0.0000607917
36 13  -0.0004520052   0.0000070828   0.0000082990
37  1  -0.0180828031   0.1372309650   0.0644523242   0.0873652931   0.1088953221
37  2  -0.0011470437  -0.0054577100   0.0128633857   0.1297789088  -0.0027518093
37  3  -0.0001247255  -0.0009687684  -0.2411948581   0.1114499336   0.1194123440
37  4  -0.0472506884   0.0011305909  -0.1399958261  -0.0007066376  -0.0302519096
37  5   0.0010056508  -0.2115447478   0.0026886224   0.1525623153  -0.0231724761
37  6   0.0282720445  -0.0016607842   0.0125549152   0.0004917240  -0.0000258060
37  7   0.0293714536  -0.0030910338   0.0727723115  -0.0603274519  -0.0228934210
37  8   0.0915112103   0.0009033649  -0.0718714857   0.2704884535   0.0317730187
37  9  -0.0026512601  -0.0643985893   0.0121581460  -0.0004568131   0.0448821505
37 10   0.0119112559   0.0099183795  -0.3822637304   0.0565949000   0.0217366172
37 11   0.0450382471   0.0565424998   0.0006661144  -0.1784513082  -0.1185101015
37 12  -0.3918588962   0.0317976900   0.0344659311  -0.0639638252  -0.0012046033
37 13  -0.0000057371  -0.0001418076   0.0001093443
38  1  -0.0248539347   0.1087207727   0.0550824742   0.0433115865  -0.2567249995
38  2  -0.0013589363  -0.0002353251   0.0001305573   0.0029307475   0.0013352556
38  3  -0.0019249317   0.0029333214  -0.1018696484  -0.0583304660  -0.0601699574
38  4  -0.1779051463   0.0017724146  -0.0446560320  -0.0019153265  -0.1607388976
38  5   0.0001817269   0.1177736955  -0.0029061703  -0.1504797856   0.1777064147
38  6   0.0549849710   0.0025742179  -0.0403385159  -0.0000546845  -0.0046456859
38  7   0.1382775936  -0.0093471156   0.2542980338  -0.3687604554   0.0971895219
38  8  -0.0159450961  -0.0013841504   0.1722203036  -0.0653028921  -0.0105374932
38  9  -0.0001747513  -0.0603497278   0.0310685732   0.0013830241  -0.0323362075
38 10  -0.0434205856   0.0001029160   0.1374305197  -0.2320231966   0.0376166729
38 11  -0.0833408180   0.0569025790   0.0092481452  -0.0466388868  -0.0881096928
38 12  -0.2856685518   0.0302173855   0.0188375484  -0.0005317887  -0.0002782946
38 13  -0.0001105990  -0.0001009461  -0.0000066791
39  1  -0.0161321761   0.1786296875  -0.2605188749  -0.0841799900   0.0030973763
39  2   0.0492969322   0.2444281600  -0.1639276846   0.0369853776  -0.0296375482
39  3   0.1218474864   0.2894854055  -0.0029364727  -0.2950638225   0.2908501365
39  4   0.0031244806  -0.0364933640   0.0002971959  -0.2635650638   0.0005206923
39  5   0.0180524622  -0.0024972492  -0.1757680808   0.0004164789   0.0029410847
39  6  -0.0026500960  -0.1617573742  -0.0121544025  -0.2050170257  -0.0202999511
39  7   0.0018115788   0.0065047918  -0.0009634465   0.0012049748   0.0007935773
39  8  -0.0005676203   0.0016884677  -0.0026950887   0.0146868079  -0.0400075283
39  9   0.0135473303   0.0013670482  -0.0017335733  -0.0210294503  -0.0002428635
39 10  -0.0001410462   0.0000929284  -0.0003250214   0.0003517933  -0.0002897409
39 11   0.0004016760  -0.0003734627  -0.0002338478   0.0001875822   0.0002184257
39 12   0.0011613004  -0.0002873686  -0.0004239084   0.0000782124   0.0000316098
39 13   0.0001089480   0.0000168432   0.0000051651
40  1   0.0008255058   0.1427441498   0.0649605801   0.0947565758   0.0904698735
40  2   0.0001458337  -0.0017315607   0.0047956874   0.0546506343  -0.0010053939
40  3   0.0001861094  -0.0017034518  -0.2071650530   0.1285751936   0.1380840870
40  4  -0.0092890387   0.0012269854  -0.1530292238  -0.0008396449  -0.0333345057
40  5   0.0015620462  -0.2294489789   0.0031157045   0.2249035884   0.0125887316
40  6   0.1200080336  -0.0026746799   0.0865915676  -0.0006999518   0.0015092605
40  7  -0.0755278881   0.0026765159  -0.0492808362  -0.0167858150  -0.0588608751
40  8  -0.0577615901   0.0024050327  -0.0971231777   0.0309724196   0.0030990436
40  9   0.0004116838   0.0063029757  -0.0008793895   0.0005761933  -0.0259896916
40 10  -0.0156565573  -0.0034693204   0.3129225127  -0.1326702106   0.0059396188
40 11  -0.0623614678   0.0009560246   0.0090350490   0.0554895852   0.0012379802
40 12   0.0329848196   0.0030595952   0.0196464710   0.7448688899   0.0006373829
40 13  -0.0000793744  -0.0001064318   0.0001096538
41  1   0.0225366154   0.1225800061   0.0563819706   0.0617036228  -0.3028457549
41  2   0.0018051912   0.0084265921  -0.0213561754  -0.2012052640   0.0061807004
41  3  -0.0022289137   0.0022117498   0.0341429159  -0.0446305519  -0.0452205085
41  4  -0.0583329893   0.0004710428   0.0306279574  -0.0008097748  -0.0673407429
41  5   0.0007189377  -0.0196018125  -0.0016978590  -0.0536343263   0.2503208167
41  6   0.1885406264   0.0019501615   0.0517503496  -0.0010468490  -0.0007443354
41  7  -0.0527754002   0.0027865529  -0.0431877100  -0.0110463082  -0.0513856556
41  8  -0.0537682727   0.0027385497   0.1505421954  -0.2335918540  -0.0294164232
41  9   0.0026286210   0.0376417593  -0.0071844816   0.0008208622   0.0321043206
41 10   0.0449778786  -0.0038394985  -0.4599182370   0.2087938063  -0.0119161605
41 11   0.1049853042  -0.0142515507  -0.0156824099  -0.0738313712  -0.0023624868
41 12   0.0279008402  -0.0044341122   0.0195351998   0.3886655230   0.0002548880
41 13   0.0000112085  -0.0000709314   0.0000876679
42  1   0.0227581493   0.2197886959  -0.2409841262  -0.1648908912   0.0081726424
42  2  -0.0030393774   0.3180393736   0.0431645076   0.0034336488  -0.0552462969
42  3  -0.0122048668   0.0391951458   0.0000837195  -0.0594783207   0.0586805721
42  4   0.0049812222  -0.0098506563  -0.0014175515  -0.1158083528   0.0007297424
42  5   0.0113299487  -0.0069203598  -0.2295974963  -0.0000727760  -0.0119811274
42  6   0.0018907481   0.2999299567   0.0262534302   0.1027002327  -0.0045348482
42  7  -0.0017674999   0.0015135759   0.0017621529  -0.0007922753  -0.0019408088
42  8   0.0026071888  -0.0022565287   0.0070217290  -0.0542747899   0.1518691190
42  9  -0.0554177871  -0.0054607030   0.0080594029   0.1150611607   0.0016841020
42 10   0.0020837397  -0.0001022633   0.0038920572   0.0022737909  -0.0002598518
42 11  -0.0007480246   0.0001425237  -0.0002419330  -0.0005348747   0.0007939349
42 12   0.0004486397   0.0002829260   0.0008311276  -0.0014877210  -0.0002647588
42 13   0.0000444768   0.0000127015   0.0000439751
43  1   0.0585809757   0.1595042629   0.0665505742   0.1174622736   0.0341487161
43  2   0.0040501638   0.0082994135  -0.0211829935  -0.1825303316   0.0036677434
43  3  -0.0001988138  -0.0018574356  -0.0595086396   0.1592262911   0.1702355474
43  4   0.1396491982   0.0003622087  -0.1137876628  -0.0003447212   0.0784081392
43  5   0.0012143721  -0.0208324946   0.0018361246   0.1203315418  -0.1457364592
43  6  -0.0534031889  -0.0020660907   0.0222886945   0.0015150058  -0.0013776885
43  7  -0.0304841810   0.0081629081  -0.0466616315   0.0655887811   0.4803653399
43  8  -0.0670321762  -0.0151692824   0.0533688027  -0.1075187607  -0.0123779790
43  9   0.0000702752   0.0187674001  -0.0043655221   0.0028921592  -0.0072604544
43 10  -0.0792884751   0.0291197272  -0.0721346257   0.0717560196  -0.0073873404
43 11   0.0174940849   0.0233501377   0.0657547837   0.0271458570   0.0062496083
43 12   0.0040888542  -0.0014385362  -0.0036016544  -0.0222976693   0.0560096408
43 13   0.0042432848   0.0006736649  -0.0004501981
44  1   0.0236348880   0.1228448277   0.0567581915   0.0617507998  -0.3036694377
44  2   0.0011415826   0.0072216304  -0.0206158847  -0.2032721995   0.0058351224
44  3  -0.0022648753   0.0032230251   0.0301773442  -0.0353576805  -0.0363667524
44  4  -0.0554152910   0.0003188477   0.0046760165  -0.0008457828  -0.0962086383
44  5  -0.0003659512   0.1592697816  -0.0038569133  -0.1579983632   0.2686838962
44  6   0.1756020828   0.0023423722   0.0450408794   0.0015716275   0.0007879340
44  7  -0.0743354179   0.0088332175  -0.1785584611   0.3166966421   0.0501343866
44  8   0.1251959148  -0.0026742082  -0.1553191893   0.2610483466   0.0299901614
44  9  -0.0017590749  -0.0309477323   0.0084191024   0.0014194277  -0.0322403166
44 10  -0.1504568214   0.0462884636   0.0664860271   0.0024223977  -0.0035020161
44 11  -0.0232456652  -0.0161080744  -0.0426154757   0.0011220699   0.0002766804
44 12   0.0069845364   0.0005007656  -0.0014195224  -0.0120976975  -0.0388454107
44 13  -0.0027126782  -0.0005283610   0.0002747866
45  1   0.0947378846   0.2239900507  -0.1318657444  -0.2556847667   0.0145632350
45  2  -0.2266546246  -0.0001765656   0.2735995935  -0.0378744215   0.0790931870
45  3  -0.2764207706   0.2389204618   0.0146792624   0.0525673634  -0.0365837606
45  4   0.0071771283   0.0082255178  -0.0024449753   0.0234215885   0.0010966173
45  5  -0.0014137093  -0.0047222440  -0.0149878509   0.0010553902  -0.0047269459
45  6  -0.0031213748   0.0817884764   0.0045231665   0.0404350294   0.0040521509
45  7   0.0014976369  -0.0027088374   0.0012774089   0.0005087710   0.0005236238
45  8  -0.0045538115   0.0014761867  -0.0049946182   0.0638259681  -0.1720698875
45  9   0.0626580881   0.0046836122  -0.0026794238  -0.0315929812   0.0021375542
45 10   0.0000672371  -0.0004849452  -0.0016527130  -0.0014006823  -0.0000514019
45 11  -0.0027924057  -0.0003095555   0.0001139837   0.0034468747  -0.0008339542
45 12  -0.0004837891  -0.0013219634  -0.0009520330  -0.0021207478  -0.0067052926
45 13   0.0957178095  -0.0017904532   0.0007406322
46  1   0.0611142108   0.1352964202   0.0783317465   0.1587211179   0.0190119065
46  2  -0.0097499420  -0.0919515762  -0.1300379976  -0.2288711843  -0.0285617209
46  3   0.2851553532  -0.2616059681  -0.0452737357   0.0857144964   0.2383969071
46  4   0.1696429753  -0.0168881600  -0.1067367348  -0.1018583564   0.0992690501
46  5   0.0116641320   0.0806765366  -0.1307239360   0.0133654368  -0.0768712208
46  6  -0.0420464397   0.2356018568   0.0236276668   0.1213906285   0.0144364717
46  7   0.0110447981   0.0050204633  -0.0139828531   0.0805810603   0.5468536853
46  8  -0.0387497182  -0.0120576738  -0.0206964162   0.2320048444  -0.5707542394
46  9   0.2047769134   0.0064764327   0.0076804421   0.3459318971   0.0891761590
46 10   0.3747256390  -0.1228424429   0.1981208937  -0.1378585305   0.0167226613
46 11  -0.0637181090  -0.1791472237  -0.4666131789  -0.1709232176  -0.0542669582
46 12  -0.1219336019   0.0348637303   0.0292815531   0.0070082479  -0.3037294923
46 13  -0.3676519884   0.0025660848  -0.0001377155
47  1   0.0850991365   0.1307522020   0.1202632683   0.0178993742  -0.3196970472
47  2  -0.1263828528  -0.1762427439   0.1025379002  -0.3048552242   0.0901172965
47  3  -0.1627026935   0.1207793739   0.0873915039   0.0490627803  -0.0920329996
47  4  -0.0107197517   0.0133469543   0.0115529716   0.1334515681  -0.0659510625
47  5  -0.0130576687   0.3428581130   0.2981858078  -0.3221175512   0.3837674381
47  6   0.1700924400  -0.5289906659  -0.0349535847  -0.2193958975  -0.0076936573
47  7  -0.0154578950   0.0154768144  -0.1339596299   0.3359937945   0.2291388655
47  8   0.1869247210  -0.0130655924  -0.1970425197   0.3797440651   0.1525040555
47  9  -0.0483377366  -0.0675878716   0.0313761758   0.5940613649   0.1011645594
47 10   0.5640306710  -0.1765589076   0.2248038663  -0.2282908157   0.0262522982
47 11  -0.0021606570   0.1174754278   0.2942650953   0.0807949187   0.0161918748
47 12   0.0008432827  -0.0153002642   0.0019113869   0.0904863590   0.2024773493
47 13   0.2540527648  -0.0017997781   0.0004059002
48  1   0.1179076380   0.2418647566  -0.1134898388  -0.2983596990   0.0173096346
48  2  -0.2695396179  -0.0120819232   0.3900074468  -0.0530588446   0.1338246458
48  3  -0.5193225248   0.4500836419   0.0292016870   0.1314813908  -0.0996599468
48  4   0.0063815210   0.0251388613  -0.0049220687   0.1416527143   0.0014109638
48  5  -0.0141394107   0.0060582061   0.1924168197   0.0030822422  -0.0013247307
48  6  -0.0139015078  -0.2805273640  -0.0256209062  -0.1231509637  -0.0078584276
48  7   0.0003787071   0.0006059604  -0.0014578172  -0.0011071941   0.0360420656
48  8  -0.0040330155  -0.0062792329   0.0234943052  -0.0978489871   0.2144748843
48  9  -0.0799892573   0.0004552227   0.0011935494   0.0035852673  -0.0000244338
48 10   0.0196869711  -0.0039082994  -0.0864827219   0.0319516605  -0.0035770161
48 11   0.0517203981   0.1666776201   0.4315467347   0.1438382677   0.0450173154
48 12   0.0771377846  -0.0296072140  -0.0187031465   0.0235586787  -0.5418048654
48 13  -0.6081808841   0.0038505678  -0.0000739450
49  1   0.0829944625   0.1915500927   0.0555026495   0.0867676007   0.0230172945
49  2   0.0196821428   0.1138934623   0.0764795564  -0.2404848341   0.0371966136
49  3  -0.2852547505   0.2582773787  -0.0128454434   0.2448488467   0.1114098228
49  4   0.1674134937   0.0180693480  -0.1072512073   0.1025057170   0.0995185747
49  5  -0.0075744793   0.0882233422   0.1340871234   0.0128064012  -0.0593900031
49  6  -0.0365173502  -0.2355583360  -0.0083876792  -0.1116316554  -0.0195182155
49  7   0.0099048750   0.0128787357  -0.0163569951   0.0557218631   0.5451311753
49  8  -0.0151576674  -0.0159291463   0.0111624518  -0.2056086690   0.5815940250
49  9  -0.2028459251   0.0012222519  -0.0307165379  -0.3643079772   0.0464600677
49 10   0.3510586785  -0.1151750304   0.1886062551  -0.1542560019   0.0178111679
49 11  -0.0276159683  -0.1839229719  -0.4673590394  -0.1935375116  -0.0598597935
49 12  -0.1213634373   0.0464052641   0.0468302801   0.0355461625  -0.3508658797
49 13   0.3174519342  -0.0110481128   0.0048495816
50  1   0.0026088364   0.1267512747  -0.0055630193   0.1212139364  -0.3269433805
50  2   0.1312062436   0.1957409905  -0.1585948929  -0.2590034020  -0.0751113867
50  3   0.1576203833  -0.1085916595   0.0691813830  -0.1012862104   0.0401300211
50  4  -0.0037560218  -0.0128847667   0.0124689966  -0.1330762582  -0.0647221671
50  5   0.0091391032   0.3198491569  -0.3077281185  -0.3231645311   0.3424447656
50  6   0.1754952608   0.5327181996   0.0569244914   0.2289547181   0.0090882214
50  7  -0.0150508377   0.0030170627  -0.1343724932   0.3301239308   0.2352936792
50  8   0.1841889326  -0.0027115853  -0.2021018794   0.4400104845  -0.0449618022
50  9   0.0366077916  -0.0362082630  -0.0332448059  -0.6151747159   0.0718208692
50 10   0.5367790331  -0.1826839457   0.1917649490  -0.2637675290   0.0273544024
50 11   0.0076094634   0.1189718352   0.2974519785   0.0890630610   0.0047580829
50 12  -0.0122616899  -0.0255309766  -0.0217945402   0.0886088245   0.2431975795
50 13  -0.2180808210   0.0070213979  -0.0036250726
51  1   0.1181613490   0.2418434199  -0.1130685828  -0.2986503032   0.0173306519
51  2  -0.2703914578  -0.0147098311   0.3906323497  -0.0508400699   0.1334091529
51  3  -0.5209221462   0.4501759399   0.0282408176   0.1303860620  -0.1036789188
51  4   0.0021718902   0.0235257981  -0.0006791360   0.1422333286  -0.0008845052
51  5  -0.0142558507   0.0003657330   0.1948332922  -0.0023126455   0.0248162548
51  6   0.0080384571  -0.2818697371  -0.0209981331  -0.1229354862  -0.0083085550
51  7   0.0014021970   0.0022816990  -0.0003574089  -0.0055783666  -0.0382559298
51  8   0.0099478562  -0.0003634352  -0.0122154396  -0.0599099391   0.2179291323
51  9  -0.0797434999  -0.0070589424   0.0007222060   0.0083331321  -0.0096770312
51 10  -0.0218310716   0.0069851068   0.0945437707  -0.0267250258   0.0021525163
51 11  -0.0356874734  -0.1654395829  -0.4303945902  -0.1614010504  -0.0416464654
51 12  -0.0733858798   0.0422255877   0.0353308991  -0.0122622465   0.6213003738
51 13  -0.5219873759   0.0180740455  -0.0084427294
52  1  -0.0228980356   0.1358821037   0.0642970015   0.0853940075   0.1136155887
52  2  -0.0014454058  -0.0060858051   0.0154587183   0.1538348136  -0.0025297038
52  3  -0.0016500496   0.0008848275  -0.2855605181   0.1294456361   0.1406123153
52  4  -0.0910534335   0.0053559269  -0.2377894259   0.0002972836  -0.1758525485
52  5   0.0006061910   0.0285302800  -0.0005853077   0.0683628968   0.2313722182
52  6   0.2585895128  -0.0026896646   0.1241525760  -0.0011418737   0.0023540595
52  7  -0.1361026765   0.0060939755  -0.1324757737   0.0494606486  -0.0679696869
52  8  -0.1087002722   0.0013662719  -0.0004732740  -0.1593806864  -0.0176466543
52  9   0.0016801126   0.0496198677  -0.0155629742  -0.0003915485   0.0088991292
52 10   0.0232603810  -0.0051574773   0.1062096605   0.0046361370  -0.0061816845
52 11  -0.0135683028  -0.0070839904   0.0037226121   0.0388154437   0.0124287701
52 12   0.0099816816   0.0016572647  -0.0160172063  -0.4325815112   0.0002812264
52 13   0.0001188139   0.0000905445  -0.0001139918
53  1   0.0610739879   0.1338888528   0.0572010683   0.0769200456  -0.3405188756
53  2   0.0048841990   0.0175224247  -0.0394392079  -0.3640938870   0.0088587015
53  3  -0.0009352932  -0.0015731458   0.1607511461  -0.0419526737  -0.0437944803
53  4   0.0756235541  -0.0033622589   0.1576960949   0.0004030617   0.1563354843
53  5   0.0008153496  -0.4731864947   0.0080582831   0.2481051201  -0.0560218940
53  6   0.0337918746  -0.0037633670   0.0355018857  -0.0016234374   0.0018384758
53  7  -0.0187651260  -0.0025975908   0.0165396171  -0.0644994839  -0.0789732574
53  8  -0.0350149126   0.0022645333  -0.0296098691  -0.0029098504   0.0008281373
53  9  -0.0000101648   0.0075301365  -0.0047654466  -0.0005090238   0.0031926839
53 10   0.0148155842  -0.0050615550   0.1215608546  -0.0446924095   0.0025464811
53 11  -0.0259533761   0.0037985613   0.0058060003   0.0220504288  -0.0001256929
53 12  -0.0221433198   0.0035307831  -0.0079904971  -0.2731070806   0.0003484072
53 13  -0.0000021221   0.0000623864  -0.0000456624
54  1   0.0058963969   0.2510441986  -0.2992269192  -0.1698646674   0.0080206479
54  2   0.1061168342   0.5952705814   0.0615634702   0.0018306179  -0.1706876052
54  3   0.0089294644  -0.3035965970  -0.0048282315   0.1352757583  -0.1422303788
54  4  -0.0032992554   0.0221936890  -0.0011663770   0.1067071899  -0.0017577423
54  5  -0.0079755606   0.0065096266   0.1163103953  -0.0011990309   0.0056380998
54  6   0.0010537499  -0.1027536914  -0.0089782613  -0.0285267742   0.0034303461
54  7   0.0000399200  -0.0010255921  -0.0007620380   0.0004890756   0.0004371462
54  8   0.0002788619   0.0001755500  -0.0016932377   0.0106963405  -0.0298250225
54  9   0.0108858912   0.0002668765  -0.0015608401  -0.0204427919  -0.0004751551
54 10  -0.0003799298   0.0002129136  -0.0012756820  -0.0004779519   0.0004890598
54 11   0.0002527935   0.0001264843   0.0001278026  -0.0005327662  -0.0002586044
54 12  -0.0002808714   0.0000382989  -0.0001851084   0.0010831307   0.0001426348
54 13  -0.0002190163  -0.0000111232  -0.0000339601
55  1  -0.1065158193   0.1114592559   0.0620690811   0.0527755297   0.1950766932
55  2  -0.0071864028   0.0080029557  -0.0153585997  -0.1467832140   0.0029345260
55  3  -0.0029485413  -0.0007394948   0.1042057404  -0.0746187573  -0.0812750219
55  4  -0.3251054283   0.0020176723  -0.0996679725  -0.0033770048   0.0582086952
55  5  -0.0003808663  -0.1065807870   0.0068386051  -0.1257073077   0.2596014492
55  6  -0.5478638538  -0.0195818823   0.4936949919  -0.0044939544   0.0015024113
55  7   0.0792771030  -0.0033043949   0.0037120428   0.1564167252  -0.0293467842
55  8  -0.5260005399   0.0112252172   0.4425824929   0.3065432776   0.0388116999
55  9  -0.0118397150   0.4271309719   0.6734228101  -0.0205789696   0.3433279481
55 10  -0.1862571778  -0.7416952360   0.1538431876   0.5259834394  -0.2416617334
55 11  -0.3569007813   0.6889493673  -0.0629987401  -0.1252956426   0.3495390633
55 12   0.1000644927   0.1346090203   0.3695784298  -0.0030920571   0.0024933274
55 13   0.0017907442  -0.0242942362   0.0213256814
56  1  -0.2342988099   0.0474765522   0.0492941824  -0.0379235286  -0.0529239927
56  2  -0.0152469189  -0.0036433088   0.0105923572   0.0912426568  -0.0035175222
56  3   0.0037654690  -0.0025431588   0.1897639919   0.0668382670   0.0748125371
56  4   0.1143474705   0.0015657378   0.0289199421   0.0018002061  -0.1419748943
56  5  -0.0012131002   0.0787997536  -0.0032598261   0.2508012551   0.2613209891
56  6  -0.2355345306   0.0023470839   0.0305695130   0.0034110006   0.0036847670
56  7   0.1867417810   0.0007164441  -0.2125147395  -0.1526821408   0.0133080664
56  8   0.2480268245  -0.0046880503  -0.0836344595  -0.0671956471  -0.0074243101
56  9   0.0010528094   0.2242931073  -0.0064370258   0.0009475081   0.1671652735
56 10   0.0058949453   0.0926601126   0.0186493775  -0.1259967706  -0.0781475073
56 11   0.1196721474   0.1038786056  -0.0131874222   0.0392415325  -0.1283687746
56 12   0.0871661735   0.0156079160   0.0167983158  -0.0012991211   0.0147052111
56 13  -0.0186970160  -0.7452970984   0.6602725000
57  1  -0.1940451632  -0.0035416359  -0.3560892770   0.2800692372  -0.0198652883
57  2   0.2994993332  -0.2071247922   0.1916600842  -0.0314323079   0.2095960375
57  3  -0.0884279601  -0.1624426490  -0.0039145222  -0.4301690347   0.4072749162
57  4   0.0086403292   0.5437685967   0.0017914408   0.3320105816  -0.0057222010
57  5  -0.5609917753  -0.0102765952  -0.3140833584   0.0022092178   0.0113737437
57  6   0.0036334852  -0.0175783879  -0.0164779904  -0.2217966747   0.8137516100
57  7  -0.0710040540  -0.7794183453  -0.0630352253  -0.0014551572  -0.0270600502
57  8  -0.0131206700  -0.9337183148   0.0396689717   0.0297073959  -0.0350428546
57  9  -0.0965192781   0.0321473503  -0.0064306426  -0.0015842704   0.0054325454
57 10   0.0004531451  -0.0005362312  -0.0044162582  -0.0036733424  -0.0032727700
57 11  -0.0034561173  -0.0082469732  -0.0029621475  -0.0025986770  -0.0026099836
57 12   0.0018555889  -0.0041094498  -0.0021517694   0.0157065635  -0.0002528303
57 13   0.0019506244   0.0025448060  -0.0019325603
58  1   0.0428606984   0.1547624886   0.0662022634   0.1115724646   0.0493872399
58  2   0.0028866931  -0.0053437756   0.0120047125   0.1046603720  -0.0032508107
58  3   0.0023132876   0.0003014402   0.1970642955  -0.1242436740  -0.1350467417
58  4   0.1116377623  -0.0004203218  -0.1679137998   0.0009403536  -0.0037054480
58  5   0.0002232086   0.0080808734   0.0002264796  -0.0026871630  -0.0455194456
58  6   0.0564296067  -0.0011406165   0.0105549569  -0.0001189227  -0.0001536846
58  7   0.0076211727  -0.0005622201   0.0220706966   0.0046125756   0.0002787377
58  8   0.0138027584   0.0001817321   0.0046008584   0.0011117488   0.0001550931
58  9   0.0000117285   0.0258701168   0.0021413796  -0.0000049220  -0.0009385559
58 10   0.0001766566   0.0004979410   0.0012701866   0.0015929848   0.0033779629
58 11  -0.0019651308  -0.0007776334   0.0002595729  -0.0029671122  -0.0028705026
58 12   0.0016513130   0.0012928541  -0.0011960291   0.0001089257  -0.0000086170
58 13  -0.0000264287  -0.0000259490  -0.0000541327
59  1  -0.3468635171   0.0143742272   0.0473318079  -0.0828406321   0.0574209945
59  2  -0.0251563458   0.0052907070  -0.0144299616  -0.1286959125   0.0054775509
59  3  -0.0027348631   0.0024032139  -0.1577293677  -0.0893577347  -0.0986280616
59  4   0.1110040634  -0.0017982552  -0.0450732230   0.0007636105  -0.0013601123
59  5   0.0002767994   0.0007027174   0.0002400129  -0.0085273848  -0.0263798277
59  6   0.0344472431  -0.0001003986  -0.0104914744  -0.0001208882  -0.0002356676
59  7  -0.0017698748  -0.0002711238   0.0054812268   0.0001961983   0.0002822513
59  8   0.0032922518   0.0001009000   0.0030162874   0.0017637682   0.0002728526
59  9  -0.0000770221   0.0141768013   0.0020585856  -0.0000112317   0.0017824923
59 10  -0.0002238477   0.0001145908   0.0003430408  -0.0012092326   0.0018324388
59 11   0.0011161581  -0.0007523868   0.0000843952  -0.0005504130   0.0002454760
59 12  -0.0000068479   0.0002967055  -0.0022944829   0.0000572870   0.0000090046
59 13   0.0000024227  -0.0000123793  -0.0000286923
60  1  -0.0454847151  -0.0902697166  -0.0341722742   0.1703322443  -0.0106556916
60  2  -0.3300190807   0.1805105171   0.0009237289   0.0092420612   0.1280552681
60  3   0.0119142952   0.0044375018   0.0008496967   0.0119900610  -0.0117059033
60  4   0.0001505825   0.0356714022   0.0006632051  -0.0097340583  -0.0001215073
60  5  -0.0027707223  -0.0001708720   0.0004259690  -0.0000668519  -0.0000155875
60  6  -0.0000332532  -0.0003658566   0.0001456880   0.0017573318  -0.0048720967
60  7  -0.0000122971  -0.0000912022  -0.0000781197   0.0000360074   0.0000169427
60  8   0.0000085178  -0.0008098950   0.0000093653  -0.0000107382   0.0004926465
60  9   0.0012656925  -0.0000725331  -0.0000185680  -0.0000331262   0.0000207608
60 10  -0.0000066657   0.0000054284  -0.0000469551  -0.0000172513  -0.0000026288
60 11   0.0000132761  -0.0000143229   0.0000001439  -0.0000788539  -0.0000429158
60 12  -0.0000034173  -0.0000187893   0.0000309589   0.0000739360   0.0000261607
60 13  -0.0000080483  -0.0000056269  -0.0000063744
61  1   0.0798102548   0.1655396760   0.0671937637   0.1260102332   0.0133831060
61  2   0.0054151954  -0.0042491657   0.0146203530   0.1436395009  -0.0030997639
61  3  -0.0002525888   0.0004369984  -0.1375797157  -0.0407726741  -0.0491767622
61  4   0.1787297187  -0.0043663382   0.4476358615   0.0010777068   0.0375041080
61  5  -0.0003420279   0.1475007450  -0.0038536884   0.1752565945   0.0990122624
61  6   0.0461846033   0.0180326345  -0.5556311796   0.0016282925  -0.0023462249
61  7  -0.2911388744   0.0184183183  -0.3323121499  -0.2131749499   0.0047162038
61  8  -0.3927705179   0.0092745569   0.2581680013   0.2816471347   0.0325564413
61  9  -0.0072119668   0.5090849119   0.6149798047  -0.0153495702  -0.7449674399
61 10   0.2370301798   0.5388020704  -0.2044958559   0.1954801158  -0.7842843972
61 11  -0.6811272675   0.2850361952  -0.0372130536   0.1265956146   0.0888276372
61 12  -0.1002192718  -0.6092743539   0.0553514762  -0.0012180448   0.0000140849
61 13  -0.0005347416  -0.0330169594  -0.0380677904
62  1  -0.2426194554   0.0448635277   0.0501693008  -0.0423610495  -0.0440447888
62  2  -0.0181515972  -0.0036929732   0.0091373544   0.0771791015  -0.0059516788
62  3   0.0039139568  -0.0027225392   0.2352302066   0.1187212513   0.1296374619
62  4   0.0250559028   0.0009803822  -0.0045560394   0.0004191383  -0.1785740174
62  5  -0.0028235481  -0.0913490163  -0.0004626814  -0.0882543290   0.0469752254
62  6  -0.0825086083   0.0031174308  -0.0901669876  -0.0055097097   0.0007863962
62  7  -0.4231072865   0.0009084234   0.3617618884   0.1307737254   0.0035210750
62  8   0.0096958009  -0.0011135029  -0.1512641632  -0.0752273268  -0.0093118329
62  9  -0.0014181503  -0.0691030488   0.1126664095  -0.0027348733   0.1408360918
62 10  -0.0116547794   0.0148819332   0.0002115661  -0.1116734203   0.0565747940
62 11   0.1856851987   0.0001524889  -0.0092524960   0.1049401106   0.3056972553
62 12  -0.1181893112  -0.0301784131  -0.0308540442   0.0067129836   0.0030997678
62 13  -0.0069321700  -0.6593806611  -0.7445745509
63  1   0.0343042392   0.0000000000   0.0000000000   0.0000000000   0.0000000000
63  2  -0.4271345849  -0.0638552980  -0.2791018554   0.0334190628  -0.4279205449
63  3  -0.1365717408  -0.0843135718   0.0037194888  -0.0128267859   0.0230758795
63  4  -0.0023213078  -0.4853576411  -0.0174717213  -0.0888038939  -0.0088061417
63  5  -0.7071372599  -0.0070218045  -0.0435086765   0.0025460719  -0.0068094485
63  6   0.0039502681   0.0081996828   0.0014569810  -0.0074515363   0.1286024186
63  7   0.0549634179   0.5012809654   0.0489283691  -0.0005708046  -0.0124620830
63  8   0.0074429731   0.0355670616  -0.0500624054   0.0860062997  -0.3827474811
63  9  -0.9203065989  -0.0074834455   0.0017120851  -0.0077979335   0.0004578900
63 10   0.0017787419   0.0009854085  -0.0022891127   0.0020809750   0.0038564461
63 11  -0.0046218127  -0.0002889304  -0.0018240634   0.0031486573  -0.0054571487
63 12  -0.0009325247   0.0027684863  -0.0006895085  -0.0023363379  -0.0020513608
63 13   0.0017994353   0.0023913288   0.0022284868
