$coord
    0.05084711926294     -0.08229854450753      0.11341319014241      ti
    0.88411703538241     -2.56650040216239      2.07692025417620      o
   -2.71052044503659     -1.23032707494573     -1.51126112451004      o
   -2.29180136109420     -2.05145891091538     -3.09093067189594      h
   -0.70524507028949      2.97161409563914      1.43442033568474      o
   -1.73847902803945      4.20514959707315      2.25786491533750      h
    2.48186332366070      1.06435400941660     -2.24715187361569      o
    2.12154154455991      2.79535707147343     -2.75298064137129      h
    0.28264025392542     -4.83396412567514      2.11826108317663      h
$redundant
     number_of_atoms             9
     degrees_of_freedom         21
     internal_coordinates       21
     frozen_coordinates          0
# definitions of redundant internals
   1 k  1.0000000000000 stre    4    3           val=   1.83173
   2 k  1.0000000000000 linc    4    1    3    2 val=  21.07944
   3 k  1.0000000000000 linp    4    1    3    2 val=  -4.16884
   4 k  1.0000000000000 stre    1    3           val=   3.25496
   5 k  0.5834403089055 bend    2    3    1      val=   3.76630
       -0.7638015640692 bend    5    3    1
        0.2760517644749 bend    7    3    1
   6 k -0.5872066111742 bend    2    3    1      val=   3.59931
       -0.1619130660100 bend    5    3    1
        0.7930778996092 bend    7    3    1
   7 k  1.0000000000000 tors    6    5    1    2 val= 176.01951
        1.0000000000000 tors    6    5    1    7
   8 k  1.0000000000000 stre    5    6           val=   1.79442
   9 k  1.0000000000000 bend    1    6    5      val= 113.20720
  10 k  1.0000000000000 tors    8    7    1    2 val= 194.31457
        1.0000000000000 tors    8    7    1    5
  11 k  1.0000000000000 stre    7    8           val=   1.80399
  12 k  1.0000000000000 bend    1    8    7      val= 130.08796
  13 k  1.0000000000000 tors    9    2    1    5 val=  39.22356
        1.0000000000000 tors    9    2    1    7
  14 k  1.0000000000000 stre    2    9           val=   1.81636
  15 k  1.0000000000000 bend    1    9    2      val= 128.74904
  16 k  1.0000000000000 stre    1    2           val=   3.38270
  17 k  1.0000000000000 stre    1    5           val=   3.55821
  18 k  1.0000000000000 stre    1    7           val=   3.66131
  19 k  0.8982325761416 bend    5    2    1      val= 106.13801
        0.1520376793403 bend    7    2    1
        0.4123866913697 bend    7    5    1
  20 k -0.3275167444997 bend    5    2    1      val=  57.71632
        0.8572411066671 bend    7    2    1
        0.3973291672059 bend    7    5    1
  21 k -0.2931058191683 bend    5    2    1      val=   3.29504
       -0.4919575480679 bend    7    2    1
        0.8197967733949 bend    7    5    1
        21 non zero eigenvalues  of BmBt
           1           4.268383163    1    0
         1
           2           3.410866374    2    0
         2
           3           3.061631072    3    0
         3
           4           2.973613377    4    0
         4
           5           2.470723861    5    0
         5
           6           2.321313556    6    0
         6
           7           2.041090630    7    0
         7
           8           1.979440048    8    0
         8
           9           1.745338043    9    0
         9
          10           1.597278720   10    0
        10
          11           1.220797548   11    0
        11
          12           1.061765128   12    0
        12
          13           0.799950584   13    0
        13
          14           0.698639080   14    0
        14
          15           0.558160432   15    0
        15
          16           0.306487085   16    0
        16
          17           0.116625660   17    0
        17
          18           0.090159394   18    0
        18
          19           0.078773514   19    0
        19
          20           0.072537180   20    0
        20
          21           0.068037386   21    0
        21
$user-defined bonds
$end
