$energy      SCF               SCFKIN            SCFPOT
     1 -1152.096326759      1148.30680     -2300.40313     0.1721784101635
     2 -1152.094311028      1148.29695     -2300.39126     0.1713045951939
     3 -1152.090010344      1148.26972     -2300.35973     0.1699884119652
     4 -1152.090154306      1148.20567     -2300.29582     0.1684539895988
     5 -1152.093260621      1148.13350     -2300.22676     0.1666360131033
     6 -1152.092757794      1148.10018     -2300.19294     0.1642208612451
     7 -1152.087902621      1148.10825     -2300.19615     0.1611316371508
     8 -1152.085479407      1148.10697     -2300.19245     0.1575872469579
     9 -1152.087781789      1148.06589     -2300.15367     0.1538177327315
    10 -1152.086831602      1148.01161     -2300.09844     0.1498201963552
    11 -1152.080259682      1147.95515     -2300.03541     0.1455971860620
    12 -1152.075062674      1147.87425     -2299.94931     0.1413424119435
    13 -1152.074565280      1147.77508     -2299.84965     0.1371224032823
    14 -1152.072957777      1147.71007     -2299.78303     0.1327940075768
    15 -1152.066490827      1147.70935     -2299.77584     0.1282426392242
    16 -1152.058470524      1147.74390     -2299.80237     0.1236471027584
    17 -1152.055766386      1147.75597     -2299.81174     0.1192848330573
    18 -1152.055003012      1147.73973     -2299.79473     0.1152371192419
    19 -1152.048912827      1147.72009     -2299.76901     0.1113381766927
    20 -1152.040379016      1147.68631     -2299.72669     0.1075133468870
    21 -1152.036611136      1147.62030     -2299.65692     0.1037806646115
    22 -1152.035841665      1147.55675     -2299.59259     0.1000456733309
    23 -1152.032448094      1147.54592     -2299.57837     0.9614403725644E-01
    24 -1152.025334891      1147.59474     -2299.62008     0.9207998963892E-01
    25 -1152.019609952      1147.65511     -2299.67472     0.8810960755100E-01
    26 -1152.019704731      1147.67840     -2299.69810     0.8445362339664E-01
    27 -1152.018952239      1147.67789     -2299.69684     0.8110612695302E-01
    28 -1152.012745834      1147.67251     -2299.68526     0.7790130181671E-01
    29 -1152.006938747      1147.64430     -2299.65124     0.7484877921756E-01
    30 -1152.006349352      1147.59315     -2299.59949     0.7197802277206E-01
    31 -1152.006680712      1147.56845     -2299.57513     0.6918128193647E-01
    32 -1152.003764235      1147.61017     -2299.61393     0.6632896299139E-01
    33 -1151.997763523      1147.70850     -2299.70626     0.6349252186945E-01
    34 -1151.994361946      1147.80509     -2299.79945     0.6089189043998E-01
    35 -1151.995944473      1147.85924     -2299.85518     0.5870325809173E-01
    36 -1151.994599037      1147.89264     -2299.88724     0.5686799212829E-01
    37 -1151.988171590      1147.91754     -2299.90571     0.5524665741217E-01
    38 -1151.983979601      1147.91495     -2299.89893     0.5382664553439E-01
    39 -1151.984297949      1147.90054     -2299.88484     0.5256303825496E-01
    40 -1151.984311647      1147.92567     -2299.90998     0.5132000573904E-01
    41 -1151.981133755      1148.01658     -2299.99771     0.5002174998437E-01
    42 -1151.975822925      1148.14700     -2300.12282     0.4875487237644E-01
    43 -1151.974715628      1148.25018     -2300.22490     0.4773581358052E-01
    44 -1151.977923701      1148.29590     -2300.27382     0.4702694764316E-01
    45 -1151.976808195      1148.31449     -2300.29130     0.4649071023838E-01
    46 -1151.971931223      1148.31154     -2300.28347     0.4601063546031E-01
    47 -1151.971160978      1148.27163     -2300.24279     0.4563375549676E-01
    48 -1151.974398826      1148.22479     -2300.19918     0.4535984875457E-01
    49 -1151.976864004      1148.22011     -2300.19698     0.4506552407184E-01
    50 -1151.976178517      1148.27339     -2300.24957     0.4467738387497E-01
    51 -1151.973992349      1148.34813     -2300.32212     0.4426646022289E-01
    52 -1151.976708810      1148.37808     -2300.35479     0.4399024501851E-01
    53 -1151.981464948      1148.35357     -2300.33503     0.4384251469750E-01
    54 -1151.979861675      1148.31087     -2300.29073     0.4371510850064E-01
    55 -1151.975453442      1148.24751     -2300.22296     0.4362942737090E-01
    56 -1151.975659883      1148.15498     -2300.13064     0.4368328905677E-01
    57 -1151.978338608      1148.07450     -2300.05284     0.4382134395649E-01
    58 -1151.979019782      1148.05056     -2300.02958     0.4385939104691E-01
    59 -1151.975757285      1148.08833     -2300.06408     0.4370050740594E-01
    60 -1151.971758686      1148.13745     -2300.10920     0.4346330881369E-01
    61 -1151.973692928      1148.13236     -2300.10605     0.4332940913184E-01
    62 -1151.975665752      1148.08257     -2300.05824     0.4331034271661E-01
    63 -1151.970987745      1148.02213     -2299.99312     0.4334031035332E-01
    64 -1151.966335527      1147.93939     -2299.90572     0.4342285722621E-01
    65 -1151.967538200      1147.83709     -2299.80463     0.4355520872394E-01
    66 -1151.970379485      1147.76607     -2299.73645     0.4358512310285E-01
    67 -1151.970444181      1147.76241     -2299.73285     0.4337329341760E-01
    68 -1151.966628022      1147.81504     -2299.78167     0.4296783497236E-01
    69 -1151.965359598      1147.85480     -2299.82016     0.4261642261581E-01
    70 -1151.970924918      1147.83185     -2299.80278     0.4249360989474E-01
    71 -1151.973074129      1147.78392     -2299.75699     0.4248527988102E-01
    72 -1151.969041693      1147.73347     -2299.70251     0.4240850347337E-01
    73 -1151.967839701      1147.66161     -2299.62944     0.4223983475462E-01
    74 -1151.971972799      1147.58509     -2299.55706     0.4197790623909E-01
    75 -1151.975731396      1147.55626     -2299.53199     0.4160971198265E-01
    76 -1151.975379343      1147.59973     -2299.57510     0.4118673521929E-01
    77 -1151.972085460      1147.68294     -2299.65502     0.4094035054290E-01
    78 -1151.974115343      1147.72995     -2299.70406     0.4113913203171E-01
    79 -1151.980469968      1147.72209     -2299.70256     0.4181094057671E-01
    80 -1151.980710984      1147.70646     -2299.68717     0.4281248424261E-01
    81 -1151.976639745      1147.68867     -2299.66531     0.4418039923134E-01
    82 -1151.977529924      1147.64772     -2299.62525     0.4609641775652E-01
    83 -1151.982940841      1147.61295     -2299.59589     0.4856579204061E-01
    84 -1151.987466351      1147.63461     -2299.62208     0.5142665990672E-01
    85 -1151.988396529      1147.72723     -2299.71563     0.5446505986029E-01
    86 -1151.987127375      1147.84996     -2299.83709     0.5761737161598E-01
    87 -1151.991418605      1147.92570     -2299.91712     0.6100329892898E-01
    88 -1151.999325604      1147.93747     -2299.93679     0.6451484134179E-01
    89 -1152.000889618      1147.92918     -2299.93007     0.6801273805276E-01
    90 -1151.999688676      1147.90173     -2299.90141     0.7152308815257E-01
    91 -1152.003510965      1147.84810     -2299.85161     0.7510520430603E-01
    92 -1152.009702414      1147.81381     -2299.82351     0.7867877931720E-01
    93 -1152.014760038      1147.84200     -2299.85676     0.8205980887334E-01
    94 -1152.017049718      1147.93792     -2299.95497     0.8496801360736E-01
    95 -1152.016951357      1148.05927     -2300.07622     0.8743113864550E-01
    96 -1152.021044550      1148.12797     -2300.14901     0.8968860451097E-01
    97 -1152.027618202      1148.12033     -2300.14795     0.9174465337846E-01
    98 -1152.027631558      1148.07517     -2300.10280     0.9348501831903E-01
    99 -1152.025869182      1147.99876     -2300.02463     0.9503183758287E-01
   100 -1152.027089808      1147.91133     -2299.93842     0.9659232367444E-01
   101 -1152.029027408      1147.86328     -2299.89231     0.9823591128387E-01
   102 -1152.031259402      1147.88108     -2299.91234     0.9980455771066E-01
   103 -1152.032515218      1147.95939     -2299.99191     0.1010571813208
   104 -1152.031355266      1148.05595     -2300.08730     0.1019705966731
   105 -1152.032821469      1148.09292     -2300.12574     0.1027612930955
   106 -1152.036743559      1148.03790     -2300.07464     0.1036043380919
   107 -1152.036805795      1147.92427     -2299.96108     0.1044999484569
   108 -1152.036603768      1147.77744     -2299.81405     0.1055301539047
   109 -1152.037452835      1147.64645     -2299.68391     0.1067735938916
   110 -1152.039328467      1147.57475     -2299.61408     0.1082154477393
   111 -1152.043161610      1147.57560     -2299.61877     0.1096440446537
   112 -1152.046308100      1147.63946     -2299.68577     0.1107712787062
   113 -1152.045955745      1147.72344     -2299.76940     0.1116109942884
   114 -1152.047370978      1147.74747     -2299.79484     0.1124574324444
   115 -1152.051012424      1147.68047     -2299.73149     0.1134936764635
   116 -1152.051819186      1147.56193     -2299.61375     0.1146005902326
   117 -1152.051054167      1147.43873     -2299.48979     0.1156346744599
   118 -1152.049599877      1147.36398     -2299.41358     0.1165296234136
   119 -1152.049771414      1147.36393     -2299.41370     0.1172406223715
   120 -1152.052177208      1147.43851     -2299.49069     0.1176153225090
   121 -1152.052821274      1147.56919     -2299.62201     0.1175978899121
   122 -1152.049804480      1147.70227     -2299.75208     0.1173936434356
   123 -1152.049840090      1147.75422     -2299.80406     0.1172902110779
   124 -1152.051297128      1147.71279     -2299.76409     0.1173109676708
   125 -1152.049851470      1147.62787     -2299.67772     0.1172439021621
   126 -1152.046729427      1147.55237     -2299.59909     0.1170251365596
   127 -1152.043812213      1147.53030     -2299.57411     0.1167245024210
   128 -1152.043675627      1147.57652     -2299.62020     0.1163664407921
   129 -1152.045674257      1147.68566     -2299.73133     0.1158440675901
   130 -1152.044998304      1147.83685     -2299.88185     0.1150845031737
   131 -1152.041078518      1147.97136     -2300.01244     0.1142106094066
   132 -1152.040949634      1148.01115     -2300.05210     0.1134378038799
   133 -1152.041805677      1147.96034     -2300.00215     0.1127888527878
   134 -1152.040506601      1147.87246     -2299.91297     0.1121518503821
   135 -1152.038094694      1147.80012     -2299.83822     0.1115090993855
   136 -1152.036377065      1147.78149     -2299.81787     0.1109461283003
   137 -1152.037626403      1147.82614     -2299.86377     0.1104048941105
   138 -1152.040711301      1147.92709     -2299.96780     0.1097079818383
   139 -1152.040625578      1148.06397     -2300.10459     0.1087330970337
   140 -1152.037257767      1148.17738     -2300.21463     0.1075727473951
   141 -1152.038055725      1148.19013     -2300.22819     0.1064554681482
   142 -1152.040034664      1148.11032     -2300.15036     0.1054669289025
   143 -1152.039117585      1147.99697     -2300.03609     0.1045418463548
   144 -1152.035817932      1147.90702     -2299.94284     0.1036853751770
   145 -1152.032924213      1147.87443     -2299.90735     0.1029911360891
   146 -1152.033510436      1147.90405     -2299.93756     0.1025011998012
   147 -1152.036633324      1147.98751     -2300.02414     0.1021511165504
   148 -1152.036850152      1148.10673     -2300.14358     0.1018389555744
   149 -1152.033114316      1148.20587     -2300.23898     0.1015621552495
   150 -1152.033613586      1148.20323     -2300.23685     0.1014422351080
   151 -1152.036593126      1148.10132     -2300.13791     0.1015226657573
   152 -1152.036481992      1147.96772     -2300.00420     0.1017458458716
   153 -1152.033356334      1147.86406     -2299.89741     0.1020968661570
   154 -1152.031108270      1147.82064     -2299.85175     0.1026448899707
   155 -1152.033450766      1147.83812     -2299.87157     0.1034164725556
   156 -1152.039225167      1147.90781     -2299.94703     0.1042659982229
   157 -1152.041799582      1148.01593     -2300.05773     0.1049879621165
   158 -1152.038472269      1148.10881     -2300.14728     0.1055523722184
   159 -1152.039417488      1148.09020     -2300.12962     0.1061494289716
   160 -1152.045236634      1147.95445     -2299.99969     0.1069057609747
   161 -1152.046746550      1147.79310     -2299.83985     0.1077483098991
   162 -1152.043318577      1147.67769     -2299.72101     0.1085790194440
   163 -1152.041044063      1147.63131     -2299.67235     0.1094116541034
   164 -1152.044156833      1147.64878     -2299.69294     0.1102221121680
   165 -1152.050238481      1147.72258     -2299.77282     0.1107935812936
   166 -1152.050825810      1147.84115     -2299.89198     0.1109701253749
   167 -1152.043838400      1147.94048     -2299.98432     0.1109616959805
   168 -1152.043796191      1147.90690     -2299.95070     0.1111502177890
   169 -1152.049337683      1147.75581     -2299.80514     0.1115699397477
   170 -1152.047711078      1147.60671     -2299.65443     0.1119628502261
   171 -1152.041080856      1147.52345     -2299.56453     0.1121443527586
   172 -1152.037686370      1147.51402     -2299.55171     0.1121199288406
   173 -1152.040841461      1147.56652     -2299.60737     0.1119028580454
   174 -1152.045929258      1147.67366     -2299.71959     0.1114199761925
   175 -1152.043435814      1147.82047     -2299.86390     0.1106713290811
   176 -1152.035122841      1147.92365     -2299.95877     0.1098776283501
   177 -1152.037574322      1147.87081     -2299.90838     0.1093013287011
   178 -1152.043090638      1147.72120     -2299.76429     0.1089383259416
   179 -1152.040031516      1147.59545     -2299.63548     0.1086145602153
   180 -1152.033772348      1147.54408     -2299.57785     0.1082616557878
   181 -1152.032640203      1147.56525     -2299.59789     0.1078573604916
   182 -1152.038020802      1147.64829     -2299.68631     0.1073319010535
   183 -1152.042887373      1147.79126     -2299.83415     0.1066713243952
   184 -1152.037809954      1147.97039     -2300.00820     0.1059737206113
   185 -1152.031106958      1148.07336     -2300.10446     0.1054810375708
   186 -1152.037730340      1148.00569     -2300.04343     0.1053775572236
   187 -1152.042637552      1147.87272     -2299.91535     0.1055460901573
   188 -1152.038236159      1147.78187     -2299.82010     0.1057408206551
   189 -1152.032519527      1147.76780     -2299.80032     0.1057276614406
   190 -1152.032966849      1147.82054     -2299.85350     0.1053802947809
   191 -1152.039027782      1147.93063     -2299.96965     0.1047138306852
   192 -1152.042021890      1148.09585     -2300.13787     0.1037848957711
   193 -1152.034394762      1148.27474     -2300.30913     0.1027405718642
   194 -1152.029943248      1148.33500     -2300.36495     0.1018174157457
   195 -1152.037215135      1148.22308     -2300.26030     0.1011934755260
   196 -1152.038527775      1148.07168     -2300.11021     0.1007289712613
   197 -1152.031229466      1147.97079     -2300.00202     0.1001800667881
   198 -1152.025009634      1147.94195     -2299.96696     0.9947568924123E-01
   199 -1152.026409764      1147.97288     -2299.99929     0.9864897540550E-01
   200 -1152.033644450      1148.05553     -2300.08917     0.9773851810266E-01
   201 -1152.037185221      1148.18806     -2300.22524     0.9673262838457E-01
   202 -1152.029903556      1148.32377     -2300.35367     0.9574086986473E-01
   203 -1152.026949906      1148.32661     -2300.35356     0.9499721215712E-01
   204 -1152.035238462      1148.16004     -2300.19528     0.9458850350667E-01
   205 -1152.036101487      1147.96904     -2300.00514     0.9429797547084E-01
   206 -1152.028450107      1147.84015     -2299.86860     0.9399489745844E-01
   207 -1152.022733420      1147.78900     -2299.81173     0.9381132839247E-01
   208 -1152.025164373      1147.80111     -2299.82628     0.9393115443853E-01
   209 -1152.033790687      1147.86838     -2299.90217     0.9437541116250E-01
   210 -1152.039127759      1147.99079     -2300.02992     0.9504452933393E-01
   211 -1152.032715408      1148.13015     -2300.16286     0.9592622881044E-01
   212 -1152.028148450      1148.15343     -2300.18158     0.9706662614637E-01
   213 -1152.037309727      1147.99738     -2300.03469     0.9826925099656E-01
   214 -1152.040050144      1147.81049     -2299.85054     0.9921132214438E-01
   215 -1152.032681230      1147.68911     -2299.72179     0.9989862038617E-01
   216 -1152.026315487      1147.64899     -2299.67531     0.1005066249265
   217 -1152.028104037      1147.67248     -2299.70059     0.1012602453803
   218 -1152.036357669      1147.75095     -2299.78731     0.1021696007147
   219 -1152.041944680      1147.88583     -2299.92777     0.1031001751855
   220 -1152.036306119      1148.04349     -2300.07979     0.1039346793068
   221 -1152.030018334      1148.10042     -2300.13044     0.1045462754115
   222 -1152.038433719      1147.97083     -2300.00927     0.1047168196072
   223 -1152.042861064      1147.79120     -2299.83406     0.1042809838323
   224 -1152.035576124      1147.67071     -2299.70629     0.1033387543417
   225 -1152.028248224      1147.62917     -2299.65742     0.1023000359986
   226 -1152.029230486      1147.64790     -2299.67713     0.1015857021902
   227 -1152.036698511      1147.72150     -2299.75820     0.1013009736434
   228 -1152.042028630      1147.85193     -2299.89396     0.1012230584180
   229 -1152.038312279      1148.00293     -2300.04125     0.1010467402264
   230 -1152.031970196      1148.07004     -2300.10201     0.1005201353945
   231 -1152.037616143      1147.96743     -2300.00505     0.9947300738448E-01
   232 -1152.041951941      1147.80261     -2299.84457     0.9803545723276E-01
   233 -1152.034396898      1147.69991     -2299.73431     0.9644347535913E-01
   234 -1152.026356818      1147.67799     -2299.70434     0.9502645498016E-01
   235 -1152.026058919      1147.72070     -2299.74676     0.9404676937239E-01
   236 -1152.031028871      1147.82401     -2299.85504     0.9347538626063E-01
   237 -1152.033606352      1147.98211     -2300.01572     0.9302805512091E-01
   238 -1152.029105160      1148.14883     -2300.17794     0.9245334579573E-01
   239 -1152.020929919      1148.23328     -2300.25421     0.9158107301385E-01
   240 -1152.023848147      1148.15260     -2300.17644     0.9027958307483E-01
   241 -1152.026326267      1148.00620     -2300.03252     0.8870388405826E-01
   242 -1152.017491926      1147.91782     -2299.93531     0.8696661298167E-01
   243 -1152.009244922      1147.90127     -2299.91052     0.8524764806894E-01
   244 -1152.008863012      1147.94124     -2299.95010     0.8376262495018E-01
   245 -1152.013043217      1148.03153     -2300.04458     0.8250802420463E-01
   246 -1152.015387257      1148.15770     -2300.17309     0.8131240891509E-01
   247 -1152.011792617      1148.27116     -2300.28295     0.8014199010753E-01
   248 -1152.004965368      1148.29116     -2300.29613     0.7891717818015E-01
   249 -1152.011373916      1148.14417     -2300.15554     0.7742740097373E-01
   250 -1152.014298955      1147.96162     -2299.97592     0.7578815968956E-01
   251 -1152.006435915      1147.84483     -2299.85127     0.7404450004370E-01
   252 -1152.000463294      1147.80324     -2299.80370     0.7243546496509E-01
   253 -1152.001523615      1147.82345     -2299.82497     0.7111559619843E-01
   254 -1152.005821065      1147.89800     -2299.90382     0.7009497191197E-01
   255 -1152.008493850      1148.00518     -2300.01368     0.6933999551454E-01
   256 -1152.004773905      1148.10321     -2300.10798     0.6885593850923E-01
   257 -1151.997423521      1148.11921     -2300.11663     0.6835755797230E-01
   258 -1152.003660521      1147.98153     -2299.98519     0.6744954898058E-01
   259 -1152.004466400      1147.82805     -2299.83251     0.6628502191105E-01
   260 -1151.995510721      1147.74461     -2299.74012     0.6511756364771E-01
   261 -1151.988935468      1147.73384     -2299.72278     0.6421761708201E-01
   262 -1151.988723832      1147.78085     -2299.76957     0.6369534247984E-01
   263 -1151.991960002      1147.87314     -2299.86510     0.6354219082376E-01
   264 -1151.996066278      1147.98516     -2299.98123     0.6373469651828E-01
   265 -1151.994949307      1148.09112     -2300.08607     0.6419601742112E-01
   266 -1151.985997471      1148.14417     -2300.13017     0.6450503029876E-01
   267 -1151.990143047      1148.04886     -2300.03900     0.6419315867449E-01
   268 -1151.994065259      1147.90734     -2299.90140     0.6352070552895E-01
   269 -1151.987936416      1147.81975     -2299.80769     0.6289346661032E-01
   270 -1151.981879399      1147.80194     -2299.78382     0.6260573448882E-01
   271 -1151.980893961      1147.83944     -2299.82034     0.6270132464136E-01
   272 -1151.984267751      1147.91289     -2299.89716     0.6311640051299E-01
   273 -1151.991815304      1147.99606     -2299.98788     0.6382305428990E-01
   274 -1151.996362113      1148.08564     -2300.08200     0.6474876527203E-01
   275 -1151.986973931      1148.17693     -2300.16391     0.6559469103488E-01
   276 -1151.986429179      1148.14546     -2300.13189     0.6589765569251E-01
   277 -1151.997469836      1147.99875     -2299.99622     0.6568731097314E-01
   278 -1151.997544048      1147.89353     -2299.89108     0.6552099081974E-01
   279 -1151.992197199      1147.86094     -2299.85314     0.6560964297746E-01
   280 -1151.988877234      1147.89055     -2299.87943     0.6596695683676E-01
   281 -1151.990603764      1147.95099     -2299.94160     0.6657799074205E-01
   282 -1152.000194908      1148.01014     -2300.01034     0.6747208361100E-01
   283 -1152.010408059      1148.08284     -2300.09324     0.6860308747061E-01
   284 -1152.004705077      1148.20468     -2300.20939     0.6976497474177E-01
   285 -1151.995601213      1148.27143     -2300.26704     0.7053111036418E-01
   286 -1152.008322757      1148.16737     -2300.17569     0.7066349799072E-01
   287 -1152.013525216      1148.06014     -2300.07367     0.7063666709400E-01
   288 -1152.006870117      1148.02582     -2300.03269     0.7078770392023E-01
   289 -1151.998399078      1148.05661     -2300.05501     0.7121122560380E-01
   290 -1151.996398817      1148.10256     -2300.09896     0.7194163202640E-01
   291 -1152.005875990      1148.12883     -2300.13470     0.7300862086404E-01
   292 -1152.018334191      1148.17072     -2300.18906     0.7434244586595E-01
   293 -1152.016504802      1148.28546     -2300.30197     0.7584745539229E-01
   294 -1152.001529829      1148.40211     -2300.40364     0.7717402023756E-01
   295 -1152.011878376      1148.32473     -2300.33661     0.7788772385941E-01
   296 -1152.022914958      1148.18119     -2300.20411     0.7822959557665E-01
   297 -1152.016385363      1148.10663     -2300.12301     0.7865483025028E-01
   298 -1152.004835092      1148.09510     -2300.09993     0.7924208606234E-01
   299 -1152.002631331      1148.07859     -2300.08122     0.8012329350890E-01
   300 -1152.013640084      1148.03909     -2300.05273     0.8134206277226E-01
   301 -1152.027255950      1148.03543     -2300.06269     0.8279444110860E-01
   302 -1152.028433440      1148.12636     -2300.15480     0.8447005669866E-01
   303 -1152.011940893      1148.25909     -2300.27103     0.8616667583835E-01
   304 -1152.020612683      1148.20059     -2300.22121     0.8717902460755E-01
   305 -1152.035561053      1148.03562     -2300.07118     0.8731401540072E-01
   306 -1152.027223003      1147.94526     -2299.97248     0.8727346889834E-01
   307 -1152.012343647      1147.91191     -2299.92425     0.8731636450986E-01
   308 -1152.009482376      1147.86342     -2299.87290     0.8754418564163E-01
   309 -1152.018325829      1147.81229     -2299.83062     0.8797088863990E-01
   310 -1152.029478039      1147.81936     -2299.84883     0.8856262482422E-01
   311 -1152.031063402      1147.93213     -2299.96320     0.8939584035029E-01
   312 -1152.012173461      1148.11262     -2300.12480     0.9022423769530E-01
   313 -1152.016335496      1148.10607     -2300.12240     0.9008465189613E-01
   314 -1152.033435285      1147.94241     -2299.97585     0.8893049767942E-01
   315 -1152.023564916      1147.84616     -2299.86972     0.8764565802358E-01
   316 -1152.007692721      1147.79007     -2299.79776     0.8659712404466E-01
   317 -1152.004309618      1147.72227     -2299.72658     0.8580099179980E-01
   318 -1152.010574064      1147.67762     -2299.68820     0.8513968157173E-01
   319 -1152.021041631      1147.69933     -2299.72037     0.8450340016875E-01
   320 -1152.025559429      1147.82502     -2299.85058     0.8392271839516E-01
   321 -1152.006835502      1148.03888     -2300.04571     0.8318546292369E-01
   322 -1152.005332964      1148.08224     -2300.08757     0.8149468482500E-01
   323 -1152.025104842      1147.91273     -2299.93783     0.7919192935571E-01
   324 -1152.016919659      1147.79803     -2299.81495     0.7729609665897E-01
   325 -1152.001725618      1147.71790     -2299.71963     0.7580074517806E-01
   326 -1151.995707602      1147.65382     -2299.64952     0.7460844835930E-01
   327 -1151.998636002      1147.63103     -2299.62967     0.7344252340026E-01
   328 -1152.009150039      1147.67324     -2299.68239     0.7220701820582E-01
   329 -1152.018525308      1147.81157     -2299.83009     0.7099143193734E-01
   330 -1152.003578405      1148.06282     -2300.06640     0.6981426798051E-01
   331 -1151.990461489      1148.20118     -2300.19164     0.6809027410528E-01
   332 -1152.012938369      1148.04813     -2300.06106     0.6585188024020E-01
   333 -1152.010407130      1147.91230     -2299.92271     0.6438916952131E-01
   334 -1151.994952240      1147.81377     -2299.80872     0.6340343700978E-01
   335 -1151.984189538      1147.76549     -2299.74968     0.6273930932451E-01
   336 -1151.983634456      1147.76802     -2299.75165     0.6208092925815E-01
   337 -1151.994508655      1147.82606     -2299.82057     0.6138325639556E-01
   338 -1152.009958813      1147.96396     -2299.97392     0.6081640380667E-01
   339 -1152.005582076      1148.22459     -2300.23017     0.6062071415133E-01
   340 -1151.978976560      1148.47363     -2300.45260     0.6050722539715E-01
   341 -1152.001906843      1148.35525     -2300.35715     0.5989785572573E-01
   342 -1152.011637561      1148.15908     -2300.17072     0.5950287627151E-01
   343 -1151.996293980      1148.00715     -2300.00344     0.5951311359112E-01
   344 -1151.980429047      1147.95122     -2299.93165     0.5974148367647E-01
   345 -1151.976566515      1147.95427     -2299.93084     0.5979910051078E-01
   346 -1151.986600343      1148.00502     -2299.99163     0.5963094257062E-01
   347 -1152.004667411      1148.11411     -2300.11878     0.5940548938553E-01
   348 -1152.012686550      1148.33013     -2300.34281     0.5959305650435E-01
   349 -1151.982655162      1148.62484     -2300.60750     0.6042689493200E-01
   350 -1151.986174396      1148.59779     -2300.58396     0.6085311665710E-01
   351 -1152.014422359      1148.28703     -2300.30145     0.6064186592546E-01
   352 -1152.003973286      1148.08317     -2300.08714     0.6076298133846E-01
   353 -1151.984278838      1147.98056     -2299.96484     0.6108841712328E-01
   354 -1151.975193837      1147.94539     -2299.92058     0.6115796697261E-01
   355 -1151.980449898      1147.95775     -2299.93820     0.6085705215423E-01
   356 -1151.995759797      1148.01514     -2300.01090     0.6036045872483E-01
   357 -1152.012318229      1148.14550     -2300.15782     0.6002801499962E-01
   358 -1152.001737543      1148.37492     -2300.37666     0.6037858456529E-01
   359 -1151.970378594      1148.52828     -2300.49866     0.6092100045001E-01
   360 -1152.007687478      1148.22087     -2300.22856     0.6058961452370E-01
   361 -1152.012071633      1147.92694     -2299.93901     0.6028781389083E-01
   362 -1151.991666227      1147.77802     -2299.76969     0.6038648901368E-01
   363 -1151.977635469      1147.72095     -2299.69859     0.6049028452117E-01
   364 -1151.977200811      1147.72087     -2299.69807     0.6033875362303E-01
   365 -1151.988196205      1147.76517     -2299.75337     0.6000783890526E-01
   366 -1152.005908369      1147.85572     -2299.86163     0.5969638215874E-01
   367 -1152.014249282      1148.02596     -2300.04020     0.5985791618550E-01
   368 -1151.981269646      1148.27809     -2300.25936     0.6057983066639E-01
   369 -1151.987222258      1148.20176     -2300.18898     0.6075221844400E-01
   370 -1152.016497241      1147.88530     -2299.90180     0.6038216850933E-01
   371 -1152.003564769      1147.71624     -2299.71981     0.6049150165893E-01
   372 -1151.984187603      1147.66330     -2299.64749     0.6091670782919E-01
   373 -1151.975565304      1147.67425     -2299.64982     0.6121746429375E-01
   374 -1151.979424011      1147.72019     -2299.69961     0.6127032287546E-01
   375 -1151.994351595      1147.78447     -2299.77882     0.6114567940827E-01
   376 -1152.015007759      1147.89498     -2299.90998     0.6114265318777E-01
   377 -1152.011714886      1148.12424     -2300.13595     0.6166514100649E-01
   378 -1151.969441339      1148.38527     -2300.35471     0.6236156983467E-01
   379 -1152.006550493      1148.16953     -2300.17608     0.6205171501252E-01
   380 -1152.017964023      1147.92758     -2299.94554     0.6174611912087E-01
   381 -1151.997819526      1147.84423     -2299.84205     0.6202981080591E-01
   382 -1151.981020020      1147.84857     -2299.82959     0.6244862161341E-01
   383 -1151.976454608      1147.88646     -2299.86291     0.6266436771515E-01
   384 -1151.985456621      1147.93161     -2299.91707     0.6263544114186E-01
   385 -1152.004797707      1147.99032     -2299.99512     0.6249693711675E-01
   386 -1152.022512687      1148.13294     -2300.15545     0.6263641456962E-01
   387 -1151.997323932      1148.43065     -2300.42798     0.6333097710651E-01
   388 -1151.974010206      1148.56464     -2300.53865     0.6358470990662E-01
   389 -1152.019902393      1148.25438     -2300.27428     0.6273110368663E-01
   390 -1152.022334341      1148.20563     -2300.22797     0.6251447804552E-01
   391 -1151.982519242      1148.08638     -2300.06890     0.6195996714127E-01
   392 -1151.960295402      1148.03836     -2299.99866     0.6206467402687E-01
   393 -1151.968114592      1147.94789     -2299.91601     0.6200233008355E-01
   394 -1151.982375722      1147.88939     -2299.87177     0.6171458026981E-01
   395 -1152.002164592      1147.92101     -2299.92317     0.6133264245738E-01
   396 -1152.016057975      1148.05120     -2300.06726     0.6132334824450E-01
   397 -1151.992056761      1148.38864     -2300.38070     0.6182236745041E-01
   398 -1151.977606782      1148.52947     -2300.50707     0.6168450962074E-01
   399 -1152.016195984      1148.26462     -2300.28082     0.6054535392511E-01
   400 -1152.012712362      1148.09370     -2300.10641     0.6011320800449E-01
   401 -1151.992941979      1147.91256     -2299.90551     0.6011344342066E-01
   402 -1151.975714904      1147.80726     -2299.78297     0.6026475466860E-01
   403 -1151.970290398      1147.76566     -2299.73595     0.6018675075699E-01
   404 -1151.981099179      1147.78167     -2299.76277     0.5985338458890E-01
   405 -1152.004534889      1147.86578     -2299.87032     0.5940883223097E-01
   406 -1152.020776874      1148.06234     -2300.08311     0.5934771522954E-01
   407 -1151.986566207      1148.43717     -2300.42373     0.5990707208411E-01
   408 -1151.971691986      1148.52132     -2300.49301     0.5994907082742E-01
   409 -1152.018647368      1148.12726     -2300.14591     0.5912566522418E-01
   410 -1152.018642652      1147.97945     -2299.99810     0.5894628023503E-01
   411 -1151.992117909      1147.77971     -2299.77183     0.5904956714820E-01
   412 -1151.969571270      1147.71090     -2299.68047     0.5930655233894E-01
   413 -1151.966984094      1147.70699     -2299.67397     0.5927487974709E-01
   414 -1151.981346712      1147.75890     -2299.74025     0.5892228481169E-01
   415 -1152.003357447      1147.89615     -2299.89951     0.5840926504807E-01
   416 -1152.014901707      1148.11223     -2300.12713     0.5827446409115E-01
   417 -1151.989552578      1148.44464     -2300.43419     0.5886284239696E-01
   418 -1151.971077796      1148.52117     -2300.49225     0.5926537051107E-01
   419 -1152.017261470      1148.12840     -2300.14566     0.5868692373121E-01
   420 -1152.018038156      1147.99552     -2300.01356     0.5845769540537E-01
   421 -1151.992387850      1147.83938     -2299.83177     0.5850259713482E-01
   422 -1151.971929050      1147.80705     -2299.77898     0.5877597503232E-01
   423 -1151.966693226      1147.83131     -2299.79800     0.5875071020521E-01
   424 -1151.976102790      1147.87881     -2299.85491     0.5841405460284E-01
   425 -1151.996961818      1147.95787     -2299.95483     0.5790988339213E-01
   426 -1152.017016367      1148.07782     -2300.09484     0.5773693159201E-01
   427 -1152.000627860      1148.36577     -2300.36640     0.5828969004819E-01
   428 -1151.959896392      1148.56712     -2300.52702     0.5873923074505E-01
   429 -1152.013529614      1148.21417     -2300.22770     0.5789759055107E-01
   430 -1152.010581331      1147.97485     -2299.98543     0.5741946088100E-01
   431 -1151.985262219      1147.89185     -2299.87711     0.5755603454541E-01
   432 -1151.968726186      1147.88321     -2299.85194     0.5770594948901E-01
   433 -1151.966353595      1147.90168     -2299.86803     0.5755806677818E-01
   434 -1151.979069601      1147.91946     -2299.89853     0.5721467553451E-01
   435 -1152.002440223      1147.97180     -2299.97424     0.5677932437945E-01
   436 -1152.018525228      1148.11542     -2300.13394     0.5676042600801E-01
   437 -1151.983518312      1148.45008     -2300.43360     0.5741753025486E-01
   438 -1151.969899063      1148.52025     -2300.49015     0.5745555302971E-01
   439 -1152.017748444      1148.15998     -2300.17773     0.5650383286918E-01
   440 -1152.014832465      1148.04700     -2300.06183     0.5624694813762E-01
   441 -1151.989806946      1147.94367     -2299.93348     0.5629865101240E-01
   442 -1151.969870741      1147.90448     -2299.87435     0.5657246298946E-01
   443 -1151.964761447      1147.88045     -2299.84521     0.5661880008682E-01
   444 -1151.974595752      1147.87655     -2299.85114     0.5635933186815E-01
   445 -1151.995803607      1147.91196     -2299.90777     0.5592140019139E-01
   446 -1152.015718639      1148.02949     -2300.04521     0.5575881722755E-01
   447 -1151.997396577      1148.34124     -2300.33864     0.5627218730227E-01
   448 -1151.957992923      1148.56612     -2300.52411     0.5660621292279E-01
   449 -1152.012939162      1148.23228     -2300.24522     0.5570172955998E-01
   450 -1152.008331747      1148.00514     -2300.01347     0.5527767207275E-01
   451 -1151.982371082      1147.90476     -2299.88713     0.5555790935272E-01
   452 -1151.966362382      1147.85472     -2299.82109     0.5589756409647E-01
   453 -1151.964957951      1147.83390     -2299.79886     0.5592110492234E-01
   454 -1151.978147589      1147.86123     -2299.83938     0.5561137443407E-01
   455 -1152.001845767      1147.93897     -2299.94082     0.5520953432884E-01
   456 -1152.017481331      1148.11086     -2300.12834     0.5525962842206E-01
   457 -1151.979675229      1148.46731     -2300.44699     0.5600043646608E-01
   458 -1151.971240185      1148.51142     -2300.48266     0.5610041116824E-01
   459 -1152.017211947      1148.13739     -2300.15461     0.5531424604549E-01
   460 -1152.009737732      1147.98570     -2299.99544     0.5517110591759E-01
   461 -1151.985128937      1147.88369     -2299.86882     0.5547539965624E-01
   462 -1151.968140002      1147.84751     -2299.81565     0.5584470902896E-01
   463 -1151.965144347      1147.84726     -2299.81241     0.5590976391069E-01
   464 -1151.976421538      1147.87543     -2299.85185     0.5563387720924E-01
   465 -1151.998888108      1147.94639     -2299.94528     0.5522049625386E-01
   466 -1152.017198259      1148.10065     -2300.11785     0.5519403669004E-01
   467 -1151.987464520      1148.43654     -2300.42401     0.5588890106026E-01
   468 -1151.964014769      1148.55510     -2300.51911     0.5615461388920E-01
   469 -1152.016113438      1148.17728     -2300.19340     0.5532735744011E-01
   470 -1152.004484402      1147.96456     -2299.96905     0.5512040319639E-01
   471 -1151.978919758      1147.88408     -2299.86300     0.5547877094318E-01
   472 -1151.964733331      1147.86230     -2299.82703     0.5576750659855E-01
   473 -1151.965526483      1147.87035     -2299.83588     0.5569837696347E-01
   474 -1151.979620443      1147.90344     -2299.88306     0.5532099020207E-01
   475 -1152.003630351      1147.98222     -2299.98585     0.5489046247765E-01
   476 -1152.017004112      1148.15915     -2300.17615     0.5496753028542E-01
   477 -1151.973797067      1148.51144     -2300.48524     0.5569988822432E-01
   478 -1151.977101957      1148.48903     -2300.46613     0.5560344848858E-01
   479 -1152.017086483      1148.13060     -2300.14769     0.5475674452200E-01
   480 -1152.002315544      1147.96559     -2299.96791     0.5460379694792E-01
   481 -1151.978038296      1147.89618     -2299.87422     0.5490136598411E-01
   482 -1151.964810295      1147.87543     -2299.84024     0.5510922125010E-01
   483 -1151.966028516      1147.87838     -2299.84441     0.5498005808141E-01
   484 -1151.980537806      1147.90418     -2299.88472     0.5454368062264E-01
   485 -1151.998819641      1147.95523     -2299.95405     0.5417521333312E-01
   486 -1152.016282899      1148.14753     -2300.16381     0.5416016645355E-01
   487 -1151.979127156      1148.46965     -2300.44878     0.5478426941280E-01
   488 -1151.973122722      1148.50106     -2300.47419     0.5473775500206E-01
   489 -1152.015994456      1148.14896     -2300.16495     0.5383466685614E-01
   490 -1152.003991725      1147.97955     -2299.98354     0.5359386244186E-01
   491 -1151.979045479      1147.90022     -2299.87927     0.5384567781792E-01
   492 -1151.964367915      1147.87085     -2299.83521     0.5406270264508E-01
   493 -1151.964150016      1147.86604     -2299.83019     0.5394582654502E-01
   494 -1151.977281238      1147.88545     -2299.86273     0.5349380883810E-01
   495 -1152.000671870      1147.95350     -2299.95417     0.5294961211044E-01
   496 -1152.015320584      1148.12705     -2300.14237     0.5287693216226E-01
   497 -1151.974635766      1148.48413     -2300.45877     0.5347912608120E-01
   498 -1151.971919805      1148.50269     -2300.47461     0.5333061896126E-01
   499 -1152.014862535      1148.14179     -2300.15665     0.5238803364915E-01
   500 -1152.002959349      1147.98050     -2299.98346     0.5216947873892E-01
   501 -1151.978376138      1147.89569     -2299.87406     0.5241596546154E-01
   502 -1151.963575390      1147.86253     -2299.82610     0.5263899679701E-01
   503 -1151.962935595      1147.85853     -2299.82146     0.5250923063509E-01
   504 -1151.975994365      1147.88489     -2299.86088     0.5208856659464E-01
   505 -1151.989888494      1147.92405     -2299.91394     0.5177435381588E-01
   506 -1152.014286551      1148.13360     -2300.14788     0.5161968554608E-01
   507 -1151.987716064      1148.41817     -2300.40589     0.5217462305301E-01
   508 -1151.962405255      1148.55329     -2300.51569     0.5242642770268E-01
   509 -1152.011761778      1148.20502     -2300.21678     0.5162713840675E-01
   510 -1152.003841863      1147.98610     -2299.98994     0.5137033755496E-01
   511 -1151.977720841      1147.89286     -2299.87058     0.5173714510251E-01
   512 -1151.961877502      1147.86321     -2299.82509     0.5208459242778E-01
   513 -1151.960979612      1147.86617     -2299.82715     0.5204186463965E-01
   514 -1151.973524045      1147.89562     -2299.86914     0.5162658216575E-01
   515 -1151.996910777      1147.96888     -2299.96579     0.5108122564088E-01
   516 -1152.013715246      1148.12916     -2300.14288     0.5098784969844E-01
   517 -1151.978599756      1148.47639     -2300.45499     0.5163785943447E-01
   518 -1151.964020328      1148.54784     -2300.51186     0.5172133750752E-01
   519 -1152.012951829      1148.16944     -2300.18239     0.5082853371808E-01
   520 -1152.010157453      1148.05064     -2300.06080     0.5062552644925E-01
   521 -1151.985091150      1147.93035     -2299.91544     0.5077654686119E-01
   522 -1151.964860240      1147.88962     -2299.85449     0.5114534718455E-01
   523 -1151.958900921      1147.88161     -2299.84051     0.5119279487691E-01
   524 -1151.968082872      1147.89631     -2299.86439     0.5083928887537E-01
   525 -1151.989419304      1147.94594     -2299.93536     0.5025157511483E-01
   526 -1152.010243327      1148.06211     -2300.07235     0.4996356366437E-01
   527 -1151.994858765      1148.36623     -2300.36109     0.5040246935181E-01
   528 -1151.950408454      1148.60740     -2300.55780     0.5081089727777E-01
   529 -1152.006721628      1148.26363     -2300.27035     0.4992114045068E-01
   530 -1152.004430026      1148.01908     -2300.02351     0.4947476025816E-01
   531 -1151.977825619      1147.91986     -2299.89768     0.4976557654748E-01
   532 -1151.960552587      1147.88430     -2299.84485     0.5010085970231E-01
   533 -1151.958292539      1147.87749     -2299.83579     0.5005032144479E-01
   534 -1151.971478562      1147.90066     -2299.87214     0.4965216573467E-01
   535 -1151.995450359      1147.96925     -2299.96470     0.4912368318218E-01
   536 -1152.011978047      1148.12708     -2300.13906     0.4905922574899E-01
   537 -1151.975951246      1148.48015     -2300.45610     0.4974692707995E-01
   538 -1151.962709271      1148.54890     -2300.51161     0.4984841283623E-01
   539 -1152.011396952      1148.17266     -2300.18406     0.4899812587689E-01
   540 -1152.007513771      1148.04552     -2300.05304     0.4883293333847E-01
   541 -1151.982536463      1147.92825     -2299.91078     0.4909260993854E-01
   542 -1151.963060102      1147.88454     -2299.84761     0.4953075807849E-01
   543 -1151.957711371      1147.87457     -2299.83229     0.4962603333719E-01
   544 -1151.967244724      1147.89103     -2299.85828     0.4928222942336E-01
   545 -1151.988815455      1147.94569     -2299.93450     0.4870267980551E-01
   546 -1152.009486727      1148.07152     -2300.08101     0.4843929804071E-01
   547 -1151.991187133      1148.38532     -2300.37651     0.4893272644034E-01
   548 -1151.949782647      1148.60701     -2300.55679     0.4933583828216E-01
   549 -1152.006623748      1148.24942     -2300.25604     0.4847626347346E-01
   550 -1152.002100786      1148.00873     -2300.01083     0.4813315888322E-01
   551 -1151.975576798      1147.91140     -2299.88698     0.4851536323808E-01
   552 -1151.958936044      1147.87794     -2299.83687     0.4890071488607E-01
   553 -1151.957333330      1147.87532     -2299.83266     0.4886615905984E-01
   554 -1151.969245924      1147.89781     -2299.86705     0.4841495257691E-01
   555 -1151.992385709      1147.96372     -2299.95611     0.4779091437795E-01
   556 -1152.010416687      1148.11433     -2300.12474     0.4759826742320E-01
   557 -1151.979249366      1148.45817     -2300.43742     0.4817589134923E-01
   558 -1151.956879076      1148.57378     -2300.53066     0.4832310529190E-01
   559 -1152.009218435      1148.19499     -2300.20421     0.4740405413337E-01
   560 -1151.996643330      1147.98622     -2299.98286     0.4721134449272E-01
   561 -1151.970891202      1147.90562     -2299.87651     0.4762540599229E-01
   562 -1151.956788587      1147.87957     -2299.83636     0.4793360379562E-01
   563 -1151.957781460      1147.88226     -2299.84004     0.4778791559635E-01
   564 -1151.972160866      1147.91158     -2299.88374     0.4723432752141E-01
   565 -1151.996385840      1147.99119     -2299.98758     0.4659837185611E-01
   566 -1152.009220229      1148.17618     -2300.18540     0.4651684660111E-01
   567 -1151.963942085      1148.53928     -2300.50322     0.4715224562552E-01
   568 -1151.970514617      1148.50487     -2300.47539     0.4694090701130E-01
   569 -1152.009287192      1148.14927     -2300.15856     0.4609830599564E-01
   570 -1151.992580216      1147.97767     -2299.97025     0.4604320873696E-01
   571 -1151.968184231      1147.90749     -2299.87567     0.4647235419621E-01
   572 -1151.955736744      1147.88540     -2299.84114     0.4673617389645E-01
   573 -1151.958026190      1147.89028     -2299.84831     0.4653339301200E-01
   574 -1151.973578450      1147.92276     -2299.89634     0.4592725491808E-01
   575 -1151.992983545      1147.98490     -2299.97788     0.4541692732609E-01
   576 -1152.007614173      1148.19523     -2300.20285     0.4531757656317E-01
   577 -1151.964753776      1148.53281     -2300.49757     0.4592119583118E-01
   578 -1151.970627202      1148.50163     -2300.47226     0.4572428093016E-01
   579 -1152.008176480      1148.15347     -2300.16164     0.4488766743787E-01
   580 -1151.990240924      1147.97666     -2299.96690     0.4484915297756E-01
   581 -1151.965765059      1147.90895     -2299.87472     0.4530509636707E-01
   582 -1151.953889361      1147.88809     -2299.84198     0.4556149383051E-01
   583 -1151.957038692      1147.89378     -2299.85082     0.4532539366325E-01
   584 -1151.973408062      1147.92765     -2299.90106     0.4468351702935E-01
   585 -1151.993007143      1147.99250     -2299.98551     0.4416747956663E-01
   586 -1152.005875783      1148.21194     -2300.21781     0.4409843130031E-01
   587 -1151.960467985      1148.55121     -2300.51167     0.4470713918355E-01
   588 -1151.973175218      1148.48453     -2300.45770     0.4443012778066E-01
   589 -1152.007048433      1148.14881     -2300.15586     0.4364030806548E-01
   590 -1151.986468795      1147.96988     -2299.95635     0.4367878180355E-01
   591 -1151.962220191      1147.90709     -2299.86931     0.4419133356774E-01
   592 -1151.951661425      1147.88892     -2299.84058     0.4443684926253E-01
   593 -1151.956607644      1147.89737     -2299.85398     0.4415260820992E-01
   594 -1151.974633779      1147.93593     -2299.91056     0.4347716776859E-01
   595 -1151.994902074      1148.00996     -2300.00486     0.4297572864572E-01
   596 -1152.002779804      1148.25013     -2300.25291     0.4301774234674E-01
   597 -1151.952430858      1148.58837     -2300.54080     0.4364587906154E-01
   598 -1151.980609772      1148.43814     -2300.41875     0.4319698180313E-01
   599 -1152.005325988      1148.11674     -2300.12207     0.4247218318300E-01
   600 -1151.981406108      1147.95961     -2299.94101     0.4263923664840E-01
   601 -1151.958576126      1147.90532     -2299.86390     0.4316042888089E-01
   602 -1151.950165999      1147.89141     -2299.84157     0.4333601534350E-01
   603 -1151.957420271      1147.90418     -2299.86160     0.4296483208330E-01
   604 -1151.977421746      1147.95027     -2299.92769     0.4223718828261E-01
   605 -1151.998667364      1148.04469     -2300.04336     0.4175361588275E-01
   606 -1151.996069822      1148.31853     -2300.31460     0.4196628991206E-01
   607 -1151.942919051      1148.63093     -2300.57385     0.4254240170941E-01
   608 -1151.991272138      1148.35947     -2300.35074     0.4181938213837E-01
   609 -1152.001298804      1148.07407     -2300.07537     0.4126117234543E-01
   610 -1151.974839108      1147.94726     -2299.92210     0.4158358524730E-01
   611 -1151.954571054      1147.90383     -2299.85840     0.4209525098057E-01
   612 -1151.949245394      1147.89562     -2299.84486     0.4216421478664E-01
   613 -1151.959606780      1147.91439     -2299.87400     0.4168938883273E-01
   614 -1151.981980157      1147.97198     -2299.95396     0.4093737517130E-01
   615 -1152.002254844      1148.09699     -2300.09924     0.4056192741832E-01
   616 -1151.982849556      1148.41781     -2300.40066     0.4100212060583E-01
   617 -1151.942147780      1148.63325     -2300.57539     0.4137737352258E-01
   618 -1151.999742139      1148.26798     -2300.26772     0.4046735760454E-01
   619 -1151.994182558      1148.02943     -2300.02362     0.4017985784308E-01
   620 -1151.967511755      1147.93458     -2299.90209     0.4066901803400E-01
   621 -1151.951039062      1147.90278     -2299.85382     0.4112253958639E-01
   622 -1151.949663077      1147.90120     -2299.85086     0.4105861506244E-01
   623 -1151.961829852      1147.92434     -2299.88617     0.4047685335822E-01
   624 -1151.985181159      1147.99103     -2299.97621     0.3968318398655E-01
   625 -1152.002954185      1148.14474     -2300.14770     0.3938076921893E-01
   626 -1151.969888441      1148.49360     -2300.46349     0.3991424673965E-01
   627 -1151.949950125      1148.59545     -2300.54540     0.3999687020059E-01
   628 -1152.001815839      1148.21325     -2300.21506     0.3903367998087E-01
   629 -1151.988210345      1148.00819     -2299.99640     0.3890189553305E-01
   630 -1151.962422179      1147.92990     -2299.89233     0.3942689453511E-01
   631 -1151.948542296      1147.90485     -2299.85339     0.3978668121993E-01
   632 -1151.949807144      1147.90772     -2299.85753     0.3958594402370E-01
   633 -1151.964481605      1147.93701     -2299.90149     0.3888834665734E-01
   634 -1151.988894829      1148.01750     -2300.00639     0.3808343551910E-01
   635 -1152.001105342      1148.20710     -2300.20821     0.3790939992285E-01
   636 -1151.953833209      1148.57419     -2300.52802     0.3851221893689E-01
   637 -1151.964002522      1148.52179     -2300.48579     0.3821838543413E-01
   638 -1152.001270412      1148.17133     -2300.17260     0.3737937462164E-01
   639 -1151.982717739      1147.99566     -2299.97838     0.3742465687884E-01
   640 -1151.958239075      1147.92888     -2299.88712     0.3800726573987E-01
   641 -1151.946543513      1147.90849     -2299.85503     0.3831464877199E-01
   642 -1151.949927815      1147.91468     -2299.86461     0.3803666150140E-01
   643 -1151.966547028      1147.94941     -2299.91596     0.3728175952911E-01
   644 -1151.986515583      1148.01660     -2300.00311     0.3665766416219E-01
   645 -1151.998619634      1148.23989     -2300.23851     0.3652392632026E-01
   646 -1151.951531368      1148.58355     -2300.53508     0.3713796776176E-01
   647 -1151.967466931      1148.50018     -2300.46765     0.3681137735340E-01
   648 -1152.000037255      1148.16983     -2300.16987     0.3604775105573E-01
   649 -1151.978176389      1147.98771     -2299.96588     0.3620326713183E-01
   650 -1151.953859633      1147.92673     -2299.88059     0.3687093293327E-01
   651 -1151.943800895      1147.90989     -2299.85369     0.3716220382458E-01
   652 -1151.949573044      1147.91990     -2299.86947     0.3681316412509E-01
   653 -1151.968387722      1147.96077     -2299.92916     0.3601427841921E-01
   654 -1151.988795548      1148.03792     -2300.02672     0.3542910970534E-01
   655 -1151.994714877      1148.28795     -2300.28267     0.3545265997892E-01
   656 -1151.942608276      1148.62485     -2300.56746     0.3609303215494E-01
   657 -1151.976493387      1148.44291     -2300.41941     0.3556814338129E-01
   658 -1151.997840786      1148.12821     -2300.12605     0.3489837029077E-01
   659 -1151.972823707      1147.97736     -2299.95018     0.3521634714206E-01
   660 -1151.950430971      1147.92585     -2299.87628     0.3586725209008E-01
   661 -1151.942740890      1147.91342     -2299.85616     0.3606334829375E-01
   662 -1151.950829579      1147.92766     -2299.87849     0.3561274414367E-01
   663 -1151.971559584      1147.97632     -2299.94788     0.3475989430097E-01
   664 -1151.992892558      1148.07735     -2300.07024     0.3421015248086E-01
   665 -1151.986605613      1148.36404     -2300.35065     0.3444257343243E-01
   666 -1151.934012658      1148.66230     -2300.59631     0.3500287140696E-01
   667 -1151.987173338      1148.35789     -2300.34506     0.3419575926359E-01
   668 -1151.992931976      1148.08285     -2300.07578     0.3373598980608E-01
   669 -1151.966035582      1147.96475     -2299.93079     0.3422808946925E-01
   670 -1151.946609932      1147.92440     -2299.87101     0.3482595595594E-01
   671 -1151.942221229      1147.91779     -2299.86001     0.3488944761213E-01
   672 -1151.953467115      1147.93813     -2299.89160     0.3432472901259E-01
   673 -1151.976485834      1147.99913     -2299.97561     0.3346004519453E-01
   674 -1151.996143599      1148.13411     -2300.13026     0.3305192612924E-01
   675 -1151.971474032      1148.46898     -2300.44045     0.3354467110880E-01
   676 -1151.937141163      1148.64705     -2300.58419     0.3385315852127E-01
   677 -1151.994394755      1148.26697     -2300.26137     0.3291156239318E-01
   678 -1151.985286179      1148.04040     -2300.02569     0.3276557606436E-01
   679 -1151.958770385      1147.95241     -2299.91118     0.3341799593410E-01
   680 -1151.943294221      1147.92326     -2299.86656     0.3393547491342E-01
   681 -1151.942968985      1147.92329     -2299.86626     0.3383858833331E-01
   682 -1151.956158212      1147.94860     -2299.90476     0.3315418986206E-01
   683 -1151.980099186      1148.02022     -2300.00032     0.3226225509918E-01
   684 -1151.996242430      1148.18749     -2300.18374     0.3195203826410E-01
   685 -1151.957072112      1148.54854     -2300.50561     0.3254182502113E-01
   686 -1151.948177855      1148.59353     -2300.54171     0.3250593596392E-01
   687 -1151.995598543      1148.21330     -2300.20890     0.3156488564205E-01
   688 -1151.987192877      1148.06200     -2300.04919     0.3147804938411E-01
   689 -1151.962026807      1147.96677     -2299.92880     0.3199136805998E-01
   690 -1151.944945168      1147.93220     -2299.87715     0.3250829711908E-01
   691 -1151.941929901      1147.92787     -2299.86980     0.3248160011542E-01
   692 -1151.953237677      1147.94925     -2299.90249     0.3185269034346E-01
   693 -1151.975961890      1148.01277     -2299.98873     0.3093808774249E-01
   694 -1151.994650316      1148.16614     -2300.16080     0.3050994601221E-01
   695 -1151.963150518      1148.51187     -2300.47502     0.3101990140748E-01
   696 -1151.939608635      1148.63239     -2300.57200     0.3114615585537E-01
   697 -1151.993297214      1148.24773     -2300.24102     0.3014759901394E-01
   698 -1151.980497472      1148.03759     -2300.01809     0.3006103842727E-01
   699 -1151.954406347      1147.95715     -2299.91156     0.3072248313272E-01
   700 -1151.940091945      1147.93102     -2299.87111     0.3117833017359E-01
   701 -1151.940932772      1147.93305     -2299.87398     0.3097748866483E-01
   702 -1151.955223318      1147.96116     -2299.91639     0.3018334484619E-01
   703 -1151.979601710      1148.03928     -2300.01888     0.2922547004124E-01
   704 -1151.993104885      1148.22360     -2300.21670     0.2893655487687E-01
   705 -1151.947422026      1148.59283     -2300.54025     0.2954064334900E-01
   706 -1151.952536188      1148.56683     -2300.51936     0.2929851574825E-01
   707 -1151.992939776      1148.20288     -2300.19582     0.2839481132056E-01
   708 -1151.976430054      1148.03139     -2300.00782     0.2846888282504E-01
   709 -1151.951728395      1147.95967     -2299.91140     0.2913553551306E-01
   710 -1151.938849101      1147.93637     -2299.87522     0.2954306295036E-01
   711 -1151.940660572      1147.94008     -2299.88074     0.2928551429037E-01
   712 -1151.955818096      1147.97113     -2299.92695     0.2843304249732E-01
   713 -1151.975150886      1148.03125     -2300.00640     0.2768160053298E-01
   714 -1151.991359077      1148.23816     -2300.22952     0.2733209827117E-01
   715 -1151.949445330      1148.58024     -2300.52969     0.2792343642461E-01
   716 -1151.950454754      1148.57498     -2300.52544     0.2775959935308E-01
   717 -1151.991455704      1148.21435     -2300.20581     0.2685373182469E-01
   718 -1151.975157726      1148.03652     -2300.01168     0.2692654153466E-01
   719 -1151.950192730      1147.96382     -2299.91402     0.2762409309590E-01
   720 -1151.937171852      1147.94037     -2299.87755     0.2805465432844E-01
   721 -1151.938958473      1147.94414     -2299.88310     0.2779648022684E-01
   722 -1151.954101788      1147.97508     -2299.92918     0.2692597292156E-01
   723 -1151.972694352      1148.03163     -2300.00433     0.2618526731486E-01
   724 -1151.990069143      1148.23805     -2300.22812     0.2579482833270E-01
   725 -1151.949946434      1148.57484     -2300.52479     0.2638352172242E-01
   726 -1151.947185574      1148.58901     -2300.53619     0.2627516119551E-01
   727 -1151.989970869      1148.22559     -2300.21557     0.2535587863727E-01
   728 -1151.975196006      1148.04715     -2300.02234     0.2540234117473E-01
   729 -1151.950001014      1147.97073     -2299.92073     0.2611100614416E-01
   730 -1151.936204872      1147.94544     -2299.88165     0.2659102925495E-01
   731 -1151.937095408      1147.94774     -2299.88483     0.2637727610789E-01
   732 -1151.951393405      1147.97640     -2299.92779     0.2552347827715E-01
   733 -1151.968167469      1148.02396     -2299.99212     0.2482980107089E-01
   734 -1151.989070065      1148.22458     -2300.21365     0.2432863504715E-01
   735 -1151.955094202      1148.54408     -2300.49917     0.2488514007392E-01
   736 -1151.939515057      1148.62484     -2300.56436     0.2495678703997E-01
   737 -1151.987981925      1148.25713     -2300.24512     0.2401242258126E-01
   738 -1151.981022805      1148.09077     -2300.07179     0.2391245623111E-01
   739 -1151.955048933      1147.98950     -2299.94455     0.2454741338282E-01
   740 -1151.937284143      1147.95348     -2299.89077     0.2520383956606E-01
   741 -1151.933941530      1147.94857     -2299.88252     0.2521755544199E-01
   742 -1151.945318480      1147.96971     -2299.91503     0.2453368542708E-01
   743 -1151.968253031      1148.03256     -2300.00081     0.2351476082023E-01
   744 -1151.987461165      1148.18044     -2300.16790     0.2301398273545E-01
   745 -1151.957907597      1148.52519     -2300.48309     0.2353686291041E-01
   746 -1151.930278645      1148.66677     -2300.59705     0.2374820025771E-01
   747 -1151.986034445      1148.27892     -2300.26496     0.2273920490855E-01
   748 -1151.974196103      1148.06249     -2300.03669     0.2271052746106E-01
   749 -1151.947859445      1147.97950     -2299.92736     0.2350680049389E-01
   750 -1151.933138027      1147.95221     -2299.88534     0.2409136641239E-01
   751 -1151.933556022      1147.95340     -2299.88696     0.2392308248917E-01
   752 -1151.947436010      1147.98034     -2299.92777     0.2307654571378E-01
   753 -1151.971733048      1148.05573     -2300.02746     0.2202350675492E-01
   754 -1151.986574932      1148.23346     -2300.22004     0.2165880852350E-01
   755 -1151.943161252      1148.60254     -2300.54570     0.2228854564507E-01
   756 -1151.942251956      1148.60715     -2300.54941     0.2213896367056E-01
   757 -1151.986191020      1148.23160     -2300.21779     0.2118873816223E-01
   758 -1151.972553564      1148.06500     -2300.03756     0.2125267659621E-01
   759 -1151.947573935      1147.98570     -2299.93328     0.2199356536380E-01
   760 -1151.933126737      1147.95834     -2299.89147     0.2254198816334E-01
   761 -1151.933004577      1147.95886     -2299.89186     0.2237092991765E-01
   762 -1151.946396221      1147.98495     -2299.93134     0.2162483625091E-01
   763 -1151.963126867      1148.03074     -2299.99386     0.2091712997272E-01
   764 -1151.985506769      1148.22153     -2300.20703     0.2038292840468E-01
   765 -1151.954781314      1148.53704     -2300.49182     0.2097083691623E-01
   766 -1151.931638231      1148.65701     -2300.58865     0.2119779124645E-01
   767 -1151.983827676      1148.28418     -2300.26801     0.2027652654402E-01
   768 -1151.985315343      1148.22587     -2300.21119     0.2018683586849E-01
   769 -1151.951925687      1148.00121     -2299.95313     0.2095699909034E-01
   770 -1151.927323723      1147.95360     -2299.88092     0.2211618098500E-01
   771 -1151.922592989      1147.94690     -2299.86949     0.2232521564061E-01
   772 -1151.931534997      1147.96091     -2299.89244     0.2171387455975E-01
   773 -1151.953555458      1148.00724     -2299.96080     0.2053993810897E-01
   774 -1151.980373659      1148.13092     -2300.11129     0.1963427339819E-01
   775 -1151.975779044      1148.38430     -2300.36008     0.1981632269264E-01
   776 -1151.917481781      1148.72077     -2300.63825     0.2052161584717E-01
   777 -1151.971055673      1148.42545     -2300.39650     0.1972378224628E-01
   778 -1151.980182500      1148.13399     -2300.11417     0.1926052038066E-01
   779 -1151.953347209      1148.01008     -2299.96342     0.1997308942931E-01
   780 -1151.933282169      1147.96711     -2299.90039     0.2082932381557E-01
   781 -1151.928147868      1147.95868     -2299.88683     0.2100978606823E-01
   782 -1151.938593984      1147.97726     -2299.91585     0.2036071514188E-01
   783 -1151.961127677      1148.03461     -2299.99573     0.1928689708075E-01
   784 -1151.981849812      1148.16090     -2300.14275     0.1868949576547E-01
   785 -1151.962235666      1148.48635     -2300.44859     0.1913206429537E-01
   786 -1151.919843612      1148.70865     -2300.62849     0.1958967352904E-01
   787 -1151.979495239      1148.33367     -2300.31316     0.1861572402433E-01
   788 -1151.973658374      1148.09191     -2300.06557     0.1849086774389E-01
   789 -1151.946683316      1147.99627     -2299.94295     0.1934885014032E-01
   790 -1151.930081656      1147.96395     -2299.89403     0.2010012515971E-01
   791 -1151.928573411      1147.96190     -2299.89048     0.2008163366614E-01
   792 -1151.940594971      1147.98442     -2299.92502     0.1930887509891E-01
   793 -1151.964017437      1148.04987     -2300.01388     0.1820916388735E-01
   794 -1151.982680648      1148.20138     -2300.18406     0.1769810694371E-01
   795 -1151.951397884      1148.54554     -2300.49694     0.1896400000703E-01
   796 -1151.905202090      1148.75609     -2300.66129     0.2091278589847E-01
   797 -1151.984933081      1148.26556     -2300.25049     0.2192691668307E-01
   798 -1151.972180447      1148.02047     -2299.99265     0.2471002085731E-01
   799 -1151.942622562      1147.93687     -2299.87949     0.2914259021997E-01
   800 -1151.925411358      1147.91643     -2299.84184     0.3366368804914E-01
   801 -1151.922196991      1147.92065     -2299.84285     0.3774684293955E-01
   802 -1151.931931959      1147.93647     -2299.86840     0.4148909380286E-01
   803 -1151.954700858      1147.96781     -2299.92251     0.4532128074468E-01
   804 -1151.988763820      1148.04400     -2300.03276     0.4997884511210E-01
   805 -1152.012363997      1148.25579     -2300.26815     0.5660103146958E-01
   806 -1151.952976992      1148.71954     -2300.67252     0.6545694959015E-01
   807 -1151.975236209      1148.65121     -2300.62644     0.7312558252982E-01
   808 -1152.024672439      1148.25062     -2300.27529     0.7881680088633E-01
   809 -1152.001447225      1148.09128     -2300.09272     0.8602026019223E-01
   810 -1151.974693565      1148.05257     -2300.02726     0.9340424291699E-01
   811 -1151.960650516      1148.05456     -2300.01521     0.9999731223245E-01
   812 -1151.959366991      1148.07298     -2300.03235     0.1067295834541
   813 -1151.970154458      1148.10642     -2300.07657     0.1154179753977
   814 -1151.993106970      1148.16828     -2300.16138     0.1262124557775
   815 -1152.025969884      1148.29086     -2300.31683     0.1379934762920
   816 -1152.048289793      1148.55322     -2300.60151     0.1501156424585
   817 -1151.991330620      1149.06398     -2301.05531     0.1566988671434
   818 -1151.997762618      1149.11500     -2301.11276     0.1566510663370
   819 -1152.047974128      1148.76825     -2300.81622     0.1562169939278
   820 -1152.022304325      1148.65763     -2300.67993     0.1556301220266
   821 -1151.988629425      1148.65873     -2300.64736     0.1533041067822
   822 -1151.965790880      1148.69720     -2300.66300     0.1452343742458
   823 -1151.954456325      1148.74758     -2300.70204     0.1367208675511
   824 -1151.953595232      1148.80117     -2300.75477     0.1363185618296
   825 -1151.963036788      1148.85677     -2300.81980     0.1453713429080
   826 -1151.983125941      1148.91998     -2300.90311     0.1573791027914
   827 -1152.012096746      1149.00804     -2301.02014     0.1622408283356
   828 -1152.034756380      1149.17297     -2301.20773     0.1635608244356
   829 -1151.999026020      1149.50083     -2301.49986     0.1637446484376
   830 -1151.980695755      1149.54065     -2301.52134     0.1640107877637
   831 -1152.045095446      1149.05062     -2301.09571     0.1650825990724
   832 -1152.037961076      1148.75147     -2300.78943     0.1660472308561
   833 -1152.012588109      1148.56373     -2300.57632     0.1666176752066
   834 -1151.993074881      1148.44260     -2300.43568     0.1666644525739
   835 -1151.983360720      1148.35566     -2300.33902     0.1650977573527
   836 -1151.983778115      1148.28649     -2300.27027     0.1635918200830
   837 -1151.994936736      1148.22960     -2300.22454     0.1671981627520
   838 -1152.017886477      1148.19164     -2300.20953     0.1677191067863
   839 -1152.050999117      1148.20154     -2300.25254     0.1679249143240
   840 -1152.073079587      1148.34454     -2300.41762     0.1679346272399
   841 -1152.013165300      1148.72806     -2300.74122     0.1675045685341
   842 -1152.035899031      1148.56509     -2300.60099     0.1645680882336
   843 -1152.079087656      1148.09338     -2300.17247     0.1599137832461
   844 -1152.049863919      1147.87155     -2299.92141     0.1562127958001
   845 -1152.016590318      1147.77799     -2299.79458     0.1520552829071
   846 -1151.995678026      1147.73391     -2299.72959     0.1415171122230
   847 -1151.987313753      1147.71192     -2299.69923     0.1342599266934
   848 -1151.990846236      1147.70577     -2299.69662     0.1361531929329
   849 -1152.006921144      1147.72202     -2299.72895     0.1427534655189
   850 -1152.035830571      1147.78208     -2299.81791     0.1435067585815
   851 -1152.065652291      1147.94923     -2300.01489     0.1416669895768
   852 -1152.028136064      1148.38348     -2300.41161     0.1402984220719
   853 -1151.978189326      1148.61412     -2300.59231     0.1382058421034
   854 -1152.060251926      1148.09589     -2300.15614     0.1356757225778
   855 -1152.038676651      1147.90232     -2299.94100     0.1351287612709
   856 -1152.002184262      1147.83124     -2299.83342     0.1327090036917
   857 -1151.979203347      1147.80524     -2299.78444     0.1230194864195
   858 -1151.971380957      1147.79271     -2299.76409     0.1168972872796
   859 -1151.977695836      1147.78646     -2299.76415     0.1206232255106
   860 -1151.998568233      1147.79098     -2299.78955     0.1332183536381
   861 -1152.034380658      1147.82599     -2299.86037     0.1443249438933
   862 -1152.073993323      1147.95694     -2300.03093     0.1500342053940
   863 -1152.047898383      1148.36164     -2300.40954     0.1560924800155
   864 -1151.993854873      1148.61840     -2300.61225     0.1623799373921
   865 -1152.092628851      1148.05131     -2300.14394     0.1675828302338
   866 -1152.074967898      1147.85325     -2299.92822     0.1722426130209
   867 -1152.040423772      1147.80651     -2299.84694     0.1664496668506
   868 -1152.017931013      1147.83310     -2299.85103     0.1482257676655
   869 -1152.008788306      1147.89662     -2299.90541     0.1400337135716
   870 -1152.011768369      1147.98397     -2299.99574     0.1452034415509
   871 -1152.027202144      1148.09447     -2300.12168     0.1640854057368
   872 -1152.055829173      1148.244287066     -2300.300116239
$end
