$coord
    0.08735837048496     -0.37851351761187     -0.37037219850367      ti
    0.62791837433422     -2.29208530818714      2.12739193027058      o
   -2.38279921662167     -1.06310366141478     -2.40432847140694      o
   -3.87436969511265     -1.80007988676938     -1.73889638958808      h
   -1.15947828748941      3.62480081555263      3.21974300038113      o
   -1.57181175707240      4.48320426518158      4.73857370723634      h
    2.66503955838158      0.75768785741084     -1.98283581631790      o
    3.02288406058291      2.01094586787459     -3.31050906540306      h
    2.22934133167215     -3.01285078708089      2.67387233369037      h
$redundant
     number_of_atoms             9
     degrees_of_freedom         21
     internal_coordinates       21
     frozen_coordinates          0
# definitions of redundant internals
   1 k  1.0000000000000 stre    4    3           val=   1.85946
   2 k  1.0000000000000 linc    4    1    3    2 val=   8.79001
   3 k  1.0000000000000 linp    4    1    3    2 val= -10.05149
   4 k  1.0000000000000 stre    1    3           val=   3.29500
   5 k  0.0014625929882 bend    2    3    1      val=  -0.81211
        0.7136867630877 bend    7    3    1
       -0.7004634644399 bend    5    3    1
   6 k  0.8661833970360 bend    2    3    1      val=   6.74933
       -0.3509433813021 bend    7    3    1
       -0.3557598428989 bend    5    3    1
   7 k  1.0000000000000 tors    6    5    1    2 val= 191.71648
        1.0000000000000 tors    6    5    1    7
   8 k  1.0000000000000 stre    5    6           val=   1.87084
   9 k  1.0000000000000 bend    1    6    5      val= 132.86962
  10 k  1.0000000000000 tors    8    7    1    2 val= 174.90344
        1.0000000000000 tors    8    7    1    5
  11 k  1.0000000000000 stre    7    8           val=   1.74335
  12 k  1.0000000000000 bend    1    8    7      val= 135.58391
  13 k  1.0000000000000 tors    9    2    1    5 val=  95.26627
        1.0000000000000 tors    9    2    1    7
  14 k  1.0000000000000 stre    2    9           val=   1.88639
  15 k  1.0000000000000 bend    1    9    2      val= 129.26528
  16 k  1.0000000000000 stre    1    2           val=   3.28089
  17 k  1.0000000000000 stre    1    7           val=   3.32887
  18 k  1.0000000000000 stre    1    5           val=   3.53035
  19 k -0.7980952927604 bend    7    2    1      val=   5.78317
        0.4600010694710 bend    5    2    1
        0.3891566776495 bend    5    7    1
  20 k  0.0374989829761 bend    7    2    1      val=  21.61396
       -0.6066971805519 bend    5    2    1
        0.7940480825404 bend    5    7    1
  21 k  0.6013632263029 bend    7    2    1      val= 108.58560
        0.6483190165312 bend    5    2    1
        0.4669525916564 bend    5    7    1
        21 non zero eigenvalues  of BmBt
           1           4.044810339    1    0
         1
           2           3.917906431    2    0
         2
           3           3.311849322    3    0
         3
           4           3.130101099    4    0
         4
           5           2.957977505    5    0
         5
           6           2.467517352    6    0
         6
           7           2.371542180    7    0
         7
           8           1.952511984    8    0
         8
           9           1.737751920    9    0
         9
          10           1.684475533   10    0
        10
          11           1.210335943   11    0
        11
          12           1.142994452   12    0
        12
          13           0.823057641   13    0
        13
          14           0.652750618   14    0
        14
          15           0.643951410   15    0
        15
          16           0.316501460   16    0
        16
          17           0.132580606   17    0
        17
          18           0.097785818   18    0
        18
          19           0.073964126   19    0
        19
          20           0.069022482   20    0
        20
          21           0.063200526   21    0
        21
$user-defined bonds
$end
