$energy      SCF               SCFKIN            SCFPOT            excitation
     1 -1152.102837585      1148.63342     -2300.73626     0.1999938006154
     2 -1152.104044415      1148.66213     -2300.76617     0.1991085424850
     3 -1152.102604210      1148.67947     -2300.78208     0.1974946162426
     4 -1152.101450116      1148.64580     -2300.74725     0.1953172886106
     5 -1152.102471913      1148.54386     -2300.64633     0.1926718132269
     6 -1152.101447674      1148.40628     -2300.50772     0.1894304773629
     7 -1152.099433040      1148.25989     -2300.35932     0.1854168090747
     8 -1152.097591256      1148.13281     -2300.23040     0.1806488656759
     9 -1152.095149590      1148.04380     -2300.13895     0.1752123400432
    10 -1152.092173368      1147.98700     -2300.07917     0.1693165775640
    11 -1152.087469121      1147.94301     -2300.03048     0.1632860369575
    12 -1152.081893426      1147.87790     -2299.95980     0.1574013246088
    13 -1152.078699953      1147.76449     -2299.84319     0.1517718496878
    14 -1152.073812726      1147.62861     -2299.70243     0.1462757955518
    15 -1152.066581225      1147.49832     -2299.56490     0.1406732653124
    16 -1152.060660678      1147.38893     -2299.44959     0.1349116112236
    17 -1152.055759704      1147.32257     -2299.37833     0.1289882177615
    18 -1152.049934389      1147.30994     -2299.35987     0.1228950991780
    19 -1152.042649937      1147.33381     -2299.37646     0.1167517330073
    20 -1152.034659544      1147.35602     -2299.39068     0.1107990928888
    21 -1152.029584679      1147.33505     -2299.36464     0.1052114056349
    22 -1152.025839517      1147.27622     -2299.30206     0.9996998644625E-01
    23 -1152.018922940      1147.21857     -2299.23750     0.9489928344027E-01
    24 -1152.011875488      1147.17807     -2299.18994     0.8993005142868E-01
    25 -1152.007897290      1147.16571     -2299.17360     0.8510441063136E-01
    26 -1152.005139854      1147.20153     -2299.20667     0.8037759594795E-01
    27 -1152.000963077      1147.28940     -2299.29036     0.7569764080706E-01
    28 -1151.995164174      1147.39992     -2299.39509     0.7116577735065E-01
    29 -1151.990823879      1147.48188     -2299.47270     0.6696851520489E-01
    30 -1151.990524688      1147.50631     -2299.49683     0.6317589343980E-01
    31 -1151.988880760      1147.50664     -2299.49552     0.5968421763257E-01
    32 -1151.983700540      1147.52101     -2299.50471     0.5634569584402E-01
    33 -1151.979820605      1147.55754     -2299.53736     0.5316395243967E-01
    34 -1151.979469077      1147.62557     -2299.60504     0.5012683843902E-01
    35 -1151.979465124      1147.74329     -2299.72276     0.4710813496392E-01
    36 -1151.976420089      1147.90789     -2299.88431     0.4405689714337E-01
    37 -1151.971025877      1148.07698     -2300.04801     0.4107628771540E-01
    38 -1151.968374129      1148.19112     -2300.15949     0.3831976562258E-01
    39 -1151.968581347      1148.24071     -2300.20929     0.3577851989440E-01
    40 -1151.964938191      1148.27554     -2300.24047     0.3331778436885E-01
    41 -1151.957950395      1148.32592     -2300.28387     0.3084242495800E-01
    42 -1151.953191111      1148.39199     -2300.34518     0.2834193743900E-01
    43 -1151.951708744      1148.48055     -2300.43226     0.2575039207966E-01
    44 -1151.949384048      1148.60470     -2300.55408     0.2298415617949E-01
    45 -1151.943535229      1148.74891     -2300.69245     0.2005600786729E-01
    46 -1151.937356451      1148.85714     -2300.79450     0.1705951002131E-01
    47 -1151.936345316      1148.87794     -2300.81429     0.1408288822974E-01
$end
