$coord
   -0.09882163657726     -0.33820085899537     -0.27882679140220      ti
    0.66289513712349     -2.18565472751614      2.16001244540525      o
   -2.81916442124047     -1.81858392336071     -1.95221245604040      o
   -3.22421232786707     -1.79618830028448     -3.76484782217434      h
    0.67636981416957      3.39365661533561      2.65194367894148      o
    1.90703241329580      2.73143252517301      0.68638715512723      h
    1.90578158701870      1.50119470060344     -2.20190358674112      o
   -1.78958951956895      3.88476906266444      2.10899147724617      h
    1.04291297150143     -2.88488890318686      3.77782449172292      h
$redundant
     number_of_atoms             9
     degrees_of_freedom         21
     internal_coordinates       21
     frozen_coordinates          0
# definitions of redundant internals
   1 k  1.0000000000000 tors    4    3    1    2 val= 131.84233
        1.0000000000000 tors    4    3    1    5
        1.0000000000000 tors    4    3    1    7
   2 k  1.0000000000000 stre    3    4           val=   1.90044
   3 k  1.0000000000000 bend    1    4    3      val= 140.90063
   4 k  1.0000000000000 tors    6    5    1    2 val= 117.22275
        1.0000000000000 tors    6    5    1    3
        1.0000000000000 tors    6    5    1    7
   5 k  1.0000000000000 stre    5    6           val=   1.95436
   6 k  1.0000000000000 bend    1    6    5      val= 108.10835
   7 k  1.0000000000000 tors    8    7    1    2 val=  84.52900
        1.0000000000000 tors    8    7    1    3
        1.0000000000000 tors    8    7    1    5
   8 k  1.0000000000000 stre    7    8           val=   2.01677
   9 k  1.0000000000000 bend    1    8    7      val= 122.30967
  10 k  1.0000000000000 tors    9    2    1    3 val= 144.80039
        1.0000000000000 tors    9    2    1    5
        1.0000000000000 tors    9    2    1    7
  11 k  1.0000000000000 stre    2    9           val=   1.86417
  12 k  1.0000000000000 bend    1    9    2      val= 149.60971
  13 k  1.0000000000000 stre    1    5           val=   3.16649
  14 k  1.0000000000000 stre    1    2           val=   3.32656
  15 k  1.0000000000000 stre    1    3           val=   3.42492
  16 k  1.0000000000000 stre    1    7           val=   3.55492
  17 k  0.5472647958107 bend    2    5    1      val=   1.69263
        0.2041930968719 bend    3    5    1
        0.4570626165683 bend    3    2    1
       -0.4710320527189 bend    7    5    1
       -0.2440218635137 bend    7    2    1
       -0.4104659820626 bend    7    3    1
  18 k -0.1115884125654 bend    2    5    1      val=   5.78604
        0.6273767383365 bend    3    5    1
       -0.0674354017935 bend    3    2    1
        0.2377533312382 bend    7    5    1
       -0.6935552558576 bend    7    2    1
        0.2277133757989 bend    7    3    1
  19 k -0.5206909250638 bend    2    5    1      val=   1.89269
        0.0407158001066 bend    3    5    1
        0.5246297605713 bend    3    2    1
       -0.4961177792090 bend    7    5    1
        0.0476664635947 bend    7    2    1
        0.4512004608840 bend    7    3    1
  20 k  0.3840994720109 bend    2    5    1      val=   1.48054
        0.1236582848286 bend    3    5    1
       -0.5570227972865 bend    3    2    1
       -0.5206703179998 bend    7    5    1
        0.0891885689873 bend    7    2    1
        0.4978450025995 bend    7    3    1
  21 k -0.3091715964289 bend    2    5    1      val=   4.51445
        0.6631587922083 bend    3    5    1
       -0.2032980718865 bend    3    2    1
       -0.1615525257283 bend    7    5    1
        0.4798633565738 bend    7    2    1
       -0.4085770119502 bend    7    3    1
        21 non zero eigenvalues  of BmBt
           1          12.301194377    1    0
         1
           2           7.198618421    2    0
         2
           3           3.493697934    3    0
         3
           4           3.363330520    4    0
         4
           5           2.872947592    5    0
         5
           6           2.652825284    6    0
         6
           7           2.280907339    7    0
         7
           8           2.230405063    8    0
         8
           9           2.000541035    9    0
         9
          10           1.946934441   10    0
        10
          11           1.501982832   11    0
        11
          12           1.224011147   12    0
        12
          13           0.981454130   13    0
        13
          14           0.621343292   14    0
        14
          15           0.528375373   15    0
        15
          16           0.307074663   16    0
        16
          17           0.127297090   17    0
        17
          18           0.111534959   18    0
        18
          19           0.095593641   19    0
        19
          20           0.085615893   20    0
        20
          21           0.071385724   21    0
        21
$user-defined bonds
$end
