$energy      SCF               SCFKIN            SCFPOT
     1 -1152.081669556      1148.49117     -2300.57284     0.1949088360106
     2 -1152.086681052      1148.55664     -2300.64332     0.1965111791321
     3 -1152.092616837      1148.70144     -2300.79406     0.1975442586321
     4 -1152.093360692      1148.86846     -2300.96182     0.1975529408665
     5 -1152.091111816      1148.94072     -2301.03183     0.1964172115439
     6 -1152.093148420      1148.81575     -2300.90890     0.1942393080786
     7 -1152.098249011      1148.51924     -2300.61749     0.1911947205522
     8 -1152.096624823      1148.18577     -2300.28240     0.1874834322950
     9 -1152.090160554      1147.91837     -2300.00853     0.1833715159943
    10 -1152.087203126      1147.76298     -2299.85019     0.1790126877559
    11 -1152.089954392      1147.72864     -2299.81860     0.1742271228308
    12 -1152.091540819      1147.80062     -2299.89216     0.1687838010502
    13 -1152.085054990      1147.91315     -2299.99821     0.1627231728741
    14 -1152.074526942      1147.93675     -2300.01127     0.1564169211138
    15 -1152.071156392      1147.76504     -2299.83620     0.1502620496025
    16 -1152.070490192      1147.45704     -2299.52753     0.1443263718030
    17 -1152.060896075      1147.16847     -2299.22936     0.1384659247439
    18 -1152.047835489      1146.98772     -2299.03556     0.1327504523958
    19 -1152.040994341      1146.93915     -2298.98015     0.1273427180523
    20 -1152.040807429      1147.02101     -2299.06181     0.1222438957587
    21 -1152.038771230      1147.21030     -2299.24907     0.1173467080596
    22 -1152.028750558      1147.42648     -2299.45523     0.1127084907442
    23 -1152.017676160      1147.52537     -2299.54304     0.1085533639615
    24 -1152.017083895      1147.41207     -2299.42915     0.1051494039476
    25 -1152.017524060      1147.18390     -2299.20142     0.1023779781052
    26 -1152.008393185      1146.99954     -2299.00793     0.9985634819962E-01
    27 -1151.998121885      1146.93070     -2298.92882     0.9741981148950E-01
    28 -1151.996062328      1146.98955     -2298.98561     0.9517447357625E-01
    29 -1152.000551586      1147.16984     -2299.17039     0.9317741445138E-01
    30 -1152.001888311      1147.44468     -2299.44657     0.9134412508194E-01
    31 -1151.995181824      1147.72112     -2299.71630     0.8967128371983E-01
    32 -1151.989848014      1147.84460     -2299.83445     0.8839190825490E-01
    33 -1151.996146372      1147.73916     -2299.73531     0.8770650628185E-01
    34 -1152.000382376      1147.53571     -2299.53609     0.8734851359814E-01
    35 -1151.994283088      1147.38850     -2299.38278     0.8692553492619E-01
    36 -1151.988839754      1147.35614     -2299.34498     0.8639306841165E-01
    37 -1151.992783309      1147.44345     -2299.43624     0.8594666317422E-01
    38 -1152.002706556      1147.64416     -2299.64687     0.8564170645665E-01
    39 -1152.007769898      1147.92998     -2299.93775     0.8539212590733E-01
    40 -1152.003762202      1148.19732     -2300.20108     0.8525297215857E-01
    41 -1152.002735975      1148.28330     -2300.28604     0.8548664703204E-01
    42 -1152.013696512      1148.13302     -2300.14671     0.8626428554852E-01
    43 -1152.018560005      1147.91110     -2299.92966     0.8738733219208E-01
    44 -1152.012427584      1147.76759     -2299.78002     0.8861876358929E-01
    45 -1152.008445782      1147.74913     -2299.75758     0.8988422619820E-01
    46 -1152.013965013      1147.85797     -2299.87194     0.9114315617978E-01
    47 -1152.023198769      1148.09046     -2300.11366     0.9228399635396E-01
    48 -1152.023457153      1148.41300     -2300.43645     0.9290463737506E-01
    49 -1152.012244178      1148.70367     -2300.71591     0.9197438780518E-01
    50 -1152.007733598      1148.77210     -2300.77983     0.9158114278009E-01
    51 -1152.015020207      1148.59710     -2300.61212     0.9200264606286E-01
    52 -1152.011121027      1148.38141     -2300.39254     0.9259818301492E-01
    53 -1151.997125293      1148.25146     -2300.24859     0.9263599090257E-01
    54 -1151.988765665      1148.23095     -2300.21972     0.9192440448971E-01
    55 -1151.992038033      1148.31135     -2300.30338     0.9076566125472E-01
    56 -1151.999458819      1148.47989     -2300.47935     0.8935522835110E-01
    57 -1151.999556426      1148.68830     -2300.68786     0.8767831961988E-01
    58 -1151.993309852      1148.79837     -2300.79168     0.8588864226054E-01
    59 -1151.997056896      1148.65179     -2300.64885     0.8446899178373E-01
    60 -1152.009571806      1148.28560     -2300.29517     0.8371570183387E-01
    61 -1152.010210330      1147.90654     -2299.91675     0.8317302080207E-01
    62 -1152.002652200      1147.63169     -2299.63434     0.8238726216701E-01
    63 -1152.000230478      1147.49219     -2299.49242     0.8127497742516E-01
    64 -1152.005580481      1147.48782     -2299.49340     0.7994119806336E-01
    65 -1152.010317099      1147.60242     -2299.61274     0.7847420231193E-01
    66 -1152.006326257      1147.76790     -2299.77423     0.7694854040445E-01
    67 -1151.996521794      1147.84865     -2299.84517     0.7562897318375E-01
    68 -1151.992955665      1147.72126     -2299.71422     0.7497941896633E-01
    69 -1151.997946037      1147.41667     -2299.41462     0.7515436774833E-01
    70 -1151.993471067      1147.12903     -2299.12250     0.7562096700048E-01
    71 -1151.982433629      1146.96621     -2298.94865     0.7583121410301E-01
    72 -1151.977408499      1146.94602     -2298.92343     0.7562929563899E-01
    73 -1151.979864935      1147.05630     -2299.03617     0.7518277974187E-01
    74 -1151.982298995      1147.26304     -2299.24534     0.7470101137224E-01
    75 -1151.980848396      1147.47945     -2299.46030     0.7429512369003E-01
    76 -1151.978251261      1147.58583     -2299.56408     0.7409119506642E-01
    77 -1151.977562067      1147.51471     -2299.49227     0.7439779982078E-01
    78 -1151.983112287      1147.29401     -2299.27713     0.7534242293405E-01
    79 -1151.983133227      1147.08535     -2299.06848     0.7639457003664E-01
    80 -1151.977774000      1146.99679     -2298.97456     0.7707647499563E-01
    81 -1151.977265824      1147.04581     -2299.02307     0.7744928449764E-01
    82 -1151.982073685      1147.21357     -2299.19565     0.7802072265907E-01
    83 -1151.986653601      1147.45040     -2299.43706     0.7917542063525E-01
    84 -1151.992257008      1147.65481     -2299.64707     0.8085314825002E-01
    85 -1152.000211120      1147.74039     -2299.74060     0.8277373805385E-01
    86 -1152.001717562      1147.71494     -2299.71666     0.8492842725454E-01
    87 -1152.004691545      1147.58939     -2299.59408     0.8745681132051E-01
    88 -1152.010229002      1147.44980     -2299.46003     0.8991268186811E-01
    89 -1152.011831862      1147.41471     -2299.42654     0.9178705991879E-01
    90 -1152.014491776      1147.51385     -2299.52834     0.9326993742454E-01
    91 -1152.018077402      1147.72464     -2299.74272     0.9511260811871E-01
    92 -1152.020774027      1147.97606     -2299.99683     0.9777832531118E-01
    93 -1152.028949293      1148.15494     -2300.18389     0.1008800821031
    94 -1152.039573480      1148.22549     -2300.26506     0.1037239754089
    95 -1152.036305440      1148.25540     -2300.29171     0.1061378132011
    96 -1152.028473005      1148.23910     -2300.26757     0.1083326914576
    97 -1152.031113233      1148.17192     -2300.20303     0.1101331110308
    98 -1152.031801043      1148.16962     -2300.20142     0.1112477478374
    99 -1152.027674839      1148.28450     -2300.31218     0.1121496297460
   100 -1152.020196089      1148.48375     -2300.50394     0.1137812520270
   101 -1152.014901545      1148.66871     -2300.68361     0.1163978347741
   102 -1152.020844963      1148.74098     -2300.76182     0.1190909681065
   103 -1152.028870467      1148.72816     -2300.75703     0.1207976273875
   104 -1152.023668043      1148.71474     -2300.73841     0.1213499160304
   105 -1152.011718641      1148.67870     -2300.69042     0.1210245051258
   106 -1152.018567130      1148.53003     -2300.54859     0.1201249961944
   107 -1152.031145871      1148.36733     -2300.39848     0.1187832840601
   108 -1152.033118393      1148.29128     -2300.32440     0.1171634529595
   109 -1152.027008445      1148.29039     -2300.31739     0.1158411827743
   110 -1152.025598369      1148.26132     -2300.28692     0.1149944200080
   111 -1152.036568802      1148.14254     -2300.17910     0.1142398498627
   112 -1152.046014422      1148.00769     -2300.05370     0.1131403781943
   113 -1152.041145165      1147.93443     -2299.97557     0.1115850767385
   114 -1152.026328278      1147.89201     -2299.91834     0.1098178772851
   115 -1152.029198285      1147.75388     -2299.78308     0.1082475680949
   116 -1152.040333881      1147.58438     -2299.62471     0.1069157449048
   117 -1152.036006626      1147.51943     -2299.55543     0.1056112174218
   118 -1152.021590542      1147.53858     -2299.56017     0.1044689030197
   119 -1152.014361340      1147.52716     -2299.54152     0.1036009402218
   120 -1152.020504455      1147.43870     -2299.45921     0.1028705127896
   121 -1152.025486377      1147.35642     -2299.38190     0.1020488663216
   122 -1152.018493727      1147.35124     -2299.36973     0.1010007658552
   123 -1152.001991688      1147.39374     -2299.39573     0.9984372137555E-01
   124 -1152.003602469      1147.34687     -2299.35047     0.9896523003009E-01
   125 -1152.015928026      1147.25637     -2299.27230     0.9838179308477E-01
   126 -1152.012094936      1147.26609     -2299.27819     0.9776599744060E-01
   127 -1151.997941183      1147.35185     -2299.34979     0.9718242293007E-01
   128 -1151.992542379      1147.39163     -2299.38417     0.9697262438589E-01
   129 -1152.001449646      1147.34637     -2299.34782     0.9732872943358E-01
   130 -1152.010234242      1147.30806     -2299.31830     0.9812531942163E-01
   131 -1152.009959277      1147.35105     -2299.36101     0.9897494818549E-01
   132 -1151.998970565      1147.46816     -2299.46713     0.9967917333440E-01
   133 -1151.999818926      1147.52995     -2299.52977     0.1005408090679
   134 -1152.016682555      1147.51261     -2299.52930     0.1016043875126
   135 -1152.018261236      1147.56465     -2299.58291     0.1024617092098
   136 -1152.006723471      1147.68033     -2299.68705     0.1031422500375
   137 -1152.002365287      1147.73625     -2299.73862     0.1041901061345
   138 -1152.011598696      1147.69438     -2299.70597     0.1062414424189
   139 -1152.021749429      1147.64832     -2299.67007     0.1093573876198
   140 -1152.028473750      1147.67333     -2299.70180     0.1128159830768
   141 -1152.028151891      1147.79980     -2299.82796     0.1156842729575
   142 -1152.022638269      1147.97449     -2299.99712     0.1179941241288
   143 -1152.036229601      1148.05386     -2300.09008     0.1204125548878
   144 -1152.050206292      1148.08571     -2300.13592     0.1228619099150
   145 -1152.045621350      1148.14779     -2300.19341     0.1250485444448
   146 -1152.040597044      1148.15508     -2300.19567     0.1270068350989
   147 -1152.045331459      1148.07341     -2300.11874     0.1291726252425
   148 -1152.050528833      1147.99320     -2300.04373     0.1318583853560
   149 -1152.055799046      1147.98455     -2300.04035     0.1347512689665
   150 -1152.061131972      1148.08471     -2300.14585     0.1372508651007
   151 -1152.057745087      1148.29889     -2300.35663     0.1393666487822
   152 -1152.055648640      1148.50555     -2300.56120     0.1416935722165
   153 -1152.069903031      1148.57267     -2300.64258     0.1443860411886
   154 -1152.069155153      1148.58665     -2300.65581     0.1465939665473
   155 -1152.059939179      1148.53802     -2300.59796     0.1478439363650
   156 -1152.055688032      1148.41040     -2300.46609     0.1481173710814
   157 -1152.051733571      1148.28810     -2300.33983     0.1478809586424
   158 -1152.051226488      1148.22690     -2300.27813     0.1473253321330
   159 -1152.056651553      1148.25889     -2300.31555     0.1462220788153
   160 -1152.057316798      1148.40784     -2300.46515     0.1443165591036
   161 -1152.046035881      1148.60789     -2300.65392     0.1417179949865
   162 -1152.048901454      1148.64876     -2300.69766     0.1388581939609
   163 -1152.051891286      1148.52506     -2300.57696     0.1356667489122
   164 -1152.045676556      1148.30882     -2300.35449     0.1314624109282
   165 -1152.037021818      1148.05781     -2300.09483     0.1264326082332
   166 -1152.027382945      1147.85237     -2299.87976     0.1211930844967
   167 -1152.024956429      1147.72605     -2299.75100     0.1160179847554
   168 -1152.031463362      1147.70637     -2299.73783     0.1108078565986
   169 -1152.033117700      1147.82559     -2299.85871     0.1053500354234
   170 -1152.015722795      1148.03504     -2300.05076     0.9987868608556E-01
   171 -1152.011590480      1148.08149     -2300.09308     0.9515372463009E-01
   172 -1152.019111211      1147.91011     -2299.92923     0.9135590436859E-01
   173 -1152.015153718      1147.66965     -2299.68480     0.8770249624901E-01
   174 -1152.002473376      1147.45428     -2299.45676     0.8407898334544E-01
   175 -1151.990667177      1147.31531     -2299.30598     0.8074952079136E-01
   176 -1151.990088765      1147.26451     -2299.25460     0.7782601827637E-01
   177 -1151.999844720      1147.32470     -2299.32455     0.7512061317211E-01
   178 -1152.003656187      1147.52964     -2299.53329     0.7250608300616E-01
   179 -1151.986308584      1147.82332     -2299.80963     0.7031950120570E-01
   180 -1151.985638897      1147.92407     -2299.90971     0.6927637914595E-01
   181 -1151.999856086      1147.78121     -2299.78106     0.6916080307800E-01
   182 -1151.997769617      1147.59289     -2299.59065     0.6907946252758E-01
   183 -1151.984777770      1147.45048     -2299.43526     0.6866750429872E-01
   184 -1151.974592039      1147.38449     -2299.35908     0.6810919019303E-01
   185 -1151.976903850      1147.40083     -2299.37774     0.6756859444059E-01
   186 -1151.989125408      1147.52304     -2299.51217     0.6697490890665E-01
   187 -1151.993820013      1147.78378     -2299.77760     0.6638708162821E-01
   188 -1151.975731697      1148.11806     -2300.09379     0.6618303989768E-01
   189 -1151.977149593      1148.22688     -2300.20403     0.6670560291642E-01
   190 -1151.992879929      1148.08144     -2300.07432     0.6739325691700E-01
   191 -1151.989024657      1147.90395     -2299.89298     0.6738856585147E-01
   192 -1151.975398345      1147.77317     -2299.74857     0.6653435527419E-01
   193 -1151.967072326      1147.71159     -2299.67866     0.6528928861184E-01
   194 -1151.972237208      1147.72668     -2299.69892     0.6410830425419E-01
   195 -1151.986473684      1147.84435     -2299.83082     0.6324853150438E-01
   196 -1151.990916868      1148.09575     -2300.08666     0.6295636475816E-01
   197 -1151.972919180      1148.39909     -2300.37201     0.6347781497493E-01
   198 -1151.981181510      1148.44409     -2300.42527     0.6479770449102E-01
   199 -1151.997047064      1148.27566     -2300.27271     0.6601073993708E-01
   200 -1151.989893361      1148.11098     -2300.10087     0.6628466089770E-01
   201 -1151.976597922      1147.99427     -2299.97087     0.6551551607225E-01
   202 -1151.970198927      1147.94043     -2299.91063     0.6436357885408E-01
   203 -1151.975677197      1147.96356     -2299.93924     0.6354870023887E-01
   204 -1151.987909855      1148.09016     -2300.07807     0.6354321289177E-01
   205 -1151.988418380      1148.34488     -2300.33329     0.6459504461065E-01
   206 -1151.968962092      1148.62603     -2300.59499     0.6679648379521E-01
   207 -1151.984066816      1148.61621     -2300.60028     0.6995100589680E-01
   208 -1151.999993233      1148.43747     -2300.43746     0.7293066435351E-01
   209 -1151.988843907      1148.29002     -2300.27886     0.7505582566588E-01
   210 -1151.976941297      1148.16367     -2300.14061     0.7598245359192E-01
   211 -1151.975455950      1148.06669     -2300.04215     0.7621466373216E-01
   212 -1151.984667025      1148.03625     -2300.02091     0.7632255758829E-01
   213 -1151.998604199      1148.11029     -2300.10889     0.7656804987278E-01
   214 -1151.999004855      1148.31238     -2300.31138     0.7702419657306E-01
   215 -1151.979543213      1148.52604     -2300.50558     0.7781958361664E-01
   216 -1151.999953757      1148.42164     -2300.42159     0.7913060768944E-01
   217 -1152.015888989      1148.18291     -2300.19880     0.8039129882507E-01
   218 -1152.001484007      1148.00166     -2300.00314     0.8112833196586E-01
   219 -1151.988543934      1147.85064     -2299.83918     0.8115087321266E-01
   220 -1151.988219562      1147.73014     -2299.71836     0.8096331573773E-01
   221 -1151.997967156      1147.68439     -2299.68236     0.8091898002303E-01
   222 -1152.010902775      1147.75350     -2299.76440     0.8091669720005E-01
   223 -1152.009895453      1147.95545     -2299.96534     0.8080445648198E-01
   224 -1151.985908221      1148.18391     -2300.16982     0.8079358966062E-01
   225 -1152.001552105      1148.10103     -2300.10258     0.8128030841591E-01
   226 -1152.015007956      1147.88030     -2299.89531     0.8184272254967E-01
   227 -1151.996886083      1147.73122     -2299.72811     0.8194054583366E-01
   228 -1151.981435656      1147.61635     -2299.59779     0.8148755089433E-01
   229 -1151.979589618      1147.53556     -2299.51514     0.8081890208397E-01
   230 -1151.988151207      1147.53058     -2299.51873     0.7997965093831E-01
   231 -1152.000187676      1147.63424     -2299.63443     0.7878629553592E-01
   232 -1151.999695974      1147.85575     -2299.85544     0.7729809936772E-01
   233 -1151.973675647      1148.09976     -2300.07344     0.7593832801970E-01
   234 -1151.989432802      1148.01434     -2300.00377     0.7533469267681E-01
   235 -1152.005185915      1147.77484     -2299.78002     0.7524321919773E-01
   236 -1151.988397333      1147.60747     -2299.59587     0.7502349164465E-01
   237 -1151.974147951      1147.48944     -2299.46359     0.7454494940881E-01
   238 -1151.973180611      1147.42113     -2299.39431     0.7385720729007E-01
   239 -1151.982762540      1147.43435     -2299.41711     0.7296075872784E-01
   240 -1151.996963507      1147.54993     -2299.54689     0.7184735670552E-01
   241 -1152.002118645      1147.77048     -2299.77260     0.7065690837630E-01
   242 -1151.976338983      1148.03927     -2300.01560     0.6977922546133E-01
   243 -1151.987116625      1147.99363     -2299.98074     0.6984711790573E-01
   244 -1152.007750590      1147.74329     -2299.75104     0.7061649479971E-01
   245 -1151.993802776      1147.57951     -2299.57331     0.7138485519083E-01
   246 -1151.979005011      1147.48981     -2299.46881     0.7188178507278E-01
   247 -1151.975254798      1147.47145     -2299.44670     0.7214413604456E-01
   248 -1151.981554494      1147.53898     -2299.52053     0.7228444228365E-01
   249 -1151.994948529      1147.69196     -2299.68691     0.7228522282463E-01
   250 -1152.007163524      1147.92071     -2299.92787     0.7218924927389E-01
   251 -1151.985699104      1148.23310     -2300.21879     0.7222340046909E-01
   252 -1151.974902653      1148.32471     -2300.29962     0.7300513298761E-01
   253 -1152.004725908      1148.06628     -2300.07100     0.7455084086974E-01
   254 -1151.997309870      1147.88453     -2299.88184     0.7575880332610E-01
   255 -1151.979515191      1147.79060     -2299.77011     0.7649212602129E-01
   256 -1151.969365151      1147.78569     -2299.75506     0.7674782263197E-01
   257 -1151.969858737      1147.85834     -2299.82820     0.7685674238947E-01
   258 -1151.981853469      1147.98008     -2299.96193     0.7688942551343E-01
   259 -1152.002055167      1148.13167     -2300.13372     0.7675871216375E-01
   260 -1151.996402397      1148.36967     -2300.36607     0.7646480612491E-01
   261 -1151.961194034      1148.55231     -2300.51351     0.7646460969352E-01
   262 -1151.998386913      1148.24588     -2300.24426     0.7741274249911E-01
   263 -1152.008724485      1147.96518     -2299.97391     0.7815607157625E-01
   264 -1151.991528301      1147.74842     -2299.73994     0.7866939444989E-01
   265 -1151.975192044      1147.67692     -2299.65212     0.7868107260053E-01
   266 -1151.970844740      1147.68706     -2299.65790     0.7862286852041E-01
   267 -1151.982946463      1147.72587     -2299.70881     0.7876066647338E-01
   268 -1152.008186491      1147.78527     -2299.79345     0.7888034694367E-01
   269 -1152.021984422      1147.93695     -2299.95893     0.7875638371873E-01
   270 -1151.984102453      1148.21267     -2300.19677     0.7850006881348E-01
   271 -1151.983050950      1148.14317     -2300.12622     0.7895699278160E-01
   272 -1152.021519556      1147.74337     -2299.76489     0.8011662475931E-01
   273 -1152.009137797      1147.53357     -2299.54271     0.8105866371227E-01
   274 -1151.984994194      1147.48127     -2299.46627     0.8156920213074E-01
   275 -1151.971174376      1147.51445     -2299.48562     0.8178955466627E-01
   276 -1151.975757236      1147.56118     -2299.53694     0.8234354780150E-01
   277 -1151.995296248      1147.61319     -2299.60849     0.8314889385476E-01
   278 -1152.015985840      1147.72451     -2299.74049     0.8372531669934E-01
   279 -1152.009991805      1147.95728     -2299.96728     0.8395927699599E-01
   280 -1151.963575040      1148.19557     -2300.15915     0.8428104637551E-01
   281 -1152.007473507      1147.90503     -2299.91251     0.8546319604632E-01
   282 -1152.023096542      1147.68265     -2299.70575     0.8632782571499E-01
   283 -1151.995653949      1147.56626     -2299.56191     0.8723661053868E-01
   284 -1151.970263825      1147.57266     -2299.54292     0.8721502938642E-01
   285 -1151.966437243      1147.56734     -2299.53378     0.8728492512030E-01
   286 -1151.976561823      1147.56143     -2299.53799     0.8874155106055E-01
   287 -1151.994020443      1147.59207     -2299.58609     0.9018795452185E-01
   288 -1152.018902510      1147.69040     -2299.70930     0.9086194587374E-01
   289 -1152.023559329      1147.92532     -2299.94888     0.9082099747734E-01
   290 -1151.967019003      1148.28496     -2300.25198     0.9058430919745E-01
   291 -1152.012898193      1148.07889     -2300.09179     0.9097989004069E-01
   292 -1152.033898001      1147.85104     -2299.88494     0.9139967271936E-01
   293 -1152.001100696      1147.68254     -2299.68364     0.9150946163255E-01
   294 -1151.973692033      1147.65178     -2299.62547     0.9009397537040E-01
   295 -1151.962378680      1147.63998     -2299.60236     0.8816096939461E-01
   296 -1151.963681108      1147.63454     -2299.59822     0.8857466908304E-01
   297 -1151.975387225      1147.64067     -2299.61606     0.9067895116780E-01
   298 -1151.992103540      1147.67191     -2299.66401     0.9193859062107E-01
   299 -1152.026113884      1147.78857     -2299.81469     0.9257494711941E-01
   300 -1152.037452451      1148.02769     -2300.06514     0.9235961028858E-01
   301 -1151.965149904      1148.49592     -2300.46107     0.9186562965246E-01
   302 -1152.008048018      1148.30205     -2300.31010     0.9212461726637E-01
   303 -1152.039972154      1147.92259     -2299.96256     0.9258422746380E-01
   304 -1152.009777461      1147.75871     -2299.76848     0.9214783431556E-01
   305 -1151.981629884      1147.70591     -2299.68754     0.8993862268718E-01
   306 -1151.967090415      1147.69513     -2299.66222     0.8639627013876E-01
   307 -1151.962969825      1147.70735     -2299.67032     0.8447220922398E-01
   308 -1151.966683747      1147.73384     -2299.70052     0.8567771575401E-01
   309 -1151.979143288      1147.76900     -2299.74815     0.8905312407698E-01
   310 -1152.002776877      1147.82014     -2299.82292     0.9238213272312E-01
   311 -1152.033693821      1147.92513     -2299.95883     0.9434211544522E-01
   312 -1152.039591627      1148.19141     -2300.23101     0.9511758420430E-01
   313 -1151.964764569      1148.62080     -2300.58556     0.9535423251642E-01
   314 -1152.024128930      1148.33738     -2300.36151     0.9631185169427E-01
   315 -1152.042519195      1148.00700     -2300.04952     0.9671231064168E-01
   316 -1152.010554316      1147.87578     -2299.88633     0.9489629630639E-01
   317 -1151.982457130      1147.83659     -2299.81904     0.8984744843579E-01
   318 -1151.965895000      1147.82105     -2299.78695     0.8308612609776E-01
   319 -1151.957298590      1147.81169     -2299.76899     0.7752069883159E-01
   320 -1151.952921629      1147.81028     -2299.76320     0.7396203576791E-01
   321 -1151.951101805      1147.82070     -2299.77181     0.7211612094712E-01
   322 -1151.951801436      1147.84410     -2299.79590     0.7177100226016E-01
   323 -1151.955027594      1147.88087     -2299.83590     0.7291508955831E-01
   324 -1151.960364714      1147.93215     -2299.89252     0.7567690069133E-01
   325 -1151.967904930      1147.99603     -2299.96393     0.8032078436993E-01
   326 -1151.979138126      1148.06619     -2300.04533     0.8699333068631E-01
   327 -1151.996249708      1148.14141     -2300.13766     0.9498147325423E-01
   328 -1152.019946454      1148.23838     -2300.25833     0.1020264452156
   329 -1152.041562625      1148.40532     -2300.44688     0.1061347645480
   330 -1152.022337887      1148.72570     -2300.74804     0.1074596451525
   331 -1151.982584616      1148.94420     -2300.92678     0.1075067170223
   332 -1152.039234682      1148.59372     -2300.63295     0.1071519604813
   333 -1152.044739144      1148.46150     -2300.50623     0.1062620733665
   334 -1152.013549134      1148.19486     -2300.20841     0.9866509437210E-01
   335 -1151.985199558      1148.08519     -2300.07039     0.8743360620786E-01
   336 -1151.966927022      1148.00395     -2299.97088     0.7596457560982E-01
   337 -1151.953523823      1147.93927     -2299.89279     0.6596703983447E-01
   338 -1151.941845939      1147.89277     -2299.83461     0.5695812930694E-01
   339 -1151.931385597      1147.86527     -2299.79665     0.4845505149660E-01
   340 -1151.922353975      1147.85488     -2299.77724     0.4024395447089E-01
   341 -1151.914376163      1147.86046     -2299.77484     0.3232996388522E-01
   342 -1151.906913571      1147.87965     -2299.78657     0.2493935803991E-01
   343 -1151.900556348      1147.90577     -2299.80632     0.1855582149536E-01
   344 -1151.896826514      1147.93155     -2299.82837     0.1366460605310E-01
   345 -1151.896467297      1147.95766     -2299.85413     0.9713272979858E-02
   346 -1151.903983635      1147.97894     -2299.88292     0.1247805336658E-01
   347 -1151.924019241      1148.01841     -2299.94243     0.3081524141184E-01
   348 -1151.956245516      1148.07215     -2300.02839     0.6234722587216E-01
   349 -1152.005507977      1148.17226     -2300.17777     0.9926225507833E-01
   350 -1152.052106936      1148.41616     -2300.46827     0.1154994354222
   351 -1151.951490165      1149.12559     -2301.07708     0.1213221736737
   352 -1151.969897817      1149.08062     -2301.05052     0.1262648024423
   353 -1152.054448707      1148.46004     -2300.51449     0.1303042812367
   354 -1152.011080806      1148.24282     -2300.25390     0.1232619629122
   355 -1151.971941836      1148.17566     -2300.14761     0.1045952909390
   356 -1151.947461756      1148.16595     -2300.11341     0.9329377552975E-01
   357 -1151.933517136      1148.18063     -2300.11415     0.8740392852055E-01
   358 -1151.926830239      1148.20490     -2300.13173     0.8304045838379E-01
   359 -1151.924705685      1148.23399     -2300.15870     0.8047481540006E-01
   360 -1151.925966846      1148.26322     -2300.18919     0.8103930561508E-01
   361 -1151.931354731      1148.28677     -2300.21812     0.8552928970379E-01
   362 -1151.941256273      1148.31028     -2300.25154     0.9480399504727E-01
   363 -1151.954603872      1148.35414     -2300.30874     0.1102163170095
   364 -1151.969991928      1148.44173     -2300.41172     0.1333082097256
   365 -1151.984970603      1148.58881     -2300.57378     0.1633091220413
   366 -1151.993579855      1148.79842     -2300.79200     0.1800625617953
   367 -1151.987247810      1149.05389     -2301.04114     0.1737946479597
   368 -1151.965273478      1149.29647     -2301.26175     0.1697636966874
   369 -1151.946136809      1149.43381     -2301.37994     0.1701239576091
   370 -1151.948422864      1149.41315     -2301.36158     0.1738392899264
   371 -1151.964075318      1149.28704     -2301.25112     0.1781734049197
   372 -1151.978703039      1149.13599     -2301.11469     0.1843746186746
   373 -1151.987729379      1149.01364     -2301.00137     0.1857621943059
   374 -1151.992849473      1148.94390     -2300.93675     0.1772872464187
   375 -1151.996509315      1148.92688     -2300.92339     0.1724461792562
   376 -1151.999907383      1148.94580     -2300.94570     0.1728528666492
   377 -1152.004345282      1148.97845     -2300.98280     0.1780924022016
   378 -1152.013123033      1149.00522     -2301.01834     0.1864525109667
   379 -1152.030319517      1149.02851     -2301.05883     0.1904396631344
   380 -1152.051470736      1149.09335     -2301.14482     0.1839765690932
   381 -1152.037684424      1149.30720     -2301.34489     0.1749545635808
   382 -1151.986712356      1149.48395     -2301.47066     0.1669830124479
   383 -1152.047265845      1149.02084     -2301.06811     0.1605907997036
   384 -1152.042706191      1148.69592     -2300.73862     0.1507639482057
   385 -1152.011283467      1148.51049     -2300.52177     0.1330402771940
   386 -1151.986229472      1148.38661     -2300.37284     0.1149019606894
   387 -1151.973583566      1148.26254     -2300.23612     0.1069092130482
   388 -1151.974375631      1148.11746     -2300.09183     0.1106214007830
   389 -1151.988578533      1147.96814     -2299.95672     0.1200246994465
   390 -1152.013618200      1147.86810     -2299.88172     0.1233201535121
   391 -1152.027624295      1147.92235     -2299.94997     0.1210335018268
   392 -1151.963150538      1148.23305     -2300.19620     0.1176601409287
   393 -1151.985035942      1148.03738     -2300.02241     0.1155010016611
   394 -1152.022014774      1147.60929     -2299.63131     0.1149239102359
   395 -1151.994997112      1147.41323     -2299.40822     0.1145989087185
   396 -1151.967538295      1147.31397     -2299.28150     0.1124260188451
   397 -1151.954923903      1147.22934     -2299.18426     0.1073688672389
   398 -1151.956297810      1147.15102     -2299.10732     0.1087102267118
   399 -1151.971042806      1147.09779     -2299.06883     0.1155563165967
   400 -1151.999819062      1147.10133     -2299.10115     0.1184411097551
   401 -1152.032554070      1147.22952     -2299.26208     0.1200394628286
   402 -1152.010338133      1147.62557     -2299.63591     0.1220120627152
   403 -1151.965798230      1147.91527     -2299.88106     0.1260630961726
   404 -1152.050225769      1147.50362     -2299.55384     0.1333319015200
   405 -1152.041067609      1147.35303     -2299.39410     0.1403117954478
   406 -1152.014357368      1147.33330     -2299.34766     0.1448426706076
   407 -1151.998162811      1147.36734     -2299.36551     0.1373503132984
   408 -1151.995269060      1147.43302     -2299.42829     0.1336513338519
   409 -1152.005851003      1147.53274     -2299.53859     0.1416536988658
   410 -1152.030475986      1147.68261     -2299.71309     0.1577918328155
   411 -1152.066285027      1147.91630     -2299.98259     0.1687924549234
   412 -1152.086918212      1148.32275     -2300.40967     0.1769268578714
   413 -1152.019023743      1148.97689     -2300.99591     0.1848465310523
   414 -1152.055021168      1149.00142     -2301.05644     0.1905210143598
   415 -1152.079762013      1148.81449     -2300.89425     0.1948050058880
   416 -1152.042389975      1148.83588     -2300.87827     0.1956871456604
   417 -1152.005010272      1148.94019     -2300.94520     0.1808884725133
   418 -1151.982142473      1149.06128     -2301.04342     0.1649092856332
   419 -1151.974481128      1149.17999     -2301.15447     0.1630564129525
   420 -1151.981427875      1149.29374     -2301.27517     0.1760702868147
   421 -1152.002856304      1149.40739     -2301.41024     0.1999601520004
   422 -1152.034473538      1149.54305     -2301.57753     0.2123858604575
   423 -1152.044308224      1149.78883     -2301.83314     0.2118994784538
   424 -1151.977598168      1150.15174     -2302.12934     0.2089252934995
   425 -1152.028714851      1149.83540     -2301.86412     0.2079722146056
   426 -1152.049416824      1149.45359     -2301.50301     0.2070944986990
   427 -1152.025585334      1149.22382     -2301.24941     0.2035889182661
   428 -1152.002581835      1149.07327     -2301.07585     0.1885452041633
   429 -1151.989200431      1148.95229     -2300.94149     0.1675464237007
   430 -1151.985153580      1148.84021     -2300.82537     0.1589913500600
   431 -1151.990922733      1148.72480     -2300.71572     0.1623339070774
   432 -1152.007396172      1148.61100     -2300.61839     0.1663556553515
   433 -1152.033731865      1148.52787     -2300.56160     0.1596108497980
   434 -1152.061843270      1148.53327     -2300.59511     0.1521039760858
   435 -1152.047498015      1148.75198     -2300.79948     0.1454075979263
   436 -1151.970863909      1149.02141     -2300.99227     0.1400565473254
   437 -1152.056332562      1148.46487     -2300.52120     0.1367464203014
   438 -1152.051445047      1148.11410     -2300.16554     0.1346886243362
   439 -1152.011598267      1147.90839     -2299.91999     0.1321152316658
   440 -1151.978583597      1147.77143     -2299.75001     0.1288038258917
   441 -1151.959372089      1147.65709     -2299.61646     0.1238829891080
   442 -1151.953056188      1147.56230     -2299.51535     0.1209239463364
   443 -1151.959413924      1147.49800     -2299.45742     0.1197257923165
   444 -1151.979568968      1147.47901     -2299.45857     0.1165557358239
   445 -1152.010429159      1147.53677     -2299.54720     0.1135947998675
   446 -1152.019637524      1147.77278     -2299.79242     0.1107301507983
   447 -1151.929223432      1148.23043     -2300.15965     0.1081365459871
   448 -1151.992938052      1147.84806     -2299.84100     0.1070759243111
   449 -1152.008084238      1147.45022     -2299.45830     0.1072359984920
   450 -1151.969095780      1147.23848     -2299.20758     0.1079320568014
   451 -1151.936750785      1147.15274     -2299.08949     0.1089828444182
   452 -1151.921105317      1147.13013     -2299.05124     0.1103776374153
   453 -1151.921048147      1147.15051     -2299.07156     0.1124062244130
   454 -1151.935435353      1147.20420     -2299.13964     0.1154570721108
   455 -1151.964285006      1147.28825     -2299.25254     0.1191381769816
   456 -1152.005813775      1147.41837     -2299.42418     0.1229448164708
   457 -1152.033543307      1147.69159     -2299.72513     0.1268123437379
   458 -1151.948835218      1148.26375     -2300.21258     0.1310453597838
   459 -1152.008713826      1148.05640     -2300.06512     0.1362123533226
   460 -1152.043598263      1147.72468     -2299.76828     0.1411478908372
   461 -1152.008636711      1147.68782     -2299.69645     0.1469207798814
   462 -1151.978219516      1147.79235     -2299.77057     0.1496659438044
   463 -1151.963066681      1147.95050     -2299.91356     0.1350255584900
   464 -1151.961153183      1148.12427     -2300.08542     0.1326377215942
   465 -1151.972675524      1148.28601     -2300.25869     0.1453064859935
   466 -1151.999881472      1148.42620     -2300.42608     0.1729974327668
   467 -1152.040687468      1148.58653     -2300.62722     0.1818480460503
   468 -1152.063438991      1148.91090     -2300.97434     0.1837069239284
   469 -1151.960287967      1149.56812     -2301.52840     0.1839409434843
   470 -1152.041580861      1149.32387     -2301.36545     0.1849648600120
   471 -1152.061508734      1149.08802     -2301.14952     0.1859784040905
   472 -1152.018807424      1149.11539     -2301.13420     0.1849878772998
   473 -1151.981684203      1149.22619     -2301.20787     0.1659218687619
   474 -1151.960187142      1149.32493     -2301.28512     0.1472606093416
   475 -1151.953550924      1149.38336     -2301.33691     0.1446216275146
   476 -1151.961348878      1149.40917     -2301.37052     0.1582551663271
   477 -1151.985268039      1149.43251     -2301.41778     0.1826877885605
   478 -1152.022120526      1149.51251     -2301.53463     0.1886283552060
   479 -1152.022789037      1149.81387     -2301.83666     0.1894796500900
   480 -1151.901165861      1150.32359     -2302.22476     0.1894597252795
   481 -1152.026703736      1149.69495     -2301.72165     0.1870234905315
   482 -1152.022537534      1149.42827     -2301.45081     0.1836607192436
   483 -1151.980447887      1149.20698     -2301.18742     0.1745392055283
   484 -1151.950299764      1149.04554     -2300.99584     0.1430371654431
   485 -1151.937828388      1148.88509     -2300.82292     0.1231253835027
   486 -1151.940722860      1148.71375     -2300.65447     0.1199425709957
   487 -1151.957573907      1148.54047     -2300.49804     0.1321040255076
   488 -1151.988334996      1148.38893     -2300.37726     0.1517252069934
   489 -1152.031458195      1148.30122     -2300.33268     0.1515788719258
   490 -1152.059283947      1148.39182     -2300.45110     0.1484924077976
   491 -1151.957172662      1148.84410     -2300.80127     0.1453724777854
   492 -1152.031285024      1148.39220     -2300.42348     0.1435427523012
   493 -1152.059910880      1147.86464     -2299.92455     0.1423866089095
   494 -1152.017157108      1147.57224     -2299.58940     0.1409714926244
   495 -1151.979903082      1147.40045     -2299.38035     0.1367332499944
   496 -1151.957835097      1147.27187     -2299.22970     0.1224896463873
   497 -1151.948352740      1147.16971     -2299.11806     0.1157068755978
   498 -1151.950297946      1147.09121     -2299.04151     0.1198503093398
   499 -1151.965457227      1147.03640     -2299.00185     0.1305681342719
   500 -1151.996314777      1147.01870     -2299.01501     0.1339880243880
   501 -1152.036108652      1147.09701     -2299.13312     0.1328888171771
   502 -1152.024456693      1147.45955     -2299.48400     0.1310165163516
   503 -1151.916476152      1147.94213     -2299.85860     0.1282426649735
   504 -1152.043246742      1147.31874     -2299.36198     0.1286417912009
   505 -1152.032152472      1147.13627     -2299.16843     0.1288643944939
   506 -1151.991394874      1147.09681     -2299.08820     0.1284516638490
   507 -1151.960658657      1147.14113     -2299.10178     0.1244189301018
   508 -1151.944341748      1147.21232     -2299.15667     0.1154065846995
   509 -1151.940968753      1147.29262     -2299.23358     0.1116117372859
   510 -1151.948795769      1147.38817     -2299.33696     0.1169665234411
   511 -1151.967760626      1147.51204     -2299.47981     0.1309999337590
   512 -1151.999650272      1147.67712     -2299.67677     0.1439621207454
   513 -1152.042061091      1147.91554     -2299.95760     0.1509889451279
   514 -1152.055156038      1148.35694     -2300.41210     0.1577377026858
   515 -1151.935416834      1149.07329     -2301.00870     0.1647244653827
   516 -1152.047214324      1148.65706     -2300.70427     0.1694897783001
   517 -1152.053784877      1148.40231     -2300.45610     0.1736120540016
   518 -1152.013705641      1148.32553     -2300.33923     0.1785659127800
   519 -1151.981298322      1148.35559     -2300.33689     0.1541731295325
   520 -1151.962746331      1148.44224     -2300.40498     0.1319367394535
   521 -1151.956784551      1148.56521     -2300.52200     0.1233613202294
   522 -1151.962528708      1148.70735     -2300.66988     0.1266036008449
   523 -1151.979504107      1148.85372     -2300.83322     0.1425400725298
   524 -1152.007321515      1149.00076     -2301.00808     0.1745877891021
   525 -1152.044319621      1149.17332     -2301.21764     0.2178802518253
   526 -1152.072419935      1149.46291     -2301.53533     0.2308208718352
   527 -1151.993389835      1150.09595     -2302.08934     0.2277757689644
   528 -1151.971495475      1150.25598     -2302.22748     0.2227272895813
   529 -1152.050692055      1149.79298     -2301.84367     0.2197610227562
   530 -1152.017052655      1149.69235     -2301.70940     0.2058958590519
   531 -1151.977820184      1149.70101     -2301.67883     0.1599829804276
   532 -1151.952717370      1149.69837     -2301.65108     0.1270180457989
   533 -1151.942727791      1149.61546     -2301.55819     0.1116993032901
   534 -1151.947197543      1149.43026     -2301.37746     0.1111449444655
   535 -1151.963191664      1149.17864     -2301.14183     0.1245205791708
   536 -1151.990246345      1148.92039     -2300.91063     0.1518262843700
   537 -1152.030608839      1148.71499     -2300.74559     0.1824232005212
   538 -1152.074652217      1148.64775     -2300.72240     0.1921890400079
   539 -1152.042650264      1148.92822     -2300.97087     0.1915523839281
   540 -1151.962494787      1149.12044     -2301.08294     0.1878894684624
   541 -1152.085860722      1148.30680     -2300.39266     0.1787930243834
   542 -1152.061060404      1147.95294     -2300.01400     0.1650333591464
   543 -1152.017522282      1147.68994     -2299.70747     0.1457242665566
   544 -1151.983296535      1147.48962     -2299.47292     0.1265865915311
   545 -1151.958728015      1147.34419     -2299.30292     0.1125077609230
   546 -1151.943528799      1147.25364     -2299.19717     0.1050894484626
   547 -1151.937918628      1147.21696     -2299.15488     0.1033764908275
   548 -1151.941158359      1147.23041     -2299.17157     0.1052585236420
   549 -1151.951963628      1147.28512     -2299.23709     0.1083791970730
   550 -1151.969770498      1147.36837     -2299.33814     0.1118592500286
   551 -1151.993776796      1147.47935     -2299.47312     0.1162203983998
   552 -1152.010999719      1147.67085     -2299.68185     0.1213937279192
   553 -1151.959215141      1148.07958     -2300.03880     0.1205745871175
   554 -1151.915496015      1148.22077     -2300.13627     0.1160961670074
   555 -1151.978347940      1147.78115     -2299.75950     0.1159781360624
   556 -1151.967297693      1147.62896     -2299.59626     0.1174520299983
   557 -1151.947792277      1147.59944     -2299.54723     0.1144232022496
   558 -1151.937455296      1147.62247     -2299.55993     0.1112832489580
   559 -1151.934203439      1147.65637     -2299.59058     0.1094360217776
   560 -1151.935812309      1147.68109     -2299.61691     0.1087399649967
   561 -1151.941446488      1147.69544     -2299.63688     0.1088807225903
   562 -1151.951377816      1147.71768     -2299.66905     0.1096287602195
   563 -1151.967093820      1147.77812     -2299.74522     0.1111139166175
   564 -1151.990699099      1147.90834     -2299.89904     0.1140381892995
   565 -1152.019107319      1148.14177     -2300.16088     0.1196675840869
   566 -1152.030142149      1148.52407     -2300.55421     0.1287559264458
   567 -1152.009407061      1148.95118     -2300.96059     0.1410884328624
   568 -1152.040904687      1148.98600     -2301.02690     0.1556924764922
   569 -1152.052886588      1148.93678     -2300.98966     0.1690037611984
   570 -1152.028569124      1149.02895     -2301.05752     0.1675608236668
   571 -1151.998137180      1149.21457     -2301.21271     0.1469646114217
   572 -1151.972114945      1149.45228     -2301.42439     0.1324542119529
   573 -1151.952836331      1149.71952     -2301.67236     0.1299717443661
   574 -1151.944201948      1149.98599     -2301.93019     0.1413570215484
   575 -1151.951397190      1150.21942     -2302.17082     0.1651194506864
   576 -1151.970467702      1150.41473     -2302.38520     0.1862849628128
   577 -1151.968328264      1150.61395     -2302.58227     0.1935570966920
   578 -1151.959903526      1150.57786     -2302.53776     0.1948607549213
   579 -1152.018201933      1149.98263     -2302.00083     0.1932132566203
   580 -1152.030001300      1149.41857     -2301.44857     0.1833183668646
   581 -1152.017288604      1148.94286     -2300.96015     0.1583144780623
   582 -1152.002462025      1148.57459     -2300.57705     0.1345332450566
   583 -1151.991618704      1148.29588     -2300.28750     0.1203118676284
   584 -1151.987641592      1148.08990     -2300.07754     0.1155521282671
   585 -1151.992626460      1147.94798     -2299.94061     0.1203435307138
   586 -1152.005148306      1147.88270     -2299.88785     0.1247749558269
   587 -1152.015383242      1147.92814     -2299.94353     0.1146581197076
   588 -1151.993440031      1148.12981     -2300.12325     0.1043526655690
   589 -1151.945125905      1148.28860     -2300.23373     0.9593643970732E-01
   590 -1151.968842867      1147.98469     -2299.95353     0.8991499268823E-01
   591 -1151.967853671      1147.69416     -2299.66201     0.8612461239594E-01
   592 -1151.942641022      1147.52505     -2299.46769     0.8293875088432E-01
   593 -1151.921945922      1147.43520     -2299.35714     0.8015346501007E-01
   594 -1151.915097786      1147.38697     -2299.30207     0.7969477124124E-01
   595 -1151.922003912      1147.37802     -2299.30003     0.8342150183089E-01
   596 -1151.940998452      1147.42087     -2299.36187     0.8855922026601E-01
   597 -1151.967780736      1147.54064     -2299.50842     0.9356575676854E-01
   598 -1151.979285851      1147.80435     -2299.78363     0.9926967219806E-01
   599 -1151.934737895      1148.20994     -2300.14468     0.1064521211597
   600 -1151.968130119      1148.12996     -2300.09809     0.1155680785517
   601 -1151.999378446      1147.87301     -2299.87239     0.1257426116156
   602 -1151.983810027      1147.78397     -2299.76778     0.1379755297326
   603 -1151.966972795      1147.80533     -2299.77230     0.1407428166950
   604 -1151.961851126      1147.89717     -2299.85902     0.1326225749269
   605 -1151.969145771      1148.06028     -2300.02942     0.1387389000875
   606 -1151.988136233      1148.30508     -2300.29322     0.1578765806887
   607 -1152.015809320      1148.64492     -2300.66073     0.1796994045972
   608 -1152.039896377      1149.09967     -2301.13957     0.1882326450913
   609 -1152.028701498      1149.67362     -2301.70232     0.1927225098240
   610 -1151.992970102      1150.09186     -2302.08483     0.1967605186749
   611 -1151.992043208      1150.03604     -2302.02809     0.1993570195847
   612 -1151.972710606      1149.87036     -2301.84307     0.1907601314466
   613 -1151.951217197      1149.69525     -2301.64647     0.1610440429221
   614 -1151.945466785      1149.50350     -2301.44897     0.1363010854916
   615 -1151.956270310      1149.30358     -2301.25985     0.1271394397786
   616 -1151.979018711      1149.11572     -2301.09474     0.1334934637389
   617 -1152.008902902      1148.96111     -2300.97001     0.1535147377455
   618 -1152.041618132      1148.85911     -2300.90072     0.1765538675599
   619 -1152.063829052      1148.85186     -2300.91569     0.1756653122011
   620 -1152.028290814      1149.02658     -2301.05487     0.1645332846138
   621 -1151.983397473      1149.02122     -2301.00462     0.1529741854703
   622 -1152.021034102      1148.50511     -2300.52614     0.1433349527079
   623 -1151.995886127      1148.20635     -2300.20223     0.1349351232894
   624 -1151.955918226      1148.06759     -2300.02351     0.1156825880044
   625 -1151.927875775      1148.00559     -2299.93346     0.9301995330371E-01
   626 -1151.914879496      1147.96474     -2299.87962     0.8372378291909E-01
   627 -1151.916357014      1147.91823     -2299.83459     0.8655935151400E-01
   628 -1151.932086747      1147.87034     -2299.80242     0.1008071432759
   629 -1151.959654018      1147.86220     -2299.82185     0.1110847029799
   630 -1151.985171514      1147.96915     -2299.95432     0.1086314907909
   631 -1151.976331862      1148.23233     -2300.20866     0.1077271230340
   632 -1151.985515722      1148.27719     -2300.26270     0.1092441173267
   633 -1152.017515372      1148.02352     -2300.04103     0.1126461462127
   634 -1152.004196560      1147.86429     -2299.86848     0.1158351926265
   635 -1151.980311907      1147.78549     -2299.76580     0.9965662731033E-01
   636 -1151.964199020      1147.75261     -2299.71681     0.7713147211985E-01
   637 -1151.959480297      1147.76161     -2299.72109     0.6928315891452E-01
   638 -1151.966360826      1147.82766     -2299.79402     0.7646807553120E-01
   639 -1151.984334591      1147.97298     -2299.95732     0.9839300838082E-01
   640 -1152.011676772      1148.21956     -2300.23124     0.1332124763983
   641 -1152.039836471      1148.59442     -2300.63426     0.1607471577739
   642 -1152.034682950      1149.15065     -2301.18534     0.1610471896907
   643 -1151.973473651      1149.73805     -2301.71152     0.1590703773111
   644 -1152.006401296      1149.67654     -2301.68294     0.1561757769423
   645 -1151.996132235      1149.54918     -2301.54531     0.1453829762960
   646 -1151.952733424      1149.51342     -2301.46615     0.1115634654684
   647 -1151.920302689      1149.48854     -2301.40884     0.7788153649900E-01
   648 -1151.909958411      1149.43448     -2301.34443     0.6078575839344E-01
   649 -1151.920362479      1149.34730     -2301.26767     0.6091141326940E-01
   650 -1151.946804018      1149.23947     -2301.18627     0.7838413509596E-01
   651 -1151.984131243      1149.13503     -2301.11916     0.1131008815443
   652 -1152.021857768      1149.07978     -2301.10164     0.1450345868162
   653 -1152.024971890      1149.15902     -2301.18399     0.1475110712486
   654 -1151.989314297      1149.20313     -2301.19245     0.1437479746165
   655 -1152.022942024      1148.73444     -2300.75738     0.1394427722549
   656 -1152.011303117      1148.34025     -2300.35155     0.1341492648827
   657 -1151.974363695      1148.10248     -2300.07685     0.1054123404902
   658 -1151.943878128      1147.97822     -2299.92210     0.7024200810777E-01
   659 -1151.926426146      1147.92466     -2299.85108     0.5319721501084E-01
   660 -1151.921531947      1147.91465     -2299.83619     0.5101176418750E-01
   661 -1151.929197276      1147.92858     -2299.85778     0.6204042621437E-01
   662 -1151.950547593      1147.96038     -2299.91093     0.8851477710718E-01
   663 -1151.981761796      1148.04021     -2300.02197     0.1052754923087
   664 -1151.993900612      1148.27247     -2300.26637     0.1058305513296
   665 -1151.930017209      1148.69627     -2300.62629     0.1080716130829
   666 -1151.976770433      1148.51088     -2300.48765     0.1128276989446
   667 -1152.006332890      1148.22746     -2300.23379     0.1187874292037
   668 -1151.983401624      1148.16096     -2300.14436     0.1151636920516
   669 -1151.960458334      1148.21339     -2300.17384     0.9099435754814E-01
   670 -1151.950248330      1148.30211     -2300.25236     0.8009352527550E-01
   671 -1151.953682419      1148.39727     -2300.35095     0.8508367297547E-01
   672 -1151.970494142      1148.50297     -2300.47346     0.1063536438842
   673 -1151.999953309      1148.65136     -2300.65131     0.1418070684847
   674 -1152.033970709      1148.90642     -2300.94039     0.1708180616494
   675 -1152.024994463      1149.40235     -2301.42734     0.1785165809923
   676 -1151.949260693      1149.95549     -2301.90475     0.1793405956003
   677 -1152.025786387      1149.67274     -2301.69852     0.1768475029293
   678 -1152.015653127      1149.51133     -2301.52699     0.1667287428033
   679 -1151.975945460      1149.42657     -2301.40251     0.1328118243822
   680 -1151.949694065      1149.31501     -2301.26470     0.1028150525135
   681 -1151.942948721      1149.14914     -2301.09209     0.9189978996666E-01
   682 -1151.954106701      1148.94780     -2300.90190     0.9921392961083E-01
   683 -1151.981833393      1148.74581     -2300.72764     0.1240238202065
   684 -1152.023303384      1148.59276     -2300.61606     0.1595244882357
   685 -1152.061959098      1148.57374     -2300.63570     0.1751754999400
   686 -1152.030351849      1148.83627     -2300.86663     0.1746009522827
   687 -1151.994183764      1148.86854     -2300.86272     0.1691111932750
   688 -1152.057782319      1148.24169     -2300.29947     0.1603129581204
   689 -1152.028887086      1147.87707     -2299.90596     0.1483478396242
   690 -1151.986189845      1147.63660     -2299.62279     0.1243457311942
   691 -1151.954296605      1147.48777     -2299.44207     0.9726162997866E-01
   692 -1151.936551759      1147.41921     -2299.35576     0.8461664777694E-01
   693 -1151.935161509      1147.42381     -2299.35897     0.8741978076250E-01
   694 -1151.951483336      1147.50033     -2299.45181     0.1027630149054
   695 -1151.982668357      1147.66408     -2299.64675     0.1140388850396
   696 -1152.005453410      1147.98009     -2299.98554     0.1151303195577
   697 -1151.942805063      1148.54019     -2300.48299     0.1149198663008
   698 -1151.954827607      1148.51980     -2300.47463     0.1158716946787
   699 -1152.007552025      1148.03866     -2300.04621     0.1170118139300
   700 -1151.983657316      1147.78407     -2299.76772     0.1158630929715
   701 -1151.953082046      1147.68400     -2299.63708     0.1043938603310
   702 -1151.936349176      1147.68452     -2299.62087     0.9191429699573E-01
   703 -1151.936209151      1147.75978     -2299.69599     0.9237232795112E-01
   704 -1151.951963237      1147.89679     -2299.84875     0.1069275250453
   705 -1151.981560135      1148.09483     -2300.07639     0.1329077193577
   706 -1152.018983177      1148.37030     -2300.38928     0.1544803998827
   707 -1152.044017697      1148.77013     -2300.81415     0.1656305325190
   708 -1151.998142669      1149.35579     -2301.35393     0.1725496196337
   709 -1151.990609239      1149.50395     -2301.49456     0.1761593798333
   710 -1152.034390569      1149.18270     -2301.21709     0.1791007670136
   711 -1151.999910708      1149.11014     -2301.11005     0.1806851165040
   712 -1151.957832516      1149.16318     -2301.12102     0.1632603469984
   713 -1151.932992158      1149.23347     -2301.16646     0.1385178047662
   714 -1151.928164099      1149.27057     -2301.19874     0.1286061998693
   715 -1151.940466042      1149.26410     -2301.20456     0.1326327477969
   716 -1151.965500747      1149.22979     -2301.19529     0.1512686937959
   717 -1152.000347781      1149.19021     -2301.19056     0.1830974908366
   718 -1152.037271168      1149.18707     -2301.22434     0.1817900535262
   719 -1152.032356626      1149.34562     -2301.37798     0.1787521038375
   720 -1151.970358873      1149.50584     -2301.47620     0.1742320881630
   721 -1152.044948259      1148.89767     -2300.94262     0.1675768210767
   722 -1152.038309336      1148.48876     -2300.52707     0.1604047607688
   723 -1152.000733861      1148.23461     -2300.23534     0.1503115785519
   724 -1151.971248865      1148.08354     -2300.05479     0.1199618068236
   725 -1151.953838973      1147.99925     -2299.95308     0.9585246250527E-01
   726 -1151.945348861      1147.96595     -2299.91130     0.8426919143404E-01
   727 -1151.944510777      1147.95933     -2299.90385     0.8239996452361E-01
   728 -1151.953460262      1147.95052     -2299.90398     0.8948802297797E-01
   729 -1151.972104381      1147.94359     -2299.91569     0.1059354401997
   730 -1151.997168917      1147.98071     -2299.97788     0.1185811790427
   731 -1152.020476536      1148.12039     -2300.14086     0.1187245805813
   732 -1152.001112288      1148.46444     -2300.46555     0.1183845241802
   733 -1151.948048684      1148.77020     -2300.71824     0.1208669507483
   734 -1152.017471600      1148.42112     -2300.43859     0.1260940079515
   735 -1152.015104698      1148.26445     -2300.27955     0.1285013303823
   736 -1151.986756813      1148.25151     -2300.23826     0.1161954528368
   737 -1151.967324589      1148.26844     -2300.23576     0.9591633108848E-01
   738 -1151.956183982      1148.29752     -2300.25371     0.8424534853825E-01
   739 -1151.948927383      1148.36302     -2300.31194     0.8114033279085E-01
   740 -1151.948437086      1148.47247     -2300.42090     0.8584296219658E-01
   741 -1151.958536267      1148.63099     -2300.58952     0.1003388916467
   742 -1151.979981705      1148.85706     -2300.83704     0.1286985006470
   743 -1152.005926421      1149.18593     -2301.19185     0.1643625610110
   744 -1152.004323637      1149.68772     -2301.69204     0.1778459964829
   745 -1151.930437000      1150.29356     -2302.22400     0.1801917282189
   746 -1151.980869480      1150.10538     -2302.08625     0.1830765490269
   747 -1152.001775191      1149.72036     -2301.72213     0.1821502925257
   748 -1151.968401029      1149.44268     -2301.41108     0.1476994376799
   749 -1151.938293533      1149.23710     -2301.17539     0.1096897544374
   750 -1151.926031774      1149.05021     -2300.97624     0.8945337733395E-01
   751 -1151.929191693      1148.87589     -2300.80508     0.8271587639655E-01
   752 -1151.941967544      1148.72597     -2300.66794     0.8651342686964E-01
   753 -1151.959969622      1148.60677     -2300.56674     0.1023467632052
   754 -1151.986912496      1148.49563     -2300.48254     0.1353645166414
   755 -1152.028392891      1148.38657     -2300.41497     0.1811692187520
   756 -1152.058297195      1148.40410     -2300.46240     0.1759066128316
   757 -1151.980981397      1148.75230     -2300.73328     0.1668442957081
   758 -1152.004434087      1148.48558     -2300.49001     0.1589956380595
   759 -1152.045632143      1147.94083     -2299.98647     0.1524587998954
   760 -1152.005579302      1147.71863     -2299.72420     0.1346561475903
   761 -1151.964249025      1147.65535     -2299.61960     0.9096143572485E-01
   762 -1151.938951289      1147.63446     -2299.57341     0.6612804973456E-01
   763 -1151.929772509      1147.61265     -2299.54242     0.5816175922212E-01
   764 -1151.932085079      1147.60117     -2299.53325     0.6212531984967E-01
   765 -1151.944987692      1147.62287     -2299.56786     0.7831761363611E-01
   766 -1151.972274884      1147.69452     -2299.66679     0.1086192997928
   767 -1152.012157127      1147.85551     -2299.86767     0.1318732813203
   768 -1152.025368978      1148.23563     -2300.26100     0.1381563558330
   769 -1151.937136627      1148.83742     -2300.77456     0.1435067322374
   770 -1152.030551112      1148.50122     -2300.53177     0.1500696439432
   771 -1152.041423053      1148.25737     -2300.29879     0.1547453103752
   772 -1152.008760805      1148.17752     -2300.18628     0.1438895916657
   773 -1151.980410414      1148.19867     -2300.17908     0.1166211197051
   774 -1151.962562291      1148.28016     -2300.24272     0.1003121070920
   775 -1151.955719406      1148.40381     -2300.35953     0.9658751685137E-01
   776 -1151.960182835      1148.56431     -2300.52449     0.1053287662067
   777 -1151.976233385      1148.76657     -2300.74281     0.1291845740480
   778 -1152.004219970      1149.02254     -2301.02676     0.1699656284496
   779 -1152.036218845      1149.36686     -2301.40308     0.2010511845187
   780 -1152.004044821      1149.94414     -2301.94818     0.2079080449136
   781 -1151.920855035      1150.33968     -2302.26053     0.2102685012185
   782 -1152.033959932      1149.62894     -2301.66290     0.2073203795452
   783 -1152.015761714      1149.30642     -2301.32218     0.1942324386362
   784 -1151.977923314      1149.02390     -2301.00182     0.1555218879551
   785 -1151.951366661      1148.79763     -2300.74900     0.1232570957242
   786 -1151.938248856      1148.61434     -2300.55259     0.1073783060067
   787 -1151.936878823      1148.47660     -2300.41348     0.1038116728990
   788 -1151.945741692      1148.38903     -2300.33477     0.1108783279997
   789 -1151.964683720      1148.34919     -2300.31388     0.1304134114911
   790 -1151.995287600      1148.34978     -2300.34507     0.1539937065198
   791 -1152.025580841      1148.43118     -2300.45676     0.1499815712710
   792 -1151.974620646      1148.77312     -2300.74774     0.1431037650554
   793 -1151.939867540      1148.75783     -2300.69770     0.1373151056447
   794 -1152.020476538      1148.03648     -2300.05696     0.1328642310092
   795 -1151.994379770      1147.72396     -2299.71834     0.1293798537274
   796 -1151.957689156      1147.57686     -2299.53455     0.1024660555536
   797 -1151.933888676      1147.52771     -2299.46160     0.6997091313342E-01
   798 -1151.922449774      1147.52158     -2299.44403     0.5343226573448E-01
   799 -1151.923312863      1147.51459     -2299.43790     0.5110592855378E-01
   800 -1151.937650368      1147.49153     -2299.42918     0.6304902833392E-01
   801 -1151.965233749      1147.48196     -2299.44719     0.9207521909933E-01
   802 -1152.005851586      1147.54528     -2299.55113     0.1359209478061
   803 -1152.046557943      1147.78189     -2299.82845     0.1536995149602
   804 -1152.006284843      1148.38697     -2300.39326     0.1612685184680
   805 -1151.987974688      1148.69409     -2300.68206     0.1681469037827
   806 -1152.063610386      1148.37796     -2300.44157     0.1725833714823
   807 -1152.029142205      1148.37883     -2300.40798     0.1575200107105
   808 -1151.988625054      1148.45681     -2300.44543     0.1026001676540
   809 -1151.958486424      1148.55187     -2300.51036     0.6491468848909E-01
   810 -1151.934179363      1148.68075     -2300.61493     0.4465213444491E-01
   811 -1151.918436704      1148.83791     -2300.75635     0.3751240155353E-01
   812 -1151.916169122      1149.00441     -2300.92058     0.4182531726200E-01
   813 -1151.930007703      1149.16992     -2301.09993     0.5968896095202E-01
   814 -1151.958853392      1149.33827     -2301.29713     0.9584974194508E-01
   815 -1151.997190695      1149.51898     -2301.51617     0.1495266027517
   816 -1152.021890990      1149.74630     -2301.76820     0.1829521439452
   817 -1151.954668415      1150.08962     -2302.04429     0.1862822125889
   818 -1151.996264087      1149.66890     -2301.66516     0.1867361710306
   819 -1152.037109737      1149.00705     -2301.04416     0.1840295620186
   820 -1152.009095614      1148.58126     -2300.59036     0.1608978640252
   821 -1151.980773916      1148.32621     -2300.30698     0.1216895745940
   822 -1151.965528712      1148.17787     -2300.14340     0.9863306667093E-01
   823 -1151.958659654      1148.11242     -2300.07108     0.8843277209497E-01
   824 -1151.953134070      1148.10541     -2300.05855     0.8642988074053E-01
   825 -1151.948105929      1148.10353     -2300.05164     0.9037197678202E-01
   826 -1151.949927137      1148.04839     -2299.99831     0.9920216232146E-01
   827 -1151.955242544      1147.96623     -2299.92147     0.1119198539319
   828 -1151.957648452      1147.92839     -2299.88604     0.1263999426835
   829 -1151.958777358      1147.97108     -2299.92986     0.1361571194668
   830 -1151.961412988      1148.10331     -2300.06472     0.1359606794233
   831 -1151.963847213      1148.33470     -2300.29855     0.1322998460890
   832 -1151.950841514      1148.70049     -2300.65133     0.1288243614878
   833 -1151.908791361      1149.13141     -2301.04020     0.1278648998489
   834 -1151.915394414      1149.21533     -2301.13072     0.1306711911452
   835 -1151.935770791      1149.04508     -2300.98085     0.1367378570144
   836 -1151.948998197      1148.82609     -2300.77509     0.1465551378906
   837 -1151.955387329      1148.65206     -2300.60744     0.1594057362490
   838 -1151.957652108      1148.54103     -2300.49869     0.1728630940281
   839 -1151.958738111      1148.50371     -2300.46245     0.1796244130214
   840 -1151.961122052      1148.54660     -2300.50772     0.1752883451475
   841 -1151.965611493      1148.66928     -2300.63489     0.1689762845790
   842 -1151.969205428      1148.86608     -2300.83528     0.1649323964040
   843 -1151.969324807      1149.10102     -2301.07035     0.1668088075479
   844 -1151.981272746      1149.26250     -2301.24377     0.1786459049838
   845 -1152.013629920      1149.31157     -2301.32520     0.1968701001714
   846 -1152.039378366      1149.40223     -2301.44161     0.2039618760443
   847 -1152.017273261      1149.68332     -2301.70060     0.2051083192120
   848 -1151.968010894      1149.89028     -2301.85829     0.2037011173015
   849 -1152.020177126      1149.48453     -2301.50470     0.2005215866205
   850 -1152.016048437      1149.19468     -2301.21073     0.1942598755786
   851 -1151.991204951      1149.02535     -2301.01656     0.1723274329450
   852 -1151.971865191      1148.92457     -2300.89643     0.1414870595662
   853 -1151.956316713      1148.85412     -2300.81044     0.1198517743410
   854 -1151.945031579      1148.76250     -2300.70754     0.1116582229675
   855 -1151.950789371      1148.58780     -2300.53859     0.1186192194396
   856 -1151.972152489      1148.37586     -2300.34802     0.1390029727854
   857 -1151.999158535      1148.22699     -2300.22615     0.1534743844744
   858 -1152.018122935      1148.21309     -2300.23121     0.1512693976820
   859 -1152.007125536      1148.29695     -2300.30407     0.1457761373378
   860 -1152.016236514      1148.12504     -2300.14128     0.1400533281473
   861 -1152.017774967      1147.84639     -2299.86416     0.1348616727653
   862 -1151.981550744      1147.73220     -2299.71375     0.1296860917757
   863 -1151.937192476      1147.71131     -2299.64850     0.1168244120744
   864 -1151.920142588      1147.61421     -2299.53435     0.9735140339097E-01
   865 -1151.926757098      1147.45971     -2299.38647     0.9546660585722E-01
   866 -1151.938577683      1147.37437     -2299.31295     0.1077696008398
   867 -1151.959793660      1147.40643     -2299.36622     0.1193545318285
   868 -1151.985325894      1147.60388     -2299.58921     0.1248371330569
   869 -1151.964470712      1148.07079     -2300.03526     0.1293813759376
   870 -1151.947019077      1148.39606     -2300.34308     0.1333015017858
   871 -1152.022108318      1148.18906     -2300.21117     0.1360546553360
   872 -1152.010403579      1148.18669     -2300.19709     0.1378680071154
   873 -1151.996388262      1148.16729     -2300.16368     0.1382978420010
   874 -1151.982992571      1148.14928     -2300.13227     0.1366827501273
   875 -1151.962796578      1148.22724     -2300.19003     0.1351707769514
   876 -1151.949927873      1148.39005     -2300.33998     0.1359885391405
   877 -1151.952033991      1148.61559     -2300.56762     0.1371186597079
   878 -1151.963010708      1148.91435     -2300.87736     0.1379191664331
   879 -1151.951732470      1149.34574     -2301.29747     0.1391671346313
   880 -1151.908193788      1149.79641     -2301.70460     0.1410395112767
   881 -1151.958639423      1149.73973     -2301.69837     0.1430296429438
   882 -1151.978800752      1149.59176     -2301.57056     0.1433053418032
   883 -1151.963102427      1149.44128     -2301.40438     0.1387661605883
   884 -1151.954129093      1149.19591     -2301.15004     0.1256402952239
   885 -1151.943033741      1148.94953     -2300.89256     0.1147398573031
   886 -1151.932787619      1148.74895     -2300.68174     0.1123932303720
   887 -1151.933577065      1148.59495     -2300.52853     0.1181064863408
   888 -1151.950650480      1148.49339     -2300.44404     0.1294111095991
   889 -1151.984730318      1148.47024     -2300.45497     0.1392772493632
   890 -1152.022463087      1148.60195     -2300.62441     0.1417912219146
   891 -1151.995612595      1149.05848     -2301.05409     0.1395539375314
   892 -1151.929544627      1149.41779     -2301.34734     0.1352615263238
   893 -1152.000301319      1148.90782     -2300.90812     0.1312318703297
   894 -1152.001270828      1148.48688     -2300.48816     0.1303346243515
   895 -1151.969527038      1148.18530     -2300.15483     0.1322240221261
   896 -1151.937918080      1148.02615     -2299.96407     0.1371685870544
   897 -1151.921361020      1147.949282554     -2299.870643575
$end
