$energy      SCF               SCFKIN            SCFPOT
     1 -1152.114467382      1148.281717553     -2300.396184935
     2 -1152.101040239      1148.276097252     -2300.377137491
     3 -1152.084505789      1148.226784175     -2300.311289965
     4 -1152.088973909      1148.027973275     -2300.116947184
     5 -1152.093700450      1147.823333661     -2299.917034111
     6 -1152.087703013      1147.743641520     -2299.831344534
     7 -1152.073820744      1147.792851024     -2299.866671768
     8 -1152.063723564      1147.867778985     -2299.931502549
     9 -1152.074288930      1147.857061674     -2299.931350605
    10 -1152.082039115      1147.852999721     -2299.935038836
    11 -1152.066867877      1147.939175148     -2300.006043025
    12 -1152.049157211      1147.997462644     -2300.046619855
    13 -1152.055552153      1147.905545329     -2299.961097482
    14 -1152.067180486      1147.786593755     -2299.853774241
    15 -1152.067836321      1147.782458649     -2299.850294970
    16 -1152.058675869      1147.903662937     -2299.962338806
    17 -1152.053153816      1148.044540871     -2300.097694687
    18 -1152.067925795      1148.098716470     -2300.166642265
    19 -1152.080889735      1148.158278588     -2300.239168323
    20 -1152.073191532      1148.309059730     -2300.382251262
    21 -1152.059431772      1148.455344143     -2300.514775915
    22 -1152.065955772      1148.459751182     -2300.525706954
    23 -1152.078766378      1148.409750687     -2300.488517065
    24 -1152.078236116      1148.456493575     -2300.534729691
    25 -1152.065047180      1148.622293081     -2300.687340261
    26 -1152.053104232      1148.808508226     -2300.861612458
    27 -1152.062053022      1148.900230901     -2300.962283922
    28 -1152.073371292      1148.974336572     -2301.047707864
    29 -1152.064084413      1149.128507598     -2301.192592011
    30 -1152.045708235      1149.274087147     -2301.319795382
    31 -1152.047901604      1149.257469550     -2301.305371154
    32 -1152.057535006      1149.163236971     -2301.220771977
    33 -1152.055506567      1149.147416771     -2301.202923338
    34 -1152.045333657      1149.232798378     -2301.278132035
    35 -1152.037592042      1149.339600893     -2301.377192935
    36 -1152.050462544      1149.350499975     -2301.400962519
    37 -1152.069343540      1149.310922971     -2301.380266511
    38 -1152.064715620      1149.330531078     -2301.395246698
    39 -1152.052718143      1149.308868139     -2301.361586282
    40 -1152.062821002      1149.115628489     -2301.178449491
    41 -1152.073884995      1148.889583696     -2300.963468691
    42 -1152.073511298      1148.769172950     -2300.842684248
    43 -1152.067410790      1148.759602611     -2300.827013401
    44 -1152.062539390      1148.785720433     -2300.848259823
    45 -1152.074483328      1148.735128070     -2300.809611399
    46 -1152.086713477      1148.658230617     -2300.744944095
    47 -1152.073888680      1148.643344986     -2300.717233666
    48 -1152.061995515      1148.558270623     -2300.620266138
    49 -1152.069746228      1148.332470704     -2300.402216932
    50 -1152.073512538      1148.129451316     -2300.202963854
    51 -1152.068270338      1148.049802369     -2300.118072707
    52 -1152.058507932      1148.083446496     -2300.141954428
    53 -1152.052033081      1148.142684064     -2300.194717145
    54 -1152.065467221      1148.117075862     -2300.182543083
    55 -1152.075492861      1148.090516708     -2300.166009569
    56 -1152.062077416      1148.133023769     -2300.195101185
    57 -1152.052891362      1148.104024754     -2300.156916116
    58 -1152.061904624      1147.951637704     -2300.013542328
    59 -1152.067610345      1147.828698116     -2299.896308460
    60 -1152.063803322      1147.830677309     -2299.894480631
    61 -1152.053199780      1147.943187672     -2299.996387452
    62 -1152.049711091      1148.052197181     -2300.101908272
    63 -1152.067696969      1148.068504814     -2300.136201782
    64 -1152.077004254      1148.118671010     -2300.195675265
    65 -1152.063902043      1148.259236855     -2300.323138899
    66 -1152.054521289      1148.350142852     -2300.404664141
    67 -1152.065665623      1148.311065484     -2300.376731107
    68 -1152.076485880      1148.270672702     -2300.347158582
    69 -1152.073458372      1148.337794395     -2300.411252767
    70 -1152.059205704      1148.490347960     -2300.549553663
    71 -1152.057366448      1148.584741527     -2300.642107975
    72 -1152.075227448      1148.581982765     -2300.657210213
    73 -1152.082169356      1148.632470539     -2300.714639895
    74 -1152.073039378      1148.767261582     -2300.840300960
    75 -1152.069162897      1148.857411342     -2300.926574239
    76 -1152.082748015      1148.820505530     -2300.903253544
    77 -1152.095963305      1148.752796370     -2300.848759675
    78 -1152.091888134      1148.764387794     -2300.856275928
    79 -1152.077275200      1148.818376187     -2300.895651387
    80 -1152.081932785      1148.774108154     -2300.856040938
    81 -1152.097840469      1148.683447913     -2300.781288382
    82 -1152.100061813      1148.694607863     -2300.794669676
    83 -1152.090102789      1148.801666239     -2300.891769028
    84 -1152.087011672      1148.874606636     -2300.961618308
    85 -1152.095935832      1148.856117580     -2300.952053412
    86 -1152.101170249      1148.827143421     -2300.928313670
    87 -1152.088628369      1148.869768919     -2300.958397288
    88 -1152.070869151      1148.918378381     -2300.989247531
    89 -1152.074723788      1148.855096209     -2300.929819997
    90 -1152.083541506      1148.776554774     -2300.860096280
    91 -1152.078206716      1148.798969335     -2300.877176051
    92 -1152.067298666      1148.869521477     -2300.936820143
    93 -1152.068015782      1148.869527742     -2300.937543524
    94 -1152.074976732      1148.796814677     -2300.871791410
    95 -1152.077113181      1148.718758263     -2300.795871444
    96 -1152.065000678      1148.691898969     -2300.756899648
    97 -1152.051055456      1148.651275859     -2300.702331314
    98 -1152.057185391      1148.504866730     -2300.562052121
    99 -1152.063661638      1148.360743640     -2300.424405278
   100 -1152.055100262      1148.310901240     -2300.366001502
   101 -1152.047902449      1148.280059490     -2300.327961939
   102 -1152.048390902      1148.217291002     -2300.265681903
   103 -1152.047239068      1148.156015989     -2300.203255057
   104 -1152.046768679      1148.108507232     -2300.155275911
   105 -1152.039472882      1148.105086137     -2300.144559020
   106 -1152.030922100      1148.097421798     -2300.128343898
   107 -1152.039066888      1148.001225736     -2300.040292624
   108 -1152.044295102      1147.911451450     -2299.955746552
   109 -1152.036478320      1147.893272963     -2299.929751283
   110 -1152.037269799      1147.871065934     -2299.908335733
   111 -1152.043899523      1147.861804051     -2299.905703574
   112 -1152.046049082      1147.915020213     -2299.961069295
   113 -1152.051503679      1147.992100417     -2300.043604095
   114 -1152.054159235      1148.083805173     -2300.137964409
   115 -1152.051510693      1148.160511458     -2300.212022150
   116 -1152.059172073      1148.153469553     -2300.212641626
   117 -1152.060335494      1148.152863075     -2300.213198569
   118 -1152.052437149      1148.200714320     -2300.253151468
   119 -1152.056269064      1148.237759717     -2300.294028781
   120 -1152.061415420      1148.319075281     -2300.380490701
   121 -1152.060094877      1148.476556406     -2300.536651283
   122 -1152.062536186      1148.640540398     -2300.703076584
   123 -1152.063237573      1148.785040696     -2300.848278269
   124 -1152.061726186      1148.876797106     -2300.938523292
   125 -1152.070008204      1148.878368822     -2300.948377026
   126 -1152.067645606      1148.902027412     -2300.969673018
   127 -1152.060573348      1148.957196137     -2301.017769485
   128 -1152.065877478      1148.993039339     -2301.058916817
   129 -1152.069311512      1149.069791891     -2301.139103403
   130 -1152.068240075      1149.184704350     -2301.252944426
   131 -1152.072153753      1149.266418045     -2301.338571798
   132 -1152.070248969      1149.316021314     -2301.386270283
   133 -1152.070734606      1149.286285425     -2301.357020031
   134 -1152.078580645      1149.183218184     -2301.261798829
   135 -1152.074167210      1149.128562902     -2301.202730112
   136 -1152.067827337      1149.109350192     -2301.177177529
   137 -1152.073191648      1149.067293910     -2301.140485558
   138 -1152.076725009      1149.035596257     -2301.112321265
   139 -1152.080003756      1148.988864035     -2301.068867790
   140 -1152.085374284      1148.902539985     -2300.987914268
   141 -1152.081420459      1148.809595327     -2300.891015786
   142 -1152.081897455      1148.661023077     -2300.742920532
   143 -1152.090004944      1148.477224268     -2300.567229213
   144 -1152.087775574      1148.373955943     -2300.461731516
   145 -1152.080675942      1148.338856172     -2300.419532114
   146 -1152.081536843      1148.290678379     -2300.372215222
   147 -1152.081578029      1148.227008910     -2300.308586939
   148 -1152.083015571      1148.130246054     -2300.213261625
   149 -1152.084152061      1148.021284502     -2300.105436562
   150 -1152.074285780      1147.958393160     -2300.032678940
   151 -1152.066315685      1147.896925960     -2299.963241645
   152 -1152.072553986      1147.803096643     -2299.875650630
   153 -1152.073246471      1147.773692660     -2299.846939131
   154 -1152.065652905      1147.815756694     -2299.881409599
   155 -1152.062961221      1147.843903609     -2299.906864830
   156 -1152.060451752      1147.842873263     -2299.903325015
   157 -1152.062533798      1147.797376940     -2299.859910738
   158 -1152.067208832      1147.746196722     -2299.813405554
   159 -1152.063929528      1147.763504552     -2299.827434080
   160 -1152.058890775      1147.827927307     -2299.886818083
   161 -1152.067000700      1147.869957881     -2299.936958581
   162 -1152.072226847      1147.943563319     -2300.015790165
   163 -1152.067856503      1148.064658370     -2300.132514874
   164 -1152.066140102      1148.162500899     -2300.228641001
   165 -1152.062745307      1148.229553281     -2300.292298588
   166 -1152.065648220      1148.244840563     -2300.310488783
   167 -1152.072005980      1148.257365520     -2300.329371499
   168 -1152.069570256      1148.351744591     -2300.421314847
   169 -1152.061422352      1148.509770355     -2300.571192707
   170 -1152.065829052      1148.633538625     -2300.699367677
   171 -1152.068822019      1148.755394103     -2300.824216121
   172 -1152.064287637      1148.887347416     -2300.951635054
   173 -1152.060670761      1148.980701128     -2301.041371889
   174 -1152.055257437      1149.029962954     -2301.085220391
   175 -1152.058622060      1149.011691430     -2301.070313490
   176 -1152.062226757      1148.999907415     -2301.062134172
   177 -1152.054119858      1149.070523878     -2301.124643736
   178 -1152.047098978      1149.158979871     -2301.206078849
   179 -1152.055547046      1149.188015993     -2301.243563039
   180 -1152.055928006      1149.236803215     -2301.292731221
   181 -1152.051967695      1149.285210637     -2301.337178333
   182 -1152.050058640      1149.283817662     -2301.333876302
   183 -1152.050118406      1149.217653972     -2301.267772378
   184 -1152.057626616      1149.091781987     -2301.149408602
   185 -1152.059955812      1149.003168756     -2301.063124568
   186 -1152.052340191      1148.992943600     -2301.045283790
   187 -1152.053458994      1148.972015924     -2301.025474918
   188 -1152.064646913      1148.919566108     -2300.984213021
   189 -1152.063959065      1148.912775094     -2300.976734159
   190 -1152.060233857      1148.898082129     -2300.958315987
   191 -1152.058937986      1148.820661683     -2300.879599669
   192 -1152.058208606      1148.682243997     -2300.740452603
   193 -1152.062290782      1148.508702110     -2300.570992892
   194 -1152.061977393      1148.391587736     -2300.453565129
   195 -1152.051937152      1148.374725661     -2300.426662813
   196 -1152.045232001      1148.383547632     -2300.428779633
   197 -1152.049463069      1148.358987943     -2300.408451012
   198 -1152.046342167      1148.351200671     -2300.397542837
   199 -1152.043166576      1148.320029140     -2300.363195717
   200 -1152.043214196      1148.248710143     -2300.291924338
   201 -1152.039304259      1148.177557499     -2300.216861758
   202 -1152.042321477      1148.088977356     -2300.131298833
   203 -1152.051978272      1148.011353400     -2300.063331672
   204 -1152.054461525      1148.017589123     -2300.072050648
   205 -1152.053182894      1148.079054478     -2300.132237372
   206 -1152.059783437      1148.112160858     -2300.171944295
   207 -1152.062500519      1148.125945678     -2300.188446197
   208 -1152.067147516      1148.093533096     -2300.160680612
   209 -1152.073143567      1148.038044029     -2300.111187595
   210 -1152.071068503      1148.025393039     -2300.096461541
   211 -1152.070021907      1148.034607239     -2300.104629146
   212 -1152.079215850      1148.041130462     -2300.120346312
   213 -1152.084827471      1148.114483529     -2300.199311000
   214 -1152.078235137      1148.271489023     -2300.349724159
   215 -1152.073739153      1148.402193370     -2300.475932523
   216 -1152.073385739      1148.449106092     -2300.522491831
   217 -1152.078099238      1148.415650263     -2300.493749502
   218 -1152.079640203      1148.382572139     -2300.462212343
   219 -1152.073095190      1148.412250893     -2300.485346083
   220 -1152.070548203      1148.466254694     -2300.536802897
   221 -1152.081646609      1148.507524743     -2300.589171352
   222 -1152.087473016      1148.609983868     -2300.697456884
   223 -1152.080033063      1148.774324844     -2300.854357907
   224 -1152.077225137      1148.872355040     -2300.949580177
   225 -1152.080351822      1148.859438087     -2300.939789909
   226 -1152.087159592      1148.776479435     -2300.863639026
   227 -1152.087702437      1148.724946000     -2300.812648437
   228 -1152.082567000      1148.742181626     -2300.824748627
   229 -1152.084433984      1148.777547430     -2300.861981414
   230 -1152.096970622      1148.810155505     -2300.907126127
   231 -1152.099439546      1148.908603346     -2301.008042892
   232 -1152.089537343      1149.035744751     -2301.125282095
   233 -1152.084798302      1149.058620405     -2301.143418707
   234 -1152.087596628      1148.949617081     -2301.037213709
   235 -1152.090426993      1148.791465430     -2300.881892423
   236 -1152.086192575      1148.684737436     -2300.770930011
   237 -1152.077821552      1148.656418809     -2300.734240361
   238 -1152.074146094      1148.667527888     -2300.741673982
   239 -1152.080750119      1148.684137064     -2300.764887183
   240 -1152.080521012      1148.753411618     -2300.833932630
   241 -1152.064537022      1148.854670076     -2300.919207098
   242 -1152.053846832      1148.836413301     -2300.890260133
   243 -1152.056214987      1148.653003893     -2300.709218881
   244 -1152.056954119      1148.426384233     -2300.483338352
   245 -1152.051764044      1148.267385348     -2300.319149392
   246 -1152.046196372      1148.213013569     -2300.259209941
   247 -1152.044923861      1148.247053218     -2300.291977080
   248 -1152.054807488      1148.308786682     -2300.363594170
   249 -1152.067176200      1148.385058641     -2300.452234841
   250 -1152.060908556      1148.491748149     -2300.552656704
   251 -1152.052527290      1148.491572781     -2300.544100071
   252 -1152.060543543      1148.292989251     -2300.353532794
   253 -1152.065713723      1148.042197047     -2300.107910770
   254 -1152.061867803      1147.878073867     -2299.939941669
   255 -1152.056565534      1147.840967732     -2299.897533266
   256 -1152.054007274      1147.912924872     -2299.966932145
$end
