$energy      SCF               SCFKIN            SCFPOT
     1 -1152.065469373      1148.33113     -2300.39660     0.1616384358958
     2 -1152.071085504      1148.32378     -2300.39487     0.1616190314312
     3 -1152.067008737      1148.33905     -2300.40606     0.1613279086347
     4 -1152.063521504      1148.32516     -2300.38868     0.1607492756352
     5 -1152.069328088      1148.24397     -2300.31330     0.1598794910410
     6 -1152.077044476      1148.15107     -2300.22811     0.1585389563976
     7 -1152.077104655      1148.11147     -2300.18858     0.1566441451065
     8 -1152.070547981      1148.11564     -2300.18619     0.1545239432953
     9 -1152.070145639      1148.08207     -2300.15221     0.1525937323425
    10 -1152.078323327      1147.98968     -2300.06800     0.1509111401792
    11 -1152.080497387      1147.91156     -2299.99206     0.1491197436429
    12 -1152.073134186      1147.87203     -2299.94517     0.1469647762283
    13 -1152.067092724      1147.81960     -2299.88669     0.1444159164819
    14 -1152.068747811      1147.72742     -2299.79617     0.1413609850764
    15 -1152.070540605      1147.64806     -2299.71860     0.1377369458142
    16 -1152.063006383      1147.63642     -2299.69942     0.1337652820681
    17 -1152.050308410      1147.65850     -2299.70881     0.1298663732254
    18 -1152.047531582      1147.62574     -2299.67327     0.1263672818907
    19 -1152.052092418      1147.54976     -2299.60185     0.1231622692079
    20 -1152.048589102      1147.51524     -2299.56383     0.1198514828198
    21 -1152.036323715      1147.53003     -2299.56635     0.1162680671254
    22 -1152.028438353      1147.52225     -2299.55069     0.1124580454072
    23 -1152.030397237      1147.46647     -2299.49687     0.1083787907778
    24 -1152.029790554      1147.43517     -2299.46496     0.1040778152511
    25 -1152.018161161      1147.47433     -2299.49249     0.9967955063515E-01
    26 -1152.005939404      1147.52097     -2299.52691     0.9552150848197E-01
    27 -1152.007358209      1147.49800     -2299.50536     0.9181147195589E-01
    28 -1152.012078497      1147.46052     -2299.47260     0.8841597273802E-01
    29 -1152.006130283      1147.48802     -2299.49415     0.8493718325011E-01
    30 -1151.993129330      1147.55817     -2299.55130     0.8134324295634E-01
    31 -1151.989812296      1147.57698     -2299.56679     0.7771041172696E-01
    32 -1151.996464021      1147.54399     -2299.54046     0.7412204676946E-01
    33 -1151.995997838      1147.55448     -2299.55048     0.7053423212582E-01
    34 -1151.984771013      1147.63002     -2299.61479     0.6697674969190E-01
    35 -1151.978383756      1147.68332     -2299.66170     0.6367261031317E-01
    36 -1151.984775639      1147.67064     -2299.65542     0.6067983606986E-01
    37 -1151.989451160      1147.67221     -2299.66166     0.5775115184806E-01
    38 -1151.982282227      1147.74670     -2299.72898     0.5463060627073E-01
    39 -1151.971564293      1147.83871     -2299.81027     0.5145857469792E-01
    40 -1151.974267831      1147.85359     -2299.82786     0.4840550981852E-01
    41 -1151.982960088      1147.83252     -2299.81548     0.4541888178673E-01
    42 -1151.980557803      1147.87705     -2299.85761     0.4228458129163E-01
    43 -1151.968123284      1147.98357     -2299.95169     0.3913004028312E-01
    44 -1151.962997835      1148.05320     -2300.01619     0.3631222463950E-01
    45 -1151.969152382      1148.06229     -2300.03144     0.3400068747252E-01
    46 -1151.970189827      1148.10186     -2300.07205     0.3203655310109E-01
    47 -1151.958174763      1148.21481     -2300.17298     0.3022227889752E-01
    48 -1151.945784656      1148.32002     -2300.26580     0.2843459142344E-01
    49 -1151.948640667      1148.33088     -2300.27952     0.2657975468719E-01
    50 -1151.953262793      1148.31825     -2300.27151     0.2465683590167E-01
    51 -1151.944629285      1148.36875     -2300.31338     0.2269238043948E-01
    52 -1151.930754805      1148.43863     -2300.36938     0.2084897829377E-01
    53 -1151.931189206      1148.42421     -2300.35540     0.1922876844494E-01
    54 -1151.940717368      1148.35510     -2300.29582     0.1773017720396E-01
    55 -1151.941296439      1148.33457     -2300.27587     0.1599608657784E-01
    56 -1151.930810261      1148.37277     -2300.30359     0.1484993310637E-01
    57 -1151.922578140      1148.38012     -2300.30269     0.1416666773455E-01
    58 -1151.934773154      1148.26622     -2300.20099     0.1419473114295E-01
    59 -1151.946465313      1148.15259     -2300.09906     0.1497052539720E-01
    60 -1151.942393137      1148.14045     -2300.08285     0.1648487239991E-01
    61 -1151.932321589      1148.17652     -2300.10884     0.1881500465000E-01
    62 -1151.937928117      1148.13505     -2300.07298     0.2211677178312E-01
    63 -1151.954080789      1148.03828     -2299.99236     0.2633935739675E-01
    64 -1151.959459644      1148.00470     -2299.96416     0.3141627245757E-01
    65 -1151.950882068      1148.04733     -2299.99821     0.3733189894007E-01
    66 -1151.949802227      1148.03993     -2299.98973     0.4397501521116E-01
    67 -1151.965725681      1147.93011     -2299.89584     0.5077512958625E-01
    68 -1151.975974349      1147.84500     -2299.82098     0.5723339415613E-01
    69 -1151.969987692      1147.85753     -2299.82752     0.6332773217553E-01
    70 -1151.960560532      1147.89280     -2299.85336     0.6921277470342E-01
    71 -1151.967920449      1147.84060     -2299.80852     0.7524121897090E-01
    72 -1151.984100921      1147.74976     -2299.73386     0.8150656581814E-01
    73 -1151.991375346      1147.73185     -2299.72323     0.8819480566044E-01
    74 -1151.988097375      1147.79546     -2299.78356     0.9541219499799E-01
    75 -1151.988106531      1147.84343     -2299.83154     0.1029730539601
    76 -1151.998671353      1147.81946     -2299.81813     0.1103799178304
    77 -1152.007661275      1147.79216     -2299.79982     0.1174567521863
    78 -1152.004051331      1147.83488     -2299.83893     0.1243942401827
    79 -1151.998677160      1147.90065     -2299.89933     0.1310879439811
    80 -1152.006498798      1147.91806     -2299.92456     0.1381401086135
    81 -1152.020159633      1147.93253     -2299.95269     0.1464757012027
    82 -1152.027209954      1148.02730     -2300.05451     0.1561306817279
    83 -1152.025976233      1148.21349     -2300.23947     0.1644792348495
    84 -1152.028448458      1148.41331     -2300.44176     0.1680759834357
    85 -1152.042658902      1148.56450     -2300.60716     0.1706311580414
    86 -1152.058707713      1148.70204     -2300.76074     0.1745728330888
    87 -1152.057116586      1148.90542     -2300.96254     0.1798572157142
    88 -1152.042478298      1149.15255     -2301.19503     0.1847716007877
    89 -1152.025548275      1149.38939     -2301.41494     0.1839354950898
    90 -1152.006371337      1149.62070     -2301.62707     0.1743246952973
    91 -1151.984837093      1149.86875     -2301.85359     0.1695353350723
    92 -1151.966733863      1150.11699     -2302.08372     0.1750475170167
    93 -1151.966384521      1150.29573     -2302.26211     0.1860485605703
    94 -1151.976061959      1150.40126     -2302.37733     0.1931267962184
    95 -1151.981091677      1150.42403     -2302.40512     0.1963208041888
    96 -1152.003734765      1150.21670     -2302.22043     0.1987670358438
    97 -1152.032480832      1149.82856     -2301.86104     0.2002801664243
    98 -1152.050017471      1149.40275     -2301.45276     0.2009459485895
    99 -1152.061665848      1149.00760     -2301.06926     0.1999435007821
   100 -1152.069127050      1148.69800     -2300.76713     0.1977134796019
   101 -1152.074082282      1148.49159     -2300.56567     0.1945249288915
   102 -1152.086346065      1148.35474     -2300.44109     0.1891026895876
   103 -1152.092090042      1148.32694     -2300.41903     0.1806146608611
   104 -1152.075030830      1148.41314     -2300.48817     0.1698599241771
   105 -1152.064013389      1148.41893     -2300.48295     0.1589446389837
   106 -1152.062074355      1148.29949     -2300.36156     0.1493750808907
   107 -1152.048802317      1148.18044     -2300.22925     0.1415810437749
   108 -1152.029780152      1148.10213     -2300.13191     0.1348929449800
   109 -1152.009609952      1148.07606     -2300.08567     0.1288579087283
   110 -1151.996746787      1148.07194     -2300.06869     0.1233368520045
   111 -1152.001946930      1148.05418     -2300.05613     0.1181729681612
   112 -1152.009370205      1148.09323     -2300.10260     0.1129771044198
   113 -1152.000478073      1148.23778     -2300.23826     0.1072560086525
   114 -1151.982367105      1148.36895     -2300.35132     0.1007874525027
   115 -1151.980436486      1148.30876     -2300.28920     0.9370948925204E-01
   116 -1151.979283135      1148.13392     -2300.11321     0.8687233314163E-01
   117 -1151.965273845      1147.97442     -2299.93970     0.8071045756419E-01
   118 -1151.944873669      1147.85985     -2299.80472     0.7528361943726E-01
   119 -1151.933807739      1147.75000     -2299.68381     0.7062771545925E-01
   120 -1151.938265531      1147.64571     -2299.58397     0.6707012623951E-01
   121 -1151.944203665      1147.63346     -2299.57767     0.6457317707791E-01
   122 -1151.941888795      1147.75119     -2299.69308     0.6275218411512E-01
   123 -1151.931608854      1147.92621     -2299.85782     0.6160776117377E-01
   124 -1151.931401896      1147.98402     -2299.91542     0.6146174633416E-01
   125 -1151.951121203      1147.84431     -2299.79544     0.6218147781603E-01
   126 -1151.958456732      1147.66909     -2299.62755     0.6330547095834E-01
   127 -1151.950329067      1147.52933     -2299.47966     0.6484875275941E-01
   128 -1151.947773575      1147.39346     -2299.34124     0.6694053287508E-01
   129 -1151.956059399      1147.28870     -2299.24476     0.6942277636670E-01
   130 -1151.965507664      1147.29625     -2299.26176     0.7193035831269E-01
   131 -1151.974121426      1147.42846     -2299.40258     0.7451260030666E-01
   132 -1151.986534215      1147.61604     -2299.60258     0.7753651482418E-01
   133 -1151.997063776      1147.79853     -2299.79560     0.8105203117962E-01
   134 -1151.999651222      1147.91545     -2299.91510     0.8434126756403E-01
   135 -1152.002796656      1147.90268     -2299.90548     0.8697762525619E-01
   136 -1151.995072901      1147.83697     -2299.83204     0.8974437629243E-01
   137 -1151.986269900      1147.75949     -2299.74576     0.9347961285025E-01
   138 -1151.982699040      1147.72137     -2299.70407     0.9780790301841E-01
   139 -1151.980828559      1147.78383     -2299.76466     0.1023794618114
   140 -1151.983964569      1147.93308     -2299.91704     0.1072139176250
   141 -1152.002093453      1148.09343     -2300.09552     0.1126054893073
   142 -1152.023988110      1148.26177     -2300.28576     0.1193695481425
   143 -1152.025204922      1148.46012     -2300.48533     0.1278278058019
   144 -1152.029239781      1148.51797     -2300.54721     0.1375263562695
   145 -1152.044464193      1148.38929     -2300.43375     0.1481761760443
   146 -1152.053024807      1148.23200     -2300.28503     0.1599295123393
   147 -1152.054838852      1148.16264     -2300.21748     0.1723330671771
   148 -1152.051182450      1148.24019     -2300.29137     0.1788874659188
   149 -1152.050842008      1148.42603     -2300.47687     0.1805936158407
   150 -1152.065481827      1148.64337     -2300.70886     0.1813000467834
   151 -1152.075888575      1148.93537     -2301.01126     0.1814609478831
   152 -1152.054441567      1149.34559     -2301.40003     0.1808628998138
   153 -1152.022250767      1149.68288     -2301.70513     0.1797657925034
   154 -1152.008205062      1149.78035     -2301.78855     0.1781708433824
   155 -1151.989287756      1149.78857     -2301.77786     0.1746793250150
   156 -1151.958246804      1149.84751     -2301.80575     0.1669917206136
   157 -1151.926176226      1149.96658     -2301.89276     0.1581718952248
   158 -1151.914884404      1150.04488     -2301.95977     0.1562871337153
   159 -1151.937078819      1150.01042     -2301.94750     0.1619069255795
   160 -1151.968278161      1149.95414     -2301.92242     0.1688948938945
   161 -1151.983759134      1149.94587     -2301.92963     0.1724117427598
   162 -1151.987087248      1149.87880     -2301.86589     0.1741087084310
   163 -1152.010532108      1149.57130     -2301.58184     0.1758853437800
   164 -1152.036697229      1149.14821     -2301.18491     0.1781044519091
   165 -1152.039264553      1148.82427     -2300.86354     0.1804666123545
   166 -1152.026936562      1148.63568     -2300.66261     0.1823194954074
   167 -1152.026070363      1148.48331     -2300.50938     0.1831817875207
   168 -1152.043931711      1148.34076     -2300.38470     0.1807191998260
   169 -1152.059119727      1148.30661     -2300.36573     0.1734925106487
   170 -1152.057037016      1148.41405     -2300.47109     0.1647597509240
   171 -1152.040098945      1148.54659     -2300.58669     0.1560195111762
   172 -1152.040164749      1148.47058     -2300.51074     0.1475369886841
   173 -1152.054179056      1148.20057     -2300.25475     0.1390074470975
   174 -1152.042100101      1147.99496     -2300.03706     0.1305922113550
   175 -1152.013065419      1147.90286     -2299.91592     0.1225474780482
   176 -1152.000245746      1147.82179     -2299.82204     0.1151407043717
   177 -1152.004516431      1147.76623     -2299.77075     0.1081550584294
   178 -1152.008777793      1147.82355     -2299.83232     0.1010935405497
   179 -1152.005200182      1147.99964     -2300.00484     0.9398238069129E-01
   180 -1151.992236684      1148.20104     -2300.19328     0.8735634087808E-01
   181 -1151.982155819      1148.26026     -2300.24242     0.8120334594819E-01
   182 -1151.988517525      1148.09320     -2300.08172     0.7513649356148E-01
   183 -1151.981580653      1147.88533     -2299.86691     0.6942788107137E-01
   184 -1151.958585390      1147.73246     -2299.69104     0.6448723253935E-01
   185 -1151.949825027      1147.57818     -2299.52800     0.6048201755376E-01
   186 -1151.953792856      1147.47456     -2299.42835     0.5705323460251E-01
   187 -1151.960188550      1147.49364     -2299.45383     0.5379465504239E-01
   188 -1151.962805392      1147.64133     -2299.60413     0.5081600603383E-01
   189 -1151.955802789      1147.84910     -2299.80490     0.4864313023447E-01
   190 -1151.946727426      1147.96335     -2299.91008     0.4779094630752E-01
   191 -1151.956255392      1147.84606     -2299.80231     0.4824054712202E-01
   192 -1151.958878458      1147.64184     -2299.60072     0.4956308791834E-01
   193 -1151.943328647      1147.48277     -2299.42610     0.5157495072016E-01
   194 -1151.937227996      1147.34229     -2299.27952     0.5411559079808E-01
   195 -1151.941848063      1147.27638     -2299.21823     0.5690910163336E-01
   196 -1151.952696532      1147.34098     -2299.29368     0.5979840383657E-01
   197 -1151.965588708      1147.54086     -2299.50645     0.6281700404599E-01
   198 -1151.972928539      1147.82224     -2299.79517     0.6654921523526E-01
   199 -1151.976578631      1148.04759     -2300.02417     0.7159221094809E-01
   200 -1151.989424359      1148.06913     -2300.05855     0.7750254474444E-01
   201 -1151.998594473      1147.94151     -2299.94010     0.8333661634455E-01
   202 -1151.990805141      1147.80021     -2299.79102     0.8892235541158E-01
   203 -1151.986402715      1147.66971     -2299.65611     0.9453108920987E-01
   204 -1151.989436873      1147.61702     -2299.60646     0.1001629008990
   205 -1152.000608426      1147.69055     -2299.69116     0.1060029054234
   206 -1152.017142530      1147.89684     -2299.91398     0.1121952005015
   207 -1152.030095113      1148.20087     -2300.23096     0.1192337853054
   208 -1152.036896293      1148.49908     -2300.53597     0.1276991100686
   209 -1152.035797773      1148.68378     -2300.71957     0.1373692783490
   210 -1152.034707583      1148.68406     -2300.71876     0.1474189295454
   211 -1152.036092655      1148.55444     -2300.59054     0.1577073543835
   212 -1152.034533347      1148.43728     -2300.47181     0.1679913339427
   213 -1152.032386743      1148.43357     -2300.46595     0.1781638905422
   214 -1152.036243900      1148.57641     -2300.61266     0.1892975099562
   215 -1152.045168080      1148.86276     -2300.90793     0.2013083856252
   216 -1152.051661278      1149.25125     -2301.30291     0.2082331439369
   217 -1152.056902222      1149.63332     -2301.69022     0.2136079751380
   218 -1152.057766101      1149.93158     -2301.98934     0.2179411669756
   219 -1152.039533476      1150.15049     -2302.19003     0.2199908882908
   220 -1152.016470171      1150.23633     -2302.25280     0.2183326032257
   221 -1151.994193863      1150.22714     -2302.22133     0.2108623467601
   222 -1151.971439675      1150.22922     -2302.20066     0.1999274749108
   223 -1151.961998936      1150.25977     -2302.22177     0.1928378056708
   224 -1151.972057819      1150.30060     -2302.27266     0.1962143228773
   225 -1151.994640635      1150.31959     -2302.31423     0.2094492349187
   226 -1152.023246071      1150.24301     -2302.26626     0.2196399739608
   227 -1152.048862706      1150.01584     -2302.06471     0.2188385653068
   228 -1152.058877345      1149.64499     -2301.70387     0.2136894529293
   229 -1152.068348269      1149.11435     -2301.18270     0.2071860925176
   230 -1152.069608821      1148.57625     -2300.64586     0.1995572595677
   231 -1152.058289168      1148.18754     -2300.24583     0.1906284571133
   232 -1152.049046900      1147.98164     -2300.03069     0.1779839052552
   233 -1152.047072844      1147.94562     -2299.99269     0.1648755934828
   234 -1152.045888308      1148.04008     -2300.08597     0.1528993768184
   235 -1152.044227661      1148.15864     -2300.20287     0.1421677112300
   236 -1152.045872279      1148.17607     -2300.22194     0.1332969404627
   237 -1152.039919923      1148.06619     -2300.10611     0.1262729849059
   238 -1152.030557651      1147.82394     -2299.85450     0.1198110182872
   239 -1152.018539540      1147.53562     -2299.55416     0.1128868309516
   240 -1152.000980052      1147.33592     -2299.33690     0.1057036943287
   241 -1151.987990667      1147.27398     -2299.26197     0.9872306569469E-01
   242 -1151.984053242      1147.35193     -2299.33598     0.9195160938575E-01
   243 -1151.981403046      1147.54734     -2299.52874     0.8530956441718E-01
   244 -1151.975777972      1147.76897     -2299.74475     0.7906218324288E-01
   245 -1151.976057858      1147.87395     -2299.85000     0.7370307876749E-01
   246 -1151.974567459      1147.84374     -2299.81830     0.6934410317408E-01
   247 -1151.959584970      1147.74810     -2299.70768     0.6555753837494E-01
   248 -1151.946159399      1147.59367     -2299.53983     0.6224651766450E-01
   249 -1151.945475490      1147.42694     -2299.37241     0.5972565752588E-01
   250 -1151.948851496      1147.36626     -2299.31511     0.5793757414220E-01
   251 -1151.955710713      1147.45385     -2299.40956     0.5646281001014E-01
   252 -1151.959647690      1147.67642     -2299.63607     0.5515114077303E-01
   253 -1151.957700949      1147.93605     -2299.89375     0.5440896670486E-01
   254 -1151.965988188      1148.05726     -2300.02325     0.5494477246465E-01
   255 -1151.981842958      1148.01686     -2299.99871     0.5700448930528E-01
   256 -1151.982647303      1147.95382     -2299.93647     0.6009103835659E-01
   257 -1151.973416392      1147.91007     -2299.88348     0.6323853376270E-01
   258 -1151.975687626      1147.85702     -2299.83270     0.6563809595690E-01
   259 -1151.984159730      1147.87480     -2299.85896     0.6742992329968E-01
   260 -1151.991472949      1148.03065     -2300.02212     0.6898238561560E-01
   261 -1151.989592394      1148.31689     -2300.30648     0.7045116469224E-01
   262 -1151.978041819      1148.61515     -2300.59319     0.7212398701672E-01
   263 -1151.980925149      1148.71596     -2300.69689     0.7450059074551E-01
   264 -1151.996911197      1148.61193     -2300.60884     0.7747294450945E-01
   265 -1151.995537904      1148.50806     -2300.50360     0.8040192317603E-01
   266 -1151.975819735      1148.48342     -2300.45924     0.8266405012481E-01
   267 -1151.968596509      1148.44044     -2300.40904     0.8404431628130E-01
   268 -1151.983393237      1148.36424     -2300.34764     0.8524336840420E-01
   269 -1151.997996176      1148.37647     -2300.37447     0.8719277189634E-01
   270 -1151.998718712      1148.51965     -2300.51837     0.9030132500200E-01
   271 -1151.987298769      1148.68462     -2300.67192     0.9495691076391E-01
   272 -1151.994490650      1148.64623     -2300.64072     0.1018452662643
   273 -1152.019517982      1148.40904     -2300.42855     0.1109760009222
   274 -1152.026288134      1148.20722     -2300.23351     0.1214118518820
   275 -1152.012773011      1148.12000     -2300.13278     0.1324415126648
   276 -1152.012368832      1148.03105     -2300.04342     0.1444050597248
   277 -1152.032829340      1147.93162     -2299.96445     0.1575861613413
   278 -1152.049634244      1147.96479     -2300.01443     0.1717939606193
   279 -1152.053512474      1148.17624     -2300.22975     0.1818112019833
   280 -1152.044617626      1148.48018     -2300.52479     0.1820591741503
   281 -1152.044511597      1148.67815     -2300.72266     0.1801861778670
   282 -1152.059638875      1148.70469     -2300.76433     0.1780599712383
   283 -1152.055866459      1148.74048     -2300.79634     0.1758869904799
   284 -1152.022633590      1148.87907     -2300.90171     0.1739135743386
   285 -1151.995984712      1149.00628     -2301.00227     0.1726478456325
   286 -1151.981894198      1149.12728     -2301.10917     0.1721039873370
   287 -1151.967917440      1149.32927     -2301.29719     0.1717933098834
   288 -1151.956760175      1149.59375     -2301.55051     0.1687366673134
   289 -1151.952757053      1149.81127     -2301.76403     0.1656862965263
   290 -1151.968056742      1149.81608     -2301.78414     0.1673531822713
   291 -1151.997939552      1149.56789     -2301.56583     0.1646252692740
   292 -1152.016556643      1149.20148     -2301.21804     0.1618883041175
   293 -1152.019727342      1148.81192     -2300.83165     0.1596330946233
   294 -1152.031011719      1148.40531     -2300.43633     0.1580518094108
   295 -1152.042919178      1148.10339     -2300.14631     0.1573420560494
   296 -1152.050824806      1147.98873     -2300.03955     0.1580538161864
   297 -1152.053010248      1148.05726     -2300.11027     0.1602366094457
   298 -1152.051234671      1148.21032     -2300.26156     0.1631203124065
   299 -1152.055491490      1148.30147     -2300.35697     0.1629575479543
   300 -1152.059057671      1148.30022     -2300.35928     0.1559670684152
   301 -1152.049563065      1148.26879     -2300.31835     0.1485756398870
   302 -1152.028849708      1148.23786     -2300.26671     0.1412498722313
   303 -1152.020802397      1148.17222     -2300.19302     0.1337308189277
   304 -1152.018709217      1148.16581     -2300.18452     0.1264254040679
   305 -1152.014787400      1148.29455     -2300.30934     0.1192347580169
   306 -1152.007606044      1148.53321     -2300.54082     0.1120260869958
   307 -1152.003410767      1148.76634     -2300.76975     0.1050703383414
   308 -1152.003915175      1148.90010     -2300.90401     0.9875988948189E-01
   309 -1151.997212010      1148.93989     -2300.93710     0.9330912033118E-01
   310 -1151.981311068      1148.90421     -2300.88552     0.8882227749232E-01
   311 -1151.960138977      1148.80729     -2300.76743     0.8501929565830E-01
   312 -1151.951804689      1148.63354     -2300.58534     0.8134993363935E-01
   313 -1151.946223514      1148.49097     -2300.43719     0.7772113994724E-01
   314 -1151.934171019      1148.46149     -2300.39566     0.7408339974931E-01
   315 -1151.923807006      1148.50460     -2300.42840     0.7061263946097E-01
   316 -1151.930960223      1148.52265     -2300.45361     0.6763875147718E-01
   317 -1151.945090272      1148.53234     -2300.47743     0.6539387845917E-01
   318 -1151.946640456      1148.58306     -2300.52970     0.6403292275779E-01
   319 -1151.944830434      1148.57745     -2300.52229     0.6389104343696E-01
   320 -1151.951675101      1148.40597     -2300.35765     0.6475460475271E-01
   321 -1151.966635432      1148.09522     -2300.06185     0.6584610455208E-01
   322 -1151.971250870      1147.81536     -2299.78661     0.6679740814966E-01
   323 -1151.960271182      1147.67093     -2299.63120     0.6756388821558E-01
   324 -1151.952032436      1147.60761     -2299.55964     0.6815776671069E-01
   325 -1151.966680311      1147.53312     -2299.49980     0.6878078874196E-01
   326 -1151.988769959      1147.50524     -2299.49401     0.6966192869813E-01
   327 -1151.994407774      1147.59729     -2299.59170     0.7114208551436E-01
   328 -1151.983388155      1147.71891     -2299.70230     0.7371764111418E-01
   329 -1151.981196215      1147.66549     -2299.64669     0.7748902867488E-01
   330 -1151.995895455      1147.40907     -2299.40496     0.8184349312130E-01
   331 -1151.999282461      1147.16621     -2299.16549     0.8652264393512E-01
   332 -1151.983670886      1147.06629     -2299.04996     0.9188648701857E-01
   333 -1151.973745029      1147.04315     -2299.01690     0.9818404664031E-01
   334 -1151.990990104      1147.01234     -2299.00333     0.1037739819499
   335 -1152.017731775      1147.05635     -2299.07408     0.1089612424664
   336 -1152.031377665      1147.25918     -2299.29055     0.1149227287077
   337 -1152.027582284      1147.54578     -2299.57337     0.1220900116663
   338 -1152.031614668      1147.68785     -2299.71947     0.1307404633806
   339 -1152.055564128      1147.60244     -2299.65800     0.1402988956797
   340 -1152.066662131      1147.50674     -2299.57340     0.1502679308322
   341 -1152.053896047      1147.55113     -2299.60502     0.1607559456055
   342 -1152.044737272      1147.66895     -2299.71368     0.1709847541210
   343 -1152.059393310      1147.79402     -2299.85342     0.1790329128622
   344 -1152.079244234      1148.02514     -2300.10438     0.1857140365759
   345 -1152.084354663      1148.44346     -2300.52781     0.1916034325898
   346 -1152.066493717      1148.98884     -2301.05534     0.1973149327018
   347 -1152.043090373      1149.45004     -2301.49313     0.2031645508895
   348 -1152.036145837      1149.67601     -2301.71215     0.2080369017534
   349 -1152.021145364      1149.81559     -2301.83674     0.2100970174626
   350 -1151.983391722      1150.00991     -2301.99331     0.2092363459669
   351 -1151.953559670      1150.17429     -2302.12785     0.2073571585672
   352 -1151.954045851      1150.23913     -2302.19318     0.2104369466292
   353 -1151.970005158      1150.29779     -2302.26779     0.2203803869355
   354 -1151.985735229      1150.42848     -2302.41421     0.2298481977711
   355 -1151.988768991      1150.60550     -2302.59427     0.2351353418497
   356 -1152.001056902      1150.62083     -2302.62188     0.2371844813702
   357 -1152.038525927      1150.35631     -2302.39484     0.2369512841179
   358 -1152.054961229      1150.03598     -2302.09094     0.2349364920662
   359 -1152.043596976      1149.76949     -2301.81309     0.2316209236986
   360 -1152.033298857      1149.50054     -2301.53383     0.2274582197863
   361 -1152.039414480      1149.21905     -2301.25846     0.2168608981998
   362 -1152.050333879      1149.02718     -2301.07751     0.2051511560668
   363 -1152.055867691      1148.98686     -2301.04273     0.1937958139918
   364 -1152.044959714      1149.06723     -2301.11219     0.1798794129118
   365 -1152.038670683      1149.04730     -2301.08597     0.1660624132030
   366 -1152.055801586      1148.77712     -2300.83292     0.1533951949049
   367 -1152.056646667      1148.44993     -2300.50657     0.1424574060937
   368 -1152.033734424      1148.17737     -2300.21110     0.1330594919054
   369 -1152.013404643      1147.91213     -2299.92554     0.1249048357950
   370 -1152.011216134      1147.64145     -2299.65267     0.1174186269958
   371 -1152.015637479      1147.46847     -2299.48411     0.1101885300883
   372 -1152.016590515      1147.46216     -2299.47875     0.1032614242215
   373 -1152.002728299      1147.60506     -2299.60779     0.9697817506461E-01
   374 -1151.990340817      1147.69906     -2299.68940     0.9151307363910E-01
   375 -1152.000949992      1147.57308     -2299.57403     0.8707167933492E-01
   376 -1151.999560718      1147.38330     -2299.38286     0.8375337293826E-01
   377 -1151.975053012      1147.24133     -2299.21639     0.8132005901877E-01
   378 -1151.952910223      1147.09944     -2299.05235     0.7973746257815E-01
   379 -1151.949634035      1146.94555     -2298.89518     0.7893710535195E-01
   380 -1151.954498593      1146.88713     -2298.84162     0.7872550467065E-01
   381 -1151.959219375      1146.99537     -2298.95459     0.7900457621397E-01
   382 -1151.952143108      1147.26840     -2299.22054     0.7984835778686E-01
   383 -1151.941683480      1147.54078     -2299.48247     0.8119523558009E-01
   384 -1151.957090601      1147.59025     -2299.54734     0.8303224503798E-01
   385 -1151.967727145      1147.52525     -2299.49298     0.8547477339386E-01
   386 -1151.956074029      1147.47796     -2299.43403     0.8863425317611E-01
   387 -1151.945061395      1147.41259     -2299.35765     0.9242650700431E-01
   388 -1151.949811159      1147.32578     -2299.27560     0.9658231514611E-01
   389 -1151.960236730      1147.32659     -2299.28683     0.1007583158770
   390 -1151.971314168      1147.48410     -2299.45541     0.1049754994385
   391 -1151.973208371      1147.80699     -2299.78019     0.1096992470786
   392 -1151.964620179      1148.17637     -2300.14099     0.1152871932055
   393 -1151.977847179      1148.33878     -2300.31662     0.1213095183234
   394 -1151.997538326      1148.31223     -2300.30977     0.1272885134266
   395 -1151.994540658      1148.26047     -2300.25501     0.1334404462579
   396 -1151.987238633      1148.17060     -2300.15784     0.1401335972012
   397 -1151.993821902      1148.03718     -2300.03100     0.1473660767967
   398 -1152.006842651      1147.96979     -2299.97663     0.1546982714979
   399 -1152.024327288      1148.04286     -2300.06719     0.1621523546191
   400 -1152.039319665      1148.28155     -2300.32087     0.1682373667443
   401 -1152.043402775      1148.62153     -2300.66493     0.1725236869802
   402 -1152.059994037      1148.84293     -2300.90292     0.1769857022151
   403 -1152.084049510      1148.89358     -2300.97763     0.1809049232641
   404 -1152.083759464      1148.92105     -2301.00481     0.1835659675039
   405 -1152.067304943      1148.95671     -2301.02401     0.1845959719763
   406 -1152.055380254      1148.99087     -2301.04625     0.1846224529081
   407 -1152.045954830      1149.11006     -2301.15602     0.1860187725055
   408 -1152.038749672      1149.37620     -2301.41495     0.1899192682768
   409 -1152.027734857      1149.79902     -2301.82675     0.1949508501526
   410 -1152.003875410      1150.29612     -2302.30000     0.2001067098018
   411 -1151.994308732      1150.61141     -2302.60572     0.2051149937210
   412 -1151.999438394      1150.64687     -2302.64631     0.2085526555153
   413 -1151.994313950      1150.51767     -2302.51198     0.2084905721272
   414 -1151.985564740      1150.26981     -2302.25538     0.2039746761755
   415 -1151.994440239      1149.90873     -2301.90317     0.2052979643236
   416 -1152.014165854      1149.55282     -2301.56699     0.2063413088244
   417 -1152.034915100      1149.30684     -2301.34176     0.2050745170008
   418 -1152.042698091      1149.21265     -2301.25534     0.2013141689732
   419 -1152.041120421      1149.15458     -2301.19570     0.1943855249465
   420 -1152.054618089      1148.94115     -2300.99576     0.1887096667077
   421 -1152.065625839      1148.62791     -2300.69354     0.1843694663045
   422 -1152.052683345      1148.34967     -2300.40236     0.1802063980430
   423 -1152.032394050      1148.08306     -2300.11545     0.1745620931141
   424 -1152.030715163      1147.765177163     -2299.795892326
$end
