$coord
    0.03238547869508     -0.03614529858240     -0.17992752394776      ti
    1.26025912611763     -2.79700089619225      1.89177478894061      o
   -3.12221661243619     -1.07866590325534     -1.73393765178105      o
   -3.56824511618922      1.45715724441350     -1.55095112929685      h
   -0.94385705112859      2.48833544731816      1.96953640816357      o
   -0.81811571257055      4.48788147785590      1.84686421493363      h
    2.74140058180661      1.32344691009754     -1.59582201344709      o
    3.29417311900272      0.80983222227797     -3.27225373681399      h
    0.57562440448197     -4.02317317481347      3.08944703916362      h
$redundant
     number_of_atoms             9
     degrees_of_freedom         21
     internal_coordinates       21
     frozen_coordinates          0
# definitions of redundant internals
   1 k  1.0000000000000 tors    4    3    1    2 val=  95.26822
        1.0000000000000 tors    4    3    1    5
        1.0000000000000 tors    4    3    1    7
   2 k  1.0000000000000 stre    3    4           val=   2.01067
   3 k  1.0000000000000 bend    1    4    3      val= 147.58429
   4 k  1.0000000000000 tors    6    5    1    2 val= 144.03967
        1.0000000000000 tors    6    5    1    3
        1.0000000000000 tors    6    5    1    7
   5 k  1.0000000000000 stre    5    6           val=   1.73831
   6 k  1.0000000000000 bend    1    6    5      val= 136.67929
   7 k  1.0000000000000 tors    8    7    1    2 val=  66.15534
        1.0000000000000 tors    8    7    1    3
        1.0000000000000 tors    8    7    1    5
   8 k  1.0000000000000 stre    7    8           val=   1.80143
   9 k  1.0000000000000 bend    1    8    7      val= 142.08205
  10 k  1.0000000000000 tors    9    2    1    3 val= 150.57552
        1.0000000000000 tors    9    2    1    5
        1.0000000000000 tors    9    2    1    7
  11 k  1.0000000000000 stre    2    9           val=   1.81676
  12 k  1.0000000000000 bend    1    9    2      val= 102.85785
  13 k  1.0000000000000 stre    1    7           val=   3.23288
  14 k  1.0000000000000 stre    1    5           val=   3.24033
  15 k  1.0000000000000 stre    1    3           val=   3.38844
  16 k  1.0000000000000 stre    1    2           val=   3.79725
  17 k -0.4738946940961 bend    5    7    1      val=   1.21508
        0.0249914217820 bend    3    7    1
       -0.5516904848542 bend    3    5    1
        0.4515197810203 bend    2    7    1
        0.1192605841569 bend    2    5    1
        0.5023381899479 bend    2    3    1
  18 k -0.3736528541438 bend    5    7    1      val=  -0.24573
        0.5339350190282 bend    3    7    1
        0.3311275216114 bend    3    5    1
       -0.1966434959506 bend    2    7    1
       -0.5808847220646 bend    2    5    1
        0.2992587169145 bend    2    3    1
  19 k  0.5116609606533 bend    5    7    1      val=   7.09886
        0.4731582305883 bend    3    7    1
       -0.4484704553874 bend    3    5    1
        0.3296448581303 bend    2    7    1
       -0.3842886700708 bend    2    5    1
       -0.2384430464033 bend    2    3    1
  20 k  0.1199064374506 bend    5    7    1      val=   1.57286
       -0.5559592795175 bend    3    7    1
        0.3189341342884 bend    3    5    1
        0.5360427043996 bend    2    7    1
       -0.5195157868599 bend    2    5    1
        0.1325681335207 bend    2    3    1
  21 k -0.4665270678541 bend    5    7    1      val=  -2.39842
        0.2183045107169 bend    3    7    1
        0.2602043788902 bend    3    5    1
        0.4850558090432 bend    2    7    1
        0.1560686510523 bend    2    5    1
       -0.6382419251652 bend    2    3    1
        21 non zero eigenvalues  of BmBt
           1           9.627910964    1    0
         1
           2           8.791911093    2    0
         2
           3           6.704470193    3    0
         3
           4           3.162085543    4    0
         4
           5           2.975565932    5    0
         5
           6           2.883138273    6    0
         6
           7           2.377426073    7    0
         7
           8           2.245568320    8    0
         8
           9           2.103821773    9    0
         9
          10           1.883814189   10    0
        10
          11           1.400690459   11    0
        11
          12           1.330273910   12    0
        12
          13           1.080756954   13    0
        13
          14           0.680754998   14    0
        14
          15           0.558731295   15    0
        15
          16           0.312491356   16    0
        16
          17           0.120406642   17    0
        17
          18           0.116543795   18    0
        18
          19           0.096895191   19    0
        19
          20           0.079569772   20    0
        20
          21           0.074422384   21    0
        21
$user-defined bonds
$end
