$coord
   -0.03218360471870      0.06929833590851     -0.10105462477757      ti
    0.23068339823383     -3.13424438381411      1.40690248577543      o
   -2.71220739415846     -0.24847631262032     -1.32950545002440      o
   -2.16137368689781     -2.58332387809265     -0.05001623165387      h
   -0.42724882149350      2.83693714424909      1.86738366224131      o
   -0.76526814337452      4.58005335203823      2.51335141757507      h
    2.87591682588670      0.38297928231592     -1.83859811152499      o
    3.95230857106526      1.90801771302012     -1.34213072151682      h
    1.02526881043482     -4.61371634742738      1.99561045692419      h
$redundant
     number_of_atoms             9
     degrees_of_freedom         21
     internal_coordinates       21
     frozen_coordinates          0
# definitions of redundant internals
   1 k  1.0000000000000 tors    4    3    1    2 val=  74.19745
        1.0000000000000 tors    4    3    1    5
        1.0000000000000 tors    4    3    1    7
   2 k  1.0000000000000 stre    3    4           val=   1.90392
   3 k  1.0000000000000 bend    1    4    3      val= 133.61602
   4 k  1.0000000000000 tors    6    5    1    2 val=  50.42642
        1.0000000000000 tors    6    5    1    3
        1.0000000000000 tors    6    5    1    7
   5 k  1.0000000000000 stre    5    6           val=   1.78150
   6 k  1.0000000000000 bend    1    6    5      val= 151.61493
   7 k  1.0000000000000 tors    8    7    1    2 val=  69.37937
        1.0000000000000 tors    8    7    1    3
        1.0000000000000 tors    8    7    1    5
   8 k  1.0000000000000 stre    7    8           val=   1.80576
   9 k  1.0000000000000 bend    1    8    7      val= 130.95885
  10 k  1.0000000000000 tors    9    2    1    3 val=  65.37954
        1.0000000000000 tors    9    2    1    5
        1.0000000000000 tors    9    2    1    7
  11 k  1.0000000000000 stre    2    9           val=   1.82939
  12 k  1.0000000000000 bend    1    9    2      val= 111.24244
  13 k  1.0000000000000 stre    1    2           val=   3.04158
  14 k  1.0000000000000 stre    1    5           val=   3.49722
  15 k  1.0000000000000 stre    1    7           val=   3.50106
  16 k  1.0000000000000 stre    1    3           val=   3.50167
  17 k -0.4284952905945 bend    5    2    1      val=   3.69066
        0.3490609655830 bend    7    2    1
       -0.3257604530136 bend    7    5    1
        0.5877509733044 bend    3    2    1
       -0.3133763500683 bend    3    5    1
        0.3804897003790 bend    3    7    1
  18 k  0.4918894864505 bend    5    2    1      val=   4.84447
        0.4875238335396 bend    7    2    1
        0.1932462662427 bend    7    5    1
       -0.0770091685170 bend    3    2    1
       -0.6714688633952 bend    3    5    1
       -0.1619267701424 bend    3    7    1
  19 k -0.4687561045844 bend    5    2    1      val=  15.55453
        0.2909048663382 bend    7    2    1
        0.6066494369335 bend    7    5    1
       -0.4261256890434 bend    3    2    1
       -0.0008701802297 bend    3    5    1
        0.3821448334697 bend    3    7    1
  20 k  0.3148981503448 bend    5    2    1      val=   2.60132
        0.1004780097441 bend    7    2    1
       -0.5295411121008 bend    7    5    1
       -0.4857405719141 bend    3    2    1
        0.0601011342252 bend    3    5    1
        0.6089117222749 bend    3    7    1
  21 k -0.1477251391407 bend    5    2    1      val=  12.85838
        0.6975991168335 bend    7    2    1
       -0.2754799700856 bend    7    5    1
       -0.1516064032387 bend    3    2    1
        0.4432083486507 bend    3    5    1
       -0.4429733623187 bend    3    7    1
        21 non zero eigenvalues  of BmBt
           1          13.452031423    1    0
         1
           2           5.764012917    2    0
         2
           3           4.840713740    3    0
         3
           4           3.668861448    4    0
         4
           5           3.026213543    5    0
         5
           6           2.719527920    6    0
         6
           7           2.505070818    7    0
         7
           8           2.325976926    8    0
         8
           9           2.109591886    9    0
         9
          10           1.802546914   10    0
        10
          11           1.580486095   11    0
        11
          12           1.294220427   12    0
        12
          13           1.041472490   13    0
        13
          14           0.695994837   14    0
        14
          15           0.493442657   15    0
        15
          16           0.315978005   16    0
        16
          17           0.151459561   17    0
        17
          18           0.118560506   18    0
        18
          19           0.092062461   19    0
        19
          20           0.075683468   20    0
        20
          21           0.069521233   21    0
        21
$user-defined bonds
$end
