$coord
   -1.22347717347280     -0.50502054411782     -2.46155743406127      c
   -2.19783155572881     -1.02494792768241     -4.18043803325474      h
   -1.22347717347280     -0.50502054411782      2.46155743406127      c
   -2.19783155572881     -1.02494792768241      4.18043803325474      h
    1.62696711367143      1.00699094311214     -2.70301201092973      b
    2.44868487963927      1.44009059763223     -4.73455370634499      h
    1.72320622774745      2.91878935426324      0.00000000000000      b
    1.62696711367143      1.00699094311214      2.70301201092973      b
    2.44868487963927      1.44009059763223      4.73455370634499      h
   -1.12709547883936      2.63798812655704      1.67231085845129      b
   -2.13706881176255      4.12611564761827      2.99576258428355      h
    1.41886315225326     -2.18957377182868     -1.67184546664330      b
    2.08851308961177     -3.86094732506268     -2.99003664926203      h
   -1.12709547883936      2.63798812655704     -1.67231085845129      b
   -2.13706881176255      4.12611564761827     -2.99576258428355      h
    3.34804356280101      0.00521408483842      0.00000000000000      b
    5.57679414612991     -0.19022030714375      0.00000000000000      h
    1.41886315225326     -2.18957377182868      1.67184546664330      b
    2.08851308961177     -3.86094732506268      2.99003664926203      h
   -1.44324374654992     -2.52047361555255      0.00000000000000      b
   -2.72953456616153     -4.33813559974092      0.00000000000000      h
   -3.02100574056098      0.45230058179328      0.00000000000000      b
   -5.24761551434663      0.41142648680942      0.00000000000000      h
$user-defined bonds
$redundant
     number_of_atoms            23
     degrees_of_freedom         35
     internal_coordinates       67
     frozen_coordinates          0
# definitions of redundant internals
   1 k  1.0000000000000 stre   20   21           val=   2.22676
   2 k  1.0000000000000 stre   10   11           val=   2.23296
   3 k  1.0000000000000 stre   16   17           val=   2.23730
   4 k  1.0000000000000 stre    5    6           val=   2.23382
   5 k  1.0000000000000 stre   22   23           val=   2.22698
   6 k  1.0000000000000 stre   12   13           val=   2.23149
   7 k  1.0000000000000 stre    1    2           val=   2.04310
   8 k  0.4166972060889 bend   20    2    1      val=  -0.09507
       -0.3275965293429 bend   22    2    1
        0.5813218222445 bend   12    2    1
       -0.0553932154014 bend    5    2    1
       -0.6148499679353 bend   14    2    1
   9 k -0.4762198920945 bend   20    2    1      val=   0.56145
       -0.5418619410516 bend   22    2    1
        0.2458037703415 bend   12    2    1
        0.6318027309351 bend    5    2    1
        0.1414428042786 bend   14    2    1
  10 k -0.6144674120414 bend    7    6    5      val=   2.67333
       -0.2764764782689 bend   16    6    5
       -0.0356836676650 bend   14    6    5
        0.4631270396698 bend   12    6    5
        0.5746569215557 bend    1    6    5
  11 k -0.6150985442326 bend    7   11   10      val=   3.07967
        0.4585430851549 bend   22   11   10
       -0.2735313374737 bend   14   11   10
       -0.0280824060407 bend    8   11   10
        0.5794687272238 bend    3   11   10
  12 k -0.4968026970860 bend   10   23   22      val=   3.43153
       -0.4968026970860 bend   14   23   22
        0.6293312145797 bend   20   23   22
        0.2348578109110 bend    3   23   22
        0.2348578109110 bend    1   23   22
  13 k -0.4968428008675 bend   12   21   20      val=   3.34027
       -0.4968428008675 bend   18   21   20
        0.6299149157773 bend   22   21   20
        0.2339889541554 bend    3   21   20
        0.2339889541554 bend    1   21   20
  14 k  0.1502572421568 bend    7    6    5      val=   1.52909
       -0.5698870477915 bend   16    6    5
        0.6299137848868 bend   14    6    5
       -0.4276034401864 bend   12    6    5
        0.2702136848667 bend    1    6    5
  15 k -0.6313412134500 bend    7   17   16      val=  -0.07383
       -0.1889051953654 bend    5   17   16
       -0.1889051953654 bend    8   17   16
        0.5147999254698 bend   12   17   16
        0.5147999254698 bend   18   17   16
  16 k  0.3810535929011 bend   20   13   12      val=   3.31602
       -0.3637231976492 bend   18   13   12
        0.0715585445759 bend    5   13   12
       -0.5842227741194 bend   16   13   12
        0.6132427901961 bend    1   13   12
  17 k -0.5025972470118 bend   20   13   12      val=   0.34538
       -0.5187922347695 bend   18   13   12
        0.6278230570935 bend    5   13   12
        0.2411372120478 bend   16   13   12
        0.1610642057898 bend    1   13   12
  18 k  0.1449693474740 bend    7   11   10      val=   1.06033
       -0.4330019980597 bend   22   11   10
       -0.5715766176358 bend   14   11   10
        0.6313339236638 bend    8   11   10
        0.2573146031079 bend    3   11   10
  19 k  1.0000000000000 stre    1   20           val=   3.18898
  20 k  1.0000000000000 stre    1   22           val=   3.19481
  21 k  1.0000000000000 stre   20   22           val=   3.36552
  22 k  1.0000000000000 stre    1   12           val=   3.23161
  23 k  1.0000000000000 stre   20   12           val=   3.33110
  24 k  1.0000000000000 stre    1    5           val=   3.23566
  25 k  1.0000000000000 stre   12    5           val=   3.36521
  26 k  1.0000000000000 stre    1   14           val=   3.24202
  27 k  1.0000000000000 stre   22   14           val=   3.34077
  28 k  1.0000000000000 stre    5   14           val=   3.36264
  29 k  0.4397430159992 bend   12   22    1      val= 114.86440
        0.4649192532911 bend    5   20    1
        0.4635174268799 bend    5   22    1
        0.4401106091712 bend   14   20    1
        0.4265330168612 bend   14   12    1
  30 k -0.2377456660428 bend   12   22    1      val=   0.08861
       -0.6646393840120 bend    5   20    1
        0.6688003661561 bend    5   22    1
        0.2333097018996 bend   14   20    1
        0.0020348776512 bend   14   12    1
  31 k  0.5502134715524 bend   12   22    1      val=   1.44127
       -0.3172937691861 bend    5   20    1
       -0.3090788174698 bend    5   22    1
        0.5467064234491 bend   14   20    1
       -0.4496355979111 bend   14   12    1
  32 k  0.1068700263355 bend   12   22    1      val=   4.85729
       -0.4428467756886 bend    5   20    1
       -0.4195031048732 bend    5   22    1
        0.0430457775732 bend   14   20    1
        0.7839832503110 bend   14   12    1
  33 k -0.6602628350522 bend   12   22    1      val=   0.13365
        0.2128754904570 bend    5   20    1
       -0.2575754157549 bend    5   22    1
        0.6716609131750 bend   14   20    1
        0.0355462673597 bend   14   12    1
  34 k  1.0000000000000 stre    5    7           val=   3.31218
  35 k  1.0000000000000 stre    5   16           val=   3.35737
  36 k  1.0000000000000 stre    7   16           val=   3.33602
  37 k  1.0000000000000 stre    7   14           val=   3.31658
  38 k  1.0000000000000 stre   16   12           val=   3.36659
  39 k  0.4378951786360 bend   14   16    5      val= 106.43094
        0.4466175035494 bend   12    7    5
        0.4131691648100 bend   12   14    5
        0.4708648378812 bend    1    7    5
        0.4651431647870 bend    1   16    5
  40 k  0.0873579458353 bend   14   16    5      val=   1.30215
       -0.0734346825298 bend   12    7    5
        0.0023437411759 bend   12   14    5
       -0.7050501903622 bend    1    7    5
        0.6999104747385 bend    1   16    5
  41 k  0.5654829668406 bend   14   16    5      val=   5.75619
        0.3407798246583 bend   12    7    5
        0.1936490002999 bend   12   14    5
       -0.4932066860739 bend    1    7    5
       -0.5323019395172 bend    1   16    5
  42 k -0.6390208613670 bend   14   16    5      val=   0.28519
        0.7454954086733 bend   12    7    5
        0.0814560655099 bend   12   14    5
       -0.1704626601010 bend    1    7    5
       -0.0140116126052 bend    1   16    5
  43 k -0.2692540710513 bend   14   16    5      val=   5.16885
       -0.3510638968592 bend   12    7    5
        0.8860873107104 bend   12   14    5
       -0.0942347061363 bend    1    7    5
       -0.1011211328146 bend    1   16    5
  44 k  1.0000000000000 stre   10   14           val=   3.34462
  45 k  0.6530592604899 bend    8    5    7      val= 109.73695
        0.5300333731614 bend   10    5    7
        0.5409050060995 bend   16   10    7
  46 k -0.7423698363879 bend    8    5    7      val=  11.25845
        0.5892147200189 bend   10    5    7
        0.3189248183105 bend   16   10    7
  47 k -0.1496683944918 bend    8    5    7      val=   1.58894
       -0.6098283668772 bend   10    5    7
        0.7782729178393 bend   16   10    7
  48 k  0.5646585005039 bend   22    7   10      val= 105.89310
        0.5315537516706 bend    8   22   10
        0.2142640604764 bend    8   14   10
        0.5522404479242 bend    3    7   10
        0.2184783443690 bend    3   14   10
  49 k  0.0400724414605 bend   22    7   10      val=   2.43553
       -0.7568836199161 bend    8   22   10
       -0.0280511333555 bend    8   14   10
        0.6238425600810 bend    3    7   10
        0.1885602807783 bend    3   14   10
  50 k  0.3832954361044 bend   22    7   10      val=  29.31350
       -0.2897209275030 bend    8   22   10
        0.4970065335362 bend    8   14   10
       -0.5088479275798 bend    3    7   10
        0.5130347795701 bend    3   14   10
  51 k -0.7294532249218 bend   22    7   10      val=  28.71933
        0.2210988337262 bend    8   22   10
        0.4020144692536 bend    8   14   10
        0.1911341681425 bend    3    7   10
        0.4699631843616 bend    3   14   10
  52 k -0.0231857403771 bend   22    7   10      val=   4.62214
       -0.1084199468702 bend    8   22   10
        0.7380195921781 bend    8   14   10
        0.1019434366417 bend    3    7   10
       -0.6577553905904 bend    3   14   10
  53 k  1.0000000000000 stre   12   18           val=   3.34369
  54 k  0.5353645116857 bend    5   20   12      val= 106.50838
        0.2170488496186 bend    5   18   12
        0.5609653241768 bend   16   20   12
        0.2209081294298 bend    1   18   12
        0.5502655176638 bend    1   16   12
  55 k -0.7580183655892 bend    5   20   12      val=   3.75691
       -0.0209288987591 bend    5   18   12
        0.0465173431714 bend   16   20   12
        0.1920277065899 bend    1   18   12
        0.6212339618149 bend    1   16   12
  56 k -0.2845239025266 bend    5   20   12      val=  28.86153
        0.4893205234919 bend    5   18   12
        0.3889225225519 bend   16   20   12
        0.5103682553206 bend    1   18   12
       -0.5175665074109 bend    1   16   12
  57 k  0.2168863233880 bend    5   20   12      val=  28.19851
        0.3914886183164 bend    5   18   12
       -0.7284883411789 bend   16   20   12
        0.4855649222903 bend    1   18   12
        0.1822866628790 bend    1   16   12
  58 k -0.1039204920853 bend    5   20   12      val=   5.49122
        0.7481670034787 bend    5   18   12
       -0.0346128599464 bend   16   20   12
       -0.6465878969296 bend    1   18   12
        0.1008598418643 bend    1   16   12
  59 k  0.6473660869913 bend    8    5   16      val= 107.20315
        0.5426405563969 bend   12    7   16
        0.5352180639392 bend   12    8   16
  60 k -0.7585324282209 bend    8    5   16      val=   9.84936
        0.3900818503818 bend   12    7   16
        0.5219815181978 bend   12    8   16
  61 k -0.0744694887245 bend    8    5   16      val=   0.08594
        0.7438933905850 bend   12    7   16
       -0.6641362199829 bend   12    8   16
  62 k  0.5228877050135 bend   22   12   20      val= 104.63967
        0.5440472191282 bend    3   12   20
        0.6562020049532 bend    1    3   20
  63 k  0.4064480696603 bend   22   12   20      val=  13.41921
        0.5175425263511 bend    3   12   20
       -0.7529606231986 bend    1    3   20
  64 k  0.7492585766043 bend   22   12   20      val=   4.51528
       -0.6604258904503 bend    3   12   20
       -0.0494896818319 bend    1    3   20
  65 k  0.5236925675595 bend   20   10   22      val= 104.44328
        0.5441657567251 bend    1   10   22
        0.6554614587378 bend    1    3   22
  66 k  0.4115614767199 bend   20   10   22      val=  13.36405
        0.5120553529773 bend    1   10   22
       -0.7539339933757 bend    1    3   22
  67 k  0.7458976106431 bend   20   10   22      val=   4.33338
       -0.6645923146524 bend    1   10   22
       -0.0442019201151 bend    1    3   22
        35 non zero eigenvalues  of BmBt
           1           2.473259947    1    0
         1
           2           2.446611642    2    0
         2
           3           2.206506385    3    0
         3
           4           2.171787918    4    0
         4
           5           2.100613256    5    0
         5
           6           2.003839931    6    0
         6
           7           2.000740931    7    0
         7
           8           1.847621350    8    0
         8
           9           1.691374018    9    0
         9
          10           1.626312579   10    0
        10
          11           1.545966179   11    0
        11
          12           1.472594331   12    0
        12
          13           1.424830901   13    0
        13
          14           1.292869326   14    0
        14
          15           1.236208019   15    0
        15
          16           1.144872804   16    0
        16
          17           1.109084685   17    0
        17
          18           1.064769242   18    0
        18
          19           2.939651687    0    0
         0.000000000         0.000000000         0.000000000         0.000000000
         0.000000000         0.000000000         0.000000000         0.000000000
         0.000000000         0.000000000         0.000000000         0.000000000
         0.000000000         0.000000000         0.000000000         0.000000000
         0.000000000         0.000000000        -0.028219223        -0.007656348
        -0.061711290         0.013536041         0.067428650         0.015712506
        -0.053647163         0.050508363         0.099162615        -0.056494696
        -0.030356678         0.001936443         0.007347285        -0.064687806
        -0.024438086         0.268151849         0.103457080         0.591611329
        -0.615682483        -0.099579057        -0.026390231         0.073159252
         0.095065670         0.091249392        -0.002543638        -0.092286093
        -0.098759632         0.145671124        -0.100931595         0.163449772
         0.130807926        -0.052309846         0.013336017         0.033483221
         0.015130682         0.046574160         0.046900090        -0.023059729
         0.000818659         0.017708032        -0.087661763        -0.008784809
        -0.087559233         0.015278207        -0.013722104         0.010516191
        -0.027305208        -0.032774271         0.019206203
          20           2.241661964    0    0
         0.000000000         0.000000000         0.000000000         0.000000000
         0.000000000         0.000000000         0.000000000         0.000000000
         0.000000000         0.000000000         0.000000000         0.000000000
         0.000000000         0.000000000         0.000000000         0.000000000
         0.000000000         0.000000000         0.020023990         0.113447290
         0.007995776         0.099571671         0.016740840         0.017783186
         0.023306415         0.062565588         0.045481560        -0.055876581
        -0.120873728         0.001645966         0.012085090         0.030531671
        -0.043152900         0.337166923        -0.066314749         0.211683333
         0.447041398         0.104100293         0.296309559        -0.151382997
        -0.062351833         0.113672296        -0.075561396        -0.011833417
        -0.528136503        -0.049490585         0.021969873         0.234270743
         0.136735786        -0.019925918        -0.099165051        -0.017820172
         0.089495219        -0.099235042         0.037779004        -0.008517928
         0.009634074        -0.031764153         0.083402439         0.081416760
         0.161015099         0.116143711         0.001294902        -0.008435645
        -0.018272908        -0.034121469        -0.031427381
          21           1.864490944    0    0
         0.000000000         0.000000000         0.000000000         0.000000000
         0.000000000         0.000000000         0.000000000         0.000000000
         0.000000000         0.000000000         0.000000000         0.000000000
         0.000000000         0.000000000         0.000000000         0.000000000
         0.000000000         0.000000000        -0.140809059         0.188198522
         0.076912201        -0.415901554         0.023131003        -0.003058659
        -0.319798226         0.349450479        -0.147577022         0.384999522
         0.029951410        -0.092523874        -0.001783946         0.027375541
        -0.130624026         0.088803366        -0.139596303        -0.081014023
        -0.048455527         0.149517167        -0.034732103         0.003212270
        -0.030931579         0.111450386        -0.019311480        -0.314255779
        -0.003993627         0.054934810         0.068951267        -0.028112365
        -0.023814629         0.124923430        -0.038624216        -0.007109385
         0.301806010         0.025972197        -0.049620697        -0.110633688
         0.040972457        -0.001619168         0.049493579        -0.086255141
        -0.047166328         0.039300276        -0.066557215        -0.047993049
        -0.081098328         0.093839058         0.032860671
          22           1.690985822    0    0
         0.000000000         0.000000000         0.000000000         0.000000000
         0.000000000         0.000000000         0.000000000         0.000000000
         0.000000000         0.000000000         0.000000000         0.000000000
         0.000000000         0.000000000         0.000000000         0.000000000
         0.000000000         0.000000000         0.204927118         0.214982969
         0.501218187        -0.093768857        -0.253979880        -0.068531665
         0.253774598        -0.249308258        -0.153149240         0.048391716
         0.252239860         0.024802547        -0.012743124         0.026818258
        -0.010945150         0.183992521         0.097659819         0.055416608
        -0.014140562         0.119474101        -0.246446668        -0.006594151
        -0.005653745         0.031820085        -0.059576510        -0.057195887
        -0.029167023        -0.050559119        -0.058544517         0.226254870
        -0.135686126         0.004258060        -0.009321902         0.019083877
        -0.077384302         0.047955065        -0.170372371         0.059279687
        -0.001057046         0.009263101         0.079371521        -0.044502105
         0.002133940        -0.169595908         0.099330070         0.017334772
        -0.263311401         0.029724841        -0.012069924
          23           1.601726790    0    0
         0.000000000         0.000000000         0.000000000         0.000000000
         0.000000000         0.000000000         0.000000000         0.000000000
         0.000000000         0.000000000         0.000000000         0.000000000
         0.000000000         0.000000000         0.000000000         0.000000000
         0.000000000         0.000000000         0.190680511         0.095475106
         0.142987456        -0.092968580        -0.394293432        -0.206679845
        -0.148171972         0.004459319        -0.322016626        -0.174513996
        -0.347622672        -0.006145144        -0.007955349         0.107238852
         0.055183846        -0.180670178         0.003464069         0.065444358
        -0.108339061         0.180759741         0.294586310         0.073770858
        -0.085783673        -0.076216873        -0.062997433        -0.052077261
        -0.011419605         0.058048063         0.095707903        -0.015846941
         0.069726598        -0.001846072         0.053283538        -0.075936474
        -0.141871738         0.177149269         0.071246045         0.010653219
        -0.003865988        -0.085836630        -0.312616164        -0.020168850
         0.041164788         0.046214060        -0.039478870        -0.116793911
         0.164595567        -0.019578111        -0.084359249
          24           1.498516193    0    0
         0.000000000         0.000000000         0.000000000         0.000000000
         0.000000000         0.000000000         0.000000000         0.000000000
         0.000000000         0.000000000         0.000000000         0.000000000
         0.000000000         0.000000000         0.000000000         0.000000000
         0.000000000         0.000000000        -0.279543164        -0.088104857
        -0.096354259         0.159879995        -0.325822636         0.367552957
         0.241054892         0.028869738        -0.215808606         0.051301451
        -0.243629297         0.019419930         0.014639502         0.002296707
        -0.082988057        -0.075390121        -0.204104582        -0.112485643
        -0.134085577        -0.081894889        -0.186649301        -0.042362784
        -0.046056241         0.051063103        -0.063781874        -0.307604277
        -0.015191868        -0.049318456        -0.051152621         0.212275540
         0.001751442         0.012627828         0.016775506        -0.003017466
        -0.197133431        -0.106454318         0.012084666         0.028123775
         0.066818002        -0.003894966         0.188105665         0.001299595
         0.009364794         0.290341385         0.029917755        -0.023008677
        -0.000399528        -0.054117207        -0.088016098
          25           1.428713075    0    0
         0.000000000         0.000000000         0.000000000         0.000000000
         0.000000000         0.000000000         0.000000000         0.000000000
         0.000000000         0.000000000         0.000000000         0.000000000
         0.000000000         0.000000000         0.000000000         0.000000000
         0.000000000         0.000000000         0.271089752        -0.227674733
         0.083830548         0.213398741         0.180192227         0.272029009
        -0.043966251         0.051585213        -0.308075916         0.419988557
        -0.097755958         0.013077444         0.005110779        -0.021812870
         0.131677464         0.160897745         0.058071037         0.141582473
         0.180038454        -0.124857590        -0.113519941         0.057131929
        -0.015007242        -0.010194621        -0.046163359        -0.073401301
        -0.017159837         0.018312905         0.010928956        -0.072425344
         0.063040997         0.019545098         0.043312647        -0.003225055
        -0.139195549         0.246180380        -0.049961984         0.013823545
        -0.020068202         0.017353891         0.011854542        -0.045264903
        -0.026118657        -0.259133121        -0.045383987        -0.080488191
         0.336973579         0.043051231         0.035982730
          26           1.404507463    0    0
         0.000000000         0.000000000         0.000000000         0.000000000
         0.000000000         0.000000000         0.000000000         0.000000000
         0.000000000         0.000000000         0.000000000         0.000000000
         0.000000000         0.000000000         0.000000000         0.000000000
         0.000000000         0.000000000        -0.006233406         0.110376529
         0.050444913         0.012407457        -0.123919026         0.326758494
         0.387760282         0.415875405         0.312238054         0.122712303
        -0.053861217        -0.035701859         0.013530657         0.025530078
         0.033927333         0.023326521         0.261856014         0.105481576
         0.051328952         0.448683327        -0.016916358         0.019732265
         0.016195220        -0.076993280        -0.026847435         0.179622003
         0.170487705         0.026596626         0.023575194        -0.121986651
        -0.006387294        -0.015755685         0.012373669         0.019881095
         0.008968496         0.072687767         0.022799075         0.002230336
        -0.013115030        -0.017465165        -0.163968752        -0.036189441
        -0.001868965         0.115634477        -0.004068263        -0.026535344
         0.035218344         0.022549144        -0.020873055
          27           1.185881967    0    0
         0.000000000         0.000000000         0.000000000         0.000000000
         0.000000000         0.000000000         0.000000000         0.000000000
         0.000000000         0.000000000         0.000000000         0.000000000
         0.000000000         0.000000000         0.000000000         0.000000000
         0.000000000         0.000000000         0.128839501        -0.141759349
         0.033295308         0.318357386         0.172487033         0.038852895
         0.056882824        -0.256255228        -0.190463340         0.046452370
         0.012584641         0.068011403         0.034209633         0.114700214
        -0.048495040        -0.050732217        -0.097236745        -0.052762446
        -0.177159173         0.470607906         0.091256656         0.153288781
         0.035734100         0.113391391        -0.001205310        -0.018826419
         0.074668556         0.070494719         0.015202284         0.028882004
         0.028136319        -0.040698374         0.048035427        -0.027735377
         0.462427036        -0.334802583        -0.065228933        -0.055095370
        -0.034730846        -0.015161335         0.007295327        -0.020895044
        -0.035399175         0.038221120         0.114827411        -0.067228446
         0.102387425        -0.051642048        -0.030783396
          28           1.111235479    0    0
         0.000000000         0.000000000         0.000000000         0.000000000
         0.000000000         0.000000000         0.000000000         0.000000000
         0.000000000         0.000000000         0.000000000         0.000000000
         0.000000000         0.000000000         0.000000000         0.000000000
         0.000000000         0.000000000         0.198014239         0.530094918
         0.116481968         0.323575508         0.323242779        -0.057824723
         0.017813382         0.074862370        -0.061740716         0.057379581
        -0.253619118        -0.041355542        -0.072802154        -0.034297342
        -0.131329969        -0.079239155         0.224606670        -0.036853747
         0.003272561        -0.249136633        -0.012819022         0.001468397
        -0.086423123        -0.074251930         0.082393726        -0.096591444
         0.185888119        -0.064679960         0.021440003         0.112708745
        -0.103687833         0.095259748         0.079705395        -0.068477092
         0.083005863        -0.055420019         0.170759455         0.027669874
         0.074494058        -0.009482980        -0.000381163         0.060524756
        -0.068246559         0.192276363        -0.078982506         0.046139319
        -0.111513816        -0.059111058        -0.059953125
          29           1.010998717    0    0
         0.000000000         0.000000000         0.000000000         0.000000000
         0.000000000         0.000000000         0.000000000         0.000000000
         0.000000000         0.000000000         0.000000000         0.000000000
         0.000000000         0.000000000         0.000000000         0.000000000
         0.000000000         0.000000000        -0.072623323        -0.008444777
         0.349438553         0.257795246         0.017011338        -0.041160200
         0.101911326         0.243528523         0.052313452         0.172135921
         0.178953763         0.014675006         0.143530767         0.143242210
        -0.004981745        -0.296127335        -0.299659461         0.170149866
        -0.053172426        -0.163228743         0.303457827         0.006464503
         0.168584492         0.015608163         0.058940256        -0.118256363
        -0.049395619         0.137515874         0.065127206        -0.195195738
        -0.015959406         0.017931343        -0.133300319        -0.043759766
        -0.190077722        -0.166279285         0.014745650         0.024952438
        -0.116708735        -0.034481046        -0.047397974         0.135327762
         0.050128467        -0.100708785         0.110581346         0.071928380
        -0.160090096         0.113559441         0.044470781
          30           0.989300505    0    0
         0.000000000         0.000000000         0.000000000         0.000000000
         0.000000000         0.000000000         0.000000000         0.000000000
         0.000000000         0.000000000         0.000000000         0.000000000
         0.000000000         0.000000000         0.000000000         0.000000000
         0.000000000         0.000000000         0.372407855         0.130582442
         0.061516287         0.107853886        -0.223429248        -0.031588815
        -0.167196060         0.074624732         0.425609339         0.132712547
        -0.177901040         0.206718459        -0.037614826        -0.012451023
         0.043571064         0.148269682        -0.344868058        -0.209332623
        -0.171356510        -0.053233321        -0.022115193         0.067864779
        -0.076662562         0.089878661         0.056282171         0.172687524
         0.003875965         0.109965955        -0.074405472        -0.084482106
         0.131923718        -0.008572043         0.032839534        -0.035670853
        -0.036901585         0.014209761        -0.149149554         0.053690034
         0.105245488        -0.050627443         0.283306792        -0.103432149
         0.007763902         0.014935934         0.033486233        -0.031616338
         0.048655179        -0.134718791         0.000689880
          31           0.957607201    0    0
         0.000000000         0.000000000         0.000000000         0.000000000
         0.000000000         0.000000000         0.000000000         0.000000000
         0.000000000         0.000000000         0.000000000         0.000000000
         0.000000000         0.000000000         0.000000000         0.000000000
         0.000000000         0.000000000         0.219585067        -0.045979961
        -0.155792311        -0.011253917         0.250437360        -0.108246066
         0.216532766         0.141492113         0.149497804        -0.161164525
         0.017715132        -0.086631017        -0.110427619        -0.135563786
         0.061354811        -0.059073744        -0.045137258        -0.215238239
        -0.158420905         0.252462063         0.040763725        -0.052533321
        -0.149879263         0.037509696         0.000671937        -0.485602273
        -0.068572372        -0.065791209         0.105830589         0.155594821
         0.093252590         0.146640629        -0.026950788         0.016648641
        -0.205780753         0.041086947        -0.049641464         0.128113882
        -0.084139867        -0.043620173        -0.021254477        -0.006457140
         0.134092905        -0.250108832        -0.052041150         0.092895750
         0.022414557        -0.044507265         0.215107134
          32           0.924082700    0    0
         0.000000000         0.000000000         0.000000000         0.000000000
         0.000000000         0.000000000         0.000000000         0.000000000
         0.000000000         0.000000000         0.000000000         0.000000000
         0.000000000         0.000000000         0.000000000         0.000000000
         0.000000000         0.000000000         0.082432550         0.050382418
         0.254990843        -0.150673793         0.219523659         0.492479162
        -0.091550424         0.018911702         0.065802198        -0.332096689
        -0.118013865        -0.104175256         0.227722893        -0.089925521
         0.037490988        -0.255881521        -0.212917784        -0.063606585
        -0.056242413        -0.044420903         0.046185563        -0.075098519
         0.026470709        -0.001423913        -0.115342130         0.108651845
        -0.034574606        -0.037694101        -0.088477960         0.231906795
        -0.036276856        -0.151941081        -0.020576199        -0.024388441
         0.162957534         0.203561718        -0.046426650        -0.152251737
        -0.041553250        -0.054043364         0.018869935         0.037771329
        -0.057512363        -0.190090824        -0.080841004        -0.090265330
        -0.058039460         0.000497238        -0.047493777
          33           0.895152227    0    0
         0.000000000         0.000000000         0.000000000         0.000000000
         0.000000000         0.000000000         0.000000000         0.000000000
         0.000000000         0.000000000         0.000000000         0.000000000
         0.000000000         0.000000000         0.000000000         0.000000000
         0.000000000         0.000000000         0.119605810         0.001402323
         0.061513706        -0.170724873        -0.005969540        -0.187713769
         0.347742796         0.305076214        -0.238458811        -0.220205292
        -0.044950835        -0.230042070        -0.039832398         0.111309816
         0.127780502         0.057613105        -0.016871347         0.014517518
        -0.121149472        -0.173945776        -0.052740242        -0.217716579
         0.052758607         0.058027012         0.103989910         0.128820044
        -0.018610968        -0.049813326        -0.134420307        -0.165679685
         0.046853363        -0.008930735         0.089594708         0.038028791
         0.177864003        -0.226012702        -0.058263903         0.017284871
         0.073763305        -0.042564585         0.296291858         0.124684751
        -0.012695904        -0.055157871        -0.067163632        -0.120377297
         0.293618594         0.121791983        -0.007854959
          34           0.495601430    0    0
         0.000000000         0.000000000         0.000000000         0.000000000
         0.000000000         0.000000000         0.000000000         0.000000000
         0.000000000         0.000000000         0.000000000         0.000000000
         0.000000000         0.000000000         0.000000000         0.000000000
         0.000000000         0.000000000         0.041327027        -0.328105736
         0.244991022         0.149272376        -0.263664875        -0.022059897
        -0.136391613         0.157530705         0.198233354        -0.161042932
        -0.004454887         0.142837059         0.173859602        -0.072130763
        -0.032004764         0.030924950         0.362258058        -0.092788853
         0.049404505        -0.188570954        -0.014446770        -0.094606509
        -0.029037982        -0.001952419         0.163054142        -0.312290930
         0.035078912        -0.146513258         0.102479100         0.003619920
         0.061543263         0.131386008        -0.003502996         0.099464602
         0.301511617         0.012514911        -0.023277001        -0.145790240
         0.010277862         0.083531824        -0.039543503         0.100834313
        -0.007154737        -0.026758935         0.168338282        -0.155080922
         0.013512386        -0.103253828        -0.006731326
          35           0.424695990    0    0
         0.000000000         0.000000000         0.000000000         0.000000000
         0.000000000         0.000000000         0.000000000         0.000000000
         0.000000000         0.000000000         0.000000000         0.000000000
         0.000000000         0.000000000         0.000000000         0.000000000
         0.000000000         0.000000000         0.291697035         0.039383797
        -0.262955763        -0.217149335        -0.166673916         0.046201972
         0.198148118        -0.187797652         0.162388661         0.178266668
         0.008864270         0.098044111        -0.197232377         0.110957251
        -0.017289431        -0.347585304        -0.061371229         0.296520652
         0.151900159        -0.163943863        -0.000535764        -0.093891417
         0.098775531        -0.024657689        -0.211074160        -0.190271937
         0.014235650        -0.065068152        -0.071100747        -0.012222759
         0.002132979         0.089887196        -0.008035770        -0.105548448
         0.253471639         0.017231354        -0.032805319        -0.127756280
         0.012016696        -0.114368235        -0.034665395         0.148500174
        -0.156664358         0.001248012         0.063507644         0.028406483
         0.026491577        -0.123395605         0.134929946
$end
