$coord
   -0.02638037690396      0.06474379948810      0.18531725976933      ti
    0.94856580676610     -3.09292299506700      2.04665290312495      o
   -2.63105188887740     -0.56693797851340     -1.98870456378080      o
   -4.06417426771285     -1.71453936825979     -2.25415099216021      h
   -0.90534037829808      2.82761751412833      1.48933751763090      o
   -0.71528098351049      2.96238616788427      3.22178287831215      h
    2.61277353473408      0.75636958015086     -2.06804036909990      o
    4.32737251078897      1.18874704517747     -2.08284523951538      h
    1.30972913144753     -4.30896251746936      0.57458515841687      h
$redundant
     number_of_atoms             9
     degrees_of_freedom         21
     internal_coordinates       21
     frozen_coordinates          0
# definitions of redundant internals
   1 k  1.0000000000000 tors    4    3    1    2 val= 137.46017
        1.0000000000000 tors    4    3    1    5
        1.0000000000000 tors    4    3    1    7
   2 k  1.0000000000000 stre    3    4           val=   1.85507
   3 k  1.0000000000000 bend    1    4    3      val= 141.85523
   4 k  1.0000000000000 tors    6    5    1    2 val= 128.77727
        1.0000000000000 tors    6    5    1    3
        1.0000000000000 tors    6    5    1    7
   5 k  1.0000000000000 stre    5    6           val=   1.74804
   6 k  1.0000000000000 bend    1    6    5      val= 116.32556
   7 k  1.0000000000000 tors    8    7    1    2 val=  63.01774
        1.0000000000000 tors    8    7    1    3
        1.0000000000000 tors    8    7    1    5
   8 k  1.0000000000000 stre    7    8           val=   1.76834
   9 k  1.0000000000000 bend    1    8    7      val= 140.92243
  10 k  1.0000000000000 tors    9    2    1    3 val=  60.21293
        1.0000000000000 tors    9    2    1    5
        1.0000000000000 tors    9    2    1    7
  11 k  1.0000000000000 stre    2    9           val=   1.94324
  12 k  1.0000000000000 bend    1    9    2      val= 101.36132
  13 k  1.0000000000000 stre    1    5           val=   3.17907
  14 k  1.0000000000000 stre    1    3           val=   3.45104
  15 k  1.0000000000000 stre    1    7           val=   3.53852
  16 k  1.0000000000000 stre    1    2           val=   3.79288
  17 k  0.4216962790512 bend    3    5    1      val=   3.74668
        0.4891756053239 bend    7    5    1
        0.3921869245539 bend    7    3    1
       -0.5235553548884 bend    2    5    1
       -0.3053737510245 bend    2    3    1
       -0.2484060268031 bend    2    7    1
  18 k -0.2610656292318 bend    3    5    1      val=   4.20412
       -0.2549262010177 bend    7    5    1
        0.4371917361440 bend    7    3    1
       -0.5672535645409 bend    2    5    1
        0.4350195665239 bend    2    3    1
        0.4058350962803 bend    2    7    1
  19 k  0.5929480260843 bend    3    5    1      val=   0.45723
       -0.5176903245133 bend    7    5    1
        0.0108761415840 bend    7    3    1
       -0.0303901918414 bend    2    5    1
        0.4211787038401 bend    2    3    1
       -0.4494174134185 bend    2    7    1
  20 k -0.4712273877995 bend    3    5    1      val=   5.14528
        0.3718784001014 bend    7    5    1
        0.1761667041196 bend    7    3    1
        0.1127513113486 bend    2    5    1
        0.4737202226375 bend    2    3    1
       -0.6095020831292 bend    2    7    1
  21 k -0.1312204838490 bend    3    5    1      val=   7.37803
       -0.3571878914338 bend    7    5    1
        0.7306658455729 bend    7    3    1
        0.3947983542343 bend    2    5    1
       -0.3849428959733 bend    2    3    1
       -0.1314482532338 bend    2    7    1
        21 non zero eigenvalues  of BmBt
           1           8.023643693    1    0
         1
           2           7.619115949    2    0
         2
           3           3.846591310    3    0
         3
           4           3.252528712    4    0
         4
           5           2.924087893    5    0
         5
           6           2.809032343    6    0
         6
           7           2.314118806    7    0
         7
           8           2.095336127    8    0
         8
           9           1.911101586    9    0
         9
          10           1.777219769   10    0
        10
          11           1.370263339   11    0
        11
          12           1.350166097   12    0
        12
          13           1.033973537   13    0
        13
          14           0.818810838   14    0
        14
          15           0.445041794   15    0
        15
          16           0.307550517   16    0
        16
          17           0.144581819   17    0
        17
          18           0.103034061   18    0
        18
          19           0.094047485   19    0
        19
          20           0.088864238   20    0
        20
          21           0.069428192   21    0
        21
$user-defined bonds
$end
