$coord
   -0.11441447540837     -0.13717422033253     -0.09016249069151      ti
    1.24561537586586     -2.45889483803751      1.87059445864681      o
   -2.49721069549201     -0.48190255573383     -2.33752479247042      o
   -3.75904822203364      0.31692439713438     -3.02172916268718      h
   -0.35346720896924      1.89162683745489      2.81549244824037      o
   -0.83307558845706      3.74607791004511      2.70920353623528      h
    2.00593860734270      1.16027673955464     -2.11152321204466      o
    1.38963706969562      2.85045757090834     -2.47303294475042      h
    2.27653667530982     -2.15832987652212      3.30769148477450      h
$redundant
     number_of_atoms             9
     degrees_of_freedom         21
     internal_coordinates       21
     frozen_coordinates          0
# definitions of redundant internals
   1 k  1.0000000000000 stre    9    2           val=   1.89107
   2 k  1.0000000000000 linc    9    1    2    7 val= -19.13165
   3 k  1.0000000000000 linp    9    1    2    7 val=  16.09390
   4 k  1.0000000000000 stre    1    2           val=   3.56723
   5 k -0.7926080992700 bend    7    2    1      val=   4.94514
        0.3353820732554 bend    3    2    1
        0.5092065061549 bend    5    2    1
   6 k -0.0897778920398 bend    7    2    1      val=  -0.14110
        0.7618365470692 bend    3    2    1
       -0.6415177360374 bend    5    2    1
   7 k  1.0000000000000 tors    4    3    1    5 val=  89.76726
        1.0000000000000 tors    4    3    1    7
   8 k  1.0000000000000 stre    3    4           val=   1.92933
   9 k  1.0000000000000 bend    1    4    3      val= 105.07797
  10 k  1.0000000000000 tors    6    5    1    3 val= 176.91238
        1.0000000000000 tors    6    5    1    7
  11 k  1.0000000000000 stre    5    6           val=   1.88466
  12 k  1.0000000000000 bend    1    6    5      val= 107.47351
  13 k  1.0000000000000 tors    8    7    1    3 val=  49.42551
        1.0000000000000 tors    8    7    1    5
  14 k  1.0000000000000 stre    7    8           val=   1.82179
  15 k  1.0000000000000 bend    1    8    7      val= 126.14963
  16 k  1.0000000000000 stre    1    7           val=   3.36926
  17 k  1.0000000000000 stre    1    3           val=   3.58982
  18 k  1.0000000000000 stre    1    5           val=   3.62613
  19 k -0.7194866306672 bend    3    7    1      val=   0.35647
        0.6940148502310 bend    5    7    1
        0.0261223266574 bend    5    3    1
  20 k  0.4051306814260 bend    3    7    1      val=   7.66094
        0.4499559065224 bend    5    7    1
       -0.7958698468675 bend    5    3    1
  21 k  0.5640993877487 bend    3    7    1      val= 114.46120
        0.5620347585731 bend    5    7    1
        0.6049039683265 bend    5    3    1
        21 non zero eigenvalues  of BmBt
           1           3.861190926    1    0
         1
           2           3.283729519    2    0
         2
           3           3.069542295    3    0
         3
           4           2.488876694    4    0
         4
           5           2.306435103    5    0
         5
           6           2.120213680    6    0
         6
           7           1.958061815    7    0
         7
           8           1.718606397    8    0
         8
           9           1.581210959    9    0
         9
          10           1.423474663   10    0
        10
          11           1.149276740   11    0
        11
          12           1.096205105   12    0
        12
          13           1.003031852   13    0
        13
          14           0.604999935   14    0
        14
          15           0.488733921   15    0
        15
          16           0.289597911   16    0
        16
          17           0.126418525   17    0
        17
          18           0.104013710   18    0
        18
          19           0.076053029   19    0
        19
          20           0.067022965   20    0
        20
          21           0.043679012   21    0
        21
$user-defined bonds
$end
