$hessapprox internal
  0.391731032151D+00  0.134269088535D-02  0.322926012608D+00  0.238688238650D-02
 -0.234262539952D-01  0.247312421347D+00  0.395396171773D-02  0.124573504874D-02
  0.230406203426D-02  0.391217325526D+00 -0.984987481376D-03  0.549932069150D-03
  0.580354816333D-02 -0.992614338003D-03  0.326694618636D+00  0.347960539550D-02
 -0.235859283813D-01 -0.856181254544D-01  0.337881010119D-02  0.782059792356D-02
  0.240490121758D+00  0.342616002684D-02  0.185378470868D-02  0.102421014096D-02
  0.311426434428D-02  0.116162087144D-02  0.760538743276D-03  0.570669528028D+00
  0.433003842204D-03  0.243214819770D-02  0.404717955389D-02  0.388511116187D-03
 -0.363499335462D-03  0.651175803618D-02  0.147757429739D-02  0.328536454082D+00
 -0.102000608758D-02 -0.596788368667D-03  0.722222407172D-03 -0.973354498046D-03
 -0.139726416223D-02  0.144092264263D-02 -0.455149501553D-04 -0.313743315032D-02
  0.383798402163D+00  0.366861195361D-02  0.206713502941D-02  0.160488152417D-02
  0.334965392699D-02  0.130407967169D-02  0.120308897034D-02 -0.314638684113D-01
  0.150233182130D-02 -0.309836320747D-04  0.570657066490D+00  0.565811468520D-03
  0.212327025024D-02  0.305540678112D-02  0.530388164945D-03 -0.184966834363D-03
  0.536278887577D-02  0.160975144433D-02 -0.485353251027D-01 -0.316867136859D-02
  0.162329264975D-02  0.328600877546D+00  0.400261907945D-03 -0.265359572881D-03
 -0.106090490575D-02  0.354407590666D-03 -0.885164489465D-03  0.209444331840D-03
  0.146474091012D-02 -0.398831244900D-02  0.401795558126D-03  0.162161232986D-02
 -0.392440936617D-02  0.383626390890D+00  0.257805342775D-02  0.769240851205D-03
 -0.245565713431D-02  0.227938285739D-02  0.580918842239D-03 -0.199647510925D-02
 -0.316904768904D-01  0.507322676219D-03 -0.264722390510D-03 -0.316727662706D-01
  0.703488988986D-03  0.779526002316D-03  0.569478570696D+00  0.232808115572D-03
 -0.880467822503D-02 -0.244016693861D-01  0.965450772948D-04 -0.239509206042D-02
 -0.221075372195D-01  0.514791143529D-02 -0.341844411543D-01 -0.794430855047D-02
  0.534962070303D-02 -0.350948707991D-01 -0.284741649738D-03  0.331505684908D-02
  0.323271709056D+00  0.156057239191D-02  0.319425204741D-02  0.146546809766D-02
  0.152901442451D-02  0.251193863070D-02  0.222827288843D-02  0.384950440064D-03
 -0.229849886517D-01  0.355381702702D-02  0.488775963584D-03 -0.229858584378D-01
 -0.543012390583D-02 -0.249960844631D-03  0.195886810062D-02  0.359239551762D+00
  0.251039915951D-02  0.146199020057D-03 -0.330785578566D-02  0.219638530879D-02
 -0.477635581661D-03 -0.200845207430D-02 -0.319308803219D-01  0.100621250818D-03
 -0.970043747553D-03 -0.318733746363D-01  0.364180824958D-03  0.454436545621D-03
 -0.334411512772D-01  0.703702514869D-03  0.107727378610D-02  0.567246683201D+00
  0.929932904026D-03 -0.327821613522D-02 -0.109729255484D-01  0.804018606000D-03
 -0.103714887413D-02 -0.884256413640D-02  0.386847951158D-02 -0.375032543211D-01
 -0.478488828024D-02  0.399357522533D-02 -0.381576339413D-01 -0.223603967187D-02
  0.256197519877D-02 -0.399196678035D-01 -0.106362810141D-01  0.126424406439D-02
  0.342199363889D+00  0.230609664020D-02  0.641415969078D-02  0.640294713036D-02
  0.228383379383D-02  0.470986568570D-02  0.653454932989D-02 -0.896731550626D-03
 -0.227138759444D-01  0.730221102612D-02 -0.817528423455D-03 -0.225070961043D-01
 -0.736365803233D-02 -0.127888854990D-02  0.174682362863D-01 -0.398340613986D-01
  0.137398904729D-02 -0.402772600716D-02  0.325566723077D+00  0.235565330126D-02
  0.104490536249D-02 -0.235076527421D-02  0.207054804586D-02  0.106235045614D-02
 -0.222287886509D-02 -0.322500965137D-01  0.802194775649D-03 -0.595612536069D-04
 -0.322622171252D-01  0.100570594022D-02  0.108275278120D-02 -0.331589326609D-01
  0.423395754970D-02 -0.375144074361D-03 -0.337546483146D-01  0.314785678689D-02
 -0.178585870590D-02  0.568468723608D+00  0.144862972445D-02 -0.802335619848D-02
 -0.247037102088D-01  0.128136929506D-02 -0.171954604457D-03 -0.240194045336D-01
  0.487181241622D-02 -0.335699432073D-01 -0.684058942212D-02  0.492270896379D-02
 -0.346110768325D-01  0.577232194329D-03  0.382300960645D-02 -0.509307377004D-01
  0.113743173618D-03  0.221077532219D-02 -0.380961042890D-01  0.136161234376D-01
  0.437173929367D-02  0.328491357181D+00  0.157569787353D-02  0.335020591096D-02
  0.139391499503D-02  0.153943953386D-02  0.273571039385D-02  0.208398798214D-02
  0.248852558412D-03 -0.223552480373D-01  0.392343931929D-02  0.358962225850D-03
 -0.223315231342D-01 -0.556156754459D-02 -0.401233782162D-03  0.368586811174D-02
 -0.287160928166D-01  0.103190425304D-02 -0.960917840348D-02 -0.414582073733D-01
 -0.574137654180D-03  0.167828489873D-02  0.357941686446D+00  0.377136693262D-02
  0.306457917513D-02  0.279410894401D-02  0.345278548706D-02  0.296993090066D-02
  0.106890376303D-02 -0.310427094667D-01  0.303046934924D-02  0.106942247120D-02
 -0.312224371147D-01  0.306358398813D-02  0.227053668378D-02 -0.305076102527D-01
  0.100848300365D-01 -0.105813615879D-02 -0.294835169520D-01  0.677791006555D-02
 -0.440899786468D-02 -0.313958895051D-01  0.813880234909D-02 -0.136713197047D-02
  0.569506304470D+00 -0.675119376048D-03 -0.118137493528D-03  0.514518271139D-03
 -0.653928783100D-03 -0.103907918521D-02  0.146123718784D-02  0.125468365406D-03
 -0.221810828724D-02 -0.362584950952D-03  0.212627276383D-03 -0.214157864640D-02
 -0.860377815472D-03 -0.345111617711D-03 -0.190099667044D-02 -0.108958916243D-02
 -0.806998206649D-03 -0.189803872334D-02 -0.860059544571D-03 -0.159147221071D-03
 -0.102319005400D-02 -0.105766410540D-02  0.943804424829D-03  0.384699726340D+00
  0.109414583787D-02  0.354570012754D-02  0.582449291087D-02  0.106582487079D-02
  0.147996468473D-02  0.639024603648D-02  0.374432388470D-03 -0.195601031509D-01
  0.171185147686D-02  0.376743745059D-03 -0.195984252664D-01 -0.332557324353D-02
  0.228439565612D-03 -0.165769016245D-02 -0.191181196133D-01  0.118909419260D-02
 -0.101804444719D-01 -0.263499185154D-01  0.115676835262D-03 -0.295736265665D-02
 -0.195032102430D-01 -0.688988624684D-03 -0.762597074705D-03  0.369066357730D+00
  0.254254368934D-02  0.423772440895D-03 -0.293363923663D-02  0.222878324214D-02
 -0.756804655421D-04 -0.194704992840D-02 -0.319409650430D-01  0.382166354297D-03
 -0.759345175846D-03 -0.319083062835D-01  0.631106163502D-03  0.669238628309D-03
 -0.332902378281D-01  0.164435034081D-02  0.851055154604D-03 -0.346140516801D-01
  0.182469501436D-02  0.756221471869D-03 -0.336914015783D-01  0.279519904914D-02
  0.770651137157D-03 -0.298794182913D-01 -0.630287522470D-03  0.100470619463D-02
  0.568028832346D+00  0.809534655938D-03 -0.350937964048D-02 -0.128086139266D-01
  0.718925596389D-03  0.107003558506D-03 -0.116574870109D-01  0.270787574447D-02
 -0.352250990795D-01 -0.441444908003D-02  0.275394958666D-02 -0.359241313479D-01
 -0.130575372616D-02  0.171411739735D-02 -0.384683113992D-01 -0.932534297413D-02
  0.791434350880D-03 -0.334359527420D-01 -0.280978985984D-02  0.204789985116D-02
 -0.375197190133D-01 -0.835043578011D-02  0.485925904877D-02 -0.131909120202D-02
 -0.922016476236D-02  0.116921774393D-02  0.345223566616D+00 -0.233057185743D-02
 -0.607167076058D-02 -0.502929524408D-02 -0.232158587557D-02 -0.497144503126D-02
 -0.502525923887D-02  0.887934607991D-03  0.238526150307D-01 -0.731179495997D-02
  0.815671072084D-03  0.236885434922D-01  0.740380978040D-02  0.125597418101D-02
 -0.162633642402D-01  0.404440399971D-01 -0.145038340141D-02  0.514649542767D-02
  0.615108538492D-01  0.177024931738D-02 -0.122541074061D-01  0.420577351441D-01
  0.447391821417D-02  0.814945548833D-03  0.268093089580D-01 -0.817649034106D-03
  0.395939366415D-02  0.324598640743D+00  0.213718705457D-02 -0.691420776826D-03
 -0.448770034401D-02  0.184774894839D-02 -0.174488209627D-02 -0.215926738774D-02
 -0.319079530659D-01 -0.124517538747D-02 -0.172151948192D-02 -0.317917615630D-01
 -0.905013360648D-03 -0.162200839325D-03 -0.340335355570D-01 -0.281473081765D-02
  0.188375702158D-02 -0.364741893484D-01 -0.934622176355D-03  0.356363467576D-02
 -0.341234646869D-01 -0.146657879035D-03  0.195270569101D-02 -0.280355029305D-01
 -0.138826214521D-02  0.177249517151D-02 -0.358309394871D-01 -0.854953013759D-03
 -0.369649462715D-02  0.563281710331D+00  0.207592499985D-04  0.494251624337D-04
  0.626121767488D-03  0.639595695006D-05 -0.657944163453D-03  0.125019581169D-02
  0.520946139847D-03 -0.772297678188D-04  0.125034074061D-03  0.588481258215D-03
 -0.113999152958D-04 -0.769896057769D-03  0.250391643227D-03  0.935683961865D-03
 -0.115597641371D-02  0.393685054106D-04  0.309305927330D-03 -0.175329107847D-02
  0.401509059416D-03  0.145796196850D-02 -0.120736649102D-02  0.945868008323D-03
 -0.364282067027D-03 -0.572568966715D-03  0.149050706920D-03  0.719126952999D-03
  0.169765323786D-02 -0.268726716953D-03  0.374828267561D+00 -0.500390545617D-02
  0.725340000847D-03  0.119152494784D-01 -0.471465453834D-02 -0.195431641310D-02
  0.102257876628D-01 -0.472476942639D-02 -0.928966824267D-02 -0.939168691245D-02
 -0.530130285478D-02 -0.976942299438D-02  0.917151062917D-02 -0.288632685557D-02
 -0.368044071737D-01  0.289725894383D-01 -0.423550101257D-02 -0.186352531590D-01
  0.507582033885D-01 -0.333423578983D-02 -0.359167571816D-01  0.310848769014D-01
 -0.351871410833D-02  0.146478368453D-02  0.142005935049D-01 -0.427539767323D-02
 -0.204220456133D-01 -0.506897551045D-01 -0.490052323113D-02  0.360503106481D-02
  0.310168693501D+00  0.190265106052D-02 -0.103883001736D-02 -0.528114256695D-02
  0.161922792123D-02 -0.216193291285D-02 -0.255871903459D-02 -0.320962114088D-01
 -0.153738435409D-02 -0.189687370535D-02 -0.319449974366D-01 -0.115788440318D-02
 -0.454859433574D-03 -0.345010180374D-01 -0.364254477780D-02  0.192361959617D-02
 -0.372598858904D-01 -0.144644599260D-02  0.387313775664D-02 -0.345253130123D-01
 -0.547655332567D-03  0.200508196471D-02 -0.277135336213D-01 -0.161925051875D-02
  0.189021080765D-02 -0.365221772069D-01 -0.117663085617D-02 -0.403108749611D-02
 -0.401013733628D-01 -0.408667787195D-03 -0.441519852049D-02  0.560785190113D+00
  0.340099502621D-03  0.185317443093D-03  0.537921965469D-03  0.316087225120D-03
  0.161867785268D-03  0.343149739022D-03  0.281579097629D-03 -0.579906638302D-03
 -0.193468315440D-03  0.248532479568D-03 -0.627191544894D-03  0.312756263697D-03
  0.448445411633D-03 -0.871737425407D-03  0.415037742424D-03  0.537559307355D-03
 -0.596305788058D-03  0.812953473210D-03  0.417649007551D-03 -0.103359962018D-02
  0.472456757345D-03  0.143995841133D-03  0.110855280590D-03  0.872811030922D-04
  0.504361525175D-03 -0.712796537641D-03 -0.772633129453D-03  0.626601218200D-03
  0.150892014428D-03 -0.214629399284D-02  0.692266351173D-03  0.374771756508D+00
 -0.407133427716D-02 -0.588096230591D-03  0.407331046021D-02 -0.383931200276D-02
 -0.114844570014D-02  0.309496723619D-02 -0.344866398304D-02 -0.154132073566D-01
 -0.761344680735D-02 -0.383414417524D-02 -0.158967998362D-01  0.617052179105D-02
 -0.252481625851D-02 -0.356121233815D-01  0.178973367461D-01 -0.371297217796D-02
 -0.215595922880D-01  0.347425767811D-01 -0.283797546087D-02 -0.348337116053D-01
  0.195887135698D-01 -0.211494806020D-02  0.735061690449D-03  0.762463582916D-02
 -0.367302051284D-02 -0.226423263770D-01 -0.344141054645D-01 -0.454576960646D-02
  0.276234044891D-02 -0.589194201252D-01 -0.430067995476D-02 -0.169032676420D-02
  0.339896541774D+00  0.700017519842D-03  0.127308664265D-02  0.433942436401D-02
  0.648999768557D-03 -0.218705680786D-03  0.447887532189D-02  0.112094436046D-02
 -0.210640684323D-02 -0.163570498651D-03  0.107407832750D-02 -0.212466180805D-02
 -0.910171296269D-04  0.141232355159D-02 -0.779381651004D-04 -0.107881812081D-02
  0.145457292077D-02 -0.909867049189D-03 -0.134370240269D-02  0.146164854475D-02
 -0.116090396034D-03 -0.102691961636D-02  0.111381874271D-02 -0.716727985360D-04
 -0.113603600041D-02  0.145351561105D-02 -0.738314165530D-03  0.135227782396D-02
  0.143561017244D-02 -0.281580338341D-04 -0.831920776589D-03  0.149225560793D-02
 -0.560071114484D-04 -0.675445884920D-03  0.355200094506D+00  0.659505859644D-03
  0.919491396397D-03  0.111525466240D-02  0.651941561777D-03  0.155355430043D-02
 -0.552455102445D-04  0.294338641919D-04 -0.415220549344D-05  0.700915148591D-03
 -0.100994052025D-03 -0.918915761397D-04  0.726154890180D-03  0.699539613791D-03
  0.244988216273D-02 -0.124504373647D-02  0.138891110556D-02  0.110732092341D-02
 -0.258912008102D-02  0.418238521549D-03  0.108400498689D-02 -0.133968585217D-02
 -0.116211844366D-02  0.654474627157D-03 -0.104320463125D-02  0.112306845907D-02
  0.480364193838D-03  0.268129784160D-02  0.221783511574D-02  0.412045490710D-03
 -0.299000576425D-03  0.254453828653D-02 -0.160771983725D-03 -0.120507737732D-03
 -0.203601077060D-02  0.357991583021D+00  0.533507567980D-03  0.126930297897D-01
  0.358983639316D-01  0.744430804911D-03  0.190826693836D-02  0.346078798499D-01
 -0.534732553140D-02 -0.401731678526D-01 -0.133922420662D-02 -0.565660437146D-02
 -0.404936140237D-01  0.382253723371D-03 -0.326135767770D-02 -0.126162681886D-01
 -0.192062486705D-01  0.401043339657D-03 -0.232050915563D-01 -0.226605623393D-01
 -0.427415218042D-02 -0.157704444634D-01 -0.188338266776D-01 -0.109780535075D-01
  0.122123738887D-03 -0.192002437135D-01 -0.645162418057D-03 -0.231019832299D-01
  0.233042150894D-01  0.376271985338D-02  0.146365650481D-02 -0.223583572041D-01
  0.517877804344D-02 -0.128041383038D-02 -0.216823761548D-01 -0.295420670167D-02
 -0.242130198209D-02  0.282019871194D+00 -0.581178813572D-03 -0.102785411498D-02
 -0.340423776244D-02 -0.591600553623D-03 -0.426041259372D-03 -0.285356053509D-02
 -0.274932218518D-03 -0.501430801097D-03 -0.230674255560D-03 -0.175358817955D-03
 -0.464137769209D-03 -0.464791515674D-03 -0.834063133456D-03 -0.169049762211D-02
 -0.190483181028D-03 -0.122006478854D-02 -0.100940094807D-02  0.180703216404D-03
 -0.769649658908D-03 -0.105334521757D-02 -0.192640720216D-03  0.392213559657D-03
 -0.363060085130D-03  0.141419100928D-03 -0.109182854372D-02 -0.807468665276D-03
 -0.174690125930D-03 -0.169608765552D-02 -0.184338349534D-03  0.106881528617D-02
 -0.191643099752D-02  0.141107493773D-03  0.419553747682D-03  0.133377289671D-02
 -0.157237452194D-02  0.165081038518D-02  0.340921903120D+00 -0.260291261835D-03
  0.150544165466D-02  0.390929301481D-02 -0.239156310611D-03  0.203912871680D-03
  0.394546907718D-02 -0.547892448237D-03 -0.232746244511D-02  0.402054844242D-03
 -0.571393647846D-03 -0.226718717731D-02 -0.317327870520D-03 -0.458785067163D-03
  0.175560159312D-02 -0.281103606197D-02 -0.222844892370D-03 -0.253437564896D-03
 -0.436639338396D-02 -0.571528504243D-03  0.143985244847D-02 -0.291402811775D-02
 -0.934498580862D-03 -0.517525117566D-04 -0.216978329955D-02 -0.309040783241D-03
 -0.181189300969D-03  0.435629079921D-02  0.117425600615D-04 -0.590844979431D-04
  0.186401835151D-02  0.727105109943D-04  0.443311990668D-05  0.123505323238D-02
  0.428688448484D-03  0.161713400196D-03 -0.345775005278D-02  0.645297711090D-03
  0.347721394381D+00 -0.103113446590D-03  0.523347665299D-03  0.344805201762D-02
 -0.135012042277D-03 -0.147514350473D-02  0.448978192475D-02  0.811186870833D-03
 -0.160546776210D-02 -0.756865300286D-03  0.875537819203D-03 -0.154144568699D-02
 -0.541671526979D-03  0.549243626029D-03 -0.188174542035D-02  0.421127457068D-03
  0.677559385091D-04 -0.147121037662D-02  0.138710964541D-02  0.795735450763D-03
 -0.814349635267D-03  0.549373700291D-03  0.169002056942D-02 -0.566198766255D-03
  0.451535552615D-04  0.265720288291D-03 -0.852709683783D-03 -0.147103707830D-02
 -0.565168752161D-03 -0.321847907273D-03 -0.117471930934D-02 -0.761126796535D-03
  0.678687077416D-04 -0.946772553817D-03  0.355736185866D-02 -0.364650425959D-02
 -0.539562883591D-03 -0.485049457605D-02  0.918197607393D-03  0.336303801169D+00
  0.189154751116D-02 -0.735077726798D-02 -0.271150560304D-01  0.168589149457D-02
 -0.625097842649D-03 -0.241481297459D-01  0.603978495129D-02 -0.110289585574D-01
  0.162430083100D-02  0.664854323879D-02 -0.111442467349D-01 -0.667282804229D-02
  0.313703667644D-02 -0.741417026565D-02 -0.167772822712D-01  0.197079287464D-02
 -0.979369354567D-02 -0.217223659627D-01  0.406774101198D-02 -0.521081491884D-02
 -0.172298007880D-01  0.892535412572D-02 -0.234732976443D-02 -0.886710385785D-02
  0.269835396212D-02 -0.758437774499D-02  0.222804277337D-01 -0.154357982454D-03
 -0.211698760675D-02  0.321961023848D-01 -0.121971658690D-02  0.109280867931D-02
  0.205832725166D-01  0.149064076979D-02  0.226810065135D-02  0.142220219504D-01
 -0.252841458407D-02  0.141624394047D-02 -0.210914176194D-02  0.337545407438D+00
 -0.315509810465D-03  0.881254189910D-04 -0.122233679608D-02 -0.283598573681D-03
  0.101386577192D-02 -0.186119332885D-02 -0.814127054152D-03 -0.287364138529D-03
  0.449141873952D-03 -0.859420424028D-03 -0.312113091377D-03  0.344807997458D-03
 -0.660786380412D-03  0.837898033315D-03 -0.995232549010D-03 -0.318228144115D-03
  0.221464345670D-03 -0.180607750809D-02 -0.878719656037D-03  0.899895356959D-04
 -0.108430144565D-02 -0.144300864068D-02  0.332059142289D-03 -0.685911008253D-03
 -0.470847543073D-03 -0.179453625828D-03  0.186919817433D-02  0.125716337737D-03
  0.243993312721D-03  0.191030024734D-03  0.259649404411D-03 -0.641463868926D-04
 -0.174205018139D-04  0.812791129753D-03 -0.208014831851D-03 -0.874394854392D-03
 -0.630649251618D-03 -0.501623741014D-03  0.615259758851D-02  0.112728912051D-02
  0.373610575295D+00  0.266894650278D-02 -0.254071360913D-02  0.253177857180D-02
  0.240337352276D-02 -0.677369985254D-02  0.659984384569D-02  0.498295055841D-02
  0.663702472777D-02 -0.356683424642D-02  0.522709972388D-02  0.677707377528D-02
 -0.138547164484D-02  0.373299194551D-02 -0.733181355835D-02  0.117979492055D-01
  0.729736067034D-03 -0.421792788344D-04  0.195314907403D-01  0.520086926901D-02
 -0.202643436049D-02  0.125169189280D-01  0.101788040284D-01 -0.201530887286D-02
  0.854186115443D-02  0.188145637500D-02  0.225571523246D-02 -0.199609882811D-01
 -0.288250706870D-02 -0.139206662833D-02 -0.533936381897D-02 -0.398298380284D-02
  0.425209798902D-03 -0.254367940448D-02 -0.909783951768D-03  0.242386851664D-02
  0.231737082321D-01 -0.886024920094D-03  0.309451032310D-02 -0.296726886528D-02
 -0.226133887957D-02  0.257513367921D-02  0.353568797737D+00  0.341597480012D-02
  0.333333629630D-02  0.112129224295D-01  0.333664830159D-02  0.562192217399D-04
  0.104505577975D-01 -0.381791221011D-03 -0.486635849726D-02 -0.343307085271D-03
 -0.436467694488D-03 -0.508093295771D-02  0.629972830108D-03  0.695543522909D-03
  0.731734769029D-03 -0.138961447789D-02  0.226844853961D-02 -0.160977698146D-02
 -0.159835947656D-02  0.594604721881D-03  0.197314153732D-04 -0.120066621403D-02
 -0.271140001500D-02  0.293155927767D-03 -0.236560700516D-02  0.194591203850D-02
 -0.173588586412D-02  0.170194563396D-02  0.362656778662D-02  0.394269110474D-03
 -0.688410870547D-02  0.423267128347D-02 -0.302951679783D-03 -0.517844273407D-02
 -0.112772674196D-02 -0.765261315256D-03 -0.343438599263D-01  0.222463164659D-02
  0.369235081330D-02 -0.414019511301D-03  0.133535094175D-02  0.205045695020D-03
  0.566547842832D-02  0.352323660134D+00  0.174670758040D-02  0.218445022330D-02
  0.338745991469D-02  0.176101305777D-02  0.387316023687D-02 -0.489045048552D-04
 -0.188821228170D-02  0.491381346966D-02  0.159114546675D-02 -0.226077225929D-02
  0.470892638077D-02  0.289979271455D-02 -0.686372232690D-05  0.783378694118D-02
  0.136937076428D-02  0.190425118515D-02  0.589012646196D-02 -0.692102813301D-03
 -0.794934140718D-03  0.428362048587D-02  0.118812197676D-02 -0.530804337813D-02
  0.203704577020D-02  0.521310047862D-03  0.116383484016D-02  0.390894860321D-02
  0.824620241852D-03  0.431053541387D-02  0.131477862920D-02 -0.481173105419D-02
  0.524319111153D-02 -0.490593785110D-03 -0.247900336436D-02  0.274345539326D-03
 -0.383843743521D-02 -0.731909630849D-02  0.148855814825D-01 -0.204329890081D-02
 -0.320147769771D-02  0.911952223650D-02 -0.243783286723D-02  0.919092732119D-02
 -0.249936590616D-02  0.345515360789D+00 -0.437527008457D-02 -0.567731103739D-02
 -0.186260892670D-01 -0.432258409062D-02 -0.334018297566D-02 -0.134392353468D-01
  0.349000308678D-02 -0.112904978370D-01  0.363129701188D-03  0.408894439040D-02
 -0.108805246893D-01 -0.702472394987D-02 -0.271797126032D-03 -0.939197780162D-02
 -0.139215259957D-01 -0.351186210599D-02 -0.104529792911D-01 -0.170628620880D-01
  0.791411802228D-03 -0.526030228869D-02 -0.143088220354D-01  0.928750076280D-02
 -0.326925516053D-02 -0.727350957683D-02 -0.237524777473D-02 -0.729625864043D-02
  0.171307521503D-01 -0.741146515574D-02 -0.262611186071D-02  0.290603769163D-01
 -0.914806449849D-02  0.115375645139D-02  0.185584910288D-01  0.212475428649D-02
  0.453268400580D-02  0.307479742646D-01 -0.199066818614D-02  0.114724191840D-01
 -0.242940746837D-02 -0.173841264474D-01  0.881737563801D-03 -0.128817777577D-01
  0.203233659345D-01  0.133360509143D-01  0.318525497148D+00 -0.622749607319D-02
  0.478328224727D-02  0.155124359731D-02 -0.593906358432D-02  0.996866144178D-02
 -0.380133181775D-02 -0.511449144724D-02 -0.102677208455D-01  0.303481010195D-02
 -0.638556854521D-02 -0.102342238119D-01  0.419022217285D-02 -0.259147251217D-02
 -0.592220401113D-03 -0.100877491468D-01 -0.264071071107D-02 -0.505431191933D-02
 -0.165873315524D-01 -0.451308941803D-02 -0.874401780401D-02 -0.106846619987D-01
 -0.630210500729D-02  0.342560772118D-02 -0.821562181446D-02 -0.365480571519D-02
 -0.841971519805D-02  0.171964362936D-01 -0.102791543326D-02  0.262933649142D-02
 -0.503012550000D-02 -0.313516827592D-03 -0.123285407432D-02 -0.586010610938D-02
 -0.226491968060D-02 -0.687020233876D-02  0.470937072533D-01  0.148508725832D-02
  0.573720095004D-02  0.450346445793D-02 -0.915015162051D-03 -0.294809170193D-02
  0.160395010467D-01  0.270217761306D-01 -0.140794037897D-01 -0.808256836853D-02
  0.172128023753D+00 -0.274656852431D-02 -0.855927906688D-03 -0.621301081756D-02
 -0.263333576165D-02  0.856731838686D-03 -0.535435342237D-02 -0.143171518865D-02
 -0.676051327871D-02  0.109494999135D-02 -0.143599503377D-02 -0.656425110636D-02
 -0.206135758551D-02 -0.245995685506D-02 -0.220380961702D-02 -0.858777883498D-02
 -0.348437852726D-02 -0.454084262243D-02 -0.119699850281D-01 -0.252065751337D-02
 -0.237283685070D-02 -0.893857567897D-02  0.162244936194D-03 -0.586432939734D-03
 -0.525350096189D-02 -0.331148036193D-02 -0.402541437567D-02  0.121063004650D-01
 -0.443740698352D-02 -0.523013548345D-03  0.117283540979D-01 -0.493154204143D-02
  0.238104925103D-03  0.711255041454D-02 -0.256829049227D-04  0.830676766970D-03
  0.157344437531D-01 -0.218638727376D-02 -0.186490679473D-01  0.119615919871D-03
 -0.593629708916D-02 -0.538059520744D-03  0.928147089313D-03  0.136532512157D-01
  0.286026487326D-02 -0.136589384588D-01 -0.336026697823D-01  0.341087314288D+00
  0.249683385254D-02  0.879761777368D-02  0.377814365560D-01  0.222811600074D-02
 -0.564329725095D-02  0.407530107974D-01  0.172210971232D-02 -0.588611438149D-02
 -0.487440490207D-02  0.106589905050D-02 -0.556887740541D-02  0.178655311996D-02
  0.293568269716D-02 -0.890853233561D-02  0.102611220180D-01 -0.223304368506D-03
 -0.546498367538D-02  0.177454401128D-01  0.366865249309D-02 -0.629809608798D-02
  0.113026655322D-01  0.658708991738D-02 -0.951680855377D-03  0.377533009063D-02
  0.505919071330D-03 -0.380490310188D-02 -0.181994664109D-01 -0.343981928119D-02
  0.151488095779D-04 -0.271737968406D-01 -0.402126548659D-02 -0.650228312414D-03
 -0.190711603807D-01 -0.273471959437D-02  0.107496456575D-02  0.191700012059D-01
  0.198341750140D-02 -0.272212445289D-02 -0.265390785124D-02  0.188960821197D-01
  0.165502987141D-02 -0.198874472278D-01  0.127695886333D-01  0.158859200194D-02
 -0.670604666454D-02 -0.554925772859D-01 -0.105325050340D-01  0.287800710303D+00
  0.100575679725D-03  0.946846552143D-03  0.402903212303D-02  0.552936769776D-04
 -0.877199921735D-03  0.459927740624D-02  0.503086485134D-03 -0.907114413494D-03
 -0.559613074612D-03  0.503393780004D-03 -0.857588153854D-03 -0.554854554759D-04
  0.468334272928D-03 -0.720544388481D-03  0.666934016437D-03  0.175302441792D-03
 -0.573293737082D-03  0.132269389304D-02  0.565886922942D-03 -0.159517535241D-03
  0.764134674641D-03  0.101060533862D-02 -0.282197648363D-03  0.153953277332D-03
  0.271658673650D-03 -0.284074099672D-03 -0.138805555083D-02 -0.198591004404D-03
 -0.107962194253D-03 -0.220133541876D-02 -0.293727952334D-03  0.813448181783D-05
 -0.158305142377D-02  0.130529216506D-02 -0.188257353589D-02 -0.625625887685D-03
 -0.950059611567D-02  0.130764198518D-02 -0.324001836719D-02  0.139066969150D-02
 -0.345083935136D-02 -0.232919390674D-02  0.181532347150D-03 -0.375681925886D-04
 -0.169706193581D-02  0.257840582416D-03  0.671471576608D-03 -0.402882999575D-02
  0.347792826955D+00  0.983603182686D-03  0.490679152319D-03 -0.266615794239D-02
  0.102274325231D-02  0.431777274365D-02 -0.626126642807D-02 -0.260590118206D-02
 -0.147745900530D-02  0.265538986637D-03 -0.299436988495D-02 -0.185002355595D-02
  0.347561845757D-02 -0.102529945337D-02 -0.246225418761D-02  0.194886012032D-02
  0.552266201308D-03 -0.156440197503D-02  0.268571717535D-02 -0.190051457139D-02
 -0.594453500634D-02  0.204375439912D-02 -0.549434520838D-02  0.200947949595D-02
  0.290104770226D-03 -0.141858224995D-03 -0.374746165662D-02 -0.228848792920D-02
  0.259421773038D-02  0.182336347150D-02 -0.136867409428D-01  0.344717081637D-02
 -0.743275860861D-03 -0.108159708654D-01 -0.168667349914D-02 -0.359086047961D-02
 -0.858090322495D-02  0.226366097318D-02 -0.471327995214D-03  0.130929895126D-02
  0.815554162190D-02 -0.175943630435D-02  0.857782623773D-02  0.141658933180D-02
 -0.690442620706D-02  0.186636151451D-01 -0.166327162650D-01 -0.492396581861D-03
 -0.480447019029D-02  0.168194312849D-02  0.362412789751D+00  0.457431243673D-02
 -0.725758380526D-06 -0.654489343433D-02  0.444275612139D-02  0.745732198055D-02
 -0.132486362505D-01 -0.349209160896D-02  0.214381515887D-02  0.130503551442D-03
 -0.414464936722D-02  0.131698702024D-02  0.682471005599D-02 -0.379826215136D-03
 -0.329129914141D-02  0.734143854109D-02  0.273645009182D-02 -0.243742862834D-04
  0.100555796894D-01 -0.177086272889D-02 -0.927539776839D-02  0.764647866484D-02
 -0.893044170548D-02  0.376854603759D-02  0.346885044207D-02  0.152334174769D-02
 -0.414107340521D-02 -0.931199825328D-02  0.653537140104D-02  0.334790165941D-02
 -0.266625794649D-01  0.817778928992D-02 -0.127133385827D-02 -0.202224378350D-01
 -0.988901710335D-03 -0.478296946080D-02 -0.236943255318D-01  0.445760742696D-02
  0.592949889120D-02  0.439601169768D-02  0.186349989585D-01 -0.260628724387D-02
  0.121932525725D-01 -0.105724016388D-01 -0.133495962363D-01  0.287308489038D-01
 -0.317215786255D-01  0.989527584977D-02  0.403959897570D-02  0.167204135174D-02
 -0.188831137501D-01  0.330035597521D+00  0.135501933548D-02  0.257090387488D-02
  0.579296036347D-02  0.133299989913D-02  0.244997767824D-02  0.359755359134D-02
 -0.895443713016D-03  0.267621292921D-02  0.105196716498D-02 -0.117386750309D-02
  0.256940916445D-02  0.195764316606D-02  0.513500922724D-03  0.624642070196D-02
  0.397221717732D-03  0.183474848129D-02  0.420536767905D-02 -0.137866312998D-02
 -0.325665829604D-04  0.383276989900D-02  0.272660113967D-03 -0.323841383551D-02
  0.132745081259D-02 -0.213876863310D-03  0.132035659384D-02  0.293813736492D-02
  0.143790024061D-02  0.346959337448D-02  0.861657914295D-03 -0.355847727549D-02
  0.412250119093D-02 -0.336786657841D-03 -0.180389955133D-02  0.261216746107D-02
 -0.384142391349D-02 -0.593822873314D-02  0.319887247137D-03  0.808115700908D-03
  0.120301184392D-02  0.753257129708D-02 -0.605420929110D-02  0.545942378881D-02
 -0.506433149718D-03 -0.104378465330D-01  0.855196138392D-02 -0.931714526732D-02
  0.623839498444D-03 -0.113283315816D-02 -0.104710208458D-01 -0.578839028597D-02
 -0.907533399683D-02  0.357309523046D+00 -0.193820796450D-02 -0.551460610978D-03
 -0.905207635533D-02 -0.166573534945D-02  0.681625901967D-02 -0.142841029051D-01
 -0.396459602344D-02  0.983089735431D-03  0.201053107598D-02 -0.434183702402D-02
  0.595396217787D-03  0.393530555066D-02 -0.204793053880D-02  0.202809102829D-02
 -0.383251747789D-03  0.585978398492D-03  0.132223914049D-02 -0.226612537108D-02
 -0.338980387320D-02 -0.326363847625D-02 -0.646666239254D-03 -0.879578545528D-02
  0.289427361232D-02 -0.789216807595D-03 -0.511244224837D-03 -0.177376637497D-02
  0.269066888554D-02  0.408596311841D-02  0.219122619314D-02 -0.823418070485D-02
  0.533866441959D-02 -0.817783736812D-03 -0.664716787640D-02 -0.364861244584D-02
 -0.812324630059D-02 -0.914669591545D-02  0.165450391284D-02  0.527315447516D-02
  0.282325699906D-02  0.560740915095D-02 -0.255761166678D-02  0.167861310521D-01
 -0.561882290817D-02 -0.117330469974D-01  0.125035777829D-01 -0.205218732000D-01
  0.145872809581D-01  0.108936113619D-01  0.673990471535D-03 -0.125334910385D-01
 -0.241387014520D-01 -0.666706789531D-02  0.347729452127D+00  0.230659381630D-02
 -0.362541937649D-02 -0.186407116290D-01  0.217230543297D-02  0.449600022144D-02
 -0.211043350233D-01  0.154692097224D-02 -0.282969864751D-02  0.209658792545D-02
  0.160194579762D-02 -0.329294229086D-02 -0.152268549557D-03  0.177056480727D-02
 -0.475044374492D-03 -0.736503737555D-02  0.353341720328D-02 -0.210187231820D-02
 -0.109585959673D-01  0.133642209519D-02 -0.314389035116D-02 -0.770556818650D-02
 -0.976966559375D-03  0.979433355940D-03 -0.407753812040D-02  0.307485664864D-02
 -0.338050405778D-02  0.116073428976D-01  0.522512570855D-02  0.586627161840D-03
  0.872871128999D-02  0.573073121792D-02  0.247742682047D-04  0.484971236558D-02
  0.311555157549D-02 -0.644377159706D-04 -0.355602665065D-02 -0.125766975478D-04
 -0.459060082614D-02  0.425331405150D-02 -0.120023632574D-01 -0.196123336435D-02
  0.179316026315D-01 -0.712515915337D-02 -0.311459165627D-02  0.150711581578D-01
 -0.124483670704D-01 -0.570812336994D-02  0.249569815236D-01  0.241163339545D-02
 -0.627987614424D-02 -0.567491579083D-02 -0.966756675966D-03 -0.997765213142D-02
  0.346706546146D+00  0.232135991256D-02  0.211183727569D-02 -0.157002378696D-02
  0.232700386523D-02  0.779668014312D-02 -0.795981183871D-02 -0.266893177260D-02
  0.608308544373D-02  0.275290572166D-02 -0.324065738208D-02  0.559900947207D-02
  0.512187002070D-02  0.367528136395D-03  0.100904316184D-01  0.928901384641D-03
  0.389509190484D-02  0.748328904839D-02 -0.252765968785D-02 -0.115176250732D-02
  0.356222964375D-02  0.600560091580D-03 -0.886839604845D-02  0.363748462199D-02
  0.503185255364D-04  0.253933083358D-02  0.369009644527D-02  0.296134749817D-02
  0.825712204490D-02  0.253254878937D-02 -0.888744063490D-02  0.991170233061D-02
 -0.859606387499D-03 -0.571895822101D-02  0.107640190299D-02 -0.488428107537D-02
 -0.124880636673D-01  0.112169662653D-01 -0.309758487115D-02 -0.118612907151D-01
  0.130140644960D-01 -0.217603711663D-05  0.192024788198D-01 -0.423620803820D-02
 -0.261037783812D-01  0.229816537365D-01 -0.243860996195D-01  0.202915964589D-02
  0.918168587726D-02  0.168785301815D-02 -0.149149908655D-01 -0.247365311209D-01
 -0.949107458295D-02 -0.223734530344D-01 -0.763664416346D-02  0.341989038649D+00
 -0.634663015407D-03 -0.462807655837D-03  0.104023235081D-02 -0.682792072017D-03
 -0.259973233109D-02  0.320518786361D-02  0.152632962504D-02 -0.290715659815D-02
 -0.108235950021D-02  0.173034270770D-02 -0.277163857837D-02 -0.164595596680D-02
  0.544746740494D-03 -0.392714701335D-02 -0.543538499941D-03 -0.563453313226D-03
 -0.307404817083D-02  0.705964750884D-03  0.103672301425D-02 -0.172463806564D-02
 -0.404718845755D-03  0.354100578645D-02 -0.125345963533D-02 -0.299526743746D-03
 -0.121250693439D-03 -0.182583279163D-02 -0.819055692245D-03 -0.200224495478D-02
 -0.800889682976D-03  0.193685042733D-02 -0.253273577589D-02  0.284252924988D-03
  0.979044544883D-03  0.253075443002D-02  0.588059007053D-03  0.358101066473D-02
 -0.102667633733D-01  0.107897632026D-02 -0.839085868624D-02 -0.593284593273D-02
  0.271715245681D-02 -0.504283075280D-02  0.346009607673D-03  0.842656496326D-02
 -0.622163944880D-02  0.689135866879D-02 -0.365708214979D-03 -0.146116977097D-02
 -0.149343573187D-02  0.407029420791D-02  0.749378601270D-02  0.781998276796D-02
  0.681765387044D-02  0.266237755981D-02  0.771675282616D-02  0.358227225882D+00
  0.151752976903D-02  0.428588336598D-02  0.212506061596D-01  0.132652264697D-02
 -0.744018979487D-02  0.271693622036D-01  0.264386764040D-02 -0.295166266033D-02
 -0.119412203394D-02  0.287611997604D-02 -0.228903165003D-02 -0.487860144271D-02
  0.937792766623D-03  0.362519924192D-02 -0.377373122150D-02 -0.196366013112D-02
  0.293310849975D-03 -0.491788350067D-02  0.228005214021D-02  0.877004718385D-02
 -0.371607747644D-02  0.776775063266D-02 -0.316538399659D-02 -0.240305655617D-02
 -0.856176782421D-03  0.398183223776D-02  0.427988611559D-02 -0.564573882568D-02
 -0.265210833887D-02  0.140723537483D-01 -0.697946516063D-02  0.864651049535D-03
  0.115614187016D-01 -0.330041049695D-03  0.425251820806D-02  0.107269305644D-01
  0.314123952949D-02  0.469848167096D-02 -0.622384024707D-02 -0.711372511894D-02
  0.295951664106D-02 -0.166429921215D-01  0.373657663625D-02  0.780181959267D-02
 -0.201310249412D-01  0.494222355396D-02 -0.755054388378D-03 -0.175446150806D-01
 -0.228912722986D-02  0.166195761665D-01  0.244283240242D-01  0.773782714017D-02
  0.236036550616D-01  0.352791614597D-02  0.237422672037D-01 -0.749364044220D-02
  0.334899531957D+00  0.167374789771D-02  0.251574324483D-02  0.675182499219D-02
  0.161863751090D-02  0.175216313724D-02  0.498737150857D-02  0.345397433473D-03
  0.149336903045D-02  0.571260482726D-03  0.102813498378D-03  0.135533820156D-02
  0.169775392989D-02  0.173651148600D-02  0.433881600426D-02  0.704625592284D-03
  0.290878754363D-02  0.282784654626D-02 -0.273307701072D-03  0.137488901466D-02
  0.242056780070D-02  0.690835966107D-03 -0.164674614229D-02  0.108275529214D-02
 -0.167063103747D-03  0.249516567074D-02  0.188722274015D-02  0.335199544957D-03
  0.429275257044D-02  0.727733254625D-03 -0.458018572414D-02  0.489917090786D-02
 -0.339796146025D-03 -0.268294072212D-02 -0.449823163076D-03 -0.113533603078D-02
 -0.643007770518D-02  0.426239577081D-02 -0.182660695763D-02  0.597862545781D-02
  0.728043940709D-02 -0.210409225990D-02  0.427757771708D-02 -0.223558630996D-02
 -0.399315095430D-02  0.817908922370D-02 -0.664232498118D-02  0.211267410505D-02
 -0.219494807361D-02  0.133573885763D-01 -0.348925119471D-02 -0.624565539864D-02
  0.672154997104D-02 -0.592563794645D-02 -0.477539497182D-03 -0.725599760379D-02
  0.725181048500D-02  0.438321750623D-02  0.353058267155D+00  0.742951898015D-03
  0.821877417598D-02  0.247592065055D-01  0.838367222408D-03  0.118289971554D-02
  0.235784900056D-01 -0.286866669981D-02  0.379623689486D-04  0.199919345227D-02
 -0.325904088378D-02  0.300529823771D-03  0.738147905867D-03 -0.109664568891D-02
  0.148917814560D-01 -0.486934863297D-02  0.260518808828D-03  0.699104846713D-02
 -0.106227112718D-01 -0.164964530006D-02  0.125172049037D-01 -0.524486382602D-02
 -0.539818499474D-02  0.878547116192D-03 -0.451108256553D-02 -0.297289613866D-03
  0.657403392335D-02  0.103289370325D-01  0.198456713456D-02  0.217781932225D-03
  0.304692782087D-02  0.264139621896D-02 -0.261655749071D-03  0.405559382661D-02
 -0.210597094287D-02 -0.204670628239D-02 -0.138190784577D-01  0.328762818743D-02
  0.252907554319D-02 -0.553283181038D-04  0.174981680936D-01 -0.119787104105D-02
  0.804290319560D-02 -0.764678887371D-02 -0.451452908151D-02  0.306772421436D-02
 -0.568500250353D-02  0.495515567398D-02 -0.894547413023D-02  0.142500237380D-03
 -0.175288170961D-02 -0.204270450161D-02 -0.577950519249D-02 -0.166431227486D-02
  0.148426034142D-02 -0.612074323538D-02  0.165689284851D-02 -0.507346424701D-02
 -0.294014050047D-02  0.351367320399D+00  0.157551644494D-03 -0.119654617643D-02
 -0.229084548047D-02  0.122208126686D-03 -0.132609367485D-02 -0.119734666858D-02
  0.109520749874D-02 -0.977170517537D-03 -0.585518065086D-03  0.121873924276D-02
 -0.957026465230D-03 -0.961094230238D-03  0.508503822644D-03 -0.302731434201D-02
  0.131665848890D-03 -0.120497636089D-03 -0.190397620948D-02  0.116474007165D-02
  0.849673116047D-03 -0.180569292811D-02  0.227621133278D-03  0.227280740028D-02
 -0.649563544876D-03  0.328218317964D-03  0.153098202763D-03 -0.122955687501D-02
 -0.117761918977D-02 -0.946761005257D-03 -0.446088794352D-03  0.164104955068D-02
 -0.124929798662D-02  0.163259078723D-03  0.924195509381D-03  0.623061637620D-03
 -0.131536015029D-02  0.334309819691D-02  0.480865561761D-02 -0.126534098309D-02
 -0.147699847810D-01 -0.439320430167D-02 -0.416088026311D-03 -0.423607241326D-02
  0.152655437624D-02 -0.627771104583D-02 -0.537604487264D-02  0.513294024377D-02
 -0.110420760697D-02 -0.157154280171D-02  0.589270759258D-02  0.333430711127D-02
  0.386382022021D-02 -0.110466057953D-02  0.365046180828D-02  0.132264369286D-02
  0.399444453239D-02 -0.749170489748D-03 -0.371581623570D-02  0.419307128153D-02
  0.260063682524D-02  0.352625300558D+00  0.876947760682D-03 -0.719466160182D-02
 -0.265910374445D-01  0.832947228078D-03  0.331355827514D-02 -0.286826904439D-01
  0.157262330726D-02  0.861976762671D-03  0.364885363491D-03  0.164397348347D-02
  0.354346307103D-03  0.782428801944D-03  0.135331945018D-02 -0.839232601670D-02
  0.848259635682D-03  0.188801776298D-02 -0.392595455892D-02  0.257003263022D-02
  0.120559302358D-02 -0.980726982872D-02  0.880294940277D-03  0.846234702769D-03
  0.919496944346D-03  0.171738357194D-02  0.174850443361D-02 -0.516262180894D-02
 -0.198492161097D-02  0.247629595284D-02  0.773784492945D-03 -0.412194754791D-04
  0.265926148437D-02 -0.115912940541D-03 -0.162081925848D-02  0.142469806971D-02
 -0.373208860214D-03  0.944953553351D-02 -0.272460633422D-02  0.285589325178D-02
  0.104554173199D-02 -0.115810459482D-01 -0.212908574325D-02  0.532726124375D-02
 -0.459068008214D-02 -0.967453242997D-04 -0.425114483524D-03 -0.118810376329D-01
 -0.398105326992D-04  0.110457793809D-01  0.360924865096D-02 -0.451432984916D-02
 -0.866981683257D-02 -0.544093039565D-03 -0.736765709624D-02 -0.714599940323D-02
 -0.673900356156D-02  0.283164076370D-02  0.163317632794D-01  0.150828398467D-02
  0.127588375899D-01 -0.360926327863D-02  0.348691681375D+00 -0.485161168483D-03
  0.288239655160D-02  0.708608459108D-02 -0.435490491052D-03  0.155789861038D-02
  0.573676401649D-02 -0.246817104310D-02  0.271456475330D-02  0.910799471835D-03
 -0.266178729128D-02  0.280248588914D-02  0.148576244704D-02 -0.166593386999D-02
  0.694950709512D-02  0.283783325280D-03 -0.876517970467D-03  0.464258466231D-02
 -0.163135022196D-02 -0.223093215739D-02  0.534971483602D-02  0.946853221942D-04
 -0.406244539441D-02  0.862393386165D-03 -0.186577400424D-03 -0.127328931764D-02
  0.368434077216D-02  0.152804814963D-02  0.221308771982D-03  0.578365941773D-03
 -0.240619757837D-02  0.602546416668D-03 -0.176369983557D-03 -0.938178430955D-03
  0.180623061019D-03 -0.104448521451D-02 -0.539163429542D-02 -0.744245316858D-02
 -0.170643130721D-02  0.272934232630D-02  0.851232101470D-02 -0.587198678718D-02
  0.386623534271D-02  0.165096795676D-02  0.180298217749D-02  0.641589751382D-02
 -0.587244819256D-02  0.228194646541D-03 -0.247542449274D-03  0.737206915102D-02
 -0.210862664272D-02 -0.492292588030D-02 -0.649339418271D-02 -0.455698360048D-02
 -0.135451596071D-03 -0.502888739477D-02  0.311490343209D-02  0.290419164542D-02
  0.284128344922D-02 -0.524631199534D-02 -0.576284772954D-02  0.751874138915D-03
  0.354355973829D+00  0.924394830116D-03  0.179473448445D-02  0.327074046640D-02
  0.101765978909D-02  0.322895125872D-02  0.379112181338D-03 -0.146824226316D-02
  0.338201923479D-02  0.149632274788D-02 -0.179812408422D-02  0.321421076856D-02
  0.217352215218D-02  0.236538190844D-03  0.633181177196D-02  0.364117943749D-03
  0.185589747107D-02  0.437510224522D-02 -0.161430213856D-02 -0.354159891002D-03
  0.323921829442D-02  0.199079829083D-03 -0.438770908143D-02  0.173357387127D-02
 -0.161069030746D-03  0.123624228163D-02  0.287453096027D-02  0.170695829180D-02
  0.395877655178D-02  0.101999230902D-02 -0.261444557064D-02  0.478118605587D-02
 -0.468872760292D-03 -0.101513795206D-02 -0.514673638379D-03 -0.104865111745D-02
 -0.533246358048D-02  0.889663043737D-02 -0.677847329927D-03  0.949832886818D-02
  0.697964243728D-02  0.614669923660D-02  0.671874982010D-02 -0.190068641899D-02
 -0.118926748408D-01  0.112623071160D-01 -0.105223129370D-01  0.297842174933D-02
  0.136780215596D-02  0.305406643007D-02 -0.644831544101D-02 -0.112766216723D-01
 -0.524597783184D-02 -0.773384179793D-02 -0.296222898280D-02 -0.122167428111D-01
 -0.601257749332D-02  0.855616381426D-02 -0.676808509726D-03 -0.322524216894D-02
 -0.695856862961D-04 -0.269660769741D-03 -0.803446617563D-03  0.343872182017D+00
$end
