$coord
    0.03845105920526      0.15134447706458      0.04355850243082      ti
    0.79384167979737     -2.49086814529215      2.20395521159023      o
   -2.58414223746724     -0.99920526339434     -2.01981399788785      o
   -3.53764021850167      0.08190441161295     -2.95288120483658      h
   -1.08613686774962      2.23006287639057      2.19325161380095      o
   -1.11978400846349      4.06643089116067      2.46920246283523      h
    2.69725018577556      0.62470707835166     -2.38975339970301      o
    3.31661510678813      1.94824197106971     -3.49908065429916      h
    2.35778639730544     -3.20455307704932      2.10900270950897      h
$redundant
     number_of_atoms             9
     degrees_of_freedom         21
     internal_coordinates       21
     frozen_coordinates          0
# definitions of redundant internals
   1 k  1.0000000000000 tors    4    3    1    2 val=  47.40916
        1.0000000000000 tors    4    3    1    5
        1.0000000000000 tors    4    3    1    7
   2 k  1.0000000000000 stre    3    4           val=   1.71714
   3 k  1.0000000000000 bend    1    4    3      val= 121.66769
   4 k  1.0000000000000 tors    6    5    1    2 val= 141.56505
        1.0000000000000 tors    6    5    1    3
        1.0000000000000 tors    6    5    1    7
   5 k  1.0000000000000 stre    5    6           val=   1.85729
   6 k  1.0000000000000 bend    1    6    5      val= 138.56181
   7 k  1.0000000000000 tors    8    7    1    2 val=  83.80709
        1.0000000000000 tors    8    7    1    3
        1.0000000000000 tors    8    7    1    5
   8 k  1.0000000000000 stre    7    8           val=   1.83466
   9 k  1.0000000000000 bend    1    8    7      val= 138.21103
  10 k  1.0000000000000 tors    9    2    1    3 val= 118.10622
        1.0000000000000 tors    9    2    1    5
        1.0000000000000 tors    9    2    1    7
  11 k  1.0000000000000 stre    2    9           val=   1.72171
  12 k  1.0000000000000 bend    1    9    2      val= 118.39416
  13 k  1.0000000000000 stre    1    5           val=   3.19483
  14 k  1.0000000000000 stre    1    2           val=   3.49560
  15 k  1.0000000000000 stre    1    3           val=   3.52977
  16 k  1.0000000000000 stre    1    7           val=   3.63515
  17 k  0.3059920485614 bend    2    5    1      val=   3.67783
        0.4533439459871 bend    3    5    1
        0.4723714777452 bend    3    2    1
       -0.6345899752317 bend    7    5    1
       -0.2329150639251 bend    7    2    1
       -0.1440814221160 bend    7    3    1
  18 k -0.2683032104061 bend    2    5    1      val=   2.72836
       -0.4148636384147 bend    3    5    1
        0.3559362697328 bend    3    2    1
       -0.4437392060624 bend    7    5    1
        0.5312089207348 bend    7    2    1
        0.3874577657380 bend    7    3    1
  19 k  0.6438803060810 bend    2    5    1      val=   0.28711
       -0.4396536554451 bend    3    5    1
        0.0054914709591 bend    3    2    1
       -0.0096776665926 bend    7    5    1
        0.3491525327283 bend    7    2    1
       -0.5197032904459 bend    7    3    1
  20 k -0.4881235515627 bend    2    5    1      val=  10.32301
        0.3501327132906 bend    3    5    1
        0.2296802995126 bend    3    2    1
        0.1590755463288 bend    7    5    1
        0.4452460607416 bend    7    2    1
       -0.6023623141131 bend    7    3    1
  21 k -0.0914380109205 bend    2    5    1      val=   9.77314
       -0.3743157047653 bend    3    5    1
        0.7124777873698 bend    3    2    1
        0.3941156299730 bend    7    5    1
       -0.4262805977432 bend    7    2    1
       -0.0828249239558 bend    7    3    1
        21 non zero eigenvalues  of BmBt
           1           8.513991071    1    0
         1
           2           5.712663099    2    0
         2
           3           4.281418680    3    0
         3
           4           3.677050193    4    0
         4
           5           3.172009072    5    0
         5
           6           2.973701385    6    0
         6
           7           2.607823107    7    0
         7
           8           2.308689085    8    0
         8
           9           2.099729889    9    0
         9
          10           1.844213605   10    0
        10
          11           1.647873919   11    0
        11
          12           1.313857137   12    0
        12
          13           0.877682365   13    0
        13
          14           0.738605176   14    0
        14
          15           0.640377511   15    0
        15
          16           0.310443027   16    0
        16
          17           0.134357189   17    0
        17
          18           0.121001018   18    0
        18
          19           0.091873903   19    0
        19
          20           0.074137153   20    0
        20
          21           0.070344745   21    0
        21
$user-defined bonds
$end
