$dipgrad
  -1.96808610861949       0.633987736387165       1.593834805759202E-004
  0.886028554178583      -0.665208682215340      -8.837248422661193E-004
 -1.244597142919436E-002 -3.470816751372399E-003 -0.395334420643931     
   2.20925020080619      -0.895778715728539      -1.693024881294852E-003
  -1.00418337328458       0.301248831262631      -3.452112136913213E-004
  1.285688341866940E-003  1.339950700078560E-003  0.223301804433587     
 -0.602117236729812       8.012735666980079E-002 -9.749564077292336E-005
 -0.637570845435185        1.29550014124239       5.334033856543383E-003
 -2.817272620008708E-002  2.018210732731360E-002 -0.135271087112481     
 -0.225737464050966       0.536461427549702       3.461835877440954E-003
 -0.988786506376618       0.361743993441785      -1.393356408028693E-004
  1.037248600958321E-002  9.207357536801915E-003 -7.899060188462256E-003
 -0.673087255006870      -4.258816539038785E-002 -1.217001629119163E-003
   1.70123552961608       -1.09554264675256      -2.913961622751245E-003
  7.234586892092167E-003 -2.121297586371150E-003 -7.834050883952767E-003
  0.319689876657623       0.703191572243187       3.523670987554886E-003
 -0.142630999924878       0.304423494334460       2.557260850493764E-003
  1.261289922630529E-002 -1.303205980642320E-002 -9.256373166001521E-002
 -0.412672767215307      -0.341023946523000      -1.787053588456906E-003
  0.395428019528903       7.791803276942964E-002  1.428006585114926E-003
  3.563109607147535E-002 -1.578889534100165E-002 -0.290556500351850     
  0.570481167158731      -0.527322724523074      -1.274874695788138E-003
  7.167420304316207E-005 -0.203814494544967      -5.805002189046322E-004
  4.726779215502425E-003 -3.464504125001066E-003  0.114412194625104     
  -1.34957025294404       0.854019548483982       3.580207580506759E-003
  0.540705283083469       3.062804223766369E-002  6.705418480285617E-004
  1.351153453730014E-002  1.303857173281587E-004 -8.678243208096419E-003
  0.705668799234936      -0.397604249231689       1.857223521670510E-004
 -0.704049702090104      -0.225682908471484      -9.577255795548772E-004
  3.241915934096917E-002  7.735244534298845E-004 -0.205977485863220     
   2.07147706875678       -1.01147227926925      -2.193270110084178E-003
 -0.373525513236923        1.23348939878654       3.014900189197296E-003
  1.132424487816484E-002 -1.430141138928755E-003 -3.590060917307702E-003
 -0.125353106767775       0.228460694420024       7.028272521088671E-004
  0.203076823282784      -0.625902198285988      -1.148014468557858E-003
  1.574893840496783E-002  1.329280933049951E-003 -7.636303122893140E-002
  -2.02916151822035       0.156374014704363      -7.557258066978868E-004
  0.301458275219834      -0.814607681601523      -3.469726419680037E-003
  1.905563135968146E-003  3.634110261464016E-003 -0.228802795414366     
   2.60279747031367       0.197856508328091       9.954847326077898E-004
  0.103177037152262        1.10195885532049       3.582163587407993E-003
 -1.562432438791061E-002  1.586457434100368E-002  0.174008691066672     
  0.237371210986214       7.821891710617107E-002 -3.625999757398564E-004
  5.190544379762096E-002 -0.480273809424970      -1.406570611661153E-003
 -1.144368261955616E-002 -3.937373969616319E-003  0.104269007947651     
 -0.108877078593832       3.819584835999341E-002 -6.164796008402154E-002
  4.184566042980811E-002  8.271980108615937E-002  2.509903544819000E-002
 -8.585028709205528E-002  5.359305502613453E-002 -7.590936086390210E-003
 -0.115463197463584       5.402435993365629E-002  6.129459727963533E-002
  5.336031882942473E-003  8.568876100954029E-002 -2.687447596668482E-002
  6.623811272981030E-002 -4.296360411492212E-002 -9.089917396823190E-003
  -2.05064210527254      -0.284233097036090      -5.141358380993837E-003
 -0.820533226897983      -0.733766273545626      -2.882719128961149E-003
  3.212577428200171E-002 -5.973280071300740E-003 -0.394085011782461     
 -3.729524890006330E-003 -2.325452820616607E-002 -1.267919113039429E-003
  0.426209946113927      -0.955594143328642      -3.057748580731524E-003
 -1.172471939557361E-002  9.885088857374748E-003  9.403229193010411E-003
  5.916522778233587E-002  3.814306533166582E-002  9.005322961287924E-004
 -1.867582183921578E-002 -0.113933932525294       1.429062420923509E-004
 -1.426853502103096E-002  1.081284441913598E-002  0.104388971945857     
 -8.426207860706388E-002 -8.349888459549494E-002  2.982812811592382E-004
 -5.077706717571587E-002  2.961847389784939E-002 -1.196087778603742E-003
  1.659539570152749E-002 -1.776909179211818E-002  0.128337994507550     
$end
