$grad          cartesian gradients
  cycle =      1    SCF energy =    -4011.7322146610   |dE/dxyz| =  0.020044
  -12.87231949794280      6.53765797891806      0.00554351161082      o
  -10.81234737082765      5.42492146940557      0.00252939842887      c
   -8.38069559310156      6.69947655048535      0.00864814267454      c
   -6.14747091747949      5.36742466208639      0.00500286096420      c
   -6.11147843766209      2.64727746633809     -0.00512739391636      c
   -8.45412940576243      1.32936564270106     -0.01140600899287      c
  -10.66227798251896      2.65482578840329     -0.00773861748678      c
   -3.05337337619898      6.47074258757997      0.01097496246196      s
   -2.00003908486546      3.29684172273509     -0.00024112905456      c
   -3.81870376727745      1.59454165127085     -0.00768400440154      n
    0.60143878994341      2.67691668689673     -0.00096678388958      c
    1.44439383932765     -0.58242209792295     -0.01254267926180      s
    2.43735818372956      4.32763498281032      0.00631697651701      n
    4.79140079890416      3.25254578628979      0.00380836507560      c
    4.72369795868649      0.34060367127347     -0.00705207998270      c
    5.70931901630862     -0.37068962308991      1.67559049332941      h
    5.71149371314235     -0.35815866013014     -1.69366969221534      h
    6.78918751919183      4.38140751786681      0.00925209914661      o
   -8.34232111349367     10.26694973216326      0.02205178116248      br
   -8.42325392636767     -0.73346564005314     -0.01906015572151      h
  -12.48528412174865      1.68768644133340     -0.01240605206239      h
  -.59997610412461D-02  0.30216257627007D-02  0.81660445129805D-05
  0.10722866340739D-01  -.52649720452938D-02  -.12686736957181D-04
  -.35840130131331D-02  -.20204270922884D-03  -.53594554307625D-05
  -.67185787508445D-04  -.10311868732917D-02  -.31520895502068D-05
  -.25027032237622D-02  0.46848648116704D-03  -.46608038689611D-06
  0.62782942861733D-03  -.10838925402611D-02  -.38981394435145D-05
  -.22635305970966D-02  0.16598661198568D-03  -.34075597520056D-06
  -.22518811602404D-03  -.73909908025929D-03  -.23422006910495D-05
  0.25164570211020D-02  0.14298614334230D-02  0.74450514941570D-05
  -.34616671573739D-03  0.15939885636284D-02  0.58896898506577D-05
  -.47308436813083D-02  -.26327740217739D-02  -.14512919492199D-04
  0.50622950898114D-03  0.16160066308014D-02  0.76212976152235D-05
  0.32863926267030D-02  -.50257359994613D-03  0.23996547821037D-06
  -.58910207103166D-02  -.53485064436159D-02  -.22814128175127D-04
  0.45091480218736D-02  0.25515158428913D-04  0.27375453850280D-05
  -.14826489651362D-02  0.13262236030046D-02  -.19731139563992D-02
  -.14830126954546D-02  0.13121590320053D-02  0.19804309911146D-02
  0.40862103262853D-02  0.26890486424563D-02  0.12021636868809D-04
  0.85163743666250D-03  0.11592176338793D-02  0.51261845239736D-05
  -.34831906302447D-03  0.17771668873142D-02  0.70920087977240D-05
  0.18030651184352D-02  0.22874907104383D-03  0.14965745942412D-05
  cycle =      2    SCF energy =    -4011.7324223920   |dE/dxyz| =  0.008028
  -12.86640984939718      6.54696467633323      0.00543564478756      o
  -10.81549426254823      5.43197423447141      0.00250891304248      c
   -8.37303308896968      6.69498527232228      0.00867671009075      c
   -6.14068238742354      5.36114442533456      0.00504588745352      c
   -6.10459059311632      2.63874077879312     -0.00508947396401      c
   -8.45422790073787      1.32832871770466     -0.01141187726373      c
  -10.66202628199078      2.65905421767969     -0.00773632603443      c
   -3.04886257044340      6.46657317063384      0.01089906083546      s
   -1.99822953043501      3.29117257339034     -0.00024589737733      c
   -3.81230466993900      1.58354306881798     -0.00766054159754      n
    0.60685613795047      2.68033162078785     -0.00091120437646      c
    1.44013501611126     -0.58216022743678     -0.01245647608029      s
    2.43346760020026      4.33801695678354      0.00634635025113      n
    4.79114493345651      3.26433383019609      0.00382018907029      c
    4.71664011053163      0.34251127445219     -0.00704945536995      c
    5.70574302084691     -0.37479954277059      1.67911315154234      h
    5.70781979624009     -0.36228018081041     -1.69726781720648      h
    6.78655455596125      4.38810061794464      0.00921356573247      o
   -8.35014898033828     10.26025537198564      0.02211755449176      br
   -8.42714393436807     -0.73869984969318     -0.01918003311189      h
  -12.49061189760380      1.69399331044128     -0.01234393052959      h
  -.22834064197959D-02  0.10965113751237D-02  0.19062795965641D-05
  0.44311031416987D-02  -.16558396286277D-02  -.37624154946366D-05
  -.17323600097985D-02  -.12756326100424D-03  -.43333602886830D-05
  0.62922268345739D-03  -.76223769112585D-03  0.13329207832480D-05
  -.64361936225962D-03  -.17638212398224D-04  0.17757532195378D-05
  0.48757392836166D-03  -.43748426254047D-03  -.17725913424027D-05
  -.12197016241392D-02  0.79718877858173D-03  0.75393212967123D-06
  -.19461864206327D-03  -.72373940789294D-04  -.32611031440394D-05
  0.12134960677929D-02  0.11707199677091D-02  0.44482581216046D-05
  -.56061065893988D-04  0.23016095801002D-03  0.16445364930603D-05
  -.14601869344064D-02  -.19233705163454D-02  -.79417138972356D-05
  -.16964021353932D-03  0.42190062234011D-03  0.25447139901935D-05
  0.13477265649892D-02  0.30452537718281D-03  0.24383976146847D-05
  -.27245985775297D-02  -.17651273028451D-02  -.88471554163805D-05
  0.13691625343341D-02  0.37630604518844D-03  0.13736280723778D-05
  -.50246632442496D-03  0.30386891587696D-03  -.21832476472478D-03
  -.50162515019956D-03  0.30305154965443D-03  0.22020515910454D-03
  0.16265357698838D-02  0.11477706795475D-02  0.51966128888636D-05
  0.46952649552789D-04  0.38324689791877D-03  0.26562335886382D-05
  -.15099765405678D-03  0.31478805280093D-03  -.10235259494376D-05
  0.47361603366958D-03  -.79817142857350D-04  0.25810312010419D-05
  cycle =      3    SCF energy =    -4011.7324541950   |dE/dxyz| =  0.001867
  -12.86853152347227      6.54845854759537      0.00634518031184      o
  -10.82178844136363      5.43431001961701      0.00281780049987      c
   -8.37316454807558      6.69447863775920      0.00838560894831      c
   -6.14102769704282      5.36186556811682      0.00450770923283      c
   -6.10380188834455      2.63875999340822     -0.00556363380856      c
   -8.45466015228546      1.32934869488469     -0.01131052589526      c
  -10.66302655108331      2.65922697203502     -0.00756302522991      c
   -3.04865128490201      6.46531702001410      0.01122729774019      s
   -1.99901910776159      3.28902961284017     -0.00036270372178      c
   -3.81234137143993      1.58090592456713     -0.00815708788476      n
    0.60948529348128      2.68393775597450     -0.00098024177654      c
    1.44050807951290     -0.58065292287201     -0.01301703282055      s
    2.43415876762115      4.34184234957364      0.00664290763642      n
    4.79455752626024      3.26757152106040      0.00417102137591      c
    4.71621914430364      0.34155157593919     -0.00714748601116      c
    5.70758800121907     -0.37876222667620      1.67908451561432      h
    5.70999410381967     -0.36576074841950     -1.69746228838159      h
    6.78889751100609      4.38735338573743      0.00988816586390      o
   -8.35129794479422     10.25853546404931      0.02128224655728      br
   -8.42641572247908     -0.73897139844650     -0.01843721212668      h
  -12.49308697019235      1.69373857060342     -0.01252722173802      h
  -.20071729799748D-03  -.19577755172973D-04  0.47082180719416D-05
  0.47984745530960D-03  0.11941587264894D-03  0.97541008116098D-05
  -.34266902459375D-03  -.89574760564209D-04  0.53118093103488D-05
  0.36031122841862D-03  -.37858961897758D-04  -.26791703065118D-04
  -.95317982676257D-05  0.12161438031457D-03  -.12410804755919D-04
  0.23980689780046D-03  -.95957301070496D-04  0.61529641458627D-05
  -.25322440369747D-03  0.40751728788497D-03  0.11630378583805D-04
  -.17258439110091D-03  -.96737403648683D-04  0.19350629887782D-04
  0.19558405634651D-03  0.68401161150609D-03  0.94780188739096D-05
  -.45523569241479D-04  -.25364564754465D-03  -.14526677754312D-04
  -.10751864325775D-03  -.11033310743989D-02  -.33841048580341D-05
  -.21934936141849D-03  0.15176537096209D-03  -.27110964950783D-06
  0.26091845413592D-03  0.38718763416993D-03  -.18966117998342D-06
  -.34902294245715D-03  0.34438920750057D-04  0.14663499006695D-06
  0.33036273574980D-03  0.26069636816331D-03  0.15180997801068D-05
  -.75684294462164D-04  -.77372555335627D-04  0.24352068498356D-03
  -.74806382513608D-04  -.75214510445633D-04  -.24428000524220D-03
  0.10191327649908D-03  0.17209483862028D-04  0.34761993314425D-06
  -.42016843018633D-04  -.46591741366342D-04  -.63752013907958D-05
  -.60590479100619D-04  -.13634765035008D-03  0.14935507608786D-04
  -.28843274315841D-04  -.14324631086928D-03  -.19060096086527D-04
  cycle =      4    SCF energy =    -4011.7324557850   |dE/dxyz| =  0.001128
  -12.86862164886938      6.54914787337883      0.00109561586023      o
  -10.82275860206257      5.43452638087660      0.00091965186436      c
   -8.37306042137922      6.69438220783503      0.00996169224034      c
   -6.14150315895441      5.36142942188078      0.00783354856665      c
   -6.10421349740233      2.63822359620419     -0.00253201871943      c
   -8.45535252782252      1.32931401952258     -0.01152953826704      c
  -10.66352576328773      2.65902713224377     -0.00882517094939      c
   -3.04887018103277      6.46476171017165      0.01047882069969      s
   -1.99949788771855      3.28826080798721      0.00079623869675      c
   -3.81271765484642      1.58031466855904     -0.00491735995332      n
    0.60965585055468      2.68500734891593     -0.00049896230215      c
    1.44103380926359     -0.58030624380543     -0.01047038567856      s
    2.43428475050133      4.34225294930531      0.00507801016689      n
    4.79517902522891      3.26786280560905      0.00219442475442      c
    4.71631844191820      0.34147223606461     -0.00693261999837      c
    5.70945771904053     -0.37752890549276      1.67866753239539      h
    5.71015414403682     -0.36701804555959     -1.69656792794667      h
    6.78927467978905      4.38735314579296      0.00606495635995      o
   -8.34989031032270     10.25837667560962      0.02524041946828      br
   -8.42687626016907     -0.73888177719155     -0.02143894822213      h
  -12.49387528247822      1.69410630945357     -0.01279398464984      h
  0.86928645147491D-04  -.11789688062441D-03  -.18847462523230D-04
  -.10007770376992D-03  0.24021455186074D-03  -.39899854261172D-04
  -.43704001892131D-04  -.41031585559166D-04  -.38935305977664D-04
  0.18270192122252D-03  0.26888630517308D-04  0.13436128116370D-03
  0.19565129109257D-04  0.47917999747987D-04  0.52244978474496D-04
  0.88379897149347D-04  -.21725312474984D-04  -.37933576987895D-04
  -.60864993141074D-04  0.17311288858515D-03  -.42290482939439D-04
  -.10949291348807D-03  -.84074870667195D-04  -.83784059632497D-04
  0.24636668833899D-04  0.45434855346638D-03  -.35360153816305D-04
  -.14531293872265D-04  -.18571238314323D-03  0.74837282159748D-04
  0.40800350636583D-04  -.68376805949584D-03  -.16681226590615D-04
  -.15139464007485D-03  0.12188173802818D-03  0.23125326527040D-05
  0.56833022755720D-04  0.24681420037403D-03  0.46611112300282D-05
  -.12763988491010D-04  0.19717100379199D-03  0.40145235809808D-05
  0.23135538228888D-03  0.13919479532601D-03  0.53185148873175D-06
  -.44011577886426D-04  -.74792801757178D-04  0.15807730192869D-03
  -.44607246757873D-04  -.74190179822398D-04  -.15843763640418D-03
  -.68931143774043D-04  -.10880272458641D-03  -.26897668433667D-05
  -.19576717654068D-04  -.61376390634749D-04  0.27995323986119D-04
  -.35711501665660D-04  -.88127966989673D-04  -.60020040975405D-04
  -.38855803406540D-04  -.97677022105320D-04  0.75609067006360D-04
  cycle =      5    SCF energy =    -4011.7324571590   |dE/dxyz| =  0.000711
  -12.86855428107451      6.54958828396442      0.00671596212745      o
  -10.82314947992798      5.43444991409914      0.00318180950012      c
   -8.37299374058238      6.69438974431237      0.00861948978929      c
   -6.14196631171473      5.36104681161599      0.00416682417961      c
   -6.10469031458411      2.63780406626515     -0.00613908076273      c
   -8.45594839521545      1.32920090926810     -0.01192913640481      c
  -10.66390041318831      2.65875358226029     -0.00716279703970      c
   -3.04907528052788      6.46437074004947      0.00969958520456      s
   -1.99990606687956      3.28769832981926     -0.00108911765104      c
   -3.81311193055378      1.58005410337864     -0.00870921579252      n
    0.60957488069493      2.68582392588825     -0.00111736988591      c
    1.44149933700567     -0.58010743884376     -0.01230711343822      s
    2.43438945444526      4.34226670809208      0.00636714580266      n
    4.79549523201402      3.26774471235741      0.00417377068379      c
    4.71638688180602      0.34141788063320     -0.00657445116930      c
    5.70943440643668     -0.37811789859567      1.67842963011361      h
    5.71187816660153     -0.36579120398347     -1.69535047961290      h
    6.78945482478302      4.38730943514670      0.00973461789802      o
   -8.34856172870341     10.25846459284139      0.02222088381532      br
   -8.42725730095611     -0.73875731561756     -0.02047822372761      h
  -12.49440271589169      1.69447443440999     -0.01062873924364      h
  0.17201801924625D-03  -.10274838403240D-03  -.41558985992840D-05
  -.30460448712118D-03  0.17820041905436D-03  -.10531793195809D-05
  0.12268364442763D-03  0.74646282967814D-05  0.85310820494011D-05
  0.20846822714526D-04  0.27547648067158D-04  -.87830039476322D-05
  -.75788707761433D-05  -.33374122225281D-04  -.35763619048168D-06
  -.39050757527248D-04  0.19081271770610D-04  0.13822275074626D-04
  0.44824044083458D-04  -.32866588199620D-04  -.84855055774574D-05
  -.39144101784849D-04  -.67891034339129D-04  -.12273791063500D-04
  -.55792313952835D-04  0.23905031796428D-03  0.92366622893780D-05
  0.18495515052869D-04  -.63852457070065D-04  -.57089866789505D-05
  0.60713339671115D-04  -.30213930914381D-03  0.95186578085299D-05
  -.70362995735707D-04  0.11014240969692D-03  0.16393023893890D-05
  -.51039970044603D-04  0.85556741299730D-04  0.42419404095995D-05
  0.10115042389343D-03  0.17839686650484D-03  -.38999337657331D-05
  0.21501518778735D-03  0.22257400139024D-04  -.16299755951979D-05
  -.51303597125112D-04  -.33901077812737D-04  0.20558377686608D-04
  -.50911781908100D-04  -.33030326567216D-04  -.20242592889928D-04
  -.91947965606021D-04  -.12198366566260D-03  0.63013178358551D-06
  0.10368981641196D-04  -.31051018346662D-04  0.18429616877036D-06
  -.18440360516473D-04  0.46472055387076D-05  -.21987890915051D-04
  0.73152340684599D-06  -.41164056751647D-04  0.19764014489915D-04
  cycle =      6    SCF energy =    -4011.7324573490   |dE/dxyz| =  0.000439
  -12.86848289789041      6.54951343661893      0.00266257520620      o
  -10.82295250026504      5.43418005478341      0.00115738911769      c
   -8.37308857569215      6.69451773650791      0.00887336958578      c
   -6.14215613724048      5.36109648945478      0.00662578527460      c
   -6.10487765616884      2.63787583908937     -0.00320041088381      c
   -8.45598325653708      1.32914543696008     -0.01034524345810      c
  -10.66388835799159      2.65856461556175     -0.00880460551721      c
   -3.04908431366595      6.46440345453953      0.01296309302310      s
   -2.00001169977885      3.28759737970855      0.00119383956352      c
   -3.81330497961825      1.58022424889948     -0.00601542240657      n
    0.60939786135067      2.68607926707815     -0.00026151656421      c
    1.44156596102388     -0.58018872488093     -0.01244679346282      s
    2.43449158961570      4.34200353453996      0.00662750256866      n
    4.79545478300754      3.26732724304964      0.00322062905073      c
    4.71626189489164      0.34130440582937     -0.00796058555768      c
    5.71039066745325     -0.37811542602371      1.67614587139925      h
    5.71139454819584     -0.36525329145297     -1.69691271115160      h
    6.78944521870204      4.38714544384217      0.00807116455594      o
   -8.34854701092830     10.25870855121201      0.02228918998914      br
   -8.42705270623662     -0.73865874046535     -0.01647598338813      h
  -12.49437720823977      1.69461336250923     -0.01558314255843      h
  0.73657792800497D-04  -.20628426040545D-04  -.95977811164979D-06
  -.14039014303534D-03  0.31731789939010D-04  0.84836472618033D-05
  0.98161081103013D-04  0.21419880619919D-04  -.21056598703245D-04
  -.46555274978766D-04  -.55670382504425D-05  0.21001300941070D-04
  -.37697058587277D-04  -.52110261697214D-04  0.17411709720125D-04
  -.62504641474496D-04  0.11038537151429D-04  -.20925458904378D-04
  0.35167556082794D-04  -.90982868390622D-04  0.83226320781379D-05
  0.60143122704304D-06  -.54626857153295D-04  0.97580787524337D-05
  -.33022345898331D-04  0.12779770514079D-03  -.12678030007485D-04
  0.22408286987297D-04  0.17990047376237D-04  -.11396271727415D-04
  -.82168780316250D-05  -.13674753505188D-03  -.94969982984972D-05
  -.22990017364843D-04  0.99483338579454D-04  0.15941080233339D-05
  -.28529964542390D-04  -.79618119488978D-06  0.11023959231304D-05
  0.72786415538512D-06  0.46055486133428D-04  0.12436532180991D-06
  0.22533137353202D-03  -.20440846706719D-04  -.13229091002515D-06
  -.68145503439627D-04  0.77818757776753D-05  -.63699824512320D-04
  -.68479853868764D-04  0.75509952053621D-05  0.63446022736273D-04
  -.40763790397280D-05  -.45217272990283D-04  -.21310113914041D-05
  0.22253365802083D-04  0.10851101194365D-04  0.46714070229825D-05
  -.14863308042446D-04  0.62169803402217D-04  0.39284544056013D-04
  0.43811401870326D-04  -.83987239940936D-05  -.33008446886094D-04
  cycle =      8   ex. state energy =    -4011.6365203692 |dE/dxyz| =  0.077576
  -12.86871272191506      6.54900276075494      0.00652914286780      o
  -10.82297687119425      5.43394448218561      0.00289375859206      c
   -8.37339772755266      6.69472944692124      0.00865490939357      c
   -6.14211999854301      5.36176898488271      0.00494540826925      c
   -6.10465983615564      2.63854136657301     -0.00517652809752      c
   -8.45547572770091      1.32930428041644     -0.01158975545072      c
  -10.66360993356489      2.65843902540629     -0.00775436284880      c
   -3.04883870889446      6.46477487768542      0.01109664699209      s
   -1.99990583694377      3.28770022519975     -0.00024156558664      c
   -3.81330675529884      1.58056012668984     -0.00751085898168      n
    0.60946902718514      2.68632559583248     -0.00121937529224      c
    1.44125726330889     -0.58038206139353     -0.01278788723413      s
    2.43472653536156      4.34194237999209      0.00589153808066      n
    4.79551045153723      3.26693629305236      0.00377816773822      c
    4.71581386820364      0.34094062218576     -0.00691310223801      c
    5.70950423026303     -0.37808883522682      1.67777665075621      h
    5.71210950585588     -0.36584098835196     -1.69524410438225      h
    6.78956355419551      4.38666885375213      0.00935900894632      o
   -8.35015946110331     10.25892959767741      0.02149164097854      br
   -8.42605141507483     -0.73858122926060     -0.01947541093900      h
  -12.49414421798202      1.69446851238678     -0.01267992717767      h
  0.19183002091265D-02  -.90844293939435D-02  -.24786242660937D-04
  0.89840863439115D-02  0.22397984662422D-01  0.82403033400341D-04
  0.12488235811617D-01  -.23856689013904D-01  -.78840468195525D-04
  -.26218575738723D-01  0.30232809275410D-01  0.93065036463150D-04
  0.28706592473154D-01  -.19106269996351D-01  -.60814044118321D-04
  -.13226980819814D-01  -.38846554333867D-02  -.24267812563554D-04
  0.11837580421549D-01  -.13069654789599D-01  -.35145160934754D-04
  0.42007022539949D-03  0.56878325364500D-02  0.31464620791867D-04
  0.11879676946760D-01  0.14909393858178D-02  0.12097235335514D-04
  -.24276893288441D-01  0.89579998374129D-02  0.32144139656173D-04
  -.76244423898921D-02  -.37168370378193D-03  -.95231522005901D-05
  0.29768939648960D-02  -.23224395979269D-03  -.41849886075385D-05
  -.82686891502792D-02  -.10520840952797D-02  -.21806673071700D-04
  0.11478615992571D-01  0.28453897034357D-03  0.16692284576811D-04
  0.92106273860286D-03  -.13286285242895D-02  0.37265444807953D-06
  -.62795860282564D-03  0.75059363204316D-03  -.53083170843041D-03
  -.62902584119475D-03  0.74541069268976D-03  0.53407454578081D-03
  -.11413623582716D-01  -.50217283634684D-02  -.26074195323010D-04
  0.11197667918464D-02  0.74719748327767D-02  0.23342124229565D-04
  -.46449792617248D-03  -.27028235470751D-04  -.29307581229643D-06
  0.63112478479888D-05  -.97754233591559D-03  -.94878309365405D-05
  cycle =      9   ex. state energy =    -4011.6405134726 |dE/dxyz| =  0.046778
  -12.86663671082046      6.68485815095414     -0.07639212440932      o
  -10.87253326302774      5.48164314404929     -0.03585273003495      c
   -8.35904733853021      6.65854874209874      0.01481793798270      c
   -6.13289561018566      5.24560134401928      0.04752819722163      c
   -6.14850864666346      2.55296575043730      0.04385887373323      c
   -8.55090883556449      1.34717483679523      0.01470311861905      c
  -10.75848826867963      2.72157326818288     -0.03395943766956      c
   -3.05265551441577      6.34020039380990      0.05694384323192      s
   -2.00030276328839      3.18511167257023      0.03522208716129      c
   -3.81553473830221      1.46853037137393      0.03434729233659      n
    0.64655744948704      2.64068070632616      0.01675262286521      c
    1.53182469611830     -0.59984524254263     -0.00788693377907      s
    2.44157470528757      4.34676885719966      0.01503439282807      n
    4.82797555041387      3.33141553683326     -0.01187258614617      c
    4.79387184736409      0.39120562409343     -0.02953609403316      c
    5.81341879570316     -0.32686125744251      1.64996326912759      h
    5.78466171163571     -0.30613454176926     -1.73477775772156      h
    6.81207025651790      4.48220389555962     -0.02224163077423      o
   -8.26259851523603     10.20357622351459      0.03562022470004      br
   -8.58076941745445     -0.72399815766778      0.04251696041361      h
  -12.60648016637189      1.78686499896588     -0.08296553126684      h
  0.15047148681047D-02  -.68540518123889D-02  -.99621713408756D-04
  -.43710327827402D-03  0.17208205030001D-01  0.45678558773653D-03
  0.92330202489434D-02  -.15547605037317D-01  -.24721121578875D-03
  -.14159075186535D-01  0.13564307131648D-01  0.16907597520184D-03
  0.14108753221202D-01  -.14519432392230D-01  0.60265810726556D-03
  -.88939262505461D-02  0.40248654465405D-03  -.64537101060202D-03
  0.43454896824837D-02  -.68442267855845D-02  0.30161611710648D-04
  0.53474797135720D-03  0.16494056235201D-02  0.22125409994871D-03
  0.11039863265884D-01  0.78861325928467D-02  -.35583483113461D-03
  -.13838755291214D-01  0.18730629922578D-02  -.36974119557047D-03
  -.21495875123367D-02  -.36290684672056D-02  -.13092267016680D-03
  0.10292632809902D-03  -.98128737295355D-03  0.30209607164848D-04
  -.35879715758857D-02  0.15943942696418D-02  0.14495837717270D-03
  0.87597990819498D-02  0.33068419682329D-02  -.10983649538493D-03
  -.17419042076391D-02  -.11791322464759D-03  -.18667671449573D-04
  0.41637807547793D-03  -.57676487420540D-03  0.17206703919695D-02
  0.38893575345607D-03  -.55266165742040D-03  -.17277163117946D-02
  -.44093727443455D-02  -.26663163650871D-02  0.93011968372527D-05
  -.22595262681080D-03  0.54639795166592D-02  0.77068732397831D-04
  0.59519175511051D-03  -.66183123857614D-03  0.85293257306681D-03
  -.16064670139182D-02  0.27459698314999D-05  -.60657816142918D-03
  cycle =     10   ex. state energy =    -4011.6413906525 |dE/dxyz| =  0.027449
  -12.84363876872660      6.76494244563971      0.14128829828619      o
  -10.87642811349337      5.47939230106523      0.06210602743686      c
   -8.35707919611890      6.66061046906101     -0.00816263606559      c
   -6.12163439134945      5.19204714908516     -0.06607841558271      c
   -6.18775134169337      2.53852996201481     -0.08271659108360      c
   -8.58743280993457      1.36949286182476     -0.05348316848729      c
  -10.80123297891888      2.75013444549093      0.03878302971659      c
   -3.03630871157078      6.24727574282640     -0.05407022940763      s
   -2.02277970881908      3.08673239660270     -0.04436182756304      c
   -3.84070491879995      1.39741271079994     -0.05883586261878      n
    0.63883995970533      2.60205361408076     -0.02532495547273      c
    1.59347544903667     -0.63351572829692     -0.01130186643455      s
    2.42512790430282      4.31440930966707     -0.01186621599813      n
    4.81049812794977      3.33774513658703      0.02317026020516      c
    4.83047253451861      0.41888742686575      0.03080722331819      c
    5.84193870037277     -0.24436392208623      1.71698210057288      h
    5.88782239203488     -0.25276718858546     -1.62365247465779      h
    6.78552951834950      4.54388789855618      0.04666161169447      o
   -8.21788141315639     10.18971814173987     -0.02062259226515      br
   -8.63019677299101     -0.69006814121011     -0.14326846147908      h
  -12.64604023671075      1.83952728563274      0.11577074027180      h
  -.69675830744703D-02  0.41544552415455D-02  0.69637878300235D-03
  0.80409001069427D-02  -.69441382386188D-02  -.17415726363119D-02
  -.25135910593050D-04  -.30646810379194D-02  0.73280549871090D-03
  -.53480135363416D-02  -.59575814623346D-02  -.71506505684304D-03
  0.15813292114037D-02  -.78442686382290D-03  -.14692034117034D-02
  -.16450451394316D-02  0.11059035665810D-02  0.15031444607677D-02
  -.31323025338456D-02  -.25159453478670D-02  0.26498286689143D-03
  0.21131546303827D-02  -.27134321869550D-02  -.85945966670211D-04
  0.69333249366588D-02  0.20832883964522D-02  0.75141512061944D-03
  -.38896684009503D-02  0.12841809684315D-02  0.12275990118139D-02
  -.49554112369882D-02  0.50525559998282D-02  -.82391013386639D-04
  0.13403166556167D-02  -.14357193988774D-02  -.67374678033297D-04
  0.44641392932982D-02  -.28545600628007D-02  -.26290377142895D-03
  -.71948893226845D-02  -.73146156239592D-02  0.85956181442125D-04
  0.14992038517340D-03  -.18993069434535D-02  0.11593136650834D-03
  -.99069045483976D-03  0.20182937707041D-02  -.37404974802775D-02
  -.11076357775020D-02  0.20073070073920D-02  0.36651756735604D-02
  0.76903690815748D-02  0.60984573034525D-02  0.10378856805179D-03
  -.55670771223985D-04  0.57347668617710D-02  -.14943802070822D-03
  0.10537096087259D-02  0.30828188443415D-02  -.20072194941589D-02
  0.19289050696406D-02  0.28576564071346D-02  0.11703268494838D-02
  cycle =     11   ex. state energy =    -4011.6419902952 |dE/dxyz| =  0.011993
  -12.83270933502356      6.78707652014594     -0.02266120694776      o
  -10.88529927474983      5.49591403146577     -0.00446834682229      c
   -8.34549578756463      6.66138841950696      0.02156565941001      c
   -6.09786386931866      5.19285490564675      0.01025980157041      c
   -6.18075778687156      2.54367418954593     -0.00668217107841      c
   -8.57843916479594      1.37685850165488      0.00410915518474      c
  -10.79732719213012      2.76435726203050     -0.00875508642648      c
   -3.02254783762808      6.22653632005686     -0.03188193351065      s
   -2.03510021532940      3.05983950122893     -0.03830796886906      c
   -3.84074367721460      1.36503473711528     -0.04766442982539      n
    0.63722828270534      2.57654143198367     -0.01480813903356      c
    1.59729953691573     -0.63772124282474     -0.01640814491924      s
    2.39183135086422      4.32459045445625      0.00641326234476      n
    4.78964728269461      3.36858027145767      0.01074541992726      c
    4.83703939323421      0.43192160900920     -0.00109322869733      c
    5.85725491492458     -0.25820412877453      1.68726106694169      h
    5.86872680258784     -0.24428659606485     -1.68807749293107      h
    6.75377634559591      4.56970392816377      0.02241140133171      o
   -8.19705864939113     10.17021535336902      0.07272407867371      br
   -8.63136327755135     -0.69451936271411      0.03906879943293      h
  -12.64350261796634      1.83172821090217     -0.02192650136992      h
  0.93852822082849D-03  -.43793242510432D-03  -.34918741507172D-03
  -.40932756015497D-02  -.33508595379713D-03  0.66211056474760D-03
  -.24651601063203D-03  0.31209316266434D-03  -.12542502767203D-03
  0.15825788671121D-02  -.44597523675536D-02  0.11375885690087D-02
  0.16937533216727D-02  0.50139163122658D-02  0.45067876294354D-03
  0.20491096542819D-02  0.13135565656145D-02  -.41564909817575D-03
  -.58335439766224D-03  0.89011514258266D-03  -.35709492998572D-03
  -.59489031340897D-03  -.34981268216255D-02  -.11571504662549D-02
  -.13204484460393D-02  0.37085125630681D-02  0.21547025297704D-04
  0.36049567260944D-04  -.39726021042684D-02  -.14613739899661D-02
  0.14528965221170D-02  -.23072047096045D-03  0.43039957785839D-03
  -.83566533216581D-03  -.56508427997962D-03  0.10256089092852D-03
  0.11940119346686D-02  0.74255830066557D-03  0.52126119532362D-03
  -.14562894221128D-02  0.11443886212908D-02  -.10020108884666D-03
  -.99054912059046D-03  0.72775179124483D-04  -.15171886783121D-03
  0.46851758165124D-03  -.52030536787472D-03  0.93588683701167D-03
  0.51161878748727D-03  -.48043406666159D-03  -.90548194444272D-03
  0.74560568408058D-03  0.21282194514969D-03  -.55771562705114D-04
  -.33673139527593D-03  0.12054014406045D-02  0.20829543373472D-03
  0.54694530622892D-03  -.92716182283947D-03  0.10133395367048D-02
  -.77654235616613D-03  0.80134463985437D-03  -.40568899599490D-03
  cycle =     12   ex. state energy =    -4011.6419088920 |dE/dxyz| =  0.009832
  -12.82173866932177      6.78388589028602     -0.08648564872628      o
  -10.87303607827575      5.49794878599479     -0.05327215337077      c
   -8.33765708496614      6.66130888943897     -0.01462831417397      c
   -6.09750553182973      5.19769730690231      0.06002221006124      c
   -6.18251633112878      2.53735707593685      0.08143921046729      c
   -8.58107932276499      1.36745096673835      0.00905474046767      c
  -10.79112986908644      2.76136505479118     -0.04305653760356      c
   -3.02340224347539      6.23687681209081      0.18161651704838      s
   -2.03636235051879      3.06471525284449      0.11840970624406      c
   -3.84223958098048      1.37082473984197      0.11214596986226      n
    0.63192313737533      2.57464425688789      0.04982693338176      c
    1.59452641673805     -0.63647491954982     -0.02038979105587      s
    2.38359286197961      4.32435559298638      0.03774190186221      n
    4.78400839644125      3.37014680163414     -0.01762021715414      c
    4.83413794338879      0.43438376818640     -0.06313068937379      c
    5.88882518996379     -0.27458078333679      1.59662328516511      h
    5.82695579148871     -0.22315844201733     -1.78118206140271      h
    6.74445902819621      4.57110639224066     -0.03158007412122      o
   -8.17930364153923     10.16828158744852     -0.07178243041860      br
   -8.63976755544395     -0.70387128915547     -0.01746191805914      h
  -12.63809528225304      1.82782057717102     -0.07446664471385      h
  0.18468040500341D-02  -.15543162827546D-02  0.36463940935301D-03
  -.31630319230367D-02  0.25896535183994D-02  -.43909576492138D-03
  0.11859281703926D-03  -.76692437309376D-03  -.32956060396028D-03
  0.67080459268007D-03  0.53637854746818D-03  -.28187260794460D-02
  0.19788507926725D-02  0.42011770174635D-03  0.21489604229908D-02
  -.37268984207574D-03  0.48080610455571D-03  -.59361773289967D-04
  0.10304561838379D-02  -.22676946307801D-03  -.16150093571436D-03
  -.38910148877072D-03  -.13666865567543D-02  0.32606155245099D-02
  -.90388081725010D-03  0.33841394368106D-02  -.93121576690495D-03
  -.42587906868325D-03  -.25064842716775D-02  0.93570609113995D-03
  0.12910978908721D-02  -.10070980743889D-02  -.10152781129793D-02
  -.64027203271871D-03  -.10763431011450D-03  -.60795906969068D-04
  -.47082114574470D-03  0.70347344077767D-03  -.57138538126837D-03
  0.11662927330976D-02  0.19544197450487D-02  -.44158438023190D-04
  -.54649143454124D-03  0.33494400332769D-03  0.22274898381389D-03
  0.50626845419838D-03  -.57702757360982D-03  0.11334110020957D-02
  0.37581518019203D-03  -.56301836662172D-03  -.11849345223274D-02
  -.14562041334967D-02  -.12564948111360D-02  0.12973400550512D-03
  0.48341661965526D-04  0.41794074769630D-03  -.33627947528838D-03
  0.27995134450809D-03  -.99981264179957D-03  -.59823274129456D-03
  -.95979844569857D-03  0.10023596602210D-03  0.35862003774144D-03
  cycle =     13   ex. state energy =    -4011.6421857703 |dE/dxyz| =  0.004870
  -12.82637569704848      6.78269333534434      0.01736826544321      o
  -10.87467817238176      5.49533165277197      0.00424991731157      c
   -8.34201917275621      6.66210095490692      0.01072484168087      c
   -6.10143539821079      5.19710501061424      0.00745737664796      c
   -6.18454099169331      2.53793323935320     -0.00110710683284      c
   -8.58368196211801      1.36815526791436     -0.01507439402625      c
  -10.79477764826246      2.76046068921148     -0.01596049514393      c
   -3.02355093935542      6.23850512317888      0.01236758839467      s
   -2.03457650956023      3.06609184934253      0.01101483715881      c
   -3.84279475305700      1.37456363781289      0.01183552010727      n
    0.63326820329325      2.57660014255555      0.00250041026120      c
    1.59781039595225     -0.63800425265484      0.00027851915601      s
    2.38975514201345      4.32111287862608     -0.00258119728078      n
    4.78865490505875      3.36463725219686     -0.00550051686361      c
    4.83668894475625      0.43191609300618     -0.00538575715173      c
    5.86578083713778     -0.24788029768443      1.67892751263200      h
    5.85984360805825     -0.24804580168425     -1.69325638289293      h
    6.75071877855062      4.56808852468819     -0.00773336839521      o
   -8.18717368539517     10.17196145113806      0.02326046015533      br
   -8.64094052306371     -0.70146522967982     -0.02424776300510      h
  -12.64138013793078      1.83022279640295     -0.03731427297044      h
  0.27545659187874D-03  -.40721023283184D-03  0.20760067206550D-03
  -.98686185269478D-03  0.60624826937426D-03  -.19505355269123D-03
  -.69398047410028D-04  -.86892152144048D-03  0.89103326822501D-04
  -.34569462010192D-03  -.51068572501547D-03  0.14062947054701D-03
  0.15571367512339D-02  0.32765243168736D-03  -.60311960660013D-03
  -.50342495490082D-03  0.49177891014247D-03  -.60736160358821D-04
  0.31238485301197D-03  -.48745135421159D-03  0.23364318047061D-03
  0.14004000243558D-03  -.13417218620335D-02  -.46761728746625D-04
  0.33131929034854D-03  0.28452897936141D-02  0.94834661746628D-04
  -.71704243314928D-03  -.18065565964936D-02  0.57153953754087D-03
  0.15561801644199D-03  0.18289464127747D-04  -.15570412523582D-03
  -.28273752158885D-03  -.29007205877607D-03  -.11578874495978D-04
  0.40142031264495D-03  0.56895862040460D-04  -.13044793251733D-03
  -.36572711829677D-03  0.28845166036292D-03  0.10756690242309D-04
  -.33194213723516D-03  -.29415052157269D-04  0.27153363347461D-04
  0.17005676031154D-03  -.10816656258691D-03  0.29476957210649D-03
  0.16185716219463D-03  -.11014237419334D-03  -.29839645877896D-03
  0.10768530276437D-03  0.94793115842257D-05  0.30866943063328D-04
  0.49553496475697D-04  0.11138772114786D-02  -.20191227851565D-04
  0.35431538379040D-03  -.31021280141171D-03  0.73832402689401D-04
  -.42956675468873D-03  0.50286365487763D-03  -.25279907599985D-03
  cycle =     14   ex. state energy =    -4011.6422092493 |dE/dxyz| =  0.003518
  -12.82281812344616      6.78548674539867      0.00201781557984      o
  -10.87139779807949      5.49605955894331      0.00106653649799      c
   -8.34012406421201      6.66256758895349      0.00808909408441      c
   -6.10125271656599      5.19688684386881      0.00476466963490      c
   -6.18734131183777      2.53630995236041     -0.00623003891478      c
   -8.58649151117901      1.36683945866988     -0.01149587102474      c
  -10.79540617797528      2.76110176379847     -0.00723825822845      c
   -3.02245376839955      6.23771508268369      0.01280275539856      s
   -2.03569062132014      3.06225055330719      0.00175831141602      c
   -3.84537204942442      1.37403801279573     -0.00545239364444      n
    0.63154005719068      2.57281643950449     -0.00022604266728      c
    1.60141356367641     -0.64043951155796     -0.01159603837109      s
    2.38666849857489      4.31826594783885      0.00607745118883      n
    4.78679562497389      3.36477290032895      0.00292236313672      c
    4.83878143802515      0.43359878342928     -0.00705049072357      c
    5.86536075159619     -0.24974623634459      1.67620030046167      h
    5.86621517226139     -0.23822768741033     -1.69443136606780      h
    6.74700900785097      4.57158972466164      0.00698635588201      o
   -8.18275422944202     10.17114676063274      0.02186580425117      br
   -8.64632406646454     -0.70199148336787     -0.01935189274140      h
  -12.64176245181592      1.83104311886649     -0.00965507076250      h
  -.36305785246416D-04  -.13770454924764D-03  -.47279098290871D-04
  0.22698533236672D-04  0.29337836297589D-03  0.30886583950648D-04
  -.23103450897085D-03  -.73988856608573D-03  -.12590176023017D-04
  -.53327965257478D-03  0.69616176746434D-04  0.54815994407695D-04
  0.10420329711750D-02  -.34089326340191D-03  -.20653647537505D-03
  -.84722830482299D-03  0.23801367993141D-03  0.22210219391330D-04
  0.39880337283202D-03  -.64574166994220D-03  -.57828430738893D-05
  0.27796359279142D-03  -.81191900998794D-03  0.28127898057914D-04
  0.49716105632183D-03  0.21958209088862D-02  0.29433453144363D-04
  -.54435284830705D-03  -.11127643452324D-02  0.13030272672878D-03
  -.17906858231794D-03  0.15398341690568D-03  -.54476699034309D-04
  -.12506265582289D-03  -.17877233184308D-03  -.50229044218062D-05
  0.27928985647966D-03  -.17952858384059D-03  -.10416885278972D-04
  -.31310945350000D-03  -.11355286471872D-03  0.27400184790084D-05
  -.75407533328896D-04  -.56808722415298D-04  0.15298494042138D-04
  0.39866954567924D-04  0.37438492500972D-04  0.26589026895436D-04
  0.39330749667130D-04  0.34489292936574D-04  -.34087712084044D-04
  0.12605651344714D-03  0.89716691253041D-04  0.23120339287870D-05
  0.11958365795374D-03  0.85235446701505D-03  0.92092277389844D-05
  0.26751791536152D-03  -.67647820393158D-04  -.31085366305015D-04
  -.24071070559451D-03  0.41004140986652D-03  0.55255217952840D-04
  cycle =     15   ex. state energy =    -4011.6422248120 |dE/dxyz| =  0.001534
  -12.81599357727595      6.79637750497456      0.02297501639932      o
  -10.86850048910347      5.50019463592700      0.00908756562431      c
   -8.33555173163749      6.66323550993808      0.00805177482361      c
   -6.09841068454639      5.19413785447423      0.00192895560700      c
   -6.19332979373818      2.53416014353907     -0.00353584438159      c
   -8.59220571692766      1.36792198012757     -0.01251994638530      c
  -10.79869752628225      2.76605574535754     -0.00593227037146      c
   -3.01829740131077      6.22850806346308      0.00253568566671      s
   -2.03929966180039      3.04611609181512     -0.00647678564758      c
   -3.85235423373754      1.36628194575044     -0.01227737167725      n
    0.62916114071272      2.56030950903034     -0.00332387581115      c
    1.61268639104418     -0.64793637176835     -0.01010774640354      s
    2.37738460147592      4.31252495529163      0.00390803745415      n
    4.78192938099414      3.36931991074961      0.00419105980325      c
    4.84589601504158      0.43896105375514     -0.00299244706871      c
    5.87283356272328     -0.23900961845068      1.68160838525668      h
    5.87744440774665     -0.23064002743045     -1.68812463283114      h
    6.73692468049201      4.58424670612925      0.00910447570801      o
   -8.17466520302336     10.16716844599900      0.01488822794699      br
   -8.65838428424387     -0.70016966286160     -0.02801506079645      h
  -12.64397465261590      1.83431994155073     -0.01314920852981      h
  -.63186494244412D-04  0.13950441328688D-03  0.13917051449577D-03
  0.40601878918835D-03  -.13145398490309D-03  -.18443486697324D-03
  -.35116669603330D-03  0.80683973358091D-04  0.51908281990902D-04
  -.10388800508577D-03  0.10636717500366D-03  -.23153913743596D-03
  -.17035584644957D-03  0.49290998582860D-04  0.53152412864136D-03
  -.45925742906194D-03  -.24959264458355D-04  0.53084654234608D-05
  0.39739384491267D-03  -.38971574794777D-03  0.68342470375445D-04
  0.15947692833324D-03  -.27373560850550D-03  -.29043430566005D-04
  -.55896237140559D-04  0.70549413337019D-03  -.40329178891451D-04
  0.23261063252494D-03  -.29632063825859D-03  -.22543312798986D-03
  -.35529964202257D-04  0.14082545532157D-03  0.75441396297817D-04
  -.45920909551059D-04  -.33632579531663D-05  0.31911129128611D-05
  -.67241244984945D-04  -.25542730552601D-03  0.36445957016785D-04
  0.38423113126098D-04  -.15975560785285D-03  0.73012989608242D-05
  0.10729236312952D-03  -.20976086411318D-04  -.48458487378203D-05
  -.40646580181264D-04  0.82036651040218D-04  -.11535872649652D-03
  -.37396059095189D-04  0.81060075653847D-04  0.11407379817533D-03
  -.16606456595407D-04  -.94494572537271D-05  -.14921595615970D-04
  0.52427740246403D-04  -.76784033664144D-04  -.30519846001571D-04
  0.83595665038867D-04  0.84502851670037D-04  -.11241463850268D-03
  -.43795131944116D-04  0.15982657045251D-03  -.44021378068524D-04
  cycle =     16   ex. state energy =    -4011.6422255010 |dE/dxyz| =  0.001809
  -12.81360632183744      6.80380343492311     -0.00897061791733      o
  -10.86906492126723      5.50356203909901     -0.00235740027185      c
   -8.33298487442037      6.66319432674100      0.00823025411432      c
   -6.09628611176143      5.19114012755004      0.00503760757003      c
   -6.19599358445939      2.53292971950752     -0.00783155890760      c
   -8.59519511601957      1.37001654058094     -0.00861373702903      c
  -10.80155661150821      2.77011818929729     -0.00599205788630      c
   -3.01584979545128      6.22061143386567      0.01305740286461      s
   -2.04119358094441      3.03499147004169     -0.00179771948009      c
   -3.85628999869676      1.35953902325504     -0.01163758231491      n
    0.62877672183473      2.55256019945655     -0.00195095105563      c
    1.61989467603269     -0.65248631097267     -0.01594237379293      s
    2.37219383145858      4.31002008512956      0.00727403526438      n
    4.77938603233831      3.37333628054539      0.00555895808847      c
    4.85058210668511      0.44237111516394     -0.00839839901631      c
    5.87987834637675     -0.23802506514345      1.67426041246172      h
    5.88229653067589     -0.22190185726304     -1.69599269910370      h
    6.73143193756825      4.59275387743185      0.01376565359325      o
   -8.17055526915315     10.16486577547991      0.02691309822495      br
   -8.66505033373408     -0.69821474853200     -0.00895509908389      h
  -12.64621843972975      1.83689866120396     -0.00383323193610      h
  0.46490538235758D-04  0.15903312269301D-03  -.17055194556914D-03
  -.73979401664800D-04  -.25778308712024D-03  0.21977281829333D-03
  -.21850865207090D-03  0.57521851337188D-03  -.64589312050091D-04
  0.34532581115597D-03  -.46043186014231D-03  0.12627881463795D-03
  -.60382825048648D-03  0.84680392884488D-03  -.18448222313780D-03
  0.20504718673436D-03  -.25895679960562D-05  -.10510662824538D-04
  0.15959061558342D-03  0.51825715860527D-05  -.13881340239390D-03
  -.60226362676600D-04  -.24819566829638D-03  0.19122533757465D-04
  -.51910521910219D-03  -.91591459871067D-07  0.72745499950429D-05
  0.59377898976232D-03  -.16856239090146D-03  -.17554967180530D-04
  0.32367935381080D-03  0.17340360669249D-04  0.12982931718321D-04
  -.93190419259679D-04  0.18115716175294D-04  -.28550850742515D-05
  -.16390993283876D-03  -.72188833881886D-04  -.20296795823113D-04
  0.15600509060936D-03  0.74197959859993D-04  -.31095874197391D-05
  0.13888445722856D-04  0.19392226653754D-04  -.94778473532314D-05
  0.37852112374806D-05  -.68566006050636D-05  -.82836112617035D-05
  0.15080596986752D-05  -.21165765910274D-05  0.15356839991411D-04
  -.50421668410306D-04  -.67162873059625D-04  0.94250599109943D-05
  -.63979572997533D-04  -.48843078368034D-03  0.34133389505682D-04
  0.11439901128850D-04  0.77488401361930D-05  0.86733908789154D-04
  -.25915009309226D-04  0.37740141295653D-04  0.99266383863884D-04
  cycle =     17   ex. state energy =    -4011.6422293965 |dE/dxyz| =  0.000879
  -12.81324581830528      6.80257502546273      0.00642194980849      o
  -10.86776793086976      5.50373204508628      0.00257247471239      c
   -8.33219632963795      6.66297636541976      0.00823201494424      c
   -6.09691377299588      5.19124329908198      0.00416947246891      c
   -6.19587444297755      2.53114790282484     -0.00678598198856      c
   -8.59602058736317      1.36853035521506     -0.01224670218912      c
  -10.80129782916227      2.76963534007974     -0.00772614906858      c
   -3.01634895716486      6.22257742832536      0.01133854095982      s
   -2.04075924727229      3.03643558435645      0.00137250190708      c
   -3.85630420366067      1.36071824656971     -0.00554342540833      n
    0.62832871685308      2.55302253510983      0.00008089835596      c
    1.61970582372071     -0.65224709299274     -0.00999451646686      s
    2.37212532608750      4.31012782142702      0.00556449334737      n
    4.77921614580564      3.37305118960300      0.00256059471947      c
    4.85032357405836      0.44236249728828     -0.00637861895476      c
    5.88056251679149     -0.23492204473362      1.67682465382007      h
    5.88084248346076     -0.22463752030814     -1.69351390508749      h
    6.73108983557664      4.59259656950600      0.00607938087651      o
   -8.16785222623269     10.16577897991618      0.02120152235191      br
   -8.66680834517853     -0.69956264154884     -0.02011888480107      h
  -12.64620950754603      1.83694243167241     -0.01228631992138      h
  -.27588751985787D-04  0.29514065222550D-04  0.67350802649436D-05
  0.24866750406308D-03  0.60339646892693D-04  -.48652452648104D-05
  -.58846111611694D-04  0.18913888901378D-03  0.14104491157916D-06
  -.21870114498882D-04  0.17536803315012D-03  0.73481410418130D-04
  -.30174969669920D-03  -.83050412918132D-04  -.23848487204731D-03
  -.19443619681858D-03  -.75719860982576D-04  0.16145020780474D-04
  0.18686083304530D-03  -.16880493357419D-03  0.26165196558496D-04
  0.37606403899022D-04  0.10337309455388D-03  0.42924921166730D-05
  -.13751210642012D-03  0.38756703587150D-04  0.19853984009710D-04
  0.23185058663908D-03  0.76742921248623D-04  0.15387168773450D-03
  0.12185973286616D-03  -.12228642175330D-04  -.30566128352781D-04
  -.94862080695736D-05  0.27197452863018D-04  0.33458533159747D-05
  -.20985204637375D-03  -.71524973710379D-04  -.16872760236749D-04
  0.25311182167502D-03  -.16307383807456D-04  0.20264490090737D-05
  0.52145806228498D-04  0.15445919807585D-04  0.43429909720815D-05
  -.19205834261071D-04  0.18225730052809D-04  -.31584783796480D-04
  -.20511536345355D-04  0.17005852491326D-04  0.30431247346803D-04
  -.15176003270460D-03  -.89189245271370D-04  -.46443889938899D-05
  0.16503094227369D-04  -.28367434516424D-03  -.37485021058042D-05
  -.76730306271718D-06  0.43041614045903D-04  -.10341993722190D-04
  -.76336352732575D-05  -.72120668291779D-05  0.23567331133759D-06
  cycle =     18   ex. state energy =    -4011.6422309887 |dE/dxyz| =  0.000432
  -12.81408707891165      6.80239670218422      0.00716169638950      o
  -10.86858159674168      5.50372931299609      0.00300885467998      c
   -8.33251386650311      6.66283745197854      0.00815621200902      c
   -6.09697153380725      5.19088977419340      0.00418855254372      c
   -6.19539299296231      2.53119540081825     -0.00503049191936      c
   -8.59573751993314      1.36898862855901     -0.01067699891862      c
  -10.80154091406114      2.76980110629848     -0.00692410831993      c
   -3.01647583513230      6.22203228167570      0.00910760350061      s
   -2.04051211339498      3.03643432055371     -0.00173998834238      c
   -3.85609126022586      1.36030559862156     -0.00864522010843      n
    0.62865405308494      2.55340485867757     -0.00172061561508      c
    1.61957057553340     -0.65211130628099     -0.01232950007766      s
    2.37270220238600      4.31045389428632      0.00554878920866      n
    4.77951047430302      3.37310003454782      0.00400424795138      c
    4.85024289056715      0.44219790517598     -0.00625380256982      c
    5.87949550652030     -0.23603971645753      1.67730043082765      h
    5.88181801400622     -0.22418910365639     -1.69311748164743      h
    6.73168587388303      4.59242155235470      0.00970600516977      o
   -8.16848841702246     10.16626987899270      0.02030537250493      br
   -8.66620943269380     -0.69922731992465     -0.01851679096549      h
  -12.64648180490714      1.83719306176681     -0.01170877191496      h
  -.35681081281635D-04  0.13024579836085D-04  0.11560592688601D-04
  0.87508387791144D-04  0.19188844282173D-04  -.14120773480237D-04
  -.25404776085205D-04  0.12897648819037D-03  -.18911270647085D-05
  -.54178052208371D-05  -.45695447522028D-04  -.12458409692540D-04
  -.13967200482467D-03  0.72011201955836D-04  0.48678048862950D-04
  -.73821917244298D-04  -.66349648820798D-05  0.62200638241405D-05
  0.74081488044151D-04  -.96400301107592D-04  0.69341077443538D-05
  0.15738991214920D-04  -.22442018580376D-04  -.19131593102978D-05
  -.10061457784255D-03  0.12827676812102D-03  -.43058895196387D-05
  0.13611014659278D-03  -.51136682030570D-04  -.30182334727109D-04
  0.12313049438522D-03  0.33727486692410D-05  0.91375895751243D-05
  -.22939659982409D-04  -.12016339429081D-04  -.31754332649972D-05
  -.96720511908523D-04  -.24048090793136D-04  -.21052468586883D-05
  0.11001002028531D-03  -.16667954548842D-04  0.88462654364660D-06
  -.66589516256976D-05  0.42102289504205D-05  0.29930973749518D-06
  -.10929612932802D-05  0.18557699079503D-05  -.37539258924649D-05
  -.15618494277206D-06  0.17606070267348D-05  0.34154107840518D-05
  -.50072968613745D-04  -.20570345701885D-04  0.34706099815124D-05
  -.13054819708267D-05  -.13061904682811D-03  -.25441304682719D-05
  0.21387428984140D-04  0.93708843186158D-05  -.52128443076775D-05
  -.21004458744923D-04  0.30658426912618D-04  -.90522392467005D-05
  cycle =     19   ex. state energy =    -4011.6422338918 |dE/dxyz| =  0.000243
  -12.81375136899248      6.80337598575249      0.00561750757470      o
  -10.86860248177063      5.50425483659869      0.00226351829380      c
   -8.33207297386119      6.66274386392442      0.00822196515367      c
   -6.09673018308611      5.19038512898382      0.00442461219046      c
   -6.19562573045870      2.53067963967233     -0.00493976110569      c
   -8.59627345636135      1.36920248627596     -0.01096835282804      c
  -10.80197751526095      2.77043373604709     -0.00758722581892      c
   -3.01609574843545      6.22079429256118      0.01026729989711      s
   -2.04069872596293      3.03474121080038     -0.00040318741680      c
   -3.85677469384268      1.35919904403324     -0.00762044887561      n
    0.62844698997839      2.55224253153428     -0.00036023343373      c
    1.62071528541370     -0.65284563731193     -0.01100267963620      s
    2.37193678353714      4.31001036347023      0.00664259820570      n
    4.77901433027106      3.37365906558620      0.00341520883996      c
    4.85093960485749      0.44274802742582     -0.00658145611763      c
    5.88125297068647     -0.23495688267148      1.67655847541828      h
    5.88195401335252     -0.22344273942808     -1.69388424361262      h
    6.73077679091711      4.59375390764343      0.00743094505668      o
   -8.16753401501408     10.16638400341740      0.02119048425220      br
   -8.66744624734781     -0.69901854545165     -0.01848784445969      h
  -12.64685840463230      1.83773999849749     -0.01237318719158      h
  -.22074130852868D-04  -.20455913716772D-05  -.81423057411108D-06
  0.37371701148203D-04  0.98338842393295D-05  0.14329676906362D-05
  -.73073560442528D-05  0.85083195054682D-04  0.19976744107548D-05
  -.83902799847195D-06  -.56917233503537D-04  -.18307448438655D-04
  -.74534456630242D-04  0.63757108398614D-04  0.22975153883308D-04
  -.16398916192726D-04  -.54601040204863D-06  -.54572492457962D-05
  0.12982795120354D-04  -.35375789681005D-04  0.18063071790111D-06
  0.43021837208500D-05  -.96694924166359D-05  0.40645965239393D-05
  -.67302920439831D-04  0.43229548832014D-04  -.10121241884032D-04
  0.81480357738591D-04  -.26883322924114D-04  -.90565844617577D-05
  0.78742586892455D-04  -.50816821749589D-07  -.18463547006902D-05
  -.12904833257365D-04  -.12189554952169D-04  0.93294776006512D-05
  -.50472061508071D-04  -.12484540719583D-05  0.24396054798870D-04
  0.58646986324229D-04  -.22110518067020D-04  -.53195770436824D-05
  -.14335864013717D-04  0.58645478339821D-05  -.30021036721445D-05
  0.13746357765786D-05  -.20269581096357D-05  0.63541291359227D-06
  0.14314008503474D-05  -.20671633477471D-05  -.11960894819807D-05
  -.19150274143048D-04  0.24256054839290D-05  -.10416313350671D-04
  -.69864183195582D-05  -.72613367710659D-04  0.15517870239795D-05
  0.12444817884902D-04  0.88583817263834D-06  0.10067102076438D-06
  -.88431014109652D-05  0.18931188885710D-04  -.11609377030366D-05
  cycle =     20   ex. state energy =    -4011.6422336755 |dE/dxyz| =  0.000098
  -12.81333926178429      6.80432124448053      0.00613648664213      o
  -10.86852640246954      5.50477410598038      0.00258182270867      c
   -8.33157990707986      6.66262809761401      0.00823131970198      c
   -6.09650824523895      5.18990176742519      0.00417399039248      c
   -6.19586474967219      2.53007552650617     -0.00536376654221      c
   -8.59685137752538      1.36931885141755     -0.01100113803649      c
  -10.80237948342644      2.77101940178705     -0.00724887451355      c
   -3.01573016302967      6.21967446516162      0.00970448552291      s
   -2.04087886873395      3.03313615516440     -0.00095493033127      c
   -3.85746776855345      1.35816988498689     -0.00793728269387      n
    0.62818721097226      2.55111485710932     -0.00128785795082      c
    1.62183609922381     -0.65354614239224     -0.01192778028025      s
    2.37113645357163      4.30957291029739      0.00565239524639      n
    4.77847692500059      3.37420200295402      0.00367974753410      c
    4.85160834756298      0.44330767808528     -0.00637636580019      c
    5.88159588076606     -0.23406117191296      1.67710316588954      h
    5.88343681015811     -0.22245086871336     -1.69335603383893      h
    6.72981916128575      4.59504821383854      0.00886126729617      o
   -8.16638055906726     10.16651889735848      0.02108849884372      br
   -8.66878345463892     -0.69889344843848     -0.01834107801024      h
  -12.64721142333407      1.83825188865152     -0.01159407739421      h
  -.18658479221605D-04  -.14499777336259D-04  -.96900399804528D-06
  0.14879715231258D-04  0.11055757925442D-04  0.25685447100472D-05
  0.13761966062525D-04  0.20977973388377D-04  0.23165040233801D-05
  -.12905779217360D-04  -.26644929438042D-04  -.31692874169304D-05
  -.43786470851092D-06  0.55250529463082D-05  -.46345815223323D-05
  0.14709499284388D-04  -.18349756994886D-05  -.87487624592623D-05
  -.34370512751926D-04  0.11738149960328D-04  -.57300102968578D-06
  -.85612476240673D-07  0.20903474176843D-04  -.94994884191198D-07
  -.16161536402693D-04  -.42305368994799D-04  0.50755035469242D-05
  0.15073508372036D-04  0.14815855095811D-04  0.77123322672801D-05
  0.20795617415953D-04  0.32282375768219D-05  -.12248908624653D-05
  0.85768310207237D-06  -.84093992829691D-05  -.17182359399741D-05
  -.10554605915886D-04  0.11696637494244D-04  -.57169450350130D-05
  0.13751384520725D-04  -.26327188283446D-04  0.22957321965216D-05
  -.15398156760779D-04  0.65091098740655D-05  0.13331319630296D-05
  0.16341066016806D-05  -.36544090290014D-05  0.22346651903171D-05
  0.15309396781612D-05  -.41061820166721D-05  -.26123959877368D-05
  0.21110773237001D-05  0.17084442306918D-04  0.37423515098938D-06
  -.70569658048620D-05  -.78360544858175D-05  0.78728976549836D-06
  0.20396778040340D-05  -.42318526550486D-05  0.24689394984593D-05
  0.23438075606790D-05  0.23956145511540D-05  0.22063487861664D-05
  cycle =     21   ex. state energy =    -4011.6422369803 |dE/dxyz| =  0.000049
  -12.81326361794053      6.80434797172474      0.00592154665377      o
  -10.86850842599756      5.50473282064000      0.00248321042474      c
   -8.33158310295922      6.66257168983890      0.00818714335912      c
   -6.09648816202437      5.18991266004274      0.00442540613228      c
   -6.19582695424898      2.53006865367314     -0.00518859766359      c
   -8.59681158295534      1.36928577012574     -0.01080392940822      c
  -10.80232368941682      2.77096700783274     -0.00720334382939      c
   -3.01574051979508      6.21970728497932      0.00989253700798      s
   -2.04088203017231      3.03325119397280     -0.00089535462289      c
   -3.85743954036912      1.35819213514773     -0.00794890515129      n
    0.62814140344329      2.55118633819433     -0.00110950963378      c
    1.62172811598284     -0.65347050321286     -0.01192291806861      s
    2.37112900307174      4.30961576679482      0.00601400668477      n
    4.77842889544723      3.37421045333102      0.00378699697799      c
    4.85153858220043      0.44331398203393     -0.00654966328815      c
    5.88164244263175     -0.23422141886030      1.67679113111655      h
    5.88319214164001     -0.22229299119026     -1.69369434140523      h
    6.72982503196185      4.59495366927855      0.00895577128424      o
   -8.16626259322375     10.16649455948367      0.02066050924497      br
   -8.66873928336418     -0.69892500734559     -0.01827649339807      h
  -12.64716088992465      1.83818228087613     -0.01170120803111      h
  -.19448333124365D-06  -.11914641191630D-04  -.44533271517580D-05
  0.10643243456208D-06  0.11300059392212D-04  0.87750979603460D-06
  0.28227026978766D-06  0.33299957223147D-05  -.61867520410622D-05
  -.45581703549656D-05  -.11361901797653D-04  0.19839405325326D-04
  0.67885960453636D-05  0.39566847529559D-06  -.54522329920387D-05
  0.35094921144099D-05  0.13808363919379D-06  0.88662153325337D-05
  -.12512039789314D-04  0.50135020185862D-05  -.67004091719828D-06
  -.10944689361767D-05  0.10201675702114D-04  -.51891258266209D-06
  -.71767659148581D-05  -.92615562668929D-05  -.12989783995275D-05
  -.29288434155849D-06  0.82014049759897D-06  -.64892034334559D-05
  0.58758742703500D-05  -.75814113580754D-05  -.22348432651087D-05
  -.26660763612803D-05  -.20818414041935D-05  0.83027336437078D-06
  -.23222768599724D-08  0.12231224827549D-04  0.15616185164000D-04
  0.66135122626376D-05  -.11832223054905D-04  -.47145651916922D-05
  -.72932876608914D-05  0.58179377730544D-05  -.32211527923982D-05
  0.14451785061106D-05  -.44454936149940D-05  0.21072793327830D-05
  -.56210984681963D-06  -.23175361879983D-05  -.43221393830872D-05
  -.41447519540108D-06  0.27856642507302D-05  -.11371493605401D-05
  -.81975803321661D-06  -.25115487339982D-05  -.46206480067015D-05
  0.13257429239554D-05  -.35243505119601D-05  -.15705531782887D-05
  -.50947403267002D-06  0.89681661755545D-06  -.13268224182766D-05
$end
