$coord
  -12.73900999020897      6.95737901849268     -0.00692012791223  o
  -10.81595439565076      5.61938763113801     -0.00422395602299  c
   -8.29992721101156      6.76320557043443     -0.00950457685529  c
   -6.10903286228450      5.27305734303548     -0.00619886214918  c
   -6.20348862816445      2.60776459986295      0.00220135859126  c
   -8.59991927610324      1.43815616432153      0.00735567134826  c
  -10.78825864070327      2.86837287145420      0.00420669725196  c
   -3.00400141947060      6.28922754522856     -0.01137444984924  s
   -2.05076290809214      3.10470532294341     -0.00201697395168  c
   -3.87141415294021      1.42966838135269      0.00438864362972  n
    0.61811767213544      2.60161308062868     -0.00218410455068  c
    1.57549980610267     -0.60811739223316      0.00735126098780  s
    2.37247140808114      4.34438168193174     -0.00886896889160  n
    4.77300412178467      3.38550441179294     -0.00753940403406  c
    4.81693806437492      0.45485114352592      0.00192479542605  c
    5.84088078151950     -0.22316336841494      1.68859638772354  h
    5.83882652293564     -0.23407368715477     -1.68156781928780  h
    6.73311778096465      4.58978618577215     -0.01293518222890  o
   -8.23527694904131      8.82928170145032     -0.01597436976847  h
  -13.97515731510307      1.24857344329905      0.01151030484899  br
   -8.69404342989900     -0.62513073219143      0.01386298762972  h
$user-defined bonds
$redundant
     number_of_atoms            21
     degrees_of_freedom         57
     internal_coordinates       57
     frozen_coordinates          0
# definitions of redundant internals
   1 k  1.0000000000000 stre   2    1           val=   2.34273
   2 k  0.7071067811867 bend   3    1    2      val=  -2.34088
       -0.7071067811864 bend   7    1    2
   3 k  1.0000000000000 outp   1    7    3    2 val=   0.00154
   4 k  1.0000000000000 stre  15   16           val=   2.08639
   5 k  1.0000000000000 stre  15   17           val=   2.08639
   6 k  0.0033684779242 bend  17   16   15      val=   1.48429
       -0.4899929393023 bend  12   16   15
       -0.4899923250890 bend  12   17   15
        0.5098064936650 bend  14   16   15
        0.5098043086923 bend  14   17   15
   7 k  0.0000052343576 bend  17   16   15      val=   0.00013
       -0.4578016551851 bend  12   16   15
        0.4577990925007 bend  12   17   15
       -0.5389055726533 bend  14   16   15
        0.5389048331117 bend  14   17   15
   8 k -0.8890581887141 bend  17   16   15      val=   2.96199
        0.2319126663847 bend  12   16   15
        0.2319170472155 bend  12   17   15
        0.2258358672461 bend  14   16   15
        0.2258421938586 bend  14   17   15
   9 k -0.0000003410091 bend  17   16   15      val=   0.00014
       -0.5389042879970 bend  12   16   15
        0.5389061177870 bend  12   17   15
        0.4577999486345 bend  14   16   15
       -0.4578007990604 bend  14   17   15
  10 k  1.0000000000000 stre  14   18           val=   2.30051
  11 k  0.7071067811877 bend  13   18   14      val=   2.97594
       -0.7071067811854 bend  15   18   14
  12 k  1.0000000000000 outp  18   15   13   14 val=   0.00104
  13 k  1.0000000000000 stre   3   19           val=   2.06710
  14 k  0.7071067811924 bend   4   19    3      val=   3.09497
       -0.7071067811807 bend   2   19    3
  15 k  1.0000000000000 outp  19    2    4    3 val=   0.00391
  16 k  1.0000000000000 stre   7   20           val=   3.57493
  17 k  0.7071067811875 bend   6   20    7      val=   1.76182
       -0.7071067811856 bend   2   20    7
  18 k  1.0000000000000 outp  20    2    6    7 val=  -0.00836
  19 k  1.0000000000000 stre   6   21           val=   2.06544
  20 k  0.7071067811902 bend   7   21    6      val=   0.96392
       -0.7071067811829 bend   5   21    6
  21 k  1.0000000000000 outp  21    5    7    6 val=  -0.00107
  22 k  1.0000000000000 stre  11   13           val=   2.47286
  23 k  1.0000000000000 stre  13   14           val=   2.58496
  24 k  1.0000000000000 stre  14   15           val=   2.93100
  25 k  1.0000000000000 stre  15   12           val=   3.41128
  26 k  1.0000000000000 stre  12   11           val=   3.34948
  27 k -0.5116672736017 bend  11   14   13      val=   7.06084
        0.1954395075848 bend  13   15   14
        0.1954395075848 bend  14   12   15
       -0.5116672736017 bend  15   11   12
        0.6324555320337 bend  12   13   11
  28 k  0.3717480344602 bend  11   14   13      val=   3.11882
       -0.6015009550075 bend  13   15   14
        0.6015009550075 bend  14   12   15
       -0.3717480344602 bend  15   11   12
  29 k -0.5116672736017 tors  14   15   12   11 val=   0.00551
        0.1954395075848 tors  15   12   11   13
        0.1954395075848 tors  12   11   13   14
       -0.5116672736017 tors  11   13   14   15
        0.6324555320337 tors  13   14   15   12
  30 k  0.3717480344602 tors  14   15   12   11 val=   0.00078
       -0.6015009550075 tors  15   12   11   13
        0.6015009550075 tors  12   11   13   14
       -0.3717480344602 tors  11   13   14   15
  31 k  0.5000000000000 tors  13   11    9    8 val=  89.99746
        0.5000000000000 tors  13   11    9   10
        0.5000000000000 tors  12   11    9    8
        0.5000000000000 tors  12   11    9   10
  32 k  0.7071067812597 bend   9   13   11      val=   3.61547
       -0.7071067811134 bend   9   12   11
  33 k  1.0000000000000 outp  13    9   12   11 val=  -0.00017
  34 k  1.0000000000000 stre   4    3           val=   2.64964
  35 k  1.0000000000000 stre   3    2           val=   2.76383
  36 k  1.0000000000000 stre   2    7           val=   2.75117
  37 k  1.0000000000000 stre   7    6           val=   2.61426
  38 k  1.0000000000000 stre   6    5           val=   2.66663
  39 k -0.2886751345948 bend   5    3    4      val=  -3.03162
       -0.2886751345948 bend   4    2    3
        0.5773502691896 bend   3    7    2
       -0.2886751345948 bend   2    6    7
       -0.2886751345948 bend   7    5    6
        0.5773502691896 bend   6    4    5
  40 k  0.5000000000000 bend   5    3    4      val=   0.94700
       -0.5000000000000 bend   4    2    3
        0.5000000000000 bend   2    6    7
       -0.5000000000000 bend   7    5    6
  41 k -0.4082482904639 bend   5    3    4      val=   1.03998
        0.4082482904639 bend   4    2    3
       -0.4082482904639 bend   3    7    2
        0.4082482904639 bend   2    6    7
       -0.4082482904639 bend   7    5    6
        0.4082482904639 bend   6    4    5
  42 k -0.2886751345948 tors   4    3    2    7 val=  -0.00063
       -0.2886751345948 tors   3    2    7    6
        0.5773502691896 tors   2    7    6    5
       -0.2886751345948 tors   7    6    5    4
       -0.2886751345948 tors   6    5    4    3
        0.5773502691896 tors   5    4    3    2
  43 k  0.5000000000000 tors   4    3    2    7 val=  -0.00334
       -0.5000000000000 tors   3    2    7    6
        0.5000000000000 tors   7    6    5    4
       -0.5000000000000 tors   6    5    4    3
  44 k -0.4082482904639 tors   4    3    2    7 val=   0.00402
        0.4082482904639 tors   3    2    7    6
       -0.4082482904639 tors   2    7    6    5
        0.4082482904639 tors   7    6    5    4
       -0.4082482904639 tors   6    5    4    3
        0.4082482904639 tors   5    4    3    2
  45 k  0.7071067811865 tors  10    5    4    6 val= 179.99879
        0.7071067811865 tors   8    5    4    3
  46 k  1.0000000000000 stre   9   11           val=   2.71588
  47 k  0.7071067811928 bend  10   11    9      val=   4.68534
       -0.7071067811803 bend   8   11    9
  48 k  1.0000000000000 outp  11    8   10    9 val=  -0.00077
  49 k  1.0000000000000 stre   4    5           val=   2.66698
  50 k  1.0000000000000 stre   5   10           val=   2.61275
  51 k  1.0000000000000 stre  10    9           val=   2.47398
  52 k  1.0000000000000 stre   9    8           val=   3.32414
  53 k  1.0000000000000 stre   8    4           val=   3.26709
  54 k -0.5116672736017 bend   4   10    5      val=   4.84211
        0.1954395075848 bend   5    9   10
        0.1954395075848 bend  10    8    9
       -0.5116672736017 bend   9    4    8
        0.6324555320337 bend   8    5    4
  55 k  0.3717480344602 bend   4   10    5      val=   6.66792
       -0.6015009550075 bend   5    9   10
        0.6015009550075 bend  10    8    9
       -0.3717480344602 bend   9    4    8
  56 k -0.5116672736017 tors  10    9    8    4 val=  -0.00016
        0.1954395075848 tors   9    8    4    5
        0.1954395075848 tors   8    4    5   10
       -0.5116672736017 tors   4    5   10    9
        0.6324555320337 tors   5   10    9    8
  57 k  0.3717480344602 tors  10    9    8    4 val=   0.00005
       -0.6015009550075 tors   9    8    4    5
        0.6015009550075 tors   8    4    5   10
       -0.3717480344602 tors   4    5   10    9
        57 non zero eigenvalues  of BmBt
           1          10.007443363    1    0
         1
           2           5.606094250    2    0
         2
           3           5.292308384    3    0
         3
           4           4.945500012    4    0
         4
           5           4.451520439    5    0
         5
           6           4.090273320    6    0
         6
           7           4.000144130    7    0
         7
           8           3.905721709    8    0
         8
           9           3.645299107    9    0
         9
          10           3.554044109   10    0
        10
          11           3.463823976   11    0
        11
          12           3.328309118   12    0
        12
          13           3.303141573   13    0
        13
          14           3.275938615   14    0
        14
          15           3.050865815   15    0
        15
          16           2.943288516   16    0
        16
          17           2.817002874   17    0
        17
          18           2.634164107   18    0
        18
          19           2.598200087   19    0
        19
          20           1.958101805   20    0
        20
          21           1.887774020   21    0
        21
          22           1.838613256   22    0
        22
          23           1.761614628   23    0
        23
          24           1.669841694   24    0
        24
          25           1.503620294   25    0
        25
          26           1.374823910   26    0
        26
          27           1.277766468   27    0
        27
          28           1.221612488   28    0
        28
          29           1.099101229   29    0
        29
          30           0.985105561   30    0
        30
          31           0.870404730   31    0
        31
          32           0.782565040   32    0
        32
          33           0.776201039   33    0
        33
          34           0.723072016   34    0
        34
          35           0.706789603   35    0
        35
          36           0.596675159   36    0
        36
          37           0.489540926   37    0
        37
          38           0.418354999   38    0
        38
          39           0.408788703   39    0
        39
          40           0.378762511   40    0
        40
          41           0.321654904   41    0
        41
          42           0.310630337   42    0
        42
          43           0.309849052   43    0
        43
          44           0.301947773   44    0
        44
          45           0.271325611   45    0
        45
          46           0.264654652   46    0
        46
          47           0.245161207   47    0
        47
          48           0.208345323   48    0
        48
          49           0.165071198   49    0
        49
          50           0.128131328   50    0
        50
          51           0.078058951   51    0
        51
          52           0.069016093   52    0
        52
          53           0.065296779   53    0
        53
          54           0.050124190   54    0
        54
          55           0.037524935   55    0
        55
          56           0.010102039   56    0
        56
          57           0.007942553   57    0
        57
$end
