$energy      SCF               SCFKIN            SCFPOT            excitation
     1 -4011.732256122      4002.463009959     -8014.195266082
     2 -4011.732461955      4002.446264875     -8014.178726830
     3 -4011.732493354      4002.439706582     -8014.172199936
     4 -4011.732495504      4002.441108288     -8014.173603791
     5 -4011.732496243      4002.442389726     -8014.174885969
     6 -4011.732496373      4002.442789925     -8014.175286297
     7 -4011.732496595      4002.442634005     -8014.175130601
     8 -4011.732496583      4002.442244639     -8014.174741222
     9 -4011.732496631      4002.442061693     -8014.174558324
    10 -4011.732496633      4002.442047425     -8014.174544058
    11 -4011.732496639      4002.44206     -8014.17455     0.9786509416678E-01
    12 -4011.730297017      4002.26251     -8013.99280     0.9226317600507E-01
    13 -4011.727403069      4002.27230     -8013.99970     0.8839527000096E-01
    14 -4011.725547783      4002.29708     -8014.02263     0.8663217883054E-01
    15 -4011.726394801      4002.29684     -8014.02324     0.8724687994111E-01
    16 -4011.727094113      4002.29824     -8014.02533     0.8776648324983E-01
    17 -4011.727061648      4002.29377     -8014.02083     0.8773092039779E-01
    18 -4011.727038240      4002.29475     -8014.02179     0.8769443858695E-01
    19 -4011.727024863      4002.29465     -8014.02167     0.8767941263307E-01
    20 -4011.727017077      4002.29405     -8014.02107     0.8767398572655E-01
    21 -4011.727004368      4002.29408     -8014.02108     0.8766057540864E-01
    22 -4011.727005474      4002.29425     -8014.02126     0.8765887393472E-01
    23 -4011.727005478      4002.29424     -8014.02125     0.8766183715589E-01
    24 -4011.727005475      4002.29424     -8014.02125     0.8766158754445E-01
    25 -4011.727011763      4002.29437     -8014.02138     0.8766528984268E-01
    26 -4011.727009741      4002.29432     -8014.02133     0.8766668306698E-01
    27 -4011.727009534      4002.29433     -8014.02134     0.8766573070265E-01
    28 -4011.727011134      4002.29437     -8014.02138     0.8766251995699E-01
$end
