$coord
    0.35868134717633     -0.10512098828452      3.44297465439604  cl
    2.77885213796382      1.67265269320615     -1.76143456159703  o
   -0.30410214384996     -2.98082993903760     -1.78751146874903  o
   -2.77293302179573      1.99346109895257     -1.22704522140495  o
    2.28906717344201      0.00505079042726     -2.33691527987496  h
   -1.13433375772904      2.51106214506156     -1.85829663054771  h
    0.05310789797000     -2.66034176595874     -0.00129915532247  h
   -2.32179552720063      1.48982819425268      0.49487820319287  h
   -1.59993412297370     -1.72400618619375     -2.09341683266829  h
    2.46433368884067      1.50308306507083      0.05318336257260  h
$user-defined bonds
$redundant
     number_of_atoms            10
     degrees_of_freedom         24
     internal_coordinates       36
     frozen_coordinates          0
# definitions of redundant internals
   1 k  1.0000000000000 stre   2    5           val=   1.83084
   2 k  1.0000000000000 stre   5    3           val=   3.99273
   3 k  1.0000000000000 linc   2    3    5    7 val=  30.86266
   4 k  1.0000000000000 linp   2    3    5    7 val=  18.25064
   5 k  1.0000000000000 stre   4    6           val=   1.83068
   6 k  1.0000000000000 stre   6    2           val=   4.00317
   7 k  1.0000000000000 linc   2    4    6    8 val=  31.57434
   8 k  1.0000000000000 linp   2    4    6    8 val= -17.40493
   9 k  1.0000000000000 stre   3    9           val=   1.83095
  10 k  1.0000000000000 stre   9    4           val=   3.99326
  11 k  1.0000000000000 linc   3    4    9    8 val=  30.96048
  12 k  1.0000000000000 linp   3    4    9    8 val=  18.27360
  13 k  0.7071067811865 tors   2   10    1    7 val= -13.37397
        0.7071067811865 tors   2   10    1    8
  14 k  0.7071067811865 tors   3    7    1    8 val= -13.43603
        0.7071067811865 tors   3    7    1   10
  15 k  0.7071067811865 tors   4    8    1    7 val= -13.08951
        0.7071067811865 tors   4    8    1   10
  16 k  0.7071067811865 tors   1   10    2    5 val=  11.01998
        0.7071067811865 tors   1   10    2    6
  17 k  0.7071067811865 tors   1    7    3    5 val=  10.94307
        0.7071067811865 tors   1    7    3    9
  18 k  0.7071067811865 tors   1    8    4    6 val=  10.60154
        0.7071067811865 tors   1    8    4    9
  19 k  1.0000000000000 stre   1   10           val=   4.30242
  20 k  1.0000000000000 stre   1    7           val=   4.29948
  21 k  1.0000000000000 stre   1    8           val=   4.29186
  22 k  0.5902031625239 bend   7   10    1      val=  68.02673
        0.6046270817428 bend   8   10    1
        0.5348703758575 bend   8    7    1
  23 k -0.0590450236225 bend   7   10    1      val=   4.11445
       -0.6284712816356 bend   8   10    1
        0.7755885077441 bend   8    7    1
  24 k -0.8050924866947 bend   7   10    1      val=   0.81419
        0.4893362240652 bend   8   10    1
        0.3352255176525 bend   8    7    1
  25 k  1.0000000000000 stre   2   10           val=   1.84946
  26 k  1.0000000000000 bend  10    5    2      val= 100.33475
  27 k  1.0000000000000 bend   6   10    2      val=  82.91775
  28 k  1.0000000000000 stre   3    7           val=   1.84956
  29 k  1.0000000000000 bend   7    9    3      val= 100.31712
  30 k  1.0000000000000 bend   5    7    3      val=  82.98503
  31 k  1.0000000000000 stre   4    8           val=   1.84992
  32 k  1.0000000000000 bend   8    6    4      val= 100.34954
  33 k  1.0000000000000 bend   9    8    4      val=  82.92712
  34 k  1.0000000000000 bend   1    3    7      val= 152.91860
  35 k  1.0000000000000 bend   1    4    8      val= 153.23466
  36 k  1.0000000000000 bend   1    2   10      val= 152.94082
        24 non zero eigenvalues  of BmBt
           1           3.253931256    1    0
         1
           2           3.145552435    2    0
         2
           3           2.697741927    3    0
         3
           4           1.567903361    4    0
         4
           5           1.488522883    5    0
         5
           6           1.362475155    6    0
         6
           7           1.246506643    7    0
         7
           8           0.881593544    8    0
         8
           9           0.740080837    9    0
         9
          10           0.525714084   10    0
        10
          11           0.389569514   11    0
        11
          12           0.365769210   12    0
        12
          13           7.486743498    0    0
         0.000000000         0.000000000         0.000000000         0.000000000
         0.000000000         0.000000000         0.000000000         0.000000000
         0.000000000         0.000000000         0.000000000         0.000000000
        -0.091917376        -0.022989793         0.693866262         0.011020369
        -0.035189847        -0.659070206         0.091799767        -0.126101242
         0.009994588         0.007045963         0.091553381        -0.010046267
        -0.034621203         0.023806838         0.032873902         0.045485907
        -0.064007785        -0.023376052        -0.033287183        -0.077439700
         0.140869988         0.051181547         0.000894777        -0.041828448
          14           5.878103570    0    0
         0.000000000         0.000000000         0.000000000         0.000000000
         0.000000000         0.000000000         0.000000000         0.000000000
         0.000000000         0.000000000         0.000000000         0.000000000
         0.691054039        -0.103836618         0.033495779        -0.653528187
         0.010880345        -0.081261159         0.018900362         0.051082582
        -0.146100404         0.027429680        -0.031684125         0.067702325
         0.012296812        -0.083815018         0.171700331        -0.015137179
         0.005157463         0.024719963         0.022223586        -0.045510982
        -0.009915536        -0.036782359         0.066946635        -0.006735403
          15           5.214635094    0    0
         0.000000000         0.000000000         0.000000000         0.000000000
         0.000000000         0.000000000         0.000000000         0.000000000
         0.000000000         0.000000000         0.000000000         0.000000000
         0.027623736         0.677901499        -0.031401073        -0.108670403
        -0.643708529        -0.048600901        -0.153508186         0.011730549
         0.104172512         0.017426154        -0.054679004        -0.065042190
         0.056434448        -0.089751392        -0.002335447         0.021135124
        -0.144773498         0.150664203        -0.047982523         0.024850609
         0.045849774        -0.012558089        -0.055721676         0.066739724
          16           3.133354713    0    0
         0.000000000         0.000000000         0.000000000         0.000000000
         0.000000000         0.000000000         0.000000000         0.000000000
         0.000000000         0.000000000         0.000000000         0.000000000
        -0.035574848         0.002724356        -0.007801795         0.034112422
         0.012414145         0.018294875        -0.446569026        -0.513232453
        -0.540527094         0.193289175         0.005459424        -0.006360850
         0.218142846        -0.033143492        -0.045896418         0.246790716
        -0.050339139        -0.055828632         0.286364893        -0.040777809
        -0.046709479        -0.002459074        -0.021235993        -0.030453978
          17           2.524687079    0    0
         0.000000000         0.000000000         0.000000000         0.000000000
         0.000000000         0.000000000         0.000000000         0.000000000
         0.000000000         0.000000000         0.000000000         0.000000000
        -0.031096900         0.151693522        -0.095431493         0.011187841
        -0.129760523         0.059071088         0.569297366        -0.167802230
        -0.275917373        -0.025132871         0.004934090        -0.008931004
        -0.557524674         0.137366496         0.102247681         0.208245661
        -0.058795676        -0.013507405         0.309980150        -0.089722026
        -0.083522489         0.028070512         0.090686911        -0.100249372
          18           2.495832326    0    0
         0.000000000         0.000000000         0.000000000         0.000000000
         0.000000000         0.000000000         0.000000000         0.000000000
         0.000000000         0.000000000         0.000000000         0.000000000
         0.104821844        -0.053959581        -0.102861735        -0.075233656
         0.048817591         0.084083059         0.074549791        -0.494023251
         0.397552564         0.013729524        -0.004004495        -0.007746119
        -0.035134307         0.038979332         0.028084780         0.515047486
        -0.136349026        -0.135088959        -0.455343860         0.105156623
         0.081936598         0.118246710        -0.075454111        -0.045122563
          19           1.414111947    0    0
         0.000000000         0.000000000         0.000000000         0.000000000
         0.000000000         0.000000000         0.000000000         0.000000000
         0.000000000         0.000000000         0.000000000         0.000000000
         0.037761046        -0.061276728        -0.007689339         0.067385018
         0.023195526        -0.090497023        -0.303298693         0.288534171
        -0.030774405        -0.002141452         0.115485927         0.008336537
        -0.406050135        -0.090663982        -0.138273529         0.490132534
         0.165121699         0.106997861        -0.072568674        -0.107511561
         0.073751824        -0.405624364         0.058334766         0.361293837
          20           1.299772887    0    0
         0.000000000         0.000000000         0.000000000         0.000000000
         0.000000000         0.000000000         0.000000000         0.000000000
         0.000000000         0.000000000         0.000000000         0.000000000
         0.004699832        -0.006400256        -0.019992047        -0.055951728
         0.051209627        -0.013951150        -0.236766974        -0.263537518
         0.044274426        -0.155734662        -0.002793765         0.104253184
        -0.483883681        -0.295576650        -0.124233668        -0.406248054
        -0.125036990        -0.212216771        -0.011608944        -0.021028546
        -0.031606475         0.327117651        -0.060333372         0.395115516
          21           1.267675833    0    0
         0.000000000         0.000000000         0.000000000         0.000000000
         0.000000000         0.000000000         0.000000000         0.000000000
         0.000000000         0.000000000         0.000000000         0.000000000
        -0.015144786        -0.028227972        -0.008979398         0.069271549
        -0.090703791         0.011134133         0.030955499         0.017901433
        -0.273305238        -0.209196160        -0.006403660        -0.124298554
         0.112006256        -0.017342312        -0.119778334        -0.018149071
        -0.165272002        -0.012446460        -0.466067224        -0.329187946
        -0.258430427         0.083169146         0.629246672         0.016869870
          22           0.930281937    0    0
         0.000000000         0.000000000         0.000000000         0.000000000
         0.000000000         0.000000000         0.000000000         0.000000000
         0.000000000         0.000000000         0.000000000         0.000000000
        -0.026953065         0.010606049        -0.016856312         0.001803211
        -0.020120375         0.009549576        -0.091988851        -0.141911722
        -0.269173845         0.331133426         0.009666995        -0.023952598
        -0.327784251         0.159204901         0.047069044        -0.361131104
         0.114270120         0.147441366        -0.520642333         0.096911034
         0.061904265        -0.296789018        -0.174884769        -0.289531407
          23           0.690095851    0    0
         0.000000000         0.000000000         0.000000000         0.000000000
         0.000000000         0.000000000         0.000000000         0.000000000
         0.000000000         0.000000000         0.000000000         0.000000000
        -0.006524297         0.031455955        -0.042944350        -0.014302800
         0.071954778        -0.042352843         0.451566447        -0.113543255
        -0.286508069        -0.054807903         0.147968928         0.093158879
         0.239161100        -0.360293308        -0.363853637        -0.003730558
        -0.001670616         0.265594652        -0.145332885         0.338664975
         0.102349145        -0.107000852        -0.127945210         0.305635916
          24           0.669946655    0    0
         0.000000000         0.000000000         0.000000000         0.000000000
         0.000000000         0.000000000         0.000000000         0.000000000
         0.000000000         0.000000000         0.000000000         0.000000000
         0.049309435        -0.029799904        -0.018704976         0.052189838
        -0.041182183        -0.067566005         0.057124781        -0.425988504
         0.365543635         0.028723820         0.116988170        -0.137001725
         0.036990938        -0.194868940         0.079311889        -0.164940193
         0.420525327         0.294697781         0.162373372        -0.167325662
        -0.368985799        -0.278632845         0.172584512         0.035383639
$end
