$dipgrad          cartesian dipole gradients
  -.86777376417042D+00  0.17686551526242D-01  -.17404510665502D-01
  -.13786048044165D-01  -.86639321809073D+00  0.14651195132467D-01
  -.19038585399783D-01  0.11667155090561D-01  -.10595544280336D+01
  -.82464545212980D+00  -.35771429296461D-01  0.11635295327293D+00
  -.13206554871432D-01  -.56423561443211D+00  0.42138620845141D-01
  0.12791517660855D+00  0.66748256651622D-01  -.81584402070689D+00
  -.61932062337548D+00  -.13773658298072D+00  -.62248508491878D-01
  -.11043613428869D+00  -.77852721429760D+00  -.10230547985836D+00
  -.45931234891199D-01  -.11996634435354D+00  -.80889437795355D+00
  -.66315128762835D+00  0.13829076132444D+00  -.85503524477736D-01
  0.16573829675073D+00  -.76732427684546D+00  0.75774339644704D-01
  -.10803569359988D+00  0.76132007730304D-01  -.77544956167755D+00
  0.37164159804635D+00  0.65475965993054D-01  -.48459960427975D-01
  0.63109531927172D-01  0.32006816549678D+00  -.25676758526049D-02
  -.30315786489192D-01  0.29516986752127D-01  0.29641153955176D+00
  0.38444888693212D+00  -.60470156171983D-01  0.88210264681630D-02
  -.56047256553178D-01  0.31690506136241D+00  -.32008297294209D-01
  -.27937695460662D-01  -.32423485123047D-01  0.28347876241427D+00
  0.21968341261932D+00  0.53652316285742D-01  0.72898024292316D-01
  0.34232236523039D-01  0.38079208015488D+00  0.14349535210809D+00
  0.43620660707995D-01  0.18820951022895D+00  0.54914418620802D+00
  0.35552422050513D+00  -.10937569448244D+00  0.12607722489521D+00
  -.13032186573548D+00  0.30213985547945D+00  -.11797332460451D+00
  0.17838171005429D+00  -.11871789926795D+00  0.49496901457964D+00
  0.28968452022713D+00  -.72681884686642D-02  0.23085458965963D-01
  -.37314817251190D-02  0.41320812771178D+00  0.47238206786503D-01
  0.42136975017969D-01  0.15764128559532D-01  0.28505914529392D+00
  0.35390848897398D+00  0.75516456270849D-01  -.13361818383149D+00
  0.64449276017118D-01  0.24336703346068D+00  -.68442936907196D-01
  -.16079552654806D+00  -.11693031626851D+00  0.55067974032410D+00
$end
