$energy      SCF               SCFKIN            SCFPOT
     1 -689.3309459471      687.9220460487     -1377.252991996
     2 -689.3349324599      687.9210091740     -1377.255941634
     3 -689.3376154959      687.9228905396     -1377.260506035
     4 -689.3388002960      687.9053996098     -1377.244199906
     5 -689.3390656749      687.9055251189     -1377.244590794
     6 -689.3395118568      687.9079945469     -1377.247506404
     7 -689.3399492322      687.9115047376     -1377.251453970
     8 -689.3403138667      687.9160895431     -1377.256403410
     9 -689.3404445766      687.9096672803     -1377.250111857
    10 -689.3405273364      687.9124120662     -1377.252939403
    11 -689.3405423574      687.9158866466     -1377.256429004
    12 -689.3405521232      687.9189504774     -1377.259502601
    13 -689.3405563042      687.9178118420     -1377.258368146
    14 -689.3405599231      687.9161193473     -1377.256679270
    15 -689.3405625615      687.9161403321     -1377.256702894
    16 -689.3405652721      687.9169253802     -1377.257490652
    17 -689.3405686325      687.9175579852     -1377.258126618
    18 -689.3405719933      687.9178326119     -1377.258404605
    19 -689.3405756454      687.9170745556     -1377.257650201
    20 -689.3405767715      687.9166292321     -1377.257206004
    21 -689.3405775209      687.9164959118     -1377.257073433
    22 -689.3405776730      687.9166126155     -1377.257190288
    23 -689.3405777578      687.9167454910     -1377.257323249
    24 -689.3405777756      687.9167800884     -1377.257357864
    25 -689.3405778474      687.9167306440     -1377.257308491
$end
