$grad          cartesian gradients
  cycle =      1    SCF energy =     -689.3309459471   |dE/dxyz| =  0.058120
    0.28217031568283      0.03816623178805      3.28228119390859      cl
    2.86480969964557      1.75262328941036     -1.87675410784645      o
   -0.48559442060003     -2.85176378631458     -1.91277531150106      o
   -2.61776580229343      1.60974808848957     -1.30441199808892      o
    2.02839858288690      0.12436797906576     -2.14149340070693      h
   -0.91007377525424      2.08792571196325     -1.70128434366781      h
   -0.22846807843849     -2.92708033312165     -0.05297336987489      h
   -2.33928612174813      1.35041681387618      0.51516750074401      h
   -1.50832459721147     -1.32429853104834     -1.90543863876275      h
    2.72507786917422      1.84473364338777      0.02279954579327      h
  -.18088029222742D-02  -.19014877704804D-03  -.67638186863653D-02
  0.84172930206698D-02  0.29571234537564D-02  -.28626359096418D-01
  -.87800361459506D-02  0.85582227687112D-02  -.22416350956421D-01
  0.80749872206438D-02  -.60091012933685D-02  -.53601966715164D-02
  -.88985956461562D-02  -.24708050337320D-03  0.15456445950878D-02
  -.69044801160997D-02  -.10867144778510D-01  0.93488262109785D-02
  -.30604359935502D-02  0.15157703914464D-02  0.18636013960489D-01
  0.39565865633943D-02  0.24547018457642D-02  -.13584957244140D-02
  0.10519573820652D-01  -.15211515007162D-02  0.75986734781694D-02
  -.15612152681306D-02  0.33900137456477D-02  0.27295595561345D-01
  cycle =      2    SCF energy =     -689.3349324599   |dE/dxyz| =  0.027386
    0.28962402000407      0.01976649169187      3.30487911646276      cl
    2.82932452788832      1.73196300044633     -1.86181821127054      o
   -0.43760896553714     -2.87631753854518     -1.90068887985868      o
   -2.64551443052809      1.67182575860616     -1.29687644461774      o
    2.07524641444464      0.07571345688236     -2.13260163827719      h
   -0.93830689477789      2.17914529344927     -1.72478608291622      h
   -0.18316426382184     -2.94456490379523     -0.06624198519429      h
   -2.36105761492927      1.38544940933847      0.52542887952105      h
   -1.51432855311484     -1.35536198086187     -1.91630154951181      h
    2.69672943221576      1.81722012028420     -0.00587613434028      h
  -.10807582561752D-02  -.19313266213183D-03  -.59632049230621D-02
  0.41359421162641D-02  0.39903457442022D-03  -.11394343712390D-01
  0.13324530445370D-02  -.34206172336832D-02  -.10399814926062D-01
  0.12442847013479D-02  -.45210428338176D-02  -.63074306500462D-02
  -.50239112273574D-02  0.24955724597388D-02  0.23683827067438D-02
  -.59722934453945D-03  -.63955189465689D-02  0.56554804068383D-02
  -.39544110958401D-02  0.11198076940076D-02  0.73887237360533D-02
  0.23887531474434D-02  0.16054851006631D-02  0.32125176089833D-02
  0.19250535051297D-02  0.72219676807537D-02  0.59764583272028D-02
  -.43726508487858D-03  0.17218454554291D-02  0.93591348124884D-02
  cycle =      3    SCF energy =     -689.3376154959   |dE/dxyz| =  0.018195
    0.31438632945207      0.00226149266755      3.38596686295588      cl
    2.77195787511307      1.69457783818684     -1.84705031991801      o
   -0.37963404252216     -2.87989922869205     -1.89482902850595      o
   -2.67587222904691      1.74217105113603     -1.28766445959125      o
    2.13347019455423     -0.00077924294135     -2.13571450344002      h
   -0.98731623389109      2.29699914626207     -1.76559287763058      h
   -0.11772059448558     -2.94709031644333     -0.07991542952474      h
   -2.37817446873974      1.42621858591917      0.52754468338610      h
   -1.52433110686805     -1.40487334389926     -1.95572020604402      h
    2.65417794827787      1.77525312530071     -0.02190765169036      h
  -.14927834399040D-03  -.17048561306099D-03  -.35323527093694D-02
  -.28958080336734D-03  -.18478511813452D-02  0.37288088988240D-02
  0.57454792384267D-02  -.56753819151350D-02  0.70313386137086D-04
  -.15594689547924D-02  -.37484542217588D-02  -.54126606827801D-02
  -.14451196860311D-02  0.29880390034705D-02  0.18446429361486D-02
  0.26939883790469D-02  -.16330575854588D-02  0.17433583711343D-02
  -.34493911480097D-02  -.66614647974671D-03  -.11891655895691D-02
  0.18856267457661D-03  0.88287602050332D-03  0.52397476418520D-02
  -.29399348137207D-02  0.86131545157820D-02  0.26702757065846D-02
  0.11423553762645D-02  0.12778223795629D-02  -.52724113524571D-02
  cycle =      4    SCF energy =     -689.3388002960   |dE/dxyz| =  0.013265
    0.33891910942230     -0.00358915950942      3.47342849435347      cl
    2.73369806992624      1.64998864983680     -1.84198660881727      o
   -0.32323011311672     -2.87637702172646     -1.90204343334759      o
   -2.71656708517366      1.81322683184166     -1.27507615735922      o
    2.17713230796416     -0.07099178314493     -2.15472502557705      h
   -1.04875794707705      2.39265358560988     -1.79564872192005      h
   -0.05109622760789     -2.93515124171077     -0.08959193382492      h
   -2.39661260490029      1.47302968140259      0.52400029475493      h
   -1.52298823473698     -1.46182955839117     -1.99946457288970      h
    2.62044639714360      1.72387912328821     -0.01377526537555      h
  0.35968236340348D-03  -.55408783984803D-04  -.98486813503192D-03
  -.22379415349798D-02  -.27138712196752D-02  0.34089206035901D-02
  0.49050833650627D-02  -.22994779105285D-02  0.16560974410006D-02
  -.13529343375278D-02  -.30666404009061D-02  -.29589525480605D-02
  0.25473615777266D-03  0.93862141798724D-03  0.53632102555483D-03
  0.25550655287141D-02  0.89536042456898D-03  -.44845748602032D-04
  -.20790379819318D-02  -.21894659950146D-02  -.20238559058280D-02
  -.11313542866237D-02  0.89842500222139D-03  0.35951061669922D-02
  -.31477044820388D-02  0.53874630217722D-02  0.52199150938216D-03
  0.18340758757457D-02  0.22100785204459D-02  -.38126415275777D-02
  cycle =      5    SCF energy =     -689.3390656749   |dE/dxyz| =  0.012517
    0.35463030441218     -0.01593058709698      3.50027419808660      cl
    2.72665968526914      1.64977223532441     -1.83466280601041      o
   -0.31376627202453     -2.89350303775416     -1.89809268164782      o
   -2.72799460072570      1.84641392066184     -1.27448345700247      o
    2.19130198101287     -0.07578079213727     -2.16254283754078      h
   -1.06954167926245      2.43287665428556     -1.81171898049994      h
   -0.03135334657247     -2.93536377083381     -0.08725779748847      h
   -2.39754783894860      1.49340935712222      0.51601434023969      h
   -1.52845913507131     -1.50066336244373     -2.01363489410071      h
    2.60701457375456      1.70360849036831     -0.00877801403864      h
  0.50771512055180D-03  -.27974479695067D-04  -.83996310752615D-04
  -.23902901392689D-02  -.17514892380455D-02  0.48508549573702D-02
  0.40578701986952D-02  -.10581515768328D-02  0.22476993471468D-02
  -.68295031409688D-03  -.26941685025416D-02  -.17617465631532D-02
  0.45770861911506D-03  0.83668020187490D-04  0.63376816860257D-03
  0.20293957894360D-02  0.14720291423889D-02  -.51669310277918D-03
  -.16524766541682D-02  -.26005365280105D-02  -.24619539371670D-02
  -.15982266219461D-02  0.97166525578476D-03  0.24618360860777D-02
  -.27011824951375D-02  0.38183645931510D-02  -.40180284558467D-04
  0.19409169308721D-02  0.17858282462666D-02  -.54323691424028D-02
  cycle =      6    SCF energy =     -689.3395118568   |dE/dxyz| =  0.009497
    0.37954314967955     -0.03897168952552      3.51872692157553      cl
    2.74195412439850      1.65269698254984     -1.81469550964657      o
   -0.29997844030198     -2.92935126519544     -1.88524706449366      o
   -2.75766594045978      1.90768142911035     -1.27370040453018      o
    2.19970741066578     -0.05969489750216     -2.19138888740006      h
   -1.10746626357080      2.48014021093069     -1.83505909346112      h
    0.00148146935767     -2.91861346396565     -0.07593030348225      h
   -2.40004616669069      1.53030902116105      0.50070222092516      h
   -1.53566205354749     -1.57239874443429     -2.03011220395549      h
    2.58907638231293      1.65304152436751      0.01182139446569      h
  0.69324493292593D-03  0.17638793802201D-04  0.99040830611934D-03
  -.15339960543765D-02  -.82812547031246D-03  0.42251054079903D-02
  0.22169521687344D-02  0.53770317028721D-03  0.20057448979056D-02
  0.39955717038872D-04  -.15374301860502D-02  -.72631216993684D-03
  0.76694620425159D-04  -.82690607240341D-04  0.91756496463223D-03
  0.46577640960449D-03  0.10324323329878D-02  -.19090353225163D-03
  -.14366453277207D-02  -.26456787419462D-02  -.26722225189359D-02
  -.15264741063048D-02  0.12708292779656D-02  0.53583300821958D-03
  -.78274234623801D-03  0.11494712545564D-02  0.34345887090070D-05
  0.17723802644539D-02  0.10791621034836D-02  -.51834044628733D-02
  cycle =      7    SCF energy =     -689.3399492322   |dE/dxyz| =  0.006438
    0.39144094909639     -0.07368011505141      3.49679719452479      cl
    2.74515525126174      1.65170625368948     -1.79134549664071      o
   -0.27615540686665     -2.95714536433589     -1.85870677608270      o
   -2.77450808978826      1.96929547385308     -1.26864991055634      o
    2.18897372064739     -0.03811044622852     -2.23125377833053      h
   -1.12658623201751      2.51295687731377     -1.85645667405414      h
    0.04003496519242     -2.87003395493627     -0.04977453257804      h
   -2.38694797068894      1.55838647124845      0.48958934214699      h
   -1.53687636831854     -1.63617849624658     -2.04127133444523      h
    2.54641285332566      1.58764240819026      0.03618903601296      h
  0.72012410071273D-03  0.84833763936666D-04  0.92751898141518D-03
  -.88839184139367D-03  -.11923105724925D-02  0.20826730961830D-02
  0.14926760839525D-02  0.79142119971995D-03  0.12036559581011D-02
  0.28401558405032D-03  -.62998709914109D-03  -.30474362566724D-03
  -.30497032289305D-03  0.90610873982464D-03  0.12498110383118D-02
  -.32499378369093D-03  0.52196985081080D-03  -.55722119555434D-04
  -.12359070592637D-02  -.23136769712142D-02  -.20068115619255D-02
  -.11653122236009D-02  0.12629245407050D-02  -.19983658978473D-03
  0.21387177073642D-03  0.17040693572584D-03  0.21035509701301D-03
  0.12029310173751D-02  0.40645391638668D-03  -.31851751063397D-02
  cycle =      8    SCF energy =     -689.3403138667   |dE/dxyz| =  0.003565
    0.39653482524960     -0.12927210966319      3.44075506368799      cl
    2.75173786601466      1.65612506615267     -1.75936523274062      o
   -0.24894511720630     -2.98381981577547     -1.81123434242575      o
   -2.78856841256133      2.03840794677506     -1.25768298821566      o
    2.18924759790816     -0.00474036813567     -2.28816207979910      h
   -1.14278194601182      2.54643077590407     -1.88094473817032      h
    0.08028845694394     -2.77801193177619     -0.00648656526654      h
   -2.35814903336921      1.57720679067072      0.47740711342093      h
   -1.55094116812042     -1.72002151048932     -2.05212325700371      h
    2.48252060299642      1.50253426383369      0.06295409650984      h
  0.67343431009328D-03  0.25579701944269D-04  -.99503394799961D-04
  0.37460111069010D-03  -.29859442741588D-03  -.16738255130941D-03
  0.10686389060606D-02  0.59820746337346D-03  0.27128826811596D-03
  -.49894602338441D-03  -.10010652049556D-03  -.13581133535172D-04
  -.91827557589789D-03  0.10061850714973D-02  0.13682930481703D-02
  -.95599120855555D-04  0.24824960270092D-03  -.17949030533179D-03
  -.88429489988142D-03  -.14297959344139D-02  -.66147898877814D-03
  -.41045948808954D-03  0.10254499881650D-02  -.40255798031123D-03
  0.61189714918784D-03  -.25690159033942D-03  0.46765815206314D-03
  0.73069779561767D-04  -.77922014256136D-03  -.63950934248097D-03
  cycle =      9    SCF energy =     -689.3404445766   |dE/dxyz| =  0.002864
    0.37561165602900     -0.14091591563121      3.43535430236616      cl
    2.75506526064153      1.66379546580002     -1.76168580542695      o
   -0.25296025391159     -2.97996698003829     -1.79608898977120      o
   -2.77993735604165      2.03260686349250     -1.24639725853973      o
    2.21550235277607      0.00164966014846     -2.31549823439744      h
   -1.13722414620286      2.54013639047260     -1.87958126511502      h
    0.07271364673585     -2.73531488193515      0.00870392321331      h
   -2.33855191682669      1.55872512144398      0.48449391106638      h
   -1.56762388848180     -1.73413420633294     -2.06419594325112      h
    2.46834831712584      1.49825759007640      0.06001242985268      h
  0.39284942198343D-03  -.10745862724349D-03  -.32135731103820D-03
  0.53289071770472D-03  0.39360634868639D-03  -.94011725116074D-03
  0.10130650250388D-02  0.42036070768866D-03  -.46244914786587D-03
  -.57348482983226D-03  -.25888693859068D-03  -.13573259717288D-03
  -.80383112557509D-03  -.25150827693006D-04  0.26514606202353D-03
  0.27165940809884D-03  0.39987783846548D-03  -.40179663706910D-03
  -.50305878212278D-03  -.11083750731466D-02  0.65164596663867D-03
  -.22659404739040D-03  0.74909084861253D-03  0.17230376477134D-03
  0.15648799262949D-06  -.37427135453014D-04  0.15284910829870D-03
  -.11464637573665D-03  -.38488699029416D-03  0.96697691864907D-03
  cycle =     10    SCF energy =     -689.3405273364   |dE/dxyz| =  0.002450
    0.34729717813595     -0.14287988343254      3.44019119288672      cl
    2.76705511027630      1.67345415383013     -1.76802913897150      o
   -0.26882332093651     -2.96860513580972     -1.78317907747607      o
   -2.77098067426069      2.00875066247802     -1.22929333799706      o
    2.26594193670964      0.00618870865753     -2.34217419161918      h
   -1.13400490861011      2.52007900889897     -1.87184198052325      h
    0.05107323465562     -2.67984005430663      0.01826130395414      h
   -2.31469909789889      1.52623740456709      0.49675737485549      h
   -1.59447938006705     -1.74315067550842     -2.08459011101180      h
    2.46256359383945      1.50460491812194      0.04901503589957      h
  0.73214553072098D-05  -.25038049329457D-03  -.33637009737472D-03
  0.90326294239187D-04  0.32503414961023D-03  -.25258052727233D-03
  0.50180640062773D-03  0.87420801937944D-03  -.48365824035245D-03
  -.18416057050568D-03  -.55872007295124D-03  -.12190306361751D-04
  -.14167530536134D-03  -.52262524053226D-03  -.71507659805031D-03
  0.19438460615895D-03  0.31044299803932D-03  -.15807485508649D-03
  -.26401722103033D-03  -.66515770282294D-03  0.11070752172364D-02
  0.80433856110089D-04  0.61911474244267D-03  0.14905635545973D-03
  -.26116162910426D-03  -.35410862335905D-03  -.15872286142382D-03
  -.38599361773415D-04  0.25733894292578D-03  0.80737450117473D-03
  cycle =     11    SCF energy =     -689.3405423574   |dE/dxyz| =  0.001622
    0.34744761320096     -0.13468165129330      3.44497299909410      cl
    2.77226285756297      1.67587063319066     -1.76906635022503      o
   -0.27794994734577     -2.96992709834959     -1.78564714362819      o
   -2.77133404375180      1.99932376712377     -1.22680230187698      o
    2.27518393435830      0.00688275988769     -2.33791562444314      h
   -1.13498480389039      2.51048393744691     -1.86903188032287      h
    0.04269366532974     -2.67500606091366      0.01319926118092      h
   -2.31229833296641      1.51980468920312      0.49962705076953      h
   -1.59737373069658     -1.73850769759026     -2.09067431398429      h
    2.46729646004269      1.51059582879104      0.04645537343303      h
  -.12878355886545D-04  -.23090230780674D-03  -.15152002029489D-03
  -.31829461268216D-04  0.30260912346571D-04  0.12088294291762D-03
  0.46930854773392D-03  0.71510875727151D-03  -.14639145241583D-03
  -.98305938946207D-04  -.47898425323704D-03  -.16619144862189D-03
  -.30291064188986D-05  -.73466179857063D-04  -.30901520429184D-03
  -.51455405535718D-04  0.64088952615295D-04  0.14780359684676D-03
  -.42465428471375D-03  -.53925580595188D-03  0.50476031379230D-03
  0.23946662665934D-03  0.66333615458218D-03  0.40052287435533D-04
  -.14808894364505D-03  -.31056384560193D-03  -.73100488048550D-04
  0.46063850924896D-04  0.19337149360256D-03  -.20866497105577D-04
  cycle =     12    SCF energy =     -689.3405521232   |dE/dxyz| =  0.001527
    0.35060056654177     -0.12723534633374      3.44779549457827      cl
    2.77546263494189      1.67576837177684     -1.76700896377345      o
   -0.28423725144219     -2.97275898406655     -1.78620176415440      o
   -2.77359496158411      1.99473990270061     -1.22248028214003      o
    2.28409141616620      0.00635833709549     -2.33596750595868      h
   -1.13844341331371      2.50297165100790     -1.86874578348621      h
    0.03767363242736     -2.66112103326855      0.00865013042941      h
   -2.30828803334379      1.51511326470216      0.50257619776386      h
   -1.59818191039885     -1.73785275429237     -2.10035452220456      h
    2.46586099184915      1.50885569817460      0.04685406894287      h
  -.12148804974802D-04  -.20449976954011D-03  -.23295871667217D-05
  -.82635056328870D-04  -.18522070871911D-03  0.28694371133384D-03
  0.47892301316420D-03  0.38024109352163D-03  0.13798311746873D-03
  -.17593775048756D-03  -.35117000194709D-03  -.24938835129898D-03
  0.90572038813259D-04  0.30597798119466D-03  0.47572968679269D-04
  -.18821928968402D-03  -.15411359346814D-03  0.31571179769571D-03
  -.56985669771899D-03  -.21049771132980D-03  -.72856635054000D-04
  0.43509342182106D-03  0.64095172328324D-03  -.15588186560221D-04
  -.58200541884602D-05  -.22063280138282D-03  0.17569655668611D-04
  0.15659826237267D-04  0.29607964442744D-04  -.52006627804364D-03
  cycle =     13    SCF energy =     -689.3405563042   |dE/dxyz| =  0.001295
    0.35503636022524     -0.12312500590670      3.44815187977499      cl
    2.77405036462280      1.67526924786667     -1.76512883700851      o
   -0.28700208006349     -2.97537827879687     -1.78695168332761      o
   -2.77376730983207      1.99323622808752     -1.22137965191293      o
    2.28454675376626      0.00496303849938     -2.33356841526973      h
   -1.13917562968080      2.50160188073002     -1.86991338314643      h
    0.03684108316315     -2.65682172349721      0.00640092105143      h
   -2.30691016892782      1.51374806469773      0.50345749021123      h
   -1.59662952855243     -1.73646021129267     -2.10513504090785      h
    2.46395382712289      1.50780586710852      0.04918379053249      h
  0.50827346958427D-05  -.17482495833535D-03  0.29642164654842D-04
  -.19438461476586D-04  -.22800519515714D-04  0.15673663519786D-03
  0.51906781553806D-03  0.97258535851109D-04  0.65978355155497D-04
  -.30331361474530D-03  -.35481729157352D-03  -.18516569226011D-03
  0.21877361520320D-04  0.19529880125131D-03  0.93700364289255D-04
  -.52358932103251D-04  -.12270454256191D-03  0.18048255500144D-03
  -.55088226305334D-03  -.66956080130530D-04  -.88810554990579D-04
  0.41708239572446D-03  0.58892110929431D-03  0.63504465975427D-04
  -.28094743465073D-04  -.66986601759336D-04  -.43395445830786D-06
  -.23061876162112D-04  -.42976974236034D-04  -.37052359668006D-03
  cycle =     14    SCF energy =     -689.3405599231   |dE/dxyz| =  0.001149
    0.36231586006149     -0.11857288599480      3.44681321428838      cl
    2.77202167849977      1.67442350971781     -1.76209062772393      o
   -0.29069975482971     -2.97829900442122     -1.78765161528281      o
   -2.77416299067238      1.99139983399446     -1.22132808310074      o
    2.28466191893823      0.00288023598547     -2.32999599163242      h
   -1.14061562760085      2.50263886642274     -1.87160872903927      h
    0.03695904693077     -2.65338537065672      0.00408928371234      h
   -2.30659009594098      1.51191539805408      0.50328818546184      h
   -1.59538116740840     -1.73478520094786     -2.10965388652989      h
    2.46243480386579      1.50662372534242      0.05325531984358      h
  0.42070957004612D-04  -.13604848859842D-03  0.41993285637805D-05
  0.39244586786599D-04  0.20790584145890D-03  -.17619655332754D-04
  0.48150406732419D-03  -.11879739395274D-03  -.31851489407397D-04
  -.40712800246763D-03  -.42001219467593D-03  -.27984772527944D-04
  -.57239954803933D-04  -.46566519416307D-04  0.65820106473379D-04
  0.12577098787976D-03  -.61502910939078D-05  -.42823061759302D-04
  -.45848043090320D-03  0.49340379257869D-04  -.97459467835119D-05
  0.32235909300027D-03  0.53150719253093D-03  0.12652359227282D-03
  -.49153922474018D-04  0.52988960799817D-04  -.74347942746439D-04
  -.52712474177556D-04  -.86668290636711D-04  -.47583776566185D-04
  cycle =     15    SCF energy =     -689.3405625615   |dE/dxyz| =  0.000987
    0.36634976978079     -0.11668677840834      3.44461100370014      cl
    2.77216984721528      1.67412536529034     -1.76072818000112      o
   -0.29384064878328     -2.97898600336854     -1.78804736553068      o
   -2.77434744907425      1.98919985766121     -1.22318825186736      o
    2.28512348184916      0.00216813413784     -2.32763971591460      h
   -1.14168253088203      2.50540286860246     -1.87155594110389      h
    0.03740304991152     -2.65492899833298      0.00319894055594      h
   -2.30865707705527      1.50952007382323      0.50174300589756      h
   -1.59608821226895     -1.73267808143813     -2.10871046673530      h
    2.46451344115077      1.50770266952929      0.05543404099639      h
  0.69647747977699D-04  -.12186581328022D-03  -.64693173249863D-04
  -.23793253067858D-04  0.14858956891147D-03  -.87633124177430D-04
  0.34832557388995D-03  -.35487633221073D-04  -.85967255367888D-04
  -.24388076115079D-03  -.46987301470483D-03  -.76605143777406D-05
  -.31612799312115D-04  -.79678769276919D-04  0.34499408807897D-04
  0.63353217565918D-04  0.87012368206787D-04  -.92058345949169D-04
  -.38290171849472D-03  0.20977700163237D-04  0.59497039127555D-04
  0.20095597939877D-03  0.49768554618299D-03  0.13900330208999D-03
  -.71383287948218D-05  0.66839562874519D-05  -.78506348270444D-04
  -.69139861271029D-05  -.27989334175125D-04  0.12820942511881D-03
  cycle =     16    SCF energy =     -689.3405652721   |dE/dxyz| =  0.000881
    0.36869251720304     -0.11601103356447      3.44187527255330      cl
    2.77459845168468      1.67409551499984     -1.75965148397364      o
   -0.29751617441765     -2.97920941891524     -1.78749138422876      o
   -2.77493957964317      1.98709554074038     -1.22557830359890      o
    2.28723952617712      0.00281599985174     -2.32722665938889      h
   -1.14320410449053      2.50895689125233     -1.87055783567234      h
    0.03813475923422     -2.65605416373543      0.00308349366934      h
   -2.31179789372104      1.50551231936554      0.49935310542248      h
   -1.59818027097560     -1.73087704873821     -2.10550061060210      h
    2.46791644079267      1.50851450623990      0.05681147581659      h
  0.87261779396844D-04  -.12194836531193D-03  -.14015633372477D-03
  -.11792019329086D-03  -.53055758615998D-04  -.70849381171102D-04
  0.21638891604366D-03  0.10829314736488D-03  -.11026506337386D-03
  0.23053958896360D-04  -.44491391033106D-03  -.43481241829452D-04
  0.43012190228581D-04  0.15564516010568D-04  -.60486366602625D-05
  -.11816721558457D-03  0.11703899067244D-03  -.68870817794285D-04
  -.34282675162452D-03  0.60395432690959D-05  0.95428117224754D-04
  0.91681347588299D-04  0.44286132250250D-03  0.12474003266350D-03
  0.51392601648517D-04  -.10361830142106D-03  -.32564270543022D-04
  0.52156287254150D-04  0.58261233489381D-04  0.19725621118197D-03
  cycle =     17    SCF energy =     -689.3405686325   |dE/dxyz| =  0.000884
    0.37010281312691     -0.11389852980207      3.44050068948034      cl
    2.77848462061866      1.67414649960325     -1.75891324872809      o
   -0.30303428219977     -2.98027691204629     -1.78664836592241      o
   -2.77561628423759      1.98425822442566     -1.22781575619447      o
    2.29014906207804      0.00410199186586     -2.32805460805512      h
   -1.14426264990128      2.51160910542960     -1.86826670273391      h
    0.03878266754752     -2.65566182870894      0.00244390685502      h
   -2.31548720074972      1.49876479558066      0.49672543099754      h
   -1.59977484434114     -1.72717168623117     -2.10233861554545      h
    2.47159976990212      1.50896744737984      0.05748433984363      h
  0.97221160126286D-04  -.11869867336352D-03  -.14957779555351D-03
  -.16159745115944D-03  -.23187339049748D-03  -.32083511901973D-04
  0.12639610536996D-03  0.38536774583318D-04  -.14794304313263D-03
  0.21173882895278D-03  -.38396453581325D-03  -.74001252775912D-04
  0.91893459896122D-04  0.12371054083485D-03  -.30026920024753D-04
  -.25748344897261D-03  0.12098685195433D-03  -.28451599456665D-04
  -.30296048391369D-03  0.75647036616140D-04  0.95082881049617D-04
  0.12687983441200D-05  0.34271078843335D-03  0.77823507598988D-04
  0.80718217190089D-04  -.79066782916185D-04  0.39566284976346D-04
  0.99116077702217D-04  0.13472790893732D-03  0.19565908441588D-03
  cycle =     18    SCF energy =     -689.3405719933   |dE/dxyz| =  0.000869
    0.36811690406124     -0.11280121533152      3.44086767454799      cl
    2.78174599076117      1.67348767647419     -1.75935202759612      o
   -0.30582613671366     -2.98038767361075     -1.78548443202647      o
   -2.77596909913064      1.98402460173817     -1.22958387080848      o
    2.29092521484682      0.00544920085836     -2.33143052675249      h
   -1.14367731960110      2.51398297413845     -1.86507255126444      h
    0.04158446942813     -2.65576933654565      0.00246658566978      h
   -2.31937946990381      1.49275586860127      0.49414692661422      h
   -1.59994406288036     -1.72354661283932     -2.09791476548476      h
    2.47336718097597      1.50764362401320      0.05647405709786      h
  0.88112899993414D-04  -.11677923191090D-03  -.10644287235357D-03
  -.14658006049865D-03  -.35998219551555D-03  0.65533125270014D-04
  0.70373057319494D-04  -.46832470922977D-04  -.16311288365841D-03
  0.27014204706094D-03  -.28636752904817D-03  -.85247888225343D-04
  0.96507299946198D-04  0.21826390438203D-03  -.74040535966658D-04
  -.29466233918669D-03  0.10906358982548D-03  0.24389545757803D-04
  -.24235015258214D-03  0.11780992092943D-03  0.82878377053244D-04
  -.56198350719278D-04  0.22050792434614D-03  -.71439077376877D-05
  0.88272389520231D-04  -.17813407452081D-04  0.11277628516794D-03
  0.11301298069496D-03  0.18469447435953D-03  0.97881810881107D-04
  cycle =     19    SCF energy =     -689.3405756454   |dE/dxyz| =  0.000550
    0.36143780155004     -0.11237039719870      3.44448914965145      cl
    2.78051328568801      1.67177409427638     -1.76149491899349      o
   -0.30218304171949     -2.97900626578242     -1.78484627311282      o
   -2.77519628640598      1.98870914259711     -1.22786547283014      o
    2.28863018090342      0.00477150622737     -2.33659041874819      h
   -1.14019376949179      2.51307649948040     -1.86236993193369      h
    0.04656462967914     -2.65423258933676      0.00274925180929      h
   -2.31963967879164      1.49152136006118      0.49448447479491      h
   -1.59731107070850     -1.72272044252037     -2.09665750830897      h
    2.46832162114055      1.50331619969222      0.05321871766874      h
  0.39179518833373D-04  -.96291577361404D-04  0.13123428844573D-04
  -.28795015799979D-04  -.18653469665971D-03  0.11316707793578D-03
  0.17390804630614D-03  -.15577011505779D-03  -.73243553840477D-04
  -.97426815933210D-05  -.19551552484791D-03  0.34203504629058D-04
  0.19029015158593D-04  0.12077892618667D-03  -.80198190678173D-04
  -.70705714461675D-04  0.59353875113681D-04  -.12464818006276D-04
  -.19377139799335D-03  0.13250204087430D-03  0.20748812427615D-04
  0.18260383827356D-04  0.15257347747467D-03  -.86768955432676D-04
  0.16045649784643D-04  0.89914036204506D-04  0.70126510094211D-04
  0.23147728175711D-04  0.10506851706304D-03  -.50111529944831D-04
  cycle =     20    SCF energy =     -689.3405767715   |dE/dxyz| =  0.000466
    0.35817726903691     -0.11120739119120      3.44596026030729      cl
    2.77949784847806      1.67125742913158     -1.76263664492875      o
   -0.30099713904632     -2.97868388855258     -1.78493569096931      o
   -2.77420210862370      1.99121782658584     -1.22746549769027      o
    2.28680889232839      0.00453809345988     -2.33858737980911      h
   -1.13745060817963      2.51294607532072     -1.86037735736475      h
    0.04985009243891     -2.65539111153971      0.00241841935670      h
   -2.32017377207394      1.49046846801544      0.49432058789025      h
   -1.59617430427859     -1.72191917170208     -2.09521500639848      h
    2.46560750176366      1.50161277796853      0.05163537960350      h
  0.11694285744815D-04  -.73247646355344D-04  0.65783609168455D-04
  0.46743389942037D-04  -.44500288274898D-04  0.10808371626763D-03
  0.16486133420979D-03  -.17331865082607D-03  -.32379961982466D-04
  -.13158306670920D-03  -.14406948604099D-03  0.59217616562623D-04
  -.37235118030327D-04  0.38772673041347D-04  -.59370018530468D-04
  0.41649321767218D-04  0.51220403743446D-04  -.16594993580905D-04
  -.11980021677603D-03  0.99553987120419D-04  0.67416149325516D-05
  0.44510956859448D-04  0.96343993867603D-04  -.10359227666101D-03
  -.87567659251909D-05  0.13054399124778D-03  0.35319203864028D-04
  -.25953847394851D-04  0.46931599409897D-04  -.11380553600358D-03
  cycle =     21    SCF energy =     -689.3405775209   |dE/dxyz| =  0.000246
    0.35746040018168     -0.10814248647630      3.44487488175633      cl
    2.77908628791024      1.67129130349160     -1.76249981385133      o
   -0.30213163808682     -2.97904904760744     -1.78577144653505      o
   -2.77333408260708      1.99254493417503     -1.22778069827091      o
    2.28662268117276      0.00446270111370     -2.33858849902601      h
   -1.13535001497572      2.51336525582843     -1.85831846339891      h
    0.05299007028783     -2.65783809063612      0.00094212945541      h
   -2.32131507433044      1.48870230891121      0.49377185221875      h
   -1.59716389558371     -1.72159227179037     -2.09327291965536      h
    2.46407893787503      1.50109450048669      0.05176004730416      h
  -.43914136575790D-05  -.31166780037409D-04  0.44543514430335D-04
  0.78031415270029D-04  0.46534584433337D-04  0.36129490000931D-04
  0.40533305084163D-04  -.60591509577203D-04  -.19142777682780D-04
  -.10428476705476D-03  -.64475458291007D-04  0.60998454876095D-06
  -.50496464181425D-04  -.20985974206376D-04  -.21304675577465D-04
  0.41230027665034D-04  0.44513129842052D-04  0.13840389268254D-04
  -.40847058825582D-05  0.33058099102806D-04  0.95523360592965D-05
  0.36688886083524D-04  0.13245037686035D-04  -.62326805422471D-04
  0.11808319383214D-04  0.68339953752127D-04  0.16981221876148D-04
  -.59703003265855D-04  0.12493341408084D-05  -.68577001349344D-04
  cycle =     22    SCF energy =     -689.3405776730   |dE/dxyz| =  0.000143
    0.35870452401999     -0.10626781745001      3.44367932721805      cl
    2.77865068285852      1.67196246142943     -1.76177835159783      o
   -0.30322139660464     -2.97968533538620     -1.78679266012963      o
   -2.77299488811848      1.99214211965998     -1.22729120764498      o
    2.28796269643098      0.00436367355760     -2.33694051902611      h
   -1.13518941726781      2.51228132293013     -1.85862736604930      h
    0.05248232682345     -2.65865522744216     -0.00024958469117      h
   -2.32062759407600      1.48929693598899      0.49457726880438      h
   -1.59871063687292     -1.72283371989483     -2.09422638242526      h
    2.46388737465069      1.50223469410351      0.05276654553893      h
  -.52392203009884D-05  -.11906085510054D-04  0.54417996148456D-05
  0.28030020256455D-04  0.36684137372061D-04  -.36939958541943D-04
  0.66155907248274D-05  0.12279043279324D-04  -.62016795505026D-05
  -.45643547879698D-04  -.75720699452355D-04  -.14282378506738D-04
  -.61905459155469D-05  -.19532613391357D-04  0.17922599632275D-04
  -.31794292290845D-05  0.34572723258102D-04  -.29870135749164D-05
  0.96234577108547D-05  0.79858039248537D-05  0.97739810587568D-05
  0.42119523731809D-04  0.34037382964203D-04  -.68857797599550D-05
  0.10559628986523D-04  0.75368970188785D-05  -.17658430316815D-04
  -.51860586737325D-04  0.39134066493907D-05  0.19363972808093D-05
  cycle =     23    SCF energy =     -689.3405777578   |dE/dxyz| =  0.000119
    0.35873841640480     -0.10544314143742      3.44311263285143      cl
    2.77891886652323      1.67213794930960     -1.76148440259356      o
   -0.30375191473364     -2.98012951252190     -1.78706678365201      o
   -2.77289378470250      1.99260158154705     -1.22743693380814      o
    2.28803909419363      0.00477592439292     -2.33702019187396      h
   -1.13475837636032      2.51221772443696     -1.85822930529792      h
    0.05316637122966     -2.65959162980686     -0.00073886076212      h
   -2.32119872006153      1.48907239316972      0.49442455734974      h
   -1.59924354221675     -1.72307696190224     -2.09349405051583      h
    2.46392726156720      1.50227478030861      0.05305040829944      h
  -.71404731983714D-05  -.92470570777235D-06  -.58825055667588D-05
  0.43704454957213D-04  0.24049624002270D-04  -.21362477477468D-04
  -.22416662584781D-04  0.24073708570065D-04  -.13921852040860D-04
  -.11852791497835D-04  -.37881938408001D-04  -.40705118323329D-04
  -.20687093122942D-04  -.15672197071318D-05  0.81783243022383D-05
  -.21437230014735D-04  0.25203050258095D-04  0.14111811672761D-04
  0.31519214590958D-04  -.68656908215318D-05  0.75396852349684D-05
  0.24623194655560D-04  0.38369240687267D-05  0.50301145228437D-05
  0.19134204916355D-04  -.18449680357861D-05  -.65374314768171D-05
  -.50802411839753D-04  0.20894793001993D-05  0.39977368912262D-05
  cycle =     24    SCF energy =     -689.3405777756   |dE/dxyz| =  0.000078
    0.35861767428397     -0.10505470611308      3.44296874717535      cl
    2.77885514203793      1.67237505745461     -1.76137139761875      o
   -0.30383961847053     -2.98051078318264     -1.78737095952256      o
   -2.77291385525928      1.99318614233916     -1.22702073991781      o
    2.28873509828577      0.00489352084012     -2.33703006025804      h
   -1.13454081747756      2.51146489873560     -1.85829671607289      h
    0.05320803015147     -2.65981132198867     -0.00114843565401      h
   -2.32131689944280      1.48958244524018      0.49483235139465      h
   -1.59972314517160     -1.72383762171582     -2.09361906784405      h
    2.46386206290642      1.50255147588697      0.05317334831517      h
  -.11078949958992D-04  0.48431699904341D-05  -.88128182412781D-05
  0.23754959519915D-04  0.27069702048021D-05  -.16860373098499D-04
  -.16705485532698D-06  0.16394654027928D-04  0.34322476258900D-05
  -.60202635889913D-05  -.25256999327648D-04  -.12182817291543D-04
  -.32664367382295D-05  0.11896564172258D-04  0.53993676204066D-05
  -.21497950571661D-04  0.90027261311669D-05  -.53578289314365D-05
  0.18053817252589D-04  -.33729763133187D-05  -.12410573484894D-04
  0.19143811103605D-04  0.75795474873499D-05  0.34299738103594D-05
  0.75777988505037D-05  -.66241121615285D-05  -.12739513099639D-04
  -.42087000730767D-04  0.13365990069870D-04  0.65699316620852D-05
$end
