$hessian (projected)
 1  1   0.0076156423  -0.0004123748   0.0020724760   0.0018021308  -0.0027364521
 1  2   0.0104489589   0.0046314365  -0.0008631631  -0.0021915626  -0.0013084698
 1  3   0.0042194185  -0.0119139218  -0.0017060189  -0.0008995015  -0.0007958055
 1  4  -0.0030914269   0.0002198985   0.0001763829  -0.0051024231   0.0002816826
 1  5   0.0001614213  -0.0001700523  -0.0030569526   0.0068470160  -0.0007785159
 1  6   0.0009275771   0.0015192735  -0.0018923027   0.0023198673  -0.0063242388
 2  1  -0.0004123748   0.0075423186  -0.0014401180  -0.0025199475   0.0028244071
 2  2   0.0071086645  -0.0016966691   0.0002643052  -0.0124270007   0.0038774577
 2  3   0.0023239026   0.0080283621  -0.0010720204  -0.0022737475   0.0007032185
 2  4   0.0000568856  -0.0004867747  -0.0014620992   0.0010843749  -0.0005188502
 2  5   0.0077701790  -0.0024533246  -0.0036045689  -0.0036493150   0.0007794415
 2  6  -0.0028672532   0.0001284673   0.0023561766  -0.0032037391  -0.0047603583
 3  1   0.0020724760  -0.0014401180   0.0295603131   0.0069218789   0.0046905985
 3  2  -0.0125465994  -0.0028134566  -0.0081077572  -0.0126955021  -0.0079396659
 3  3   0.0061012584  -0.0090034233  -0.0006764996   0.0006359681   0.0015577324
 3  4   0.0001691631  -0.0013219270   0.0011051404   0.0006853643   0.0041551669
 3  5   0.0010998113   0.0033781187  -0.0021712396  -0.0009537019   0.0014280310
 3  6  -0.0000545945   0.0010535320  -0.0032254099  -0.0024873556   0.0008226975
 4  1   0.0018021308  -0.0025199475   0.0069218789   0.0826354695   0.1427561974
 4  2  -0.0447884158  -0.0015885970  -0.0081722847   0.0006857392  -0.0132272610
 4  3   0.0009013816   0.0028782706  -0.0469940615  -0.1139340759  -0.0250441646
 4  4   0.0066035214  -0.0044205269   0.0012056752  -0.0008939849   0.0011405169
 4  5  -0.0011138717   0.0005040367   0.0008158839  -0.0034731921   0.0016886075
 4  6   0.0025242379   0.0003359458  -0.0305298616  -0.0190913827   0.0623921344
 5  1  -0.0027364521   0.0028244071   0.0046905985   0.1427561974   0.4656104598
 5  2   0.0856487292  -0.0094002592  -0.0073378857   0.0013985395   0.0026486968
 5  3   0.0046783468  -0.0007321158  -0.1205488653  -0.4098706565  -0.1013163597
 5  4  -0.0043186154  -0.0038547605  -0.0005706245   0.0012052103   0.0005442063
 5  5  -0.0029673450   0.0005505617  -0.0015663190   0.0010513042   0.0020457071
 5  6  -0.0020818887   0.0002964926  -0.0122021813  -0.0489459095   0.0125007810
 6  1   0.0104489589   0.0071086645  -0.0125465994  -0.0447884158   0.0856487292
 6  2   0.5287706801  -0.0008059430  -0.0008798776   0.0058614531   0.0004428795
 6  3  -0.0004576925   0.0055869726  -0.0413522147  -0.1495709042  -0.0877566742
 6  4   0.0022523056  -0.0009308942  -0.0057204636  -0.0011580016  -0.0020211891
 6  5  -0.0032171352  -0.0025362951   0.0009446516  -0.0025728654   0.0010057842
 6  6   0.0003595364  -0.0013894395   0.0764909419   0.0597989758  -0.4270159284
 7  1   0.0046314365  -0.0016966691  -0.0028134566  -0.0015885970  -0.0094002592
 7  2  -0.0008059430   0.2962148361  -0.2365465340   0.1374362698   0.0018963496
 7  3   0.0076025432   0.0017715612   0.0017157796   0.0062481459  -0.0025152513
 7  4  -0.0030048863   0.0004438541   0.0004665332  -0.0468741622  -0.0038480857
 7  5  -0.0947004332  -0.0016999245  -0.0005731964  -0.0022992514  -0.2504276125
 7  6   0.2367584217  -0.0388526630  -0.0008632192   0.0010117796   0.0023126342
 8  1  -0.0008631631   0.0002643052  -0.0081077572  -0.0081722847  -0.0073378857
 8  2  -0.0008798776  -0.2365465340   0.2968111831   0.0386942196   0.0058917498
 8  3  -0.0104778632  -0.0027369116   0.0067239436   0.0003779304  -0.0019167458
 8  4   0.0001355236   0.0026981273  -0.0003806992   0.0086651342  -0.0451962744
 8  5  -0.0554754827  -0.0005168422   0.0002227051   0.0026319988   0.2237826962
 8  6  -0.2379095679   0.0257146212   0.0008997766   0.0005473401   0.0024566344
 9  1  -0.0021915626  -0.0124270007  -0.0126955021   0.0006857392   0.0013985395
 9  2   0.0058614531   0.1374362698   0.0386942196   0.4834189056   0.0005606341
 9  3  -0.0006642859   0.0055241870  -0.0033075804  -0.0026036237  -0.0048946078
 9  4   0.0001251181  -0.0010747644  -0.0014792882  -0.0603464862  -0.0889453831
 9  5  -0.4141085613  -0.0016135347   0.0023818430  -0.0024249080  -0.0730209223
 9  6   0.0616829837  -0.0558507487   0.0016723250   0.0015574721  -0.0033509294
10  1  -0.0013084698   0.0038774577  -0.0079396659  -0.0132272610   0.0026486968
10  2   0.0004428795   0.0018963496   0.0058917498   0.0005606341   0.4866945252
10  3   0.0916991022  -0.0333985582   0.0006496208  -0.0022634999  -0.0009931892
10  4  -0.3995017956  -0.1100099285   0.1085543562  -0.0003840866  -0.0014912057
10  5   0.0003650107  -0.0711667834   0.0122295607  -0.0698403509  -0.0052350205
10  6  -0.0020525563  -0.0004372696   0.0015829213  -0.0005293769   0.0026861535
11  1   0.0042194185   0.0023239026   0.0061012584   0.0009013816   0.0046783468
11  2  -0.0004576925   0.0076025432  -0.0104778632  -0.0006642859   0.0916991022
11  3   0.0997790295  -0.1675250936  -0.0028082072  -0.0012965828   0.0003918175
11  4  -0.1261134286  -0.0516323108   0.0472096889  -0.0016344587   0.0002710868
11  5  -0.0028796904   0.0283496902  -0.0487739317   0.1133133237  -0.0019550942
11  6   0.0068314100   0.0036936082  -0.0002609471  -0.0017030872   0.0008170658
12  1  -0.0119139218   0.0080283621  -0.0090034233   0.0028782706  -0.0007321158
12  2   0.0055869726   0.0017715612  -0.0027369116   0.0055241870  -0.0333985582
12  3  -0.1675250936   0.4905512745  -0.0015304292   0.0008898934  -0.0010334568
12  4   0.1564247151   0.0563565270  -0.0941641097  -0.0000095138  -0.0021538185
12  5  -0.0036730100  -0.1155741654   0.1025604674  -0.3857422743  -0.0006623281
12  6   0.0049641533  -0.0045587050   0.0020143694   0.0003485363  -0.0034874550
13  1  -0.0017060189  -0.0010720204  -0.0006764996  -0.0469940615  -0.1205488653
13  2  -0.0413522147   0.0017157796   0.0067239436  -0.0033075804   0.0006496208
13  3  -0.0028082072  -0.0015304292   0.0462889134   0.1110567110   0.0371286394
13  4  -0.0002611866   0.0046181100   0.0012409074   0.0004781739  -0.0011017145
13  5   0.0034405523  -0.0001060859   0.0004756383   0.0012831288  -0.0051970237
13  6  -0.0019301991   0.0009177063   0.0051318889   0.0045866038   0.0028557895
14  1  -0.0008995015  -0.0022737475   0.0006359681  -0.1139340759  -0.4098706565
14  2  -0.1495709042   0.0062481459   0.0003779304  -0.0026036237  -0.0022634999
14  3  -0.0012965828   0.0008898934   0.1110567110   0.4133442092   0.1472292712
14  4   0.0039119775  -0.0018634892  -0.0010767639  -0.0013617923   0.0001569716
14  5   0.0044015833   0.0001684723   0.0006542026  -0.0005053851  -0.0013006491
14  6   0.0029351013  -0.0002655783  -0.0016257880  -0.0021639391   0.0008655390
15  1  -0.0007958055   0.0007032185   0.0015577324  -0.0250441646  -0.1013163597
15  2  -0.0877566742  -0.0025152513  -0.0019167458  -0.0048946078  -0.0009931892
15  3   0.0003918175  -0.0010334568   0.0371286394   0.1472292712   0.1121032245
15  4   0.0006712934  -0.0001137977   0.0013693395   0.0034175552   0.0032047287
15  5  -0.0011704362   0.0008147857  -0.0004750522   0.0001547449  -0.0002981915
15  6  -0.0001339704   0.0015128853  -0.0123856716  -0.0475731101  -0.0218427515
16  1  -0.0030914269   0.0000568856   0.0001691631   0.0066035214  -0.0043186154
16  2   0.0022523056  -0.0030048863   0.0001355236   0.0001251181  -0.3995017956
16  3  -0.1261134286   0.1564247151  -0.0002611866   0.0039119775   0.0006712934
16  4   0.3928848464   0.1255867710  -0.1497670598   0.0007175773   0.0003876297
16  5  -0.0001563759   0.0047392111   0.0010931578  -0.0043295534   0.0022314225
16  6  -0.0024552109  -0.0001743455  -0.0013172832   0.0017153095  -0.0052152606
17  1   0.0002198985  -0.0004867747  -0.0013219270  -0.0044205269  -0.0038547605
17  2  -0.0009308942   0.0004438541   0.0026981273  -0.0010747644  -0.1100099285
17  3  -0.0516323108   0.0563565270   0.0046181100  -0.0018634892  -0.0001137977
17  4   0.1255867710   0.0608537815  -0.0630080252   0.0000981580  -0.0005671208
17  5   0.0012196342  -0.0146733512  -0.0017784546   0.0069715490  -0.0029268913
17  6  -0.0044026147   0.0008068974   0.0010639063   0.0010336166   0.0010948008
18  1   0.0001763829  -0.0014620992   0.0011051404   0.0012056752  -0.0005706245
18  2  -0.0057204636   0.0004665332  -0.0003806992  -0.0014792882   0.1085543562
18  3   0.0472096889  -0.0941641097   0.0012409074  -0.0010767639   0.0013693395
18  4  -0.1497670598  -0.0630080252   0.1183815382   0.0000060451   0.0007230481
18  5   0.0005492603   0.0432618807   0.0172775861  -0.0217481774  -0.0008389295
18  6  -0.0002825638   0.0016839953  -0.0043057913   0.0015704525   0.0000227652
19  1  -0.0051024231   0.0010843749   0.0006853643  -0.0008939849   0.0012052103
19  2  -0.0011580016  -0.0468741622   0.0086651342  -0.0603464862  -0.0003840866
19  3  -0.0016344587  -0.0000095138   0.0004781739  -0.0013617923   0.0034175552
19  4   0.0007175773   0.0000981580   0.0000060451   0.0609178604  -0.0071878700
19  5   0.0943812840   0.0004680105   0.0017170146   0.0011397302  -0.0093026449
19  6  -0.0006824452  -0.0378379372  -0.0000243205  -0.0019033259  -0.0002780401
20  1   0.0002816826  -0.0005188502   0.0041551669   0.0011405169   0.0005442063
20  2  -0.0020211891  -0.0038480857  -0.0451962744  -0.0889453831  -0.0014912057
20  3   0.0002710868  -0.0021538185  -0.0011017145   0.0001569716   0.0032047287
20  4   0.0003876297  -0.0005671208   0.0007230481  -0.0071878700   0.0451499685
20  5   0.0509831947   0.0018410134  -0.0019870169   0.0005606163   0.0117885412
20  6   0.0042959286   0.0328931497  -0.0018105080  -0.0021488994   0.0006004863
21  1   0.0001614213   0.0077701790   0.0010998113  -0.0011138717  -0.0029673450
21  2  -0.0032171352  -0.0947004332  -0.0554754827  -0.4141085613   0.0003650107
21  3  -0.0028796904  -0.0036730100   0.0034405523   0.0044015833  -0.0011704362
21  4  -0.0001563759   0.0012196342   0.0005492603   0.0943812840   0.0509831947
21  5   0.4256904235   0.0014573448  -0.0005019233   0.0040900093  -0.0028282076
21  6  -0.0023444098  -0.0136567412  -0.0010067248  -0.0002057399   0.0043963794
22  1  -0.0001700523  -0.0024533246   0.0033781187   0.0005040367   0.0005505617
22  2  -0.0025362951  -0.0016999245  -0.0005168422  -0.0016135347  -0.0711667834
22  3   0.0283496902  -0.1155741654  -0.0001060859   0.0001684723   0.0008147857
22  4   0.0047392111  -0.0146733512   0.0432618807   0.0004680105   0.0018410134
22  5   0.0014573448   0.0686441206  -0.0125227366   0.0690598832   0.0018812481
22  6  -0.0006207620   0.0004377344  -0.0030937810  -0.0001227211   0.0013142478
23  1  -0.0030569526  -0.0036045689  -0.0021712396   0.0008158839  -0.0015663190
23  2   0.0009446516  -0.0005731964   0.0002227051   0.0023818430   0.0122295607
23  3  -0.0487739317   0.1025604674   0.0004756383   0.0006542026  -0.0004750522
23  4   0.0010931578  -0.0017784546   0.0172775861   0.0017170146  -0.0019870169
23  5  -0.0005019233  -0.0125227366   0.0557472736  -0.1140730395  -0.0001577662
23  6  -0.0003326205  -0.0046303531  -0.0000206034   0.0014187303  -0.0013129404
24  1   0.0068470160  -0.0036493150  -0.0009537019  -0.0034731921   0.0010513042
24  2  -0.0025728654  -0.0022992514   0.0026319988  -0.0024249080  -0.0698403509
24  3   0.1133133237  -0.3857422743   0.0012831288  -0.0005053851   0.0001547449
24  4  -0.0043295534   0.0069715490  -0.0217481774   0.0011397302   0.0005606163
24  5   0.0040900093   0.0690598832  -0.1140730395   0.4071173773   0.0014106053
24  6  -0.0051839826  -0.0019123487   0.0002019843  -0.0011170698   0.0039921442
25  1  -0.0007785159   0.0007794415   0.0014280310   0.0016886075   0.0020457071
25  2   0.0010057842  -0.2504276125   0.2237826962  -0.0730209223  -0.0052350205
25  3  -0.0019550942  -0.0006623281  -0.0051970237  -0.0013006491  -0.0002981915
25  4   0.0022314225  -0.0029268913  -0.0008389295  -0.0093026449   0.0117885412
25  5  -0.0028282076   0.0018812481  -0.0001577662   0.0014106053   0.2652972009
25  6  -0.2316936238   0.0748240186  -0.0001576616  -0.0003623613  -0.0010198601
26  1   0.0009275771  -0.0028672532  -0.0000545945   0.0025242379  -0.0020818887
26  2   0.0003595364   0.2367584217  -0.2379095679   0.0616829837  -0.0020525563
26  3   0.0068314100   0.0049641533  -0.0019301991   0.0029351013  -0.0001339704
26  4  -0.0024552109  -0.0044026147  -0.0002825638  -0.0006824452   0.0042959286
26  5  -0.0023444098  -0.0006207620  -0.0003326205  -0.0051839826  -0.2316936238
26  6   0.2331334774  -0.0582752007  -0.0007754394   0.0003980275  -0.0007319516
27  1   0.0015192735   0.0001284673   0.0010535320   0.0003359458   0.0002964926
27  2  -0.0013894395  -0.0388526630   0.0257146212  -0.0558507487  -0.0004372696
27  3   0.0036936082  -0.0045587050   0.0009177063  -0.0002655783   0.0015128853
27  4  -0.0001743455   0.0008068974   0.0016839953  -0.0378379372   0.0328931497
27  5  -0.0136567412   0.0004377344  -0.0046303531  -0.0019123487   0.0748240186
27  6  -0.0582752007   0.0726335929  -0.0007324632  -0.0003621043   0.0004839776
28  1  -0.0018923027   0.0023561766  -0.0032254099  -0.0305298616  -0.0122021813
28  2   0.0764909419  -0.0008632192   0.0008997766   0.0016723250   0.0015829213
28  3  -0.0002609471   0.0020143694   0.0051318889  -0.0016257880  -0.0123856716
28  4  -0.0013172832   0.0010639063  -0.0043057913  -0.0000243205  -0.0018105080
28  5  -0.0010067248  -0.0030937810  -0.0000206034   0.0002019843  -0.0001576616
28  6  -0.0007754394  -0.0007324632   0.0311636195   0.0123756075  -0.0587235598
29  1   0.0023198673  -0.0032037391  -0.0024873556  -0.0190913827  -0.0489459095
29  2   0.0597989758   0.0010117796   0.0005473401   0.0015574721  -0.0005293769
29  3  -0.0017030872   0.0003485363   0.0045866038  -0.0021639391  -0.0475731101
29  4   0.0017153095   0.0010336166   0.0015704525  -0.0019033259  -0.0021488994
29  5  -0.0002057399  -0.0001227211   0.0014187303  -0.0011170698  -0.0003623613
29  6   0.0003980275  -0.0003621043   0.0123756075   0.0547678597  -0.0115300571
30  1  -0.0063242388  -0.0047603583   0.0008226975   0.0623921344   0.0125007810
30  2  -0.4270159284   0.0023126342   0.0024566344  -0.0033509294   0.0026861535
30  3   0.0008170658  -0.0034874550   0.0028557895   0.0008655390  -0.0218427515
30  4  -0.0052152606   0.0010948008   0.0000227652  -0.0002780401   0.0006004863
30  5   0.0043963794   0.0013142478  -0.0013129404   0.0039921442  -0.0010198601
30  6  -0.0007319516   0.0004839776  -0.0587235598  -0.0115300571   0.4459791005
$end
