$hessapprox internal
  0.583340930683D+00  0.609229322280D-02  0.109762624323D-01  0.107447001744D-02
 -0.470009514893D-02  0.136511295192D+00 -0.258048911387D-02 -0.388085883982D-02
 -0.153673298982D-02  0.151239524702D+00 -0.136252994647D-01  0.121892826501D-02
  0.530047338290D-02 -0.282293182166D-02  0.608583329680D+00  0.706455569892D-03
 -0.575812770217D-03 -0.172605408426D-02  0.171348190727D-02  0.241732566239D-02
  0.126610638060D-01  0.227748388372D-02 -0.113043626824D-02 -0.880053800740D-02
  0.690547462482D-03 -0.160201763790D-02 -0.456216371351D-02  0.145659358168D+00
  0.138275947174D-02 -0.339499631001D-02  0.260803884725D-02  0.322054998128D-02
 -0.704767633657D-02  0.616422436183D-02  0.452686053656D-01  0.121808382881D+00
 -0.151430664430D-01 -0.244765120435D-02  0.397874847742D-02  0.620139450154D-02
  0.988413567680D-02  0.100575911126D-02  0.932323325612D-02 -0.105252944643D-01
  0.641549918312D+00  0.833396286608D-03 -0.987427457856D-03 -0.362304135050D-02
  0.627960493121D-02  0.345941544878D-02  0.180397297298D-03 -0.460679240675D-02
 -0.222421721017D-01  0.193056331815D-01  0.240836513020D-01 -0.813129395106D-02
 -0.271030376557D-02 -0.306458352258D-01 -0.210027984171D-01 -0.498032497263D-02
  0.186799249285D-02 -0.911445286806D-02 -0.114762140913D-01  0.302070184944D-02
 -0.724163862512D-02  0.140886422015D+00  0.406828923253D-02 -0.133512749711D-02
 -0.257313442346D-01 -0.118475939637D-01  0.421618703994D-02  0.136224606520D-02
  0.656611033670D-02 -0.149730071967D-01  0.863714003898D-02 -0.164262919994D-01
 -0.132359483158D-01  0.143026445786D+00 -0.281032606799D-02  0.440166199738D-03
 -0.833782873683D-03  0.103674257253D-01  0.694893555668D-03 -0.310326122010D-03
 -0.620767548455D-02  0.411891280564D-02 -0.645239423028D-03 -0.808790492009D-03
 -0.174701093958D-01  0.350616001108D-02  0.473644036073D-01  0.196743141547D-02
  0.359851388221D-03  0.247914406976D-02 -0.211588479346D-02 -0.285039128104D-02
  0.815044374002D-03  0.276249786777D-02 -0.111649637748D-01 -0.299856305637D-02
 -0.568062735274D-02 -0.359913627777D-02 -0.448576758223D-02  0.568863025422D-02
  0.931427703403D-01 -0.469340986912D-04  0.913159064876D-03  0.119953910208D-01
  0.893517513221D-02 -0.122476611325D-02  0.198847768013D-03 -0.751335099995D-03
 -0.859185808197D-03 -0.443747008033D-02 -0.226922267030D-02 -0.116692250745D-02
  0.334801326785D-02 -0.415492465060D-01  0.863526473935D-02  0.670547925777D-01
 -0.498659890511D-02 -0.175677722205D-03 -0.277005284008D-02  0.509530267738D-02
  0.830249190988D-04  0.147204654362D-02  0.205905079810D-02 -0.118311881737D-02
 -0.467718687263D-02  0.373955655919D-02 -0.111931561910D-01 -0.108916158698D-02
 -0.506389903270D-02  0.189839596470D-02  0.205056950280D-02  0.102335829927D+00
 -0.630909314098D-03 -0.155296508402D-02 -0.142059468749D-01 -0.632501940716D-02
  0.118395672677D-01 -0.107945765322D-02  0.960739187989D-02 -0.708751310191D-02
  0.211850882719D-01  0.126314149877D-01 -0.776744206578D-02 -0.625332373896D-03
 -0.511749536101D-02 -0.221919577399D-02 -0.193733453775D-01  0.181256628223D-01
  0.273327062319D+00  0.127375512520D-01 -0.167689145819D-03 -0.229301459359D-01
  0.127232779275D-01 -0.150808821589D-02 -0.292357591262D-02 -0.383257565957D-02
  0.202170979870D-02 -0.198622503882D-01 -0.418444851644D-02  0.129941353580D-01
  0.352447170539D-02  0.250441125292D-01 -0.345700921797D-02  0.250358965140D-01
 -0.919607658880D-02 -0.208626577158D-01  0.276335377868D+00 -0.731266782442D-02
  0.616832982071D-02  0.393256014082D-02  0.118459145344D-01 -0.578125542108D-02
  0.936582550960D-03  0.392735379233D-02  0.104225651992D-01  0.531460440904D-03
 -0.438438995296D-02  0.313264825285D-02 -0.198603825120D-01  0.260247179248D-01
 -0.114495912450D-01 -0.699505384011D-02  0.613470200107D-02  0.147155371620D+00
  0.150551933637D+00  0.269060320535D+00 -0.592250751063D-02 -0.651230134889D-03
 -0.126858342584D-01  0.875230895132D-02  0.194319691666D-02 -0.131646889370D-02
 -0.213839014884D-01 -0.874542170207D-02  0.233239183514D-01 -0.242711731661D-02
 -0.292911607533D-01  0.237069838766D-01  0.276626416910D-04  0.499921357349D-02
 -0.280920792978D-02 -0.106673055515D+00  0.899134500611D-01 -0.948613097008D-01
  0.193023035638D-02  0.282598767031D+00 -0.639441749127D-02  0.316430445934D-02
 -0.224986211943D-01  0.211685609530D-01 -0.994436023669D-02 -0.720574632864D-04
 -0.225720174323D-02  0.158623660870D-01 -0.216758777369D-01 -0.311836110763D-02
 -0.141789477682D-01  0.773361747015D-02 -0.504601913860D-04 -0.100975961007D-02
  0.266505968551D-01 -0.581887547604D-01 -0.102662755602D+00  0.978540211889D-01
 -0.215538190214D-01 -0.467549272270D-01  0.269428361825D+00  0.717992855636D-02
 -0.170914749403D-02  0.106691478385D-01 -0.187871854352D-01  0.284329936123D-02
 -0.657441978376D-05  0.927754886119D-02 -0.215521794552D-03  0.394680585896D-02
  0.404611756242D-03  0.335626390555D-01 -0.240858753612D-01  0.905674133813D-02
 -0.115549114765D-01 -0.105046394672D-01 -0.146803764415D+00 -0.335271380251D-01
  0.295670838336D-01 -0.168462347235D-02  0.145089385795D+00  0.971196475877D-01
  0.303846511728D+00 -0.972825504870D-02  0.466821551831D-02  0.380557562788D-02
  0.141100789837D-01 -0.117383620728D-01  0.245570240557D-02  0.119954755018D-01
  0.336903637775D-02 -0.121039050236D-01 -0.419597119057D-02 -0.474614721168D-03
 -0.709272968235D-02 -0.413827361844D-02 -0.414837580725D-02  0.340572624912D-01
 -0.129253058664D-02 -0.145740695396D+00  0.434955959312D-01 -0.297844900551D-01
 -0.217037494961D-01 -0.116801846510D-01  0.561151496661D-02  0.180819632329D+00
 -0.684181353564D-02  0.672446287332D-02  0.417536554659D-02  0.146868405134D-01
 -0.645937333759D-02  0.784169582737D-03 -0.370017959440D-02  0.155632399739D-01
  0.262519548739D-02 -0.908750084806D-02  0.100388689837D-01 -0.317172860442D-01
 -0.184612634101D-01  0.129200291405D-01 -0.133827664835D-01  0.811941856434D-02
  0.316053818226D-02 -0.121230245439D+00 -0.478264523270D-01  0.885022809276D-02
 -0.183384892709D-01 -0.199677163551D-01 -0.352918917860D-01  0.130309303256D+00
$end
