$vibrational normal modes
 1  1  -0.1020093713   0.0429248661   0.0093046398   0.1146627156  -0.3987953581
 1  2  -0.2279333657   0.1466232155  -0.0792331333   0.0157639501  -0.0562277694
 1  3   0.1198065727  -0.0253191830  -0.0048698963  -0.0022928313   0.0001860251
 1  4   0.0008791434   0.0041298115   0.0002670256   0.0066411810  -0.0003457288
 1  5  -0.0003251235   0.0005189754  -0.0011215094   0.0001836151  -0.0005284658
 1  6  -0.0003292338  -0.0000086492  -0.0000099195  -0.0000285071   0.0001827693
 2  1   0.4876792001   0.1009682883   0.0264957745  -0.1111417063  -0.0567691399
 2  2  -0.1205869117   0.0862234989   0.1430300960  -0.0217415841  -0.1158707410
 2  3  -0.0632720498   0.0164912970  -0.0030835091   0.0037956761  -0.0009204347
 2  4   0.0043505597  -0.0012648613  -0.0004958957   0.0001404927   0.0068510966
 2  5   0.0000841280  -0.0010786228  -0.0004928775  -0.0001304727   0.0003251055
 2  6  -0.0005333483  -0.0000070781  -0.0000097178   0.0001881909   0.0000252264
 3  1   0.0865743437   0.1259134114  -0.0678364424   0.0917902396  -0.0924417626
 3  2   0.2523912069  -0.0006423840   0.0225278775   0.2732046501  -0.0017513250
 3  3  -0.0064394711  -0.2615526044  -0.0001912945   0.0015541154   0.0073092954
 3  4   0.0009975362  -0.0002109902   0.0041454789  -0.0007026895   0.0007153190
 3  5  -0.0035067589  -0.0001390854   0.0000840128   0.0017657444   0.0000617177
 3  6  -0.0000077393   0.0001651081  -0.0001285426   0.0000111844  -0.0000147185
 4  1   0.0683564051  -0.1374368074   0.3108475829   0.1139778233  -0.1304298860
 4  2   0.1278384300  -0.0125887685   0.3243340171  -0.3086433208   0.2211690914
 4  3   0.1057632342  -0.2128315136  -0.0011144852   0.0066956319  -0.0142766479
 4  4   0.0104120670  -0.0175769900   0.0064467088   0.0425295006  -0.0191190010
 4  5  -0.0308150020  -0.0164454718   0.0034060313   0.0159585668   0.0038753765
 4  6   0.0070018951   0.0070140305   0.0079040979   0.0066369092   0.0103984159
 5  1  -0.0202446906  -0.0644397014  -0.1496953075  -0.4158171131  -0.2399516482
 5  2   0.0771820308   0.1720321817  -0.1805014764  -0.1118478672   0.2640490296
 5  3  -0.1736759966  -0.1200488171  -0.0002905450   0.0097306207  -0.0032709272
 5  4  -0.0034033169  -0.0096219339  -0.0203467821  -0.0013409951   0.0108014897
 5  5   0.0038471159  -0.0444388478   0.0045458851   0.0309894573   0.0034922590
 5  6   0.0011090336   0.0078761018   0.0291401650   0.0246061577   0.0381546541
 6  1  -0.0077033022  -0.0144606434   0.0122029121  -0.0126022963  -0.0302189010
 6  2   0.4853892051   0.3634686923  -0.0567906932  -0.1926362258  -0.2103696247
 6  3   0.1401438225   0.1763604588   0.0072445447  -0.0143271642   0.0194172305
 6  4   0.0180054404  -0.0157594564  -0.0071199082  -0.0048782991   0.0019496371
 6  5  -0.0075237010   0.0286435827  -0.0051053943  -0.0215406442  -0.0160376417
 6  6  -0.0455287114  -0.0324842414   0.0188993221   0.0136905147   0.0142653329
 7  1  -0.1672974284   0.1599211058   0.2667481140  -0.3156840551  -0.2422307256
 7  2   0.1385826227  -0.3781380190  -0.0365807081   0.0254128547  -0.2007461804
 7  3   0.0297093095   0.0392279727  -0.0034663348   0.0006473204   0.0067425711
 7  4   0.0061108765  -0.0034311564  -0.0205919360   0.0285290824   0.0082973715
 7  5   0.0166582782   0.0113413491  -0.0214292557   0.0149824176  -0.0086182270
 7  6   0.0074583700  -0.0027835184   0.0279837694  -0.0340823896   0.0009827564
 8  1   0.1342134219  -0.2632664493  -0.1203001421  -0.1321192837  -0.1657589977
 8  2   0.0722239036  -0.1066950479   0.1991855729   0.3117441168   0.1313179233
 8  3   0.2881246653   0.2475454615   0.0086227041   0.0094829275   0.0158568474
 8  4  -0.0105342052  -0.0168370529   0.0030570497   0.0267620307   0.0258489695
 8  5   0.0252337595  -0.0135451353   0.0325440865  -0.0292767541  -0.0022840616
 8  6   0.0074599230  -0.0091108940  -0.0245574035   0.0313085942  -0.0002916743
 9  1   0.2891820026   0.3113435791  -0.0197504633   0.1578552543  -0.0523585560
 9  2   0.0999410302  -0.1724263079  -0.2827855185  -0.1657227174   0.2748914263
 9  3   0.1203753940   0.1834634836   0.0092787418   0.0166493346   0.0151347869
 9  4   0.0085819285   0.0235097646  -0.0040880660   0.0003420603   0.0008091056
 9  5  -0.0103454872  -0.0127505781   0.0321977950  -0.0260205135  -0.0292897766
 9  6   0.0376571618  -0.0318591288   0.0152533008  -0.0104975822   0.0034449850
10  1   0.0763965098  -0.1511174955   0.2848092012   0.1604339600  -0.1457705261
10  2   0.0903402507   0.0821148903  -0.1203667027   0.2483673462   0.0848897247
10  3  -0.3455553014   0.2222837124  -0.0151914411   0.0032011324   0.0098683501
10  4   0.0148133044  -0.0059261422   0.0144693782   0.0103224687  -0.0149556437
10  5   0.0117519931  -0.0291136980  -0.0399486779  -0.0363250653   0.0109110311
10  6  -0.0013785210  -0.0122643851  -0.0272516961  -0.0231380354   0.0375307985
11  1   0.3009267331  -0.3867162131  -0.0797240306   0.1041862288  -0.0924439874
11  2   0.0466816515  -0.2441744507  -0.3201819355  -0.1537605877  -0.1940851195
11  3   0.0061945798  -0.1585320364   0.0051924795   0.0015324710  -0.0127876861
11  4  -0.0130191462  -0.0066410126   0.0110322386   0.0008073924   0.0436813131
11  5  -0.0277495944  -0.0002730235  -0.0034017314   0.0019130900  -0.0143084191
11  6  -0.0028848759   0.0069710829  -0.0111185098  -0.0076100885   0.0136731816
12  1  -0.1169823495   0.0368816467  -0.3003161861   0.1578596503  -0.2781460677
12  2   0.1141298211  -0.1899782907   0.2912098841  -0.2153591537  -0.0622413879
12  3  -0.2513062793   0.1386300900  -0.0131216338  -0.0005222368   0.0208978963
12  4  -0.0238917359  -0.0036640995  -0.0060428342  -0.0005687912   0.0034137999
12  5  -0.0134812067  -0.0164045658  -0.0201633154  -0.0184887961   0.0468041560
12  6   0.0084779037  -0.0279498920   0.0197857164   0.0080281832  -0.0191313208
13  1  -0.0073689257  -0.0381253886   0.3259543217  -0.0578897959  -0.1459945823
13  2   0.1707612552   0.2236117598   0.0382538425  -0.3648831817   0.1040676031
13  3  -0.0489833512  -0.2506432762   0.1917917480   0.2871324072   0.2289193323
13  4  -0.6120754585   0.1603626722   0.1966539448  -0.2181749733   0.1377517543
13  5   0.4695802906   0.1087727244  -0.0086297775  -0.0939189203  -0.0116728490
13  6   0.0018219888  -0.0220889410  -0.1345877694  -0.1149954645  -0.1725150160
14  1  -0.0379884773  -0.1311818493  -0.1617684232  -0.3797095478  -0.2418268854
14  2   0.0975946591   0.2019048609  -0.0959372451  -0.1605733396   0.2592185484
14  3  -0.1574071752  -0.1411290311   0.0850324452   0.0507711871   0.0486998415
14  4   0.2711376727  -0.0921699398  -0.1172334885   0.0899002865  -0.0249889074
14  5  -0.1779977793   0.1627381656  -0.0207307269  -0.1168921382  -0.0461038076
14  6   0.0105892818  -0.1033463783  -0.4865817327  -0.4082859053  -0.6245419154
15  1   0.1081627880   0.0944189265   0.0343306685   0.0290413771  -0.0115379913
15  2   0.3897072987   0.1087035944  -0.0632813479  -0.0398394477  -0.1054455810
15  3   0.2106739858   0.2450458408  -0.3789895864  -0.3505290827  -0.3110701487
15  4  -0.2548228019   0.0779708533   0.1228753926  -0.0631364828  -0.0241925146
15  5   0.0980994460  -0.5234833105   0.0610990657   0.3684223955  -0.0324719699
15  6  -0.0233657045  -0.0649708854  -0.1942252241  -0.1596418545  -0.2477556840
16  1   0.1123784828  -0.1923115578   0.3243379187   0.1881788446  -0.1058918689
16  2   0.1329119803   0.1192869175  -0.2824277469   0.3289190956  -0.0039634037
16  3  -0.3151264839   0.2689497505  -0.0774695368   0.2605686589  -0.1864243686
16  4  -0.0493940722  -0.0960502160   0.0001637042   0.0284021113   0.0425977091
16  5  -0.0685445210   0.1399809686   0.1959612498   0.1774946007  -0.0159925268
16  6   0.0433648156   0.0930177555   0.4668358396   0.3732957056  -0.6242098071
17  1   0.1710897780  -0.3207333404  -0.1142526699  -0.0567205008  -0.1473038359
17  2   0.0732547007  -0.1325649843  -0.0050075594  -0.2072917622  -0.0082717757
17  3  -0.0245394265  -0.1941477534   0.1122271113  -0.2578182489   0.0913965430
17  4   0.4793319504   0.4931999698   0.2529918599   0.0158239027  -0.2129145952
17  5   0.4693309360  -0.0582865600  -0.0898646632  -0.0872423879  -0.0123617853
17  6   0.0163086139   0.0435592704   0.1612792326   0.1303827491  -0.2131721986
18  1  -0.1300416620  -0.0159463640  -0.2260198488   0.0979425656  -0.2196121416
18  2   0.2464261481  -0.0168682708   0.1574134664  -0.0832319872  -0.1257097674
18  3  -0.1996897933   0.2075354658  -0.0831402051   0.4258006616  -0.3778073107
18  4   0.2249144173   0.1828371076   0.1669227033   0.0624057103  -0.0690819862
18  5   0.1905807929   0.2931125224   0.4046091273   0.3434275133   0.0399524011
18  6  -0.0176721213  -0.0636519024  -0.2063690016  -0.1654371396   0.2722450011
19  1  -0.1785606288   0.1622885202   0.1723592477  -0.2296866610  -0.3117523009
19  2   0.0146889201  -0.2365239254   0.0211612163  -0.0168023538  -0.1131859980
19  3  -0.0606647157   0.0298557349   0.3371502450  -0.0717242855  -0.1529198176
19  4   0.0879754282  -0.2733536564   0.4463345504  -0.4748042303  -0.1502066436
19  5  -0.1880663214  -0.2002626100   0.3754793707  -0.2556284755   0.1089165366
19  6  -0.1512317829   0.1309985684  -0.0080585533  -0.0167598903  -0.0120440091
20  1   0.2482835107  -0.1305082465  -0.0714495439  -0.1370155817  -0.1317148316
20  2   0.0066305062  -0.2234995136  -0.0496582063   0.0304007125   0.2029614416
20  3   0.3597786445   0.1603920683  -0.3690524859   0.2197182913   0.3664979104
20  4   0.1080002848  -0.0615609799   0.2439007332  -0.4433654983  -0.2993656440
20  5  -0.1713663190   0.1450685057  -0.3719634378   0.3349081542   0.0572397435
20  6  -0.0751856594   0.0658921365  -0.0302702204   0.0184068359  -0.0072699986
21  1   0.2709676023   0.2870502195  -0.0096393405   0.1415358465  -0.0445638207
21  2   0.1364865082  -0.1964930290  -0.2613602723  -0.1115899729   0.2499422284
21  3   0.1373236912   0.2048180103  -0.0072409013  -0.0018439893  -0.0076069688
21  4  -0.0260347690   0.0833304398  -0.1399900693   0.1768507751   0.0828572632
21  5   0.0606524704   0.0239909308  -0.0339925292   0.0083061553   0.4676398491
21  6  -0.6253983760   0.5493982722  -0.1109963471   0.0034478218  -0.0533382076
22  1   0.0243189148  -0.0968526677   0.1858683381   0.1684530006  -0.2325094972
22  2  -0.0275324296  -0.0546720996   0.1236802227   0.0534091318   0.1772817842
22  3  -0.4092462872   0.1536761735   0.0666710066  -0.4929516908   0.4403285357
22  4  -0.0214942168   0.0078618843  -0.0439456017  -0.0813027304   0.1808087341
22  5  -0.0466116098   0.3274058372   0.4573760504   0.3979298237  -0.1462706560
22  6  -0.0241693459   0.0951508318  -0.0417168286  -0.0060129599   0.0289454202
23  1   0.4054744426  -0.2519050374  -0.0336762777   0.0896255663  -0.0622165339
23  2  -0.0163456758  -0.1460580717  -0.2684373298   0.0117606493  -0.1061305870
23  3   0.0716649306  -0.1073151800   0.1103698084  -0.0970956629  -0.0030825598
23  4  -0.1634111878  -0.2290727875  -0.4380180310  -0.0493196630  -0.7275604855
23  5   0.2644812071   0.0743229508   0.1608227176   0.0550250692   0.2280444192
23  6   0.0317066867  -0.1483407658   0.0251713785  -0.0143379142  -0.0039163347
24  1  -0.0727598125   0.0620944087  -0.2609258765   0.1514999489  -0.2465797729
24  2   0.1265776161  -0.1281616873   0.2624041813  -0.1200888081  -0.0530572542
24  3  -0.2265123419   0.1755871795   0.0005229298   0.0847714689  -0.0800284128
24  4  -0.0564854391  -0.0677696869  -0.1223769131   0.0061470005  -0.2618052636
24  5   0.0815235326  -0.0462102013  -0.0503945875  -0.0712078571  -0.7753179417
24  6  -0.1161627253   0.5065658059  -0.1049054596   0.0376756560   0.0295363071
25  1  -0.0988298255   0.0756031587   0.2957450347  -0.2095324002  -0.1984923187
25  2   0.1572793248  -0.1341399883  -0.0289146384   0.0416147183  -0.1483856767
25  3  -0.0912024173   0.0511673504   0.1687411166   0.0097040749  -0.0963374731
25  4  -0.1322615870   0.4968765104  -0.1706559724  -0.1476431374  -0.1247813740
25  5  -0.3590795661   0.0093499928  -0.0126426930   0.0175389081   0.0260392220
25  6   0.0374833143  -0.0886980608  -0.4401005158   0.5551777090  -0.0066287715
26  1   0.1773078566  -0.3649857478  -0.1165880913  -0.0175020741  -0.1416271010
26  2   0.0810842450   0.1749981658   0.2771208452   0.3849056828   0.1856440677
26  3   0.1320366077   0.2898137725   0.3131698723  -0.0383156120  -0.1838383800
26  4  -0.1553553619   0.4205055486  -0.1173471016  -0.1540991623  -0.0908815821
26  5  -0.3224721869   0.0693042062  -0.1482797747   0.1352985241  -0.0241498319
26  6  -0.0294887760   0.0700523649   0.4090422462  -0.5165921148   0.0092050961
27  1   0.1762045780   0.2506014658  -0.1273319165   0.1791001338  -0.1384900478
27  2   0.0571438173  -0.0927494194  -0.0504560469  -0.0045363860   0.2628952856
27  3   0.0204482083   0.2586655140   0.4709306909  -0.1913758357  -0.3163962221
27  4   0.0101130789  -0.3226104202   0.1560973601   0.0228815809   0.1051375416
27  5   0.1637644848   0.2150090891  -0.4858991986   0.3844564295  -0.0075745278
27  6   0.0360080438  -0.0461237735  -0.1299549374   0.1616275014  -0.0004430307
28  1   0.0317965616  -0.1033558110   0.2101137736   0.1557122904  -0.2130733026
28  2   0.0029262188  -0.1761295545   0.2581785556  -0.0433391096   0.2902504789
28  3   0.0459268987  -0.1351575254  -0.2017543229  -0.0794492853  -0.2771608805
28  4   0.1989311694  -0.0134286255  -0.4430878430  -0.6318178632   0.3351499284
28  5   0.2423272262   0.1396351438  -0.0479159117  -0.1644132302  -0.0403390420
28  6  -0.1033340819  -0.0805551325   0.0208957027   0.0132043063   0.0036492147
29  1   0.1300021184   0.0270946184  -0.0934410211  -0.3583652396  -0.1889269258
29  2   0.0092434723  -0.0688258545  -0.1031884637  -0.0267987230   0.3471370664
29  3  -0.0710437937  -0.0950354293  -0.3579666339  -0.3400633743  -0.2840965964
29  4  -0.2648438633   0.0389794932   0.2924725374   0.1197975997  -0.1603578020
29  5  -0.0860661474   0.5694980137  -0.0473781289  -0.3740599764  -0.0061651512
29  6  -0.0253936670  -0.0186192022   0.0254421322   0.0170724141   0.0207800927
30  1   0.0000000000   0.0000000000   0.0000000000   0.0000000000  -0.0397749820
30  2   0.4573901920   0.3312729298  -0.0693721227  -0.1434854479  -0.2032228903
30  3   0.1380136989   0.1959448815  -0.0493486581  -0.0500557683  -0.0443289510
30  4   0.0244420041  -0.0111971588  -0.0555158136  -0.0994015206   0.0439491678
30  5   0.0263428244   0.0505929311  -0.0083614620  -0.0471067353   0.2821613131
30  6   0.7372385015   0.5779362720  -0.1051853324  -0.0561769415   0.0228287300
$end
