$coord
   -0.00339484847964      0.12298228448733      0.18749405754762      ti
    0.84908385369651     -2.86083991036340      1.64834249820476      o
   -2.47150889193975     -0.75073051435360     -1.91121764426430      o
   -2.33650326652675     -1.17065260546574     -3.71936694560985      h
   -1.03000274311576      2.77668368584156      1.85999881707465      o
   -2.21871361310217      2.62136048093822      3.22208979208196      h
    2.51346373571519      0.51221238861222     -2.13776613889700      o
    4.24389804984583      0.81467439453736     -2.14037981911139      h
    2.67840772533366     -2.98787939526323      2.30926400866040      h
$redundant
     number_of_atoms             9
     degrees_of_freedom         21
     internal_coordinates       21
     frozen_coordinates          0
# definitions of redundant internals
   1 k  1.0000000000000 tors    4    3    1    2 val= 135.91239
        1.0000000000000 tors    4    3    1    5
        1.0000000000000 tors    4    3    1    7
   2 k  1.0000000000000 stre    3    4           val=   1.86117
   3 k  1.0000000000000 bend    1    4    3      val= 127.80848
   4 k  1.0000000000000 tors    6    5    1    2 val=  73.53771
        1.0000000000000 tors    6    5    1    3
        1.0000000000000 tors    6    5    1    7
   5 k  1.0000000000000 stre    5    6           val=   1.81451
   6 k  1.0000000000000 bend    1    6    5      val= 121.02011
   7 k  1.0000000000000 tors    8    7    1    2 val=  63.46693
        1.0000000000000 tors    8    7    1    3
        1.0000000000000 tors    8    7    1    5
   8 k  1.0000000000000 stre    7    8           val=   1.75667
   9 k  1.0000000000000 bend    1    8    7      val= 137.67645
  10 k  1.0000000000000 tors    9    2    1    3 val=  40.61002
        1.0000000000000 tors    9    2    1    5
        1.0000000000000 tors    9    2    1    7
  11 k  1.0000000000000 stre    2    9           val=   1.94920
  12 k  1.0000000000000 bend    1    9    2      val= 115.74568
  13 k  1.0000000000000 stre    1    5           val=   3.30050
  14 k  1.0000000000000 stre    1    3           val=   3.35553
  15 k  1.0000000000000 stre    1    2           val=   3.42987
  16 k  1.0000000000000 stre    1    7           val=   3.44861
  17 k -0.3985210199593 bend    3    5    1      val=   3.10432
       -0.2668713721324 bend    2    5    1
        0.4830108499508 bend    2    3    1
       -0.4180110898797 bend    7    5    1
        0.3168024340322 bend    7    3    1
        0.5114334098840 bend    7    2    1
  18 k  0.1062377117720 bend    3    5    1      val=   4.41245
       -0.7062489625893 bend    2    5    1
       -0.2040393696601 bend    2    3    1
        0.4937165107407 bend    7    5    1
        0.4511951813212 bend    7    3    1
        0.0309968134208 bend    7    2    1
  19 k  0.6816761497623 bend    3    5    1      val=   6.94618
       -0.1994545946515 bend    2    5    1
        0.3704227744144 bend    2    3    1
       -0.4227281822893 bend    7    5    1
        0.1836114889877 bend    7    3    1
       -0.3819818905692 bend    7    2    1
  20 k -0.4541141424373 bend    3    5    1      val=   6.92267
        0.1839024970628 bend    2    5    1
        0.4120122492261 bend    2    3    1
        0.2646165079142 bend    7    5    1
        0.3354149555231 bend    7    3    1
       -0.6384990485904 bend    7    2    1
  21 k -0.0226091898973 bend    3    5    1      val=   2.26248
        0.3383456453763 bend    2    5    1
       -0.5484305859054 bend    2    3    1
       -0.3541455413327 bend    7    5    1
        0.6766176783551 bend    7    3    1
       -0.0316921776168 bend    7    2    1
        21 non zero eigenvalues  of BmBt
           1           7.106118046    1    0
         1
           2           4.440496084    2    0
         2
           3           3.900188829    3    0
         3
           4           3.419249750    4    0
         4
           5           2.886580645    5    0
         5
           6           2.681979790    6    0
         6
           7           2.569865337    7    0
         7
           8           2.186471191    8    0
         8
           9           2.041206515    9    0
         9
          10           1.878829337   10    0
        10
          11           1.741905725   11    0
        11
          12           1.336077767   12    0
        12
          13           0.875413932   13    0
        13
          14           0.755622815   14    0
        14
          15           0.496085892   15    0
        15
          16           0.297888242   16    0
        16
          17           0.153997059   17    0
        17
          18           0.123084299   18    0
        18
          19           0.099878692   19    0
        19
          20           0.079870710   20    0
        20
          21           0.065927066   21    0
        21
$user-defined bonds
$end
