$coord
   -0.01084139276737      0.07835777068735      0.01948505882135      ti
    1.07013996983549     -2.51338725864670      1.79283996671776      o
   -2.60801466041814     -1.05190802740640     -1.88061132416373      o
   -4.08444389304092     -0.57125448475342     -3.07810904272283      h
   -1.11280759715810      2.60820330875782      1.88094901458140      o
   -1.70915206339247      2.40782676517514      3.53168582981110      h
    2.69999209876238      0.86510216035846     -1.83090869227964      o
    3.66343514151635     -0.41452305593586     -1.39810320428393      h
    1.86266805530891     -3.68556434777865      0.61747264192827      h
$redundant
     number_of_atoms             9
     degrees_of_freedom         21
     internal_coordinates       21
     frozen_coordinates          0
# definitions of redundant internals
   1 k  1.0000000000000 tors    4    3    1    2 val=  98.99881
        1.0000000000000 tors    4    3    1    5
        1.0000000000000 tors    4    3    1    7
        1.0000000000000 tors    4    3    1    8
   2 k  1.0000000000000 stre    3    4           val=   1.96083
   3 k  1.0000000000000 bend    1    4    3      val= 146.34028
   4 k  1.0000000000000 tors    6    5    1    2 val= 133.05880
        1.0000000000000 tors    6    5    1    3
        1.0000000000000 tors    6    5    1    7
        1.0000000000000 tors    6    5    1    8
   5 k  1.0000000000000 stre    5    6           val=   1.76655
   6 k  1.0000000000000 bend    1    6    5      val= 123.23815
   7 k  1.0000000000000 tors    9    2    1    3 val=  40.54146
        1.0000000000000 tors    9    2    1    5
        1.0000000000000 tors    9    2    1    7
        1.0000000000000 tors    9    2    1    8
   8 k  1.0000000000000 stre    2    9           val=   1.83945
   9 k  1.0000000000000 bend    1    9    2      val= 107.23736
  10 k  1.0000000000000 stre    1    2           val=   3.32121
  11 k  1.0000000000000 stre    1    5           val=   3.32859
  12 k  1.0000000000000 stre    1    3           val=   3.41074
  13 k -0.3407882961299 bend    5    2    1      val=   2.53982
        0.3637779788958 bend    3    2    1
       -0.0306292791201 bend    3    5    1
        0.0764030687633 bend    7    2    1
       -0.4196608754135 bend    7    5    1
        0.4058380868421 bend    7    3    1
        0.0739992895315 bend    8    2    1
       -0.4369863439873 bend    8    5    1
        0.4555223099570 bend    8    3    1
  14 k -0.2151612996645 bend    5    2    1      val=  37.05264
       -0.2039958907146 bend    3    2    1
       -0.5109345648871 bend    3    5    1
        0.4488832388762 bend    7    2    1
        0.2854412720100 bend    7    5    1
        0.2197272947805 bend    7    3    1
        0.3360698702735 bend    8    2    1
        0.3719450586077 bend    8    5    1
        0.2617214393038 bend    8    3    1
  15 k  0.4435343043764 bend    5    2    1      val=  -1.59305
        0.3074868824937 bend    3    2    1
       -0.2951744146214 bend    3    5    1
        0.4138140182028 bend    7    2    1
       -0.3808955888620 bend    7    5    1
       -0.4138852098314 bend    7    3    1
        0.3118954038639 bend    8    2    1
       -0.1190791743036 bend    8    5    1
       -0.1500604944393 bend    8    3    1
  16 k  0.3979981578650 bend    5    2    1      val=  12.01688
        0.3539951725629 bend    3    2    1
       -0.5397996777035 bend    3    5    1
       -0.4124049105320 bend    7    2    1
        0.1049268792762 bend    7    5    1
        0.1538651474391 bend    7    3    1
       -0.3664990533626 bend    8    2    1
        0.1750012694689 bend    8    5    1
        0.2349303042097 bend    8    3    1
  17 k  0.5354478782631 bend    5    2    1      val=   1.78357
       -0.6476896493352 bend    3    2    1
        0.0201459618383 bend    3    5    1
        0.0294400733813 bend    7    2    1
       -0.3238286414675 bend    7    5    1
        0.3855593436400 bend    7    3    1
       -0.0058207929353 bend    8    2    1
       -0.1311496668670 bend    8    5    1
        0.1475330364903 bend    8    3    1
  18 k  0.1323318847205 bend    5    2    1      val=  -0.49333
       -0.1544299507814 bend    3    2    1
       -0.0153550648701 bend    3    5    1
       -0.0820696907887 bend    7    2    1
        0.4788578773239 bend    7    5    1
       -0.4056989683433 bend    7    3    1
        0.1404710530288 bend    8    2    1
       -0.5367349333093 bend    8    5    1
        0.4999554234740 bend    8    3    1
  19 k  1.0000000000000 stre    1    7           val=   3.37514
  20 k  1.0000000000000 stre    7    8           val=   1.65921
  21 k  1.0000000000000 stre    8    1           val=   3.96898
        21 non zero eigenvalues  of BmBt
           1          12.093702271    1    0
         1
           2           5.570940008    2    0
         2
           3           3.673379068    3    0
         3
           4           3.433007172    4    0
         4
           5           2.934759620    5    0
         5
           6           2.834257918    6    0
         6
           7           2.281252658    7    0
         7
           8           2.170383398    8    0
         8
           9           2.080414270    9    0
         9
          10           1.911024134   10    0
        10
          11           1.246945026   11    0
        11
          12           0.941799790   12    0
        12
          13           0.805769999   13    0
        13
          14           0.586252176   14    0
        14
          15           0.372616325   15    0
        15
          16           0.246484945   16    0
        16
          17           0.172282569   17    0
        17
          18           0.170298477   18    0
        18
          19           0.119050296   19    0
        19
          20           0.110611492   20    0
        20
          21           0.083149840   21    0
        21
$user-defined bonds
$end
