$coord
    0.12501086416727      0.07908216427541      0.01965180755078      ti
    0.67224810360583     -2.19779684097007      2.41014683585989      o
   -2.34381893046204     -1.41639585915513     -2.25685299962861      o
   -3.97986451920152     -2.56527092881476     -3.11222155016546      h
   -0.95269430453919      2.70602990246059      1.51214162665766      o
   -2.64777757055163      2.43488175795389      2.02453095583984      h
    2.51667417995589      0.89913710375750     -1.56589757800575      o
    1.98062674615099      0.45522036850097     -3.38887025861442      h
    0.41411798148141     -3.93964508517759      1.96273406507685      h
$redundant
     number_of_atoms             9
     degrees_of_freedom         21
     internal_coordinates       21
     frozen_coordinates          0
# definitions of redundant internals
   1 k  1.0000000000000 stre    6    5           val=   1.83383
   2 k  1.0000000000000 linc    6    1    5    3 val=   6.39588
   3 k  1.0000000000000 linp    6    1    5    3 val=  13.60686
   4 k  1.0000000000000 tors    4    3    1    2 val=  63.89055
        1.0000000000000 tors    4    3    1    7
   5 k  1.0000000000000 stre    3    4           val=   1.83071
   6 k  1.0000000000000 bend    1    4    3      val= 147.72562
   7 k  1.0000000000000 stre    1    5           val=   3.29536
   8 k  0.6796773872561 bend    3    5    1      val=  -3.54002
       -0.7287596995740 bend    2    5    1
        0.0833543611908 bend    7    5    1
   9 k -0.4463159007525 bend    3    5    1      val=   7.70359
       -0.3207004876398 bend    2    5    1
        0.8354360023144 bend    7    5    1
  10 k  1.0000000000000 tors    8    7    1    2 val=  70.27127
        1.0000000000000 tors    8    7    1    3
  11 k  1.0000000000000 stre    7    8           val=   1.79604
  12 k  1.0000000000000 bend    1    8    7      val= 113.26607
  13 k  1.0000000000000 tors    9    2    1    3 val=  44.36244
        1.0000000000000 tors    9    2    1    7
  14 k  1.0000000000000 stre    2    9           val=   1.93695
  15 k  1.0000000000000 bend    1    9    2      val= 104.25117
  16 k  1.0000000000000 stre    1    3           val=   3.17642
  17 k  1.0000000000000 stre    1    2           val=   3.39535
  18 k  1.0000000000000 stre    1    7           val=   3.60164
  19 k  0.8370672176249 bend    2    3    1      val=  14.86371
       -0.5160282940609 bend    7    3    1
       -0.1817505788334 bend    7    2    1
  20 k  0.2378360931164 bend    2    3    1      val=  12.87535
        0.6423985268566 bend    7    3    1
       -0.7285314855952 bend    7    2    1
  21 k  0.4926991637793 bend    2    3    1      val= 110.45673
        0.5666029760079 bend    7    3    1
        0.6604609008792 bend    7    2    1
        21 non zero eigenvalues  of BmBt
           1           8.608589863    1    0
         1
           2           3.585298366    2    0
         2
           3           3.153008991    3    0
         3
           4           2.835910552    4    0
         4
           5           2.312585831    5    0
         5
           6           2.192734641    6    0
         6
           7           2.014210168    7    0
         7
           8           1.917071127    8    0
         8
           9           1.530602370    9    0
         9
          10           1.317684220   10    0
        10
          11           1.132219731   11    0
        11
          12           1.042254696   12    0
        12
          13           0.928448242   13    0
        13
          14           0.647950541   14    0
        14
          15           0.586867756   15    0
        15
          16           0.280695702   16    0
        16
          17           0.130709544   17    0
        17
          18           0.092169507   18    0
        18
          19           0.085031184   19    0
        19
          20           0.071740649   20    0
        20
          21           0.056210837   21    0
        21
$user-defined bonds
$end
