$energy      SCF               SCFKIN            SCFPOT
     1 -1152.092539880      1148.75443     -2300.84697     0.2013111856159
     2 -1152.092790695      1148.81140     -2300.90419     0.2005559891192
     3 -1152.092786917      1148.85187     -2300.94465     0.1986631822133
     4 -1152.094781227      1148.83304     -2300.92782     0.1959309833774
     5 -1152.096469539      1148.74557     -2300.84204     0.1925907737523
     6 -1152.096082907      1148.60194     -2300.69802     0.1886724062879
     7 -1152.095667129      1148.42209     -2300.51776     0.1841678195483
     8 -1152.095498192      1148.24471     -2300.34021     0.1790542803647
     9 -1152.094106172      1148.10812     -2300.20223     0.1733159029695
    10 -1152.090522340      1148.02427     -2300.11480     0.1670323089038
    11 -1152.085657843      1147.96916     -2300.05482     0.1603366225696
    12 -1152.082485515      1147.89863     -2299.98112     0.1534450204734
    13 -1152.078896331      1147.79757     -2299.87646     0.1466043644163
    14 -1152.070586562      1147.67628     -2299.74687     0.1400105987021
    15 -1152.062115060      1147.52776     -2299.58987     0.1338022555752
    16 -1152.056268294      1147.37076     -2299.42703     0.1279894562084
    17 -1152.050162140      1147.25460     -2299.30476     0.1223617953751
    18 -1152.042135031      1147.20911     -2299.25125     0.1166840530971
    19 -1152.032842517      1147.22394     -2299.25679     0.1105971954680
    20 -1152.025365552      1147.25097     -2299.27633     0.1040084070194
    21 -1152.021116869      1147.25039     -2299.27151     0.9751331584685E-01
    22 -1152.014601620      1147.22638     -2299.24098     0.9141232629557E-01
    23 -1152.005812324      1147.17906     -2299.18487     0.8576521357154E-01
    24 -1152.000126690      1147.10620     -2299.10632     0.8067064131602E-01
    25 -1151.996705671      1147.04617     -2299.04287     0.7599432504347E-01
    26 -1151.992868467      1147.04471     -2299.03758     0.7149400356477E-01
    27 -1151.987955126      1147.11570     -2299.10365     0.6702641376304E-01
    28 -1151.982960133      1147.23215     -2299.21511     0.6261543930823E-01
    29 -1151.980993068      1147.34092     -2299.32191     0.5839599122605E-01
    30 -1151.980852950      1147.41349     -2299.39434     0.5455824814832E-01
    31 -1151.977213300      1147.45733     -2299.43454     0.5118134997142E-01
    32 -1151.973099470      1147.46780     -2299.44090     0.4830870829285E-01
    33 -1151.972058447      1147.45779     -2299.42985     0.4586452149948E-01
    34 -1151.971668398      1147.47739     -2299.44905     0.4363279585575E-01
    35 -1151.970088575      1147.56554     -2299.53563     0.4143409206751E-01
    36 -1151.967033146      1147.72267     -2299.68970     0.3920843860532E-01
    37 -1151.963916539      1147.90861     -2299.87253     0.3703590485441E-01
    38 -1151.963549347      1148.06748     -2300.03103     0.3505952548634E-01
    39 -1151.962578987      1148.18148     -2300.14405     0.3337068653171E-01
    40 -1151.957500254      1148.25668     -2300.21418     0.3203285403776E-01
    41 -1151.953073694      1148.28918     -2300.24225     0.3101351714577E-01
    42 -1151.950597546      1148.30873     -2300.25933     0.3017638259079E-01
    43 -1151.947454203      1148.36810     -2300.31555     0.2932619234468E-01
    44 -1151.942844348      1148.49372     -2300.43656     0.2835513312212E-01
    45 -1151.936912997      1148.67053     -2300.60745     0.2726935088296E-01
    46 -1151.931950291      1148.84512     -2300.77707     0.2614769819579E-01
    47 -1151.930110029      1148.96233     -2300.89244     0.2509150576533E-01
    48 -1151.926766733      1149.01254     -2300.93930     0.2419893859733E-01
    49 -1151.921358363      1148.99717     -2300.91852     0.2350947588023E-01
    50 -1151.919184472      1148.91984     -2300.83903     0.2299876512226E-01
    51 -1151.919734581      1148.82750     -2300.74724     0.2250463716163E-01
    52 -1151.920697569      1148.77160     -2300.69230     0.2187512945912E-01
    53 -1151.921251099      1148.77042     -2300.69167     0.2101942498787E-01
    54 -1151.921172698      1148.80093     -2300.72211     0.1997396639011E-01
    55 -1151.923068133      1148.80637     -2300.72944     0.1883779050452E-01
    56 -1151.926778489      1148.74854     -2300.67532     0.1774855461867E-01
    57 -1151.926544535      1148.63645     -2300.56300     0.1678793211176E-01
    58 -1151.924783603      1148.46894     -2300.39372     0.1628024235835E-01
    59 -1151.923803913      1148.23191     -2300.15572     0.1604336015961E-01
    60 -1151.923130879      1148.02827     -2299.95140     0.1598723350690E-01
    61 -1151.923062819      1147.90647     -2299.82953     0.1592185342173E-01
    62 -1151.923555433      1147.87897     -2299.80253     0.1575564527616E-01
    63 -1151.922384035      1147.92109     -2299.84347     0.1552300315470E-01
    64 -1151.920613967      1147.96532     -2299.88593     0.1535210146507E-01
    65 -1151.920839955      1147.94396     -2299.86480     0.1540522312637E-01
    66 -1151.918623119      1147.85254     -2299.77116     0.1580753048612E-01
    67 -1151.914307182      1147.71031     -2299.62462     0.1659064517167E-01
    68 -1151.911421180      1147.55455     -2299.46597     0.1762301159458E-01
    69 -1151.909906771      1147.44509     -2299.35500     0.1866615934685E-01
    70 -1151.910477524      1147.42165     -2299.33212     0.1955712696480E-01
    71 -1151.912600093      1147.49202     -2299.40462     0.2018357914864E-01
    72 -1151.913272101      1147.62916     -2299.54243     0.2060032723949E-01
    73 -1151.913219644      1147.76180     -2299.67502     0.2095858287913E-01
    74 -1151.915311045      1147.81668     -2299.73199     0.2148066406251E-01
    75 -1151.915981775      1147.78740     -2299.70338     0.2234626716391E-01
    76 -1151.915149909      1147.70203     -2299.61718     0.2361890016764E-01
    77 -1151.914982044      1147.60910     -2299.52408     0.2520037147026E-01
    78 -1151.915726262      1147.56926     -2299.48498     0.2689503766998E-01
    79 -1151.918770884      1147.61798     -2299.53675     0.2855613635369E-01
    80 -1151.923570857      1147.75970     -2299.68327     0.3010101586660E-01
    81 -1151.926650209      1147.96743     -2299.89408     0.3156929490614E-01
    82 -1151.927774025      1148.17168     -2300.09945     0.3316209042307E-01
    83 -1151.931253731      1148.28963     -2300.22088     0.3515800552282E-01
    84 -1151.936044641      1148.30151     -2300.23756     0.3778984360141E-01
    85 -1151.939520333      1148.24860     -2300.18812     0.4107926654324E-01
    86 -1151.941277396      1148.19545     -2300.13673     0.4485484802550E-01
    87 -1151.942395720      1148.20136     -2300.14375     0.4888249131173E-01
    88 -1151.945869031      1148.29318     -2300.23905     0.5303064568320E-01
    89 -1151.952319003      1148.46930     -2300.42162     0.5727872517051E-01
    90 -1151.958333024      1148.70509     -2300.66343     0.6167129203527E-01
    91 -1151.960848834      1148.94320     -2300.90405     0.6632617462994E-01
    92 -1151.963092073      1149.09577     -2301.05886     0.7144405432304E-01
    93 -1151.969030583      1149.10807     -2301.07710     0.7714248325244E-01
    94 -1151.975428670      1149.01595     -2300.99138     0.8327589318925E-01
    95 -1151.979256755      1148.90018     -2300.87943     0.8955955124786E-01
    96 -1151.983257288      1148.82226     -2300.80551     0.9598144798595E-01
    97 -1151.992593079      1148.80598     -2300.79857     0.1029511696515
    98 -1152.008092302      1148.85183     -2300.85993     0.1106277027546
    99 -1152.024684081      1148.94228     -2300.96696     0.1186436550407
   100 -1152.037231518      1149.02527     -2301.06250     0.1269413734919
   101 -1152.049443431      1149.01028     -2301.05972     0.1361903333735
   102 -1152.066234239      1148.85105     -2300.91728     0.1470703492257
   103 -1152.081208419      1148.61965     -2300.70086     0.1597657819467
   104 -1152.089573860      1148.42796     -2300.51754     0.1742628895106
   105 -1152.094381962      1148.35162     -2300.44600     0.1898206076167
   106 -1152.099023155      1148.42473     -2300.52375     0.2019452607812
   107 -1152.100130733      1148.65726     -2300.75739     0.2017423883916
   108 -1152.088377868      1149.02858     -2301.11696     0.1996465209497
   109 -1152.058047454      1149.45765     -2301.51570     0.1967715439981
   110 -1152.016991886      1149.80647     -2301.82346     0.1931806932477
   111 -1151.975232431      1149.98614     -2301.96137     0.1885373857616
   112 -1151.938361817      1150.01244     -2301.95080     0.1824534739614
   113 -1151.918921831      1149.92411     -2301.84304     0.1765044100766
   114 -1151.928834634      1149.74525     -2301.67409     0.1725793510094
   115 -1151.964971471      1149.50736     -2301.47233     0.1698164170330
   116 -1152.010642189      1149.25121     -2301.26186     0.1674752606033
   117 -1152.047472153      1149.00308     -2301.05055     0.1655779030122
   118 -1152.069619006      1148.73461     -2300.80423     0.1642510915945
   119 -1152.084072424      1148.39865     -2300.48272     0.1634606501330
   120 -1152.090576230      1148.03689     -2300.12747     0.1629714096039
   121 -1152.086026780      1147.74511     -2299.83113     0.1618890849697
   122 -1152.075633033      1147.58072     -2299.65635     0.1560039564440
   123 -1152.066810120      1147.55306     -2299.61987     0.1437239497664
   124 -1152.061362003      1147.64803     -2299.70939     0.1307987803088
   125 -1152.054994916      1147.83410     -2299.88910     0.1187773378802
   126 -1152.043213806      1148.04704     -2300.09025     0.1077112460798
   127 -1152.029124746      1148.18830     -2300.21743     0.9763028624736E-01
   128 -1152.019716935      1148.19151     -2300.21123     0.8875527515516E-01
   129 -1152.011232474      1148.10760     -2300.11883     0.8102883145102E-01
   130 -1151.998347028      1148.04058     -2300.03892     0.7401592730820E-01
   131 -1151.984698170      1148.05174     -2300.03643     0.6735962972367E-01
   132 -1151.975390078      1148.15583     -2300.13122     0.6105259568125E-01
   133 -1151.970091740      1148.34308     -2300.31317     0.5529550727501E-01
   134 -1151.964325378      1148.58061     -2300.54494     0.5023126888286E-01
   135 -1151.954988930      1148.80379     -2300.75878     0.4589857954147E-01
   136 -1151.945039219      1148.92706     -2300.87210     0.4231936193404E-01
   137 -1151.941192766      1148.89770     -2300.83890     0.3948874797356E-01
   138 -1151.939906203      1148.76984     -2300.70975     0.3728804198620E-01
   139 -1151.934375874      1148.65000     -2300.58437     0.3548694522508E-01
   140 -1151.927868337      1148.59657     -2300.52444     0.3395129842451E-01
   141 -1151.925788238      1148.61941     -2300.54520     0.3266494750057E-01
   142 -1151.928511162      1148.70296     -2300.63147     0.3150392497626E-01
   143 -1151.932895115      1148.81100     -2300.74390     0.3025769427088E-01
   144 -1151.935374016      1148.88853     -2300.82390     0.2889720438617E-01
   145 -1151.935204101      1148.87236     -2300.80756     0.2762336427423E-01
   146 -1151.938007588      1148.71564     -2300.65365     0.2667615420812E-01
   147 -1151.942304968      1148.46537     -2300.40767     0.2602837224438E-01
   148 -1151.940866444      1148.23387     -2300.17473     0.2543785335745E-01
   149 -1151.936796500      1148.08463     -2300.02143     0.2471051099345E-01
   150 -1151.935745623      1148.02727     -2299.96302     0.2385040822841E-01
   151 -1151.938353056      1148.04194     -2299.98029     0.2294902172690E-01
   152 -1151.941624128      1148.09075     -2300.03238     0.2209662034794E-01
   153 -1151.941204190      1148.12574     -2300.06694     0.2139332931821E-01
   154 -1151.936637873      1148.09072     -2300.02736     0.2099259456816E-01
   155 -1151.934396412      1147.94512     -2299.87951     0.2103384045121E-01
   156 -1151.933310201      1147.73985     -2299.67316     0.2145724961267E-01
   157 -1151.927718375      1147.57726     -2299.50498     0.2202238020924E-01
   158 -1151.921184106      1147.50813     -2299.42931     0.2256055274297E-01
   159 -1151.918807033      1147.53187     -2299.45068     0.2301328456241E-01
   160 -1151.921313843      1147.62225     -2299.54356     0.2343089709767E-01
   161 -1151.925558898      1147.74249     -2299.66805     0.2391014418313E-01
   162 -1151.926373299      1147.85203     -2299.77840     0.2458363458837E-01
   163 -1151.924161736      1147.89431     -2299.81848     0.2560587116653E-01
   164 -1151.925786788      1147.82635     -2299.75214     0.2703506797028E-01
   165 -1151.928848227      1147.69973     -2299.62858     0.2873798467952E-01
   166 -1151.927404900      1147.61079     -2299.53819     0.3044798011717E-01
   167 -1151.924404952      1147.60575     -2299.53015     0.3209854565428E-01
   168 -1151.924613331      1147.68041     -2299.60503     0.3378700580026E-01
   169 -1151.929416713      1147.80693     -2299.73635     0.3566319976641E-01
   170 -1151.935621454      1147.95617     -2299.89179     0.3776902328082E-01
   171 -1151.937558620      1148.10054     -2300.03810     0.4004017614359E-01
   172 -1151.935175934      1148.19423     -2300.12941     0.4247226627319E-01
   173 -1151.934822371      1148.19521     -2300.13003     0.4518760803911E-01
   174 -1151.937743712      1148.13111     -2300.06886     0.4827565801135E-01
   175 -1151.938525636      1148.08554     -2300.02407     0.5159347994662E-01
   176 -1151.936839814      1148.10993     -2300.04677     0.5494937960657E-01
   177 -1151.936742664      1148.20160     -2300.13834     0.5836667649021E-01
   178 -1151.940964712      1148.33214     -2300.27310     0.6205355437442E-01
   179 -1151.947644533      1148.47750     -2300.42515     0.6619713108428E-01
   180 -1151.953256066      1148.61715     -2300.57041     0.7080522425582E-01
   181 -1151.958420299      1148.71840     -2300.67682     0.7577772093765E-01
   182 -1151.964314677      1148.76107     -2300.72538     0.8106928270860E-01
   183 -1151.970703614      1148.75252     -2300.72323     0.8671193063254E-01
   184 -1151.977311627      1148.71901     -2300.69632     0.9262962137576E-01
   185 -1151.981855248      1148.69921     -2300.68106     0.9856028270961E-01
   186 -1151.985905643      1148.70674     -2300.69264     0.1042262226197
   187 -1151.993435147      1148.72766     -2300.72109     0.1094815197118
   188 -1152.003756780      1148.74983     -2300.75359     0.1147282125048
   189 -1152.014441715      1148.75729     -2300.77174     0.1203344224569
   190 -1152.026356512      1148.72220     -2300.74856     0.1262639627837
   191 -1152.037160033      1148.64108     -2300.67824     0.1326612864523
   192 -1152.045038654      1148.52581     -2300.57084     0.1399417199605
   193 -1152.053786724      1148.38802     -2300.44181     0.1484264782964
   194 -1152.061147359      1148.27628     -2300.33742     0.1581479102849
   195 -1152.066608248      1148.22695     -2300.29355     0.1688364166197
   196 -1152.072727337      1148.24381     -2300.31654     0.1785841763840
   197 -1152.077319370      1148.32734     -2300.40466     0.1807543905864
   198 -1152.078092661      1148.46538     -2300.54347     0.1770196382140
   199 -1152.074342864      1148.63891     -2300.71325     0.1738119976520
   200 -1152.060054349      1148.85465     -2300.91470     0.1718793671318
   201 -1152.034759409      1149.10362     -2301.13838     0.1712675411162
   202 -1152.004996262      1149.35646     -2301.36145     0.1717769916764
   203 -1151.973497882      1149.60569     -2301.57919     0.1733372874443
   204 -1151.949567521      1149.81991     -2301.76948     0.1759505717349
   205 -1151.943572784      1149.95036     -2301.89393     0.1790208425276
   206 -1151.956893199      1149.96653     -2301.92343     0.1814746181313
   207 -1151.986816113      1149.84953     -2301.83634     0.1834886670413
   208 -1152.024748561      1149.61903     -2301.64378     0.1852571264887
   209 -1152.055272629      1149.34574     -2301.40101     0.1867814048181
   210 -1152.072858039      1149.07587     -2301.14873     0.1881816244815
   211 -1152.080803079      1148.82991     -2300.91071     0.1895925078717
   212 -1152.079938984      1148.64092     -2300.72085     0.1907962147542
   213 -1152.072557163      1148.52712     -2300.59968     0.1903396398136
   214 -1152.059801697      1148.48760     -2300.54740     0.1763996187078
   215 -1152.042135042      1148.50327     -2300.54540     0.1618330472373
   216 -1152.025287997      1148.52463     -2300.54992     0.1487204193898
   217 -1152.013252047      1148.52164     -2300.53489     0.1351158344475
   218 -1152.001613587      1148.51431     -2300.51593     0.1216162897714
   219 -1151.989293875      1148.50834     -2300.49763     0.1101689948001
   220 -1151.984107974      1148.46272     -2300.44683     0.1006954762902
   221 -1151.985878263      1148.37002     -2300.35590     0.9325853155914E-01
   222 -1151.986445183      1148.27685     -2300.26330     0.8753940543746E-01
   223 -1151.982304806      1148.22255     -2300.20485     0.8299447980720E-01
   224 -1151.975283153      1148.20597     -2300.18125     0.7909973926434E-01
   225 -1151.972023566      1148.18541     -2300.15744     0.7542052335273E-01
   226 -1151.977268348      1148.12995     -2300.10722     0.7160880730027E-01
   227 -1151.985905784      1148.06490     -2300.05081     0.6770339033258E-01
   228 -1151.988991751      1148.03081     -2300.01980     0.6401551466487E-01
   229 -1151.984914959      1148.01081     -2299.99572     0.6090258042740E-01
   230 -1151.983944491      1147.93221     -2299.91616     0.5858926861417E-01
   231 -1151.987736964      1147.79343     -2299.78117     0.5709472935830E-01
   232 -1151.985407396      1147.67915     -2299.66456     0.5622381783376E-01
   233 -1151.976237110      1147.62256     -2299.59880     0.5579789231430E-01
   234 -1151.968670698      1147.58781     -2299.55648     0.5576129137678E-01
   235 -1151.969943451      1147.53625     -2299.50619     0.5608380924334E-01
   236 -1151.977244458      1147.48638     -2299.46362     0.5666826620713E-01
   237 -1151.982817011      1147.48586     -2299.46868     0.5742844590173E-01
   238 -1151.982879247      1147.54502     -2299.52790     0.5850988958467E-01
   239 -1151.981075606      1147.61299     -2299.59406     0.6015547346306E-01
   240 -1151.984875669      1147.62700     -2299.61187     0.6240058137488E-01
   241 -1151.988169388      1147.61754     -2299.60571     0.6491266329349E-01
   242 -1151.983018388      1147.64381     -2299.62682     0.6739512753359E-01
   243 -1151.974421853      1147.69450     -2299.66892     0.6987030205435E-01
   244 -1151.970224495      1147.72886     -2299.69908     0.7248047904818E-01
   245 -1151.970027569      1147.74751     -2299.71754     0.7518949172310E-01
   246 -1151.969001266      1147.78355     -2299.75255     0.7777916759419E-01
   247 -1151.966293629      1147.85396     -2299.82025     0.8019185880357E-01
   248 -1151.961671540      1147.96282     -2299.92449     0.8267667338185E-01
   249 -1151.952922273      1148.10757     -2300.06049     0.8570254297295E-01
   250 -1151.944302361      1148.25248     -2300.19678     0.8964773563447E-01
   251 -1151.944281794      1148.34934     -2300.29362     0.9434710373183E-01
   252 -1151.950984439      1148.39106     -2300.34204     0.9979779320646E-01
   253 -1151.960063359      1148.38480     -2300.34486     0.1066745037554
   254 -1151.969593425      1148.34022     -2300.30982     0.1143340081141
   255 -1151.978375945      1148.27960     -2300.25798     0.1216297827275
   256 -1151.988545818      1148.22205     -2300.21060     0.1288641182541
   257 -1152.002734616      1148.18830     -2300.19103     0.1368548791786
   258 -1152.020503018      1148.20788     -2300.22838     0.1458543573182
   259 -1152.039348216      1148.29981     -2300.33916     0.1550968375351
   260 -1152.055825910      1148.45420     -2300.51002     0.1638768342169
   261 -1152.068706815      1148.62233     -2300.69103     0.1723784835806
   262 -1152.079602545      1148.74449     -2300.82409     0.1808402140505
   263 -1152.085916375      1148.81239     -2300.89831     0.1894417882707
   264 -1152.084545663      1148.85758     -2300.94213     0.1981174728033
   265 -1152.078711815      1148.90655     -2300.98526     0.2065394320255
   266 -1152.071917175      1148.99084     -2301.06275     0.2146785358745
   267 -1152.064556794      1149.14601     -2301.21057     0.2207269782380
   268 -1152.055279815      1149.38813     -2301.44341     0.2247609383279
   269 -1152.041683388      1149.69864     -2301.74033     0.2264781661035
   270 -1152.023590866      1150.01490     -2302.03849     0.2249794184965
   271 -1152.005823430      1150.24465     -2302.25047     0.2210212249069
   272 -1151.992216964      1150.32369     -2302.31591     0.2150049836293
   273 -1151.984012896      1150.24412     -2302.22813     0.2083686090987
   274 -1151.984785480      1150.02693     -2302.01172     0.2040171840122
   275 -1151.995397823      1149.72264     -2301.71804     0.2036398987030
   276 -1152.012501063      1149.39718     -2301.40968     0.2052452977348
   277 -1152.031380027      1149.10593     -2301.13731     0.2040994627944
   278 -1152.046788420      1148.88074     -2300.92753     0.1989550619631
   279 -1152.054239845      1148.72291     -2300.77715     0.1916546005913
   280 -1152.051304153      1148.60430     -2300.65560     0.1833478415719
   281 -1152.038962416      1148.48323     -2300.52220     0.1748422834882
   282 -1152.023496819      1148.32323     -2300.34672     0.1660706972969
   283 -1152.011499155      1148.11976     -2300.13126     0.1526389216946
   284 -1152.004363999      1147.90917     -2299.91353     0.1403173334322
   285 -1152.000750585      1147.73612     -2299.73687     0.1301816245986
   286 -1151.999253433      1147.62712     -2299.62638     0.1216880181667
   287 -1151.998588623      1147.58494     -2299.58353     0.1139095111206
   288 -1151.998331679      1147.58895     -2299.58728     0.1063327594807
   289 -1151.998306379      1147.60810     -2299.60641     0.9948084571095E-01
   290 -1151.997025173      1147.61727     -2299.61430     0.9397002244674E-01
   291 -1151.995042638      1147.59475     -2299.58979     0.9005935088893E-01
   292 -1151.994642635      1147.53407     -2299.52872     0.8772189340161E-01
   293 -1151.995275566      1147.46044     -2299.45571     0.8671447995486E-01
   294 -1151.995714601      1147.40912     -2299.40484     0.8668682466152E-01
   295 -1151.996376523      1147.40230     -2299.39867     0.8736778825455E-01
   296 -1151.998085309      1147.44242     -2299.44050     0.8760279819321E-01
   297 -1152.001779849      1147.51037     -2299.51215     0.8791531380919E-01
   298 -1152.007793503      1147.57967     -2299.58747     0.8898908478386E-01
   299 -1152.014124177      1147.63535     -2299.64947     0.9097796657122E-01
   300 -1152.019427507      1147.66931     -2299.68874     0.9395840919224E-01
   301 -1152.024272704      1147.68008     -2299.70435     0.9787588025694E-01
   302 -1152.028584894      1147.68474     -2299.71332     0.1024429840636
   303 -1152.031858321      1147.71110     -2299.74296     0.1073041638077
   304 -1152.034033292      1147.77792     -2299.81196     0.1121669589570
   305 -1152.035059039      1147.88284     -2299.91790     0.1169529777283
   306 -1152.034990755      1148.00440     -2300.03939     0.1217679262627
   307 -1152.033819094      1148.11711     -2300.15093     0.1267989495006
   308 -1152.029669880      1148.21074     -2300.24041     0.1320640753043
   309 -1152.020459126      1148.29025     -2300.31071     0.1343368958054
   310 -1152.006345004      1148.36451     -2300.37086     0.1352663779046
   311 -1151.990126335      1148.44057     -2300.43070     0.1367978243012
   312 -1151.978154637      1148.52339     -2300.50155     0.1404712274476
   313 -1151.977596034      1148.61815     -2300.59575     0.1469083975164
   314 -1151.988727303      1148.71741     -2300.70613     0.1551776549336
   315 -1152.007836093      1148.77692     -2300.78476     0.1641647793776
   316 -1152.029217598      1148.75948     -2300.78870     0.1735766983256
   317 -1152.040458680      1148.69922     -2300.73967     0.1831086674826
   318 -1152.038370995      1148.64253     -2300.68090     0.1917377180688
   319 -1152.029973032      1148.60493     -2300.63491     0.1974518586249
   320 -1152.023298135      1148.59391     -2300.61721     0.1990121448612
   321 -1152.023663553      1148.62119     -2300.64485     0.1982911721190
   322 -1152.032145151      1148.70289     -2300.73503     0.1972220617752
   323 -1152.045098618      1148.85236     -2300.89746     0.1957001347179
   324 -1152.054115774      1149.06825     -2301.12237     0.1934945342689
   325 -1152.050976870      1149.30473     -2301.35570     0.1908079513622
   326 -1152.042784534      1149.44297     -2301.48575     0.1881601087801
   327 -1152.037745304      1149.42323     -2301.46098     0.1859668055365
   328 -1152.024945786      1149.34333     -2301.36828     0.1840228918085
   329 -1152.008179773      1149.26447     -2301.27265     0.1817544424666
   330 -1151.999595895      1149.18791     -2301.18751     0.1791050739409
   331 -1152.004273016      1149.11199     -2301.11627     0.1775584327519
   332 -1152.019692713      1149.04659     -2301.06628     0.1788537664434
   333 -1152.040452874      1148.99732     -2301.03778     0.1821095124497
   334 -1152.061200826      1148.95044     -2301.01164     0.1853703184284
   335 -1152.074526615      1148.88602     -2300.96054     0.1871422119798
   336 -1152.074573595      1148.78212     -2300.85669     0.1865660395767
   337 -1152.065408512      1148.61454     -2300.67995     0.1844102981311
   338 -1152.047163514      1148.44517     -2300.49234     0.1797206082430
   339 -1152.019978710      1148.35303     -2300.37301     0.1704427853117
   340 -1151.992917498      1148.33598     -2300.32889     0.1582361719684
   341 -1151.977739713      1148.35017     -2300.32791     0.1491465827614
   342 -1151.982026607      1148.34881     -2300.33083     0.1451585592387
   343 -1152.002609874      1148.30734     -2300.30995     0.1441115995674
   344 -1152.026600277      1148.24101     -2300.26761     0.1418278931001
   345 -1152.041542743      1148.17022     -2300.21177     0.1375210404543
   346 -1152.049489313      1148.04500     -2300.09449     0.1329890070141
   347 -1152.048687596      1147.87161     -2299.92030     0.1286784382930
   348 -1152.034692151      1147.73337     -2299.76806     0.1243749855795
   349 -1152.015377800      1147.65942     -2299.67480     0.1201216396903
   350 -1151.997465140      1147.64913     -2299.64659     0.1163813097439
   351 -1151.984035214      1147.67313     -2299.65717     0.1140849398861
   352 -1151.979595809      1147.68422     -2299.66381     0.1141730618474
   353 -1151.986898027      1147.66104     -2299.64794     0.1158723882436
   354 -1152.000477021      1147.64211     -2299.64259     0.1162808516508
   355 -1152.009730895      1147.68794     -2299.69767     0.1149250335472
   356 -1152.006951980      1147.80507     -2299.81203     0.1134588126929
   357 -1152.005348149      1147.88242     -2299.88777     0.1129176863836
   358 -1152.011457330      1147.86446     -2299.87592     0.1134267970440
   359 -1152.007557634      1147.84535     -2299.85290     0.1144197227663
   360 -1151.995808870      1147.84749     -2299.84330     0.1153271419586
   361 -1151.986083384      1147.83693     -2299.82302     0.1160708971260
   362 -1151.983373783      1147.79664     -2299.78002     0.1174399590276
   363 -1151.987133165      1147.75084     -2299.73798     0.1206288210957
   364 -1151.995146862      1147.74338     -2299.73852     0.1256385735773
   365 -1152.005238694      1147.80875     -2299.81399     0.1302178418572
   366 -1152.012248809      1147.96549     -2299.97774     0.1328818209944
   367 -1152.007248802      1148.20325     -2300.21050     0.1353941668720
   368 -1151.986913566      1148.46090     -2300.44782     0.1382364072694
   369 -1151.969372601      1148.62289     -2300.59226     0.1420717353800
   370 -1151.979026526      1148.60411     -2300.58314     0.1489644429648
   371 -1152.007802850      1148.45174     -2300.45954     0.1586100645188
   372 -1152.034300737      1148.26766     -2300.30196     0.1694502973876
   373 -1152.048455545      1148.14002     -2300.18847     0.1799134374379
   374 -1152.052889512      1148.11497     -2300.16786     0.1890936944828
   375 -1152.054423767      1148.18907     -2300.24349     0.1966881271996
   376 -1152.058045970      1148.32815     -2300.38620     0.2019304967947
   377 -1152.066138907      1148.49235     -2300.55849     0.2029738532783
   378 -1152.077831235      1148.65688     -2300.73471     0.2017186033057
   379 -1152.087875091      1148.82065     -2300.90853     0.2010822885596
   380 -1152.089391132      1148.98559     -2301.07498     0.2013656157666
   381 -1152.081386908      1149.12089     -2301.20228     0.2023671056647
   382 -1152.072899502      1149.17820     -2301.25110     0.2034271676417
   383 -1152.061109159      1149.20215     -2301.26326     0.2044260061576
   384 -1152.040800535      1149.26085     -2301.30165     0.2060563731725
   385 -1152.019810493      1149.339062840     -2301.358873333
$end
