$energy      SCF               SCFKIN            SCFPOT
     1 -1152.092780314      1148.70782     -2300.80060     0.1961158227935
     2 -1152.099766733      1148.60270     -2300.70247     0.1975340329675
     3 -1152.095269212      1148.47151     -2300.56678     0.1977844005498
     4 -1152.090393029      1148.33237     -2300.42276     0.1967847317058
     5 -1152.090184137      1148.21909     -2300.30927     0.1946673188712
     6 -1152.095430936      1148.16145     -2300.25688     0.1916709497663
     7 -1152.100445466      1148.18589     -2300.28633     0.1879690947493
     8 -1152.093065821      1148.28936     -2300.38243     0.1836730442107
     9 -1152.086112546      1148.33221     -2300.41832     0.1790638386443
    10 -1152.096217300      1148.19850     -2300.29472     0.1744623280318
    11 -1152.094119918      1148.02187     -2300.11599     0.1695931154347
    12 -1152.083253724      1147.83974     -2299.92299     0.1638379653572
    13 -1152.074937678      1147.66770     -2299.74264     0.1575992323894
    14 -1152.071752787      1147.53685     -2299.60861     0.1512665884901
    15 -1152.073296393      1147.47870     -2299.55200     0.1449220730017
    16 -1152.072686145      1147.52030     -2299.59299     0.1384919512685
    17 -1152.059441832      1147.64420     -2299.70365     0.1321038164038
    18 -1152.051662842      1147.69248     -2299.74415     0.1262133984509
    19 -1152.057185587      1147.58932     -2299.64651     0.1210528518969
    20 -1152.049844282      1147.46076     -2299.51061     0.1160990770147
    21 -1152.036295087      1147.33505     -2299.37135     0.1110343679333
    22 -1152.025910951      1147.22620     -2299.25211     0.1063776825996
    23 -1152.021262086      1147.16281     -2299.18407     0.1024943453314
    24 -1152.023066270      1147.17126     -2299.19432     0.9920848024011E-01
    25 -1152.026202336      1147.27412     -2299.30033     0.9602633950383E-01
    26 -1152.018198565      1147.47185     -2299.49005     0.9267595338408E-01
    27 -1152.004771045      1147.64670     -2299.65148     0.8962026058511E-01
    28 -1152.009141401      1147.63868     -2299.64782     0.8748981919324E-01
    29 -1152.010209772      1147.53566     -2299.54587     0.8524953190203E-01
    30 -1152.001758938      1147.42752     -2299.42928     0.8239327296679E-01
    31 -1151.992084618      1147.35082     -2299.34290     0.7961908217330E-01
    32 -1151.986995414      1147.32969     -2299.31668     0.7706716707899E-01
    33 -1151.989320172      1147.38083     -2299.37015     0.7470568714293E-01
    34 -1151.996207553      1147.52059     -2299.51680     0.7234732597658E-01
    35 -1151.996034898      1147.76082     -2299.75685     0.6993385438211E-01
    36 -1151.981195638      1148.04022     -2300.02142     0.6769467488235E-01
    37 -1151.979615120      1148.15514     -2300.13475     0.6604190967898E-01
    38 -1151.991031610      1148.07738     -2300.06842     0.6507423267415E-01
    39 -1151.989460916      1147.97541     -2299.96487     0.6443974434600E-01
    40 -1151.979318109      1147.91951     -2299.89882     0.6385907469934E-01
    41 -1151.971300807      1147.92828     -2299.89958     0.6331089273934E-01
    42 -1151.971371690      1148.00540     -2299.97677     0.6280227296882E-01
    43 -1151.979002832      1148.15692     -2300.13592     0.6218012136574E-01
    44 -1151.985238270      1148.39280     -2300.37804     0.6130416830053E-01
    45 -1151.975638809      1148.68987     -2300.66551     0.6036494964959E-01
    46 -1151.963625392      1148.87630     -2300.83992     0.5985398896990E-01
    47 -1151.977521595      1148.78377     -2300.76129     0.6001427457456E-01
    48 -1151.981866884      1148.60655     -2300.58842     0.6042887777247E-01
    49 -1151.971067599      1148.46664     -2300.43770     0.6066671277642E-01
    50 -1151.961270048      1148.39120     -2300.35247     0.6048157913081E-01
    51 -1151.962032168      1148.37473     -2300.33676     0.5984961480041E-01
    52 -1151.972908814      1148.41911     -2300.39201     0.5890574128660E-01
    53 -1151.984104072      1148.53381     -2300.51792     0.5780119278913E-01
    54 -1151.978835846      1148.70115     -2300.67999     0.5675294105786E-01
    55 -1151.967216781      1148.75671     -2300.72393     0.5612119509304E-01
    56 -1151.983148546      1148.52239     -2300.50554     0.5608022620779E-01
    57 -1151.987610267      1148.22744     -2300.21505     0.5614551883619E-01
    58 -1151.975147799      1147.99349     -2299.96864     0.5590029257521E-01
    59 -1151.964224814      1147.84427     -2299.80850     0.5537233248947E-01
    60 -1151.964131759      1147.77039     -2299.73453     0.5483666143573E-01
    61 -1151.973687009      1147.77181     -2299.74550     0.5430010464303E-01
    62 -1151.983378988      1147.85449     -2299.83787     0.5357587271742E-01
    63 -1151.976770712      1148.00326     -2299.98003     0.5276195570721E-01
    64 -1151.960176345      1148.07122     -2300.03140     0.5236093396381E-01
    65 -1151.973658119      1147.85533     -2299.82899     0.5275242882415E-01
    66 -1151.978062644      1147.58131     -2299.55937     0.5343945497161E-01
    67 -1151.964323104      1147.38468     -2299.34900     0.5400098075458E-01
    68 -1151.952373651      1147.28680     -2299.23918     0.5425290857272E-01
    69 -1151.951796501      1147.27358     -2299.22538     0.5419018212319E-01
    70 -1151.960893390      1147.33944     -2299.30033     0.5379623586189E-01
    71 -1151.970882574      1147.48265     -2299.45353     0.5315499695048E-01
    72 -1151.965837915      1147.68705     -2299.65289     0.5255383605313E-01
    73 -1151.948936760      1147.81679     -2299.76572     0.5251961765953E-01
    74 -1151.965266082      1147.64926     -2299.61453     0.5342254880384E-01
    75 -1151.973684319      1147.42153     -2299.39521     0.5456374284407E-01
    76 -1151.962797019      1147.27391     -2299.23671     0.5550162042516E-01
    77 -1151.952847778      1147.23346     -2299.18630     0.5589543352318E-01
    78 -1151.953104188      1147.27763     -2299.23073     0.5591893108588E-01
    79 -1151.962373348      1147.39105     -2299.35343     0.5582999660578E-01
    80 -1151.975428275      1147.56109     -2299.53652     0.5568607785285E-01
    81 -1151.979171210      1147.77964     -2299.75881     0.5555498609879E-01
    82 -1151.961663001      1147.98894     -2299.95060     0.5569168818595E-01
    83 -1151.967786811      1147.94954     -2299.91733     0.5652185844218E-01
    84 -1151.984664781      1147.74967     -2299.73433     0.5770562869524E-01
    85 -1151.979011558      1147.63414     -2299.61315     0.5859233990263E-01
    86 -1151.967536557      1147.63128     -2299.59882     0.5898512920066E-01
    87 -1151.961925364      1147.71305     -2299.67498     0.5918783030703E-01
    88 -1151.964281210      1147.84660     -2299.81088     0.5962248987778E-01
    89 -1151.974584638      1148.00134     -2299.97593     0.6034000924457E-01
    90 -1151.986500985      1148.17432     -2300.16082     0.6101997827755E-01
    91 -1151.980986452      1148.39447     -2300.37546     0.6138146534639E-01
    92 -1151.959037947      1148.57139     -2300.53043     0.6165982201866E-01
    93 -1151.974994197      1148.46413     -2300.43913     0.6239485365822E-01
    94 -1151.986800392      1148.29367     -2300.28047     0.6299933212630E-01
    95 -1151.976829490      1148.21529     -2300.19212     0.6303342619825E-01
    96 -1151.963412532      1148.22307     -2300.18649     0.6258972235945E-01
    97 -1151.958152242      1148.25558     -2300.21373     0.6232316285344E-01
    98 -1151.964439976      1148.27663     -2300.24107     0.6268732538267E-01
    99 -1151.978453453      1148.29696     -2300.27541     0.6333826896182E-01
   100 -1151.990866595      1148.35716     -2300.34803     0.6356631914181E-01
   101 -1151.981970860      1148.49561     -2300.47758     0.6310996810707E-01
   102 -1151.963263073      1148.56919     -2300.53245     0.6261554679140E-01
   103 -1151.988779896      1148.33877     -2300.32755     0.6284102622017E-01
   104 -1151.994923907      1148.12238     -2300.11731     0.6313734101696E-01
   105 -1151.979688809      1147.98750     -2299.96718     0.6278698209345E-01
   106 -1151.967110032      1147.89911     -2299.86622     0.6165781228788E-01
   107 -1151.965041437      1147.81728     -2299.78232     0.6099076241474E-01
   108 -1151.971945243      1147.74787     -2299.71981     0.6125363258268E-01
   109 -1151.986442057      1147.71178     -2299.69822     0.6148826314630E-01
   110 -1151.998462177      1147.75553     -2299.75399     0.6115312348566E-01
   111 -1151.981709407      1147.91759     -2299.89930     0.6053667080878E-01
   112 -1151.968806880      1147.95648     -2299.92529     0.6035344218206E-01
   113 -1151.996409998      1147.70594     -2299.70235     0.6104971810099E-01
   114 -1151.993164441      1147.52424     -2299.51741     0.6205666915496E-01
   115 -1151.976847255      1147.41279     -2299.38964     0.6327003194657E-01
   116 -1151.966488419      1147.34345     -2299.30993     0.6469401471125E-01
   117 -1151.966847768      1147.29919     -2299.26603     0.6654014752873E-01
   118 -1151.979373711      1147.28322     -2299.26259     0.6854506571921E-01
   119 -1151.998720500      1147.33107     -2299.32979     0.7017973506332E-01
   120 -1152.001962149      1147.51083     -2299.51279     0.7131506552693E-01
   121 -1151.971928925      1147.76366     -2299.73559     0.7246849096981E-01
   122 -1151.992794596      1147.67949     -2299.67229     0.7458413321340E-01
   123 -1152.010655792      1147.47517     -2299.48582     0.7707912522019E-01
   124 -1151.998137613      1147.35688     -2299.35502     0.7981808350709E-01
   125 -1151.983205150      1147.31493     -2299.29813     0.8194980331392E-01
   126 -1151.979216487      1147.30397     -2299.28319     0.8384875129422E-01
   127 -1151.988680422      1147.31681     -2299.30550     0.8628371759698E-01
   128 -1152.008982042      1147.37960     -2299.38859     0.8873781967419E-01
   129 -1152.028933607      1147.54522     -2299.57416     0.9062281881218E-01
   130 -1152.017537909      1147.86454     -2299.88208     0.9203855025075E-01
   131 -1151.993786046      1148.10529     -2300.09907     0.9383825639507E-01
   132 -1152.033419090      1147.92285     -2299.95627     0.9682442843803E-01
   133 -1152.037914973      1147.77140     -2299.80932     0.9944367565131E-01
   134 -1152.019405211      1147.70543     -2299.72484     0.1016683337550
   135 -1152.004893230      1147.69959     -2299.70448     0.1030695951728
   136 -1152.002552685      1147.72525     -2299.72780     0.1046658571124
   137 -1152.011738762      1147.78988     -2299.80162     0.1067627287782
   138 -1152.029724621      1147.91436     -2299.94408     0.1084474930800
   139 -1152.046289634      1148.13102     -2300.17731     0.1088637112543
   140 -1152.029866117      1148.47744     -2300.50731     0.1082040564633
   141 -1151.999173812      1148.71076     -2300.70993     0.1078727562101
   142 -1152.040457556      1148.46007     -2300.50053     0.1091009129730
   143 -1152.043657004      1148.25946     -2300.30312     0.1101345496455
   144 -1152.022345267      1148.11116     -2300.13351     0.1107461964658
   145 -1152.005283106      1148.04298     -2300.04826     0.1104054111503
   146 -1152.000710119      1148.02609     -2300.02680     0.1095017570471
   147 -1152.008339938      1148.05324     -2300.06158     0.1081517148391
   148 -1152.025787853      1148.12442     -2300.15021     0.1060185555960
   149 -1152.042827413      1148.26185     -2300.30468     0.1030499526799
   150 -1152.022824893      1148.51787     -2300.54069     0.9985167156196E-01
   151 -1151.989675376      1148.63164     -2300.62132     0.9769874354887E-01
   152 -1152.038154710      1148.22144     -2300.25960     0.9733933660157E-01
   153 -1152.039753938      1147.95790     -2299.99765     0.9724489135261E-01
   154 -1152.016022684      1147.75774     -2299.77377     0.9648813617128E-01
   155 -1151.996813650      1147.66473     -2299.66155     0.9497191188357E-01
   156 -1151.989969978      1147.63107     -2299.62104     0.9323010651892E-01
   157 -1151.995767411      1147.63046     -2299.62623     0.9168129956759E-01
   158 -1152.013189797      1147.65416     -2299.66735     0.8997975374101E-01
   159 -1152.033969182      1147.72922     -2299.76319     0.8777747949287E-01
   160 -1152.023209357      1147.93675     -2299.95996     0.8528408172956E-01
   161 -1151.975146493      1148.12556     -2300.10071     0.8340376926112E-01
   162 -1152.024480597      1147.75677     -2299.78125     0.8302895857682E-01
   163 -1152.030341912      1147.52013     -2299.55047     0.8298831477015E-01
   164 -1152.002212392      1147.38649     -2299.38870     0.8226242225565E-01
   165 -1151.978094385      1147.36335     -2299.34144     0.8072306248356E-01
   166 -1151.968443050      1147.36832     -2299.33677     0.7933215762792E-01
   167 -1151.972881195      1147.37462     -2299.34750     0.7917432046650E-01
   168 -1151.989750797      1147.39005     -2299.37980     0.7958107323105E-01
   169 -1152.016021428      1147.45217     -2299.46819     0.7942757973847E-01
   170 -1152.026862513      1147.65362     -2299.68048     0.7854863682059E-01
   171 -1151.968955136      1148.03937     -2300.00832     0.7754450708153E-01
   172 -1152.000328170      1147.91496     -2299.91529     0.7776537942922E-01
   173 -1152.029854317      1147.63604     -2299.66590     0.7859643610956E-01
   174 -1152.001680452      1147.53557     -2299.53726     0.7898389274117E-01
   175 -1151.974943662      1147.54165     -2299.51660     0.7778016127728E-01
   176 -1151.963025456      1147.56108     -2299.52410     0.7552443937236E-01
   177 -1151.962760048      1147.57899     -2299.54175     0.7536334715816E-01
   178 -1151.972506942      1147.60459     -2299.57709     0.7783166507882E-01
   179 -1151.994291723      1147.65977     -2299.65406     0.8023932790824E-01
   180 -1152.024463863      1147.78994     -2299.81441     0.8095929303082E-01
   181 -1152.028115513      1148.10772     -2300.13584     0.8055553203584E-01
   182 -1151.953233774      1148.58127     -2300.53450     0.8005676990695E-01
   183 -1152.018382345      1148.33001     -2300.34839     0.8103453173073E-01
   184 -1152.029241602      1148.07767     -2300.10691     0.8221426017176E-01
   185 -1151.996210573      1148.00311     -2299.99932     0.8203456602410E-01
   186 -1151.970446556      1147.99542     -2299.96586     0.7825466385784E-01
   187 -1151.956839014      1148.00578     -2299.96262     0.7213197206437E-01
   188 -1151.950996275      1148.02729     -2299.97828     0.6807820229668E-01
   189 -1151.949888611      1148.06095     -2300.01084     0.6682926652189E-01
   190 -1151.952161942      1148.10580     -2300.05796     0.6809345033692E-01
   191 -1151.958075135      1148.15436     -2300.11244     0.7191833801515E-01
   192 -1151.969197461      1148.19691     -2300.16611     0.7803430715247E-01
   193 -1151.988492185      1148.23490     -2300.22340     0.8396002496799E-01
   194 -1152.016869274      1148.29761     -2300.31448     0.8657660078142E-01
   195 -1152.032614590      1148.47513     -2300.50774     0.8675409791664E-01
   196 -1151.972837787      1148.85012     -2300.82296     0.8600949715025E-01
   197 -1151.997012976      1148.71188     -2300.70889     0.8620296261243E-01
   198 -1152.033888223      1148.34423     -2300.37812     0.8683569985717E-01
   199 -1152.004103225      1148.15284     -2300.15694     0.8562117912337E-01
   200 -1151.974487106      1148.07693     -2300.05142     0.7820052546308E-01
   201 -1151.955525424      1148.01996     -2299.97549     0.6491786501645E-01
   202 -1151.941466963      1147.96817     -2299.90964     0.5218628513807E-01
   203 -1151.928842824      1147.92129     -2299.85014     0.4073612756498E-01
   204 -1151.918048500      1147.88476     -2299.80281     0.3158695927449E-01
   205 -1151.910944309      1147.86238     -2299.77333     0.2567600631107E-01
   206 -1151.908733859      1147.85386     -2299.76259     0.2258418627065E-01
   207 -1151.911086463      1147.85648     -2299.76757     0.2211616992801E-01
   208 -1151.916398829      1147.86624     -2299.78264     0.2500833642620E-01
   209 -1151.922914169      1147.87632     -2299.79924     0.3043255694473E-01
   210 -1151.929375956      1147.88216     -2299.81154     0.3655552885660E-01
   211 -1151.934893032      1147.88711     -2299.82200     0.4237201141355E-01
   212 -1151.939329649      1147.89775     -2299.83708     0.4754429033219E-01
   213 -1151.943100695      1147.91945     -2299.86255     0.5198429844030E-01
   214 -1151.946426700      1147.95565     -2299.90208     0.5566210060972E-01
   215 -1151.949070703      1148.00650     -2299.95557     0.5859145689113E-01
   216 -1151.950800370      1148.06618     -2300.01698     0.6078697144919E-01
   217 -1151.951897062      1148.12304     -2300.07494     0.6225816449827E-01
   218 -1151.952768790      1148.16683     -2300.11960     0.6303083942913E-01
   219 -1151.953236029      1148.19604     -2300.14928     0.6316638748397E-01
   220 -1151.953028519      1148.21633     -2300.16936     0.6276874600324E-01
   221 -1151.952458531      1148.23448     -2300.18693     0.6195975210067E-01
   222 -1151.952008666      1148.25602     -2300.20803     0.6087570523320E-01
   223 -1151.951714854      1148.28462     -2300.23633     0.5965017128307E-01
   224 -1151.951234158      1148.32019     -2300.27142     0.5838168488485E-01
   225 -1151.950437771      1148.35613     -2300.30656     0.5712546583145E-01
   226 -1151.949670511      1148.38225     -2300.33192     0.5590962293058E-01
   227 -1151.949069868      1148.39249     -2300.34156     0.5472526953084E-01
   228 -1151.948209406      1148.39073     -2300.33894     0.5356791245935E-01
   229 -1151.946879933      1148.38430     -2300.33118     0.5242600485145E-01
   230 -1151.945403864      1148.38078     -2300.32619     0.5126677632665E-01
   231 -1151.944042713      1148.38539     -2300.32943     0.5005872934588E-01
   232 -1151.942600666      1148.40056     -2300.34316     0.4875011906695E-01
   233 -1151.940721388      1148.42337     -2300.36409     0.4728577656371E-01
   234 -1151.938475118      1148.44484     -2300.38331     0.4560285978771E-01
   235 -1151.936300749      1148.45464     -2300.39094     0.4366111564061E-01
   236 -1151.934196042      1148.44972     -2300.38392     0.4146797994252E-01
   237 -1151.931756893      1148.43540     -2300.36716     0.3907914850257E-01
   238 -1151.929034670      1148.41944     -2300.34848     0.3660903214831E-01
   239 -1151.926545950      1148.40819     -2300.33474     0.3423033854101E-01
   240 -1151.924630118      1148.40582     -2300.33045     0.3216848291176E-01
   241 -1151.923230291      1148.41291     -2300.33614     0.3065209953389E-01
   242 -1151.922318237      1148.42449     -2300.34681     0.2988634421904E-01
   243 -1151.922338297      1148.43029     -2300.35263     0.3003074204152E-01
   244 -1151.923747352      1148.42164     -2300.34539     0.3115380262046E-01
   245 -1151.926210276      1148.39890     -2300.32511     0.3322320293742E-01
   246 -1151.929080898      1148.36925     -2300.29833     0.3610689548567E-01
   247 -1151.932199106      1148.34048     -2300.27268     0.3953604253450E-01
   248 -1151.935613192      1148.31827     -2300.25389     0.4314626436786E-01
   249 -1151.938999813      1148.30602     -2300.24502     0.4654464034656E-01
   250 -1151.941696724      1148.30300     -2300.24470     0.4936064843083E-01
   251 -1151.943293216      1148.30258     -2300.24588     0.5128377397933E-01
   252 -1151.943965429      1148.29426     -2300.23823     0.5207081600946E-01
   253 -1151.943845544      1148.27148     -2300.21533     0.5158172657235E-01
   254 -1151.942534523      1148.23693     -2300.17947     0.4978845257168E-01
   255 -1151.939821172      1148.19802     -2300.13784     0.4677212058881E-01
   256 -1151.936137910      1148.16155     -2300.09769     0.4271141863554E-01
   257 -1151.931998828      1148.13264     -2300.06464     0.3788361857081E-01
   258 -1151.927486197      1148.11438     -2300.04186     0.3264680353166E-01
   259 -1151.922493452      1148.10558     -2300.02808     0.2741611582139E-01
   260 -1151.917398654      1148.09911     -2300.01651     0.2267147823229E-01
   261 -1151.913134341      1148.08549     -2299.99862     0.1893510859772E-01
   262 -1151.910315621      1148.06111     -2299.97142     0.1667819441733E-01
   263 -1151.909019031      1148.03059     -2299.93961     0.1618150351024E-01
   264 -1151.919055551      1147.98579     -2299.90485     0.2573906202468E-01
   265 -1151.946887758      1147.92276     -2299.86965     0.5478133812437E-01
   266 -1151.989459127      1147.89502     -2299.88448     0.9740747718947E-01
   267 -1152.042970894      1147.97056     -2300.01353     0.1172390519996
   268 -1152.022739531      1148.40354     -2300.42628     0.1167825682416
   269 -1151.885791726      1148.91575     -2300.80154     0.1166118978182
   270 -1152.058840356      1148.02779     -2300.08663     0.1206031222892
   271 -1152.052616473      1147.93542     -2299.98804     0.1217901310543
   272 -1152.012255165      1147.80156     -2299.81382     0.1217354834541
   273 -1151.974853119      1147.76499     -2299.73984     0.1096517132657
   274 -1151.956231718      1147.74928     -2299.70551     0.9849297920396E-01
   275 -1151.953347716      1147.74270     -2299.69604     0.9608651941539E-01
   276 -1151.959341601      1147.76962     -2299.72896     0.1012387310864
   277 -1151.972134704      1147.83786     -2299.81000     0.1143018572638
   278 -1151.997700172      1147.92283     -2299.92053     0.1372968099767
   279 -1152.041333896      1148.02270     -2300.06403     0.1617683689950
   280 -1152.089393822      1148.22823     -2300.31762     0.1687632514537
   281 -1152.067334161      1148.76598     -2300.83331     0.1714430890463
   282 -1151.955927477      1149.33651     -2301.29244     0.1725686256010
   283 -1152.084147909      1148.74285     -2300.82700     0.1691590885025
   284 -1152.057952409      1148.62336     -2300.68131     0.1670033759031
   285 -1152.005225656      1148.68272     -2300.68794     0.1568417811496
   286 -1151.960274784      1148.81732     -2300.77760     0.1269792883187
   287 -1151.933280177      1148.92469     -2300.85797     0.1074988164136
   288 -1151.923034433      1148.97612     -2300.89916     0.9934526961733E-01
   289 -1151.921180203      1149.00586     -2300.92704     0.1006662907278
   290 -1151.928225075      1149.02335     -2300.95157     0.1116198931371
   291 -1151.951450752      1149.01118     -2300.96263     0.1340816860399
   292 -1151.993883626      1148.98315     -2300.97703     0.1665489601089
   293 -1152.045506457      1149.01781     -2301.06332     0.1822842448490
   294 -1152.055343367      1149.29190     -2301.34724     0.1890181174096
   295 -1151.916647627      1149.84394     -2301.76059     0.1944483996609
   296 -1152.071188848      1149.06498     -2301.13617     0.1947749694512
   297 -1152.076897076      1148.70253     -2300.77943     0.1922909033549
   298 -1152.032167299      1148.45959     -2300.49176     0.1780732304134
   299 -1151.989544062      1148.36562     -2300.35516     0.1428207659545
   300 -1151.963724261      1148.30407     -2300.26780     0.1145621154889
   301 -1151.952793616      1148.24851     -2300.20130     0.9563855865875E-01
   302 -1151.946518677      1148.23335     -2300.17987     0.8295676294896E-01
   303 -1151.939637520      1148.27004     -2300.20968     0.7688349384646E-01
   304 -1151.940886699      1148.30089     -2300.24177     0.7958730247395E-01
   305 -1151.961334715      1148.27898     -2300.24032     0.9375602874665E-01
   306 -1151.993044533      1148.27292     -2300.26596     0.1176098006120
   307 -1152.027162100      1148.37169     -2300.39885     0.1269909250755
   308 -1152.026114719      1148.69706     -2300.72318     0.1241406054208
   309 -1151.880298472      1149.30348     -2301.18378     0.1198901261024
   310 -1152.030081476      1148.59516     -2300.62524     0.1177410335087
   311 -1152.041125829      1148.48266     -2300.52378     0.1184272946248
   312 -1151.949332338      1148.32425     -2300.27358     0.9788634737659E-01
   313 -1151.917120419      1148.17527     -2300.09239     0.6005071397183E-01
   314 -1151.921926461      1147.92485     -2299.84678     0.4767227686227E-01
   315 -1151.915178271      1147.79513     -2299.71031     0.4732876498269E-01
   316 -1151.908168340      1147.75697     -2299.66514     0.5535693636479E-01
   317 -1151.914448534      1147.76021     -2299.67466     0.7226201257978E-01
   318 -1151.944772880      1147.75507     -2299.69984     0.9918062453495E-01
   319 -1151.995213054      1147.78450     -2299.77971     0.1345143375617
   320 -1152.049226631      1147.95762     -2300.00685     0.1512438493028
   321 -1152.067732463      1148.38338     -2300.45112     0.1561007617335
   322 -1151.915883182      1149.16341     -2301.07929     0.1611519414746
   323 -1152.067105719      1148.49008     -2300.55718     0.1692261310712
   324 -1152.085894540      1148.05334     -2300.13923     0.1748390209532
   325 -1152.013980691      1147.94386     -2299.95784     0.1669246142104
   326 -1151.960102765      1147.99532     -2299.95543     0.1275054196071
   327 -1151.940569694      1148.04732     -2299.98789     0.1010932747955
   328 -1151.939181509      1148.12938     -2300.06856     0.8762482450398E-01
   329 -1151.937388078      1148.30870     -2300.24609     0.8302486501387E-01
   330 -1151.919270149      1148.58697     -2300.50624     0.8610343558732E-01
   331 -1151.920166518      1148.73441     -2300.65457     0.9768499586252E-01
   332 -1151.964325054      1148.65167     -2300.61599     0.1203209914397
   333 -1151.997847287      1148.64673     -2300.64457     0.1551283487311
   334 -1152.031336011      1148.80176     -2300.83309     0.1788413707091
   335 -1152.030718338      1149.21288     -2301.24359     0.1859822210758
   336 -1151.843295613      1149.94923     -2301.79252     0.1917770313677
   337 -1152.073726831      1148.94992     -2301.02365     0.1918878323600
   338 -1152.037080523      1148.73159     -2300.76867     0.1812926615101
   339 -1151.977127701      1148.78852     -2300.76564     0.1370768015550
   340 -1151.946743446      1148.76772     -2300.71446     0.1047229038127
   341 -1151.952742038      1148.58224     -2300.53498     0.8726803590690E-01
   342 -1151.943960344      1148.45943     -2300.40339     0.7954988229483E-01
   343 -1151.928925617      1148.40016     -2300.32909     0.7870340617739E-01
   344 -1151.932015108      1148.31730     -2300.24931     0.8440550888352E-01
   345 -1151.953385354      1148.22835     -2300.18173     0.9778094796466E-01
   346 -1151.985781064      1148.20965     -2300.19543     0.1223334126968
   347 -1152.024451882      1148.32033     -2300.34478     0.1618820740829
   348 -1152.058432475      1148.58136     -2300.63979     0.1876093847526
   349 -1152.065596971      1148.97452     -2301.04012     0.1822169147505
   350 -1151.867060869      1149.63805     -2301.50512     0.1766512620473
   351 -1152.078760758      1148.56565     -2300.64441     0.1736144583007
   352 -1152.009490089      1148.26029     -2300.26978     0.1593203256129
   353 -1151.957125291      1148.11463     -2300.07176     0.1033848648408
   354 -1151.932574390      1148.03728     -2299.96986     0.7021892027126E-01
   355 -1151.922246418      1148.04444     -2299.96669     0.5440484743308E-01
   356 -1151.911927787      1148.14718     -2300.05911     0.4783000092109E-01
   357 -1151.892134041      1148.28503     -2300.17717     0.4668825229464E-01
   358 -1151.904538851      1148.22205     -2300.12659     0.5001431485615E-01
   359 -1151.927865347      1148.04370     -2299.97157     0.5839640222750E-01
   360 -1151.933647438      1147.92583     -2299.85947     0.7548366333965E-01
   361 -1151.949473561      1147.83505     -2299.78452     0.1049677550399
   362 -1151.989948486      1147.76468     -2299.75463     0.1482690654627
   363 -1152.047702891      1147.81482     -2299.86252     0.1608205365982
   364 -1152.067067603      1148.20915     -2300.27622     0.1620130515842
   365 -1151.866609894      1149.13276     -2300.99937     0.1632884185289
   366 -1152.064743926      1148.39510     -2300.45984     0.1715453236114
   367 -1152.034948708      1148.11220     -2300.14714     0.1795230749254
   368 -1152.004114323      1147.89277     -2299.89688     0.1491654573603
   369 -1151.962963800      1147.80045     -2299.76341     0.1103803599502
   370 -1151.932109897      1147.75726     -2299.68937     0.8766635464385E-01
   371 -1151.916999094      1147.74437     -2299.66137     0.7510905804625E-01
   372 -1151.913936918      1147.78953     -2299.70347     0.6939953763065E-01
   373 -1151.921836670      1147.91059     -2299.83242     0.6918725549060E-01
   374 -1151.931462803      1148.13114     -2300.06260     0.7452206393565E-01
   375 -1151.926797480      1148.44005     -2300.36685     0.8675939338278E-01
   376 -1151.943201413      1148.61344     -2300.55664     0.1092124672644
   377 -1151.990999685      1148.59449     -2300.58549     0.1473994825258
   378 -1152.032683080      1148.62590     -2300.65858     0.1821539033632
   379 -1152.062594716      1148.84153     -2300.90412     0.1829244057808
   380 -1151.909559019      1149.61675     -2301.52631     0.1859595673941
   381 -1152.015816435      1149.22396     -2301.23978     0.1885123171939
   382 -1152.065340195      1148.78134     -2300.84668     0.1910317757868
   383 -1152.016839919      1148.74037     -2300.75721     0.1736807892057
   384 -1151.960900188      1148.91310     -2300.87400     0.1218810390921
   385 -1151.931206269      1148.97284     -2300.90405     0.9243073032617E-01
   386 -1151.933633252      1148.82167     -2300.75531     0.7627462470457E-01
   387 -1151.924994059      1148.66239     -2300.58739     0.6827122849838E-01
   388 -1151.913774926      1148.52944     -2300.44322     0.6572140588084E-01
   389 -1151.910365325      1148.43502     -2300.34538     0.6814440952590E-01
   390 -1151.920541825      1148.38567     -2300.30621     0.7587564598074E-01
   391 -1151.946436786      1148.39562     -2300.34206     0.9075692037005E-01
   392 -1151.980412374      1148.50443     -2300.48484     0.1171047455204
   393 -1152.006291219      1148.73833     -2300.74462     0.1623215325998
   394 -1152.049172279      1148.93486     -2300.98404     0.1934378136742
   395 -1152.083664486      1149.13392     -2301.21758     0.1870940225214
   396 -1151.855604960      1149.81178     -2301.66738     0.1809832376990
   397 -1152.075798543      1148.64050     -2300.71630     0.1772920756891
   398 -1152.012985301      1148.26363     -2300.27662     0.1707113308667
   399 -1151.959028134      1148.14229     -2300.10132     0.1257231067144
   400 -1151.937422213      1148.12925     -2300.06667     0.9589373888820E-01
   401 -1151.930460524      1148.21573     -2300.14619     0.7930420178752E-01
   402 -1151.909895487      1148.41226     -2300.32215     0.7048674718687E-01
   403 -1151.885893498      1148.53469     -2300.42058     0.6637252169804E-01
   404 -1151.907862976      1148.32444     -2300.23231     0.6571134260534E-01
   405 -1151.920227024      1148.08012     -2300.00035     0.6935495670482E-01
   406 -1151.920461111      1147.84518     -2299.76564     0.7994407643101E-01
   407 -1151.929152739      1147.70894     -2299.63809     0.9899136633588E-01
   408 -1151.961566653      1147.64860     -2299.61016     0.1323288054075
   409 -1152.022699844      1147.69778     -2299.72048     0.1670232344708
   410 -1152.090835878      1147.97988     -2300.07071     0.1678658972749
   411 -1151.990418589      1148.90594     -2300.89636     0.1689332980000
   412 -1151.950597910      1149.18176     -2301.13236     0.1718198598040
   413 -1152.080656943      1148.31838     -2300.39903     0.1765745811759
   414 -1152.043950180      1147.85943     -2299.90338     0.1756605249884
   415 -1151.983761154      1147.65570     -2299.63946     0.1286351849564
   416 -1151.938766349      1147.59349     -2299.53225     0.9478095283893E-01
   417 -1151.917074235      1147.61608     -2299.53316     0.7577974392027E-01
   418 -1151.916324248      1147.71204     -2299.62837     0.6585023752928E-01
   419 -1151.926708946      1147.89895     -2299.82566     0.6216438776305E-01
   420 -1151.926689970      1148.20388     -2300.13057     0.6371240389107E-01
   421 -1151.906293707      1148.52833     -2300.43463     0.7062586275798E-01
   422 -1151.933383611      1148.51981     -2300.45319     0.8429070755590E-01
   423 -1151.971652240      1148.34563     -2300.31729     0.1070483121475
   424 -1151.995843243      1148.27604     -2300.27188     0.1482739247568
   425 -1152.032251203      1148.36104     -2300.39330     0.1815699204469
   426 -1152.055832290      1148.73036     -2300.78619     0.1847862830641
   427 -1151.845999004      1149.72769     -2301.57369     0.1903873989381
   428 -1152.082763568      1148.95744     -2301.04020     0.1910043531204
   429 -1152.055659188      1148.87952     -2300.93518     0.1901180604422
   430 -1151.975036129      1149.05154     -2301.02657     0.1453233654017
   431 -1151.950036392      1148.93730     -2300.88734     0.1040914741336
   432 -1151.950481896      1148.63603     -2300.58652     0.8129944402781E-01
   433 -1151.927824929      1148.43736     -2300.36519     0.6869482995691E-01
   434 -1151.907407476      1148.33465     -2300.24206     0.6293660226846E-01
   435 -1151.904211249      1148.29938     -2300.20359     0.6295551112265E-01
   436 -1151.918764792      1148.32568     -2300.24444     0.6862896847910E-01
   437 -1151.945634518      1148.42057     -2300.36620     0.8130612262731E-01
   438 -1151.974039038      1148.59257     -2300.56661     0.1045029896088
   439 -1151.987068439      1148.82159     -2300.80866     0.1447202256220
   440 -1152.032144813      1148.86453     -2300.89668     0.1967657219565
   441 -1152.097711724      1148.80610     -2300.90382     0.1945289850717
   442 -1151.937590574      1149.39230     -2301.32989     0.1884633521623
   443 -1152.021222109      1148.90047     -2300.92169     0.1832934878216
   444 -1152.055338764      1148.36102     -2300.41636     0.1799159728143
   445 -1151.992938569      1148.20038     -2300.19332     0.1637568249557
   446 -1151.954787605      1148.21926     -2300.17405     0.1097185380673
   447 -1151.941990042      1148.28222     -2300.22421     0.7952122419454E-01
   448 -1151.927572587      1148.39974     -2300.32731     0.6391612278672E-01
   449 -1151.890677480      1148.53063     -2300.42131     0.5667370761952E-01
   450 -1151.903833659      1148.33802     -2300.24186     0.5487304036664E-01
   451 -1151.924630072      1148.05475     -2299.97938     0.5876229715923E-01
   452 -1151.925354336      1147.86544     -2299.79079     0.7034495753581E-01
   453 -1151.931993816      1147.79814     -2299.73013     0.9147300630275E-01
   454 -1151.958337511      1147.80511     -2299.76345     0.1267777118693
   455 -1152.012433050      1147.86633     -2299.87877     0.1712323682074
   456 -1152.085125305      1148.04897     -2300.13410     0.1784098875604
   457 -1152.039720245      1148.74367     -2300.78339     0.1795428364575
   458 -1151.899499923      1149.35227     -2301.25177     0.1802071409080
   459 -1152.065356113      1148.42324     -2300.48860     0.1806950559173
   460 -1152.077159561      1148.00015     -2300.07731     0.1792429265635
   461 -1152.006955504      1147.74510     -2299.75206     0.1637066325313
   462 -1151.937556726      1147.74615     -2299.68371     0.1321259510781
   463 -1151.898072327      1147.79477     -2299.69284     0.1151545315869
   464 -1151.889854808      1147.81276     -2299.70261     0.1109326433053
   465 -1151.905978505      1147.82007     -2299.72605     0.1179569105957
   466 -1151.944623664      1147.86223     -2299.80685     0.1368644777474
   467 -1152.011183008      1147.99543     -2300.00662     0.1646927027462
   468 -1152.078343587      1148.36438     -2300.44272     0.1735277072994
   469 -1152.005916948      1149.28294     -2301.28886     0.1757615351058
   470 -1151.901474047      1149.84312     -2301.74459     0.1789122959338
   471 -1152.090686307      1148.80218     -2300.89287     0.1784034914798
   472 -1152.069529204      1148.43460     -2300.50413     0.1761548080757
   473 -1151.989960497      1148.21092     -2300.20088     0.1652071779038
   474 -1151.931544323      1148.14083     -2300.07237     0.1295805245920
   475 -1151.904865081      1148.13447     -2300.03933     0.1035782770978
   476 -1151.907604668      1148.16442     -2300.07202     0.9108962985953E-01
   477 -1151.934194933      1148.24603     -2300.18022     0.8833608532803E-01
   478 -1151.966984159      1148.44720     -2300.41418     0.9409552247738E-01
   479 -1151.944004114      1148.88672     -2300.83073     0.1097938708663
   480 -1151.936021073      1149.07625     -2301.01227     0.1393792989999
   481 -1152.052039923      1148.63121     -2300.68325     0.1833052805266
   482 -1152.083613378      1148.53088     -2300.61450     0.1964960448028
   483 -1152.018836178      1148.94368     -2300.96252     0.1890949251694
   484 -1151.855650168      1149.42061     -2301.27626     0.1747869634173
   485 -1152.031328370      1148.47986     -2300.51119     0.1675462675212
   486 -1151.981119892      1148.28828     -2300.26940     0.1707321843781
   487 -1151.953636488      1148.31125     -2300.26488     0.1292313140212
   488 -1151.954142895      1148.41133     -2300.36547     0.9911626656795E-01
   489 -1151.954536466      1148.61751     -2300.57205     0.8336516148002E-01
   490 -1151.888069619      1148.99364     -2300.88171     0.7729758618278E-01
   491 -1151.916085907      1148.80899     -2300.72508     0.7963879063126E-01
   492 -1151.964590838      1148.38719     -2300.35178     0.9106397395042E-01
   493 -1151.961006738      1148.14789     -2300.10889     0.1179327674169
   494 -1151.970274045      1148.07844     -2300.04871     0.1579839799473
   495 -1152.006309147      1148.12923     -2300.13554     0.1671941617393
   496 -1152.028660224      1148.43067     -2300.45933     0.1664419146517
   497 -1151.861298940      1149.20934     -2301.07064     0.1764131948146
   498 -1152.067396035      1148.45975     -2300.52715     0.1881275731795
   499 -1152.081913226      1148.20313     -2300.28504     0.1908854674573
   500 -1152.004471560      1148.43147     -2300.43594     0.1646357504949
   501 -1151.909859512      1148.63339     -2300.54325     0.1251778483665
   502 -1151.971942910      1148.10881     -2300.08075     0.1011849316352
   503 -1151.957746889      1147.90941     -2299.86716     0.9444696181027E-01
   504 -1151.924245694      1147.83449     -2299.75874     0.9469513603677E-01
   505 -1151.906914490      1147.83331     -2299.74022     0.1038622918129
   506 -1151.915615163      1147.84121     -2299.75682     0.1238960417817
   507 -1151.952065766      1147.85899     -2299.81105     0.1567302947979
   508 -1152.015423924      1147.94928     -2299.96471     0.1747982039044
   509 -1152.077604524      1148.27356     -2300.35116     0.1822333304882
   510 -1151.961631338      1149.21271     -2301.17434     0.1852086962747
   511 -1152.012851238      1149.27186     -2301.28471     0.1827418727939
   512 -1152.042672153      1148.86471     -2300.90739     0.1802669358261
   513 -1152.040641416      1148.31511     -2300.35575     0.1709099065495
   514 -1151.974870556      1148.13721     -2300.11208     0.1291790850099
   515 -1151.921877516      1148.06719     -2299.98907     0.9936164567493E-01
   516 -1151.893747233      1148.02971     -2299.92346     0.8346875290285E-01
   517 -1151.887430465      1148.01897     -2299.90640     0.7686801505355E-01
   518 -1151.902986740      1148.04049     -2299.94348     0.7760693696460E-01
   519 -1151.938685307      1148.11628     -2300.05496     0.8558176161266E-01
   520 -1151.978337648      1148.32446     -2300.30280     0.1032151123151
   521 -1151.963635167      1148.76653     -2300.73016     0.1350228078192
   522 -1152.000870083      1148.89823     -2300.89910     0.1797854374302
   523 -1152.103996568      1148.67637     -2300.78037     0.1949760707307
   524 -1152.022144350      1149.07062     -2301.09276     0.1973783883964
   525 -1151.907674092      1149.27723     -2301.18491     0.1907258629355
   526 -1152.039477135      1148.36162     -2300.40110     0.1759695496361
   527 -1152.010620462      1148.21339     -2300.22401     0.1772535987547
   528 -1151.981659592      1148.18494     -2300.16660     0.1582145834059
   529 -1151.975895120      1148.28042     -2300.25631     0.1195027825613
   530 -1151.970468420      1148.52838     -2300.49885     0.9653274683961E-01
   531 -1151.895457629      1148.97611     -2300.87157     0.8488219865447E-01
   532 -1151.915903397      1148.84717     -2300.76307     0.8154709117344E-01
   533 -1151.964029297      1148.41332     -2300.37735     0.8707160760708E-01
   534 -1151.948998021      1148.19984     -2300.14884     0.1038704243845
   535 -1151.946098989      1148.13864     -2300.08474     0.1341278447517
   536 -1151.974373497      1148.16333     -2300.13771     0.1638909866957
   537 -1152.023431564      1148.32486     -2300.34829     0.1644833403255
   538 -1151.991367833      1148.88979     -2300.88116     0.1773679864500
   539 -1151.903871933      1149.34596     -2301.24983     0.1919255448957
   540 -1152.104177461      1148.57383     -2300.67800     0.1972199025823
   541 -1152.077810449      1148.57876     -2300.65657     0.1935714148211
   542 -1151.939341415      1148.88436     -2300.82370     0.1638807630382
   543 -1151.983805188      1148.40626     -2300.39006     0.1252741403754
   544 -1151.977124456      1148.07048     -2300.04760     0.1074395948519
   545 -1151.934398408      1147.92775     -2299.86215     0.9852498134443E-01
   546 -1151.906963735      1147.91170     -2299.81867     0.1001307358896
   547 -1151.901567043      1147.94055     -2299.84212     0.1118520158456
   548 -1151.923951162      1147.95400     -2299.87795     0.1355540619018
   549 -1151.977923278      1147.95945     -2299.93737     0.1658614920904
   550 -1152.055013809      1148.06932     -2300.12433     0.1840820015171
   551 -1152.085013531      1148.56790     -2300.65291     0.1897808460565
   552 -1151.891637722      1149.61833     -2301.50996     0.1895062325863
   553 -1151.986657226      1149.14469     -2301.13134     0.1846191534272
   554 -1152.097535578      1148.27841     -2300.37594     0.1840650390204
   555 -1151.999222380      1148.01593     -2300.01515     0.1638326763362
   556 -1151.931834084      1148.01746     -2299.94930     0.1083356175934
   557 -1151.906523259      1148.03308     -2299.93960     0.7869347998219E-01
   558 -1151.908843253      1148.04761     -2299.95646     0.6441290981301E-01
   559 -1151.922618929      1148.11638     -2300.03899     0.5854781414273E-01
   560 -1151.922064537      1148.32092     -2300.24299     0.5819970034545E-01
   561 -1151.883534684      1148.60592     -2300.48945     0.6323695900133E-01
   562 -1151.928398263      1148.43632     -2300.36472     0.7505964304551E-01
   563 -1151.964618795      1148.20234     -2300.16696     0.8978177458129E-01
   564 -1151.975490673      1148.07007     -2300.04556     0.1263877591795
   565 -1151.997784344      1148.07935     -2300.07714     0.1737502127759
   566 -1152.045163584      1148.19277     -2300.23793     0.1772096900435
   567 -1152.007653081      1148.73053     -2300.73819     0.1791519837320
   568 -1151.874603647      1149.25358     -2301.12818     0.1858407425120
   569 -1152.098274613      1148.32556     -2300.42384     0.1936538014390
   570 -1152.030707728      1148.39728     -2300.42798     0.1725071199720
   571 -1151.940230443      1148.66931     -2300.60954     0.1168044921164
   572 -1151.946432458      1148.51034     -2300.45677     0.8451547956708E-01
   573 -1151.937969689      1148.33963     -2300.27760     0.6864556543395E-01
   574 -1151.906014390      1148.26580     -2300.17181     0.5923204469879E-01
   575 -1151.885549973      1148.21379     -2300.09934     0.5537400680697E-01
   576 -1151.883435934      1148.16914     -2300.05258     0.5622687412674E-01
   577 -1151.898920694      1148.15815     -2300.05707     0.6164393117704E-01
   578 -1151.929406545      1148.20231     -2300.13171     0.7225599712670E-01
   579 -1151.964250778      1148.36772     -2300.33198     0.9252637027129E-01
   580 -1151.964664754      1148.69383     -2300.65849     0.1270746653869
   581 -1152.010399117      1148.78995     -2300.80035     0.1831436643796
   582 -1152.101111434      1148.66788     -2300.76899     0.1994941094478
   583 -1152.026651434      1149.11568     -2301.14233     0.1964990754082
   584 -1151.881291674      1149.42380     -2301.30509     0.1915622852072
   585 -1152.055500570      1148.33391     -2300.38941     0.1881090039503
   586 -1152.065330202      1148.33344     -2300.39877     0.1938224444117
   587 -1152.035213884      1148.86501     -2300.90022     0.1985029935744
   588 -1151.847944228      1149.45386     -2301.30181     0.1962944528653
   589 -1152.067982958      1148.36495     -2300.43293     0.1969572689322
   590 -1152.009738629      1148.16650     -2300.17624     0.1645617178412
   591 -1151.974941997      1148.20513     -2300.18008     0.1077987701437
   592 -1151.951214250      1148.37493     -2300.32615     0.7696017391194E-01
   593 -1151.909485680      1148.63306     -2300.54254     0.5978218241333E-01
   594 -1151.898485996      1148.65966     -2300.55814     0.5027725823621E-01
   595 -1151.919036011      1148.43118     -2300.35021     0.4638422228655E-01
   596 -1151.911108333      1148.27652     -2300.18763     0.4683251055144E-01
   597 -1151.898665987      1148.17876     -2300.07743     0.5148626767447E-01
   598 -1151.901777028      1148.10646     -2300.00824     0.6118506878138E-01
   599 -1151.924149738      1148.06341     -2299.98756     0.7806873324007E-01
   600 -1151.967436880      1148.07386     -2300.04130     0.1074197303328
   601 -1152.028891198      1148.19116     -2300.22005     0.1556388692185
   602 -1152.080886156      1148.52008     -2300.60096     0.1865215647486
   603 -1152.044122263      1149.18020     -2301.22432     0.1903996694976
   604 -1151.824764519      1149.79501     -2301.61978     0.1923409108329
   605 -1152.096040219      1148.29324     -2300.38928     0.1888027293151
   606 -1151.987810237      1147.98803     -2299.97584     0.1376317710719
   607 -1151.933558342      1147.92896     -2299.86252     0.8682029281922E-01
   608 -1151.914235221      1147.94019     -2299.85443     0.6286851897568E-01
   609 -1151.913910124      1148.00835     -2299.92226     0.5051199022409E-01
   610 -1151.914923525      1148.15870     -2300.07363     0.4401957552634E-01
   611 -1151.891687929      1148.39754     -2300.28923     0.4124814878110E-01
   612 -1151.885338614      1148.45251     -2300.33785     0.4151544527432E-01
   613 -1151.914776608      1148.23059     -2300.14537     0.4485108730411E-01
   614 -1151.919219772      1148.08836     -2300.00758     0.5117263423745E-01
   615 -1151.919098408      1147.99415     -2299.91325     0.6454915543738E-01
   616 -1151.933443184      1147.96523     -2299.89868     0.8610136575350E-01
   617 -1151.971183210      1147.99372     -2299.96491     0.1225740383592
   618 -1152.035755828      1148.11455     -2300.15031     0.1811303947685
   619 -1152.104303994      1148.45117     -2300.55548     0.2003597449856
   620 -1151.989823090      1149.43604     -2301.42586     0.2006202770972
   621 -1151.928228229      1149.70598     -2301.63421     0.2007975654366
   622 -1152.097885612      1148.64340     -2300.74128     0.2029067872157
   623 -1152.040545136      1148.27937     -2300.31991     0.1857692830262
   624 -1151.974561294      1148.15366     -2300.12822     0.1216577847012
   625 -1151.932349375      1148.13730     -2300.06965     0.8471800352005E-01
   626 -1151.913772984      1148.17756     -2300.09134     0.6353522706418E-01
   627 -1151.913040727      1148.26373     -2300.17677     0.5110279704181E-01
   628 -1151.914487151      1148.42218     -2300.33667     0.4400315745435E-01
   629 -1151.891627832      1148.66427     -2300.55590     0.4054374058837E-01
   630 -1151.881564305      1148.73327     -2300.61483     0.3997583531860E-01
   631 -1151.909744254      1148.51065     -2300.42039     0.4226000054923E-01
   632 -1151.915601603      1148.39112     -2300.30672     0.4660827275797E-01
   633 -1151.913864323      1148.27141     -2300.18528     0.5867747359851E-01
   634 -1151.921436148      1148.23996     -2300.16139     0.7604702405121E-01
   635 -1151.949745788      1148.25507     -2300.20482     0.1038142373214
   636 -1152.001074144      1148.33345     -2300.33452     0.1498617998215
   637 -1152.063994189      1148.55028     -2300.61427     0.2108567498298
   638 -1152.079719589      1149.06927     -2301.14899     0.2074974888194
   639 -1151.847401478      1150.06908     -2301.91648     0.2024326948982
   640 -1152.075133491      1149.04537     -2301.12050     0.2050217709677
   641 -1152.068252231      1148.46620     -2300.53445     0.2051458962509
   642 -1151.996891189      1148.20227     -2300.19916     0.1593552939954
   643 -1151.946746660      1148.10699     -2300.05374     0.1118737450642
   644 -1151.923876062      1148.08230     -2300.00618     0.8379467379884E-01
   645 -1151.921591122      1148.10867     -2300.03026     0.6680813098472E-01
   646 -1151.925442590      1148.21198     -2300.13743     0.5642929831247E-01
   647 -1151.906421375      1148.42945     -2300.33587     0.5041752346536E-01
   648 -1151.877545021      1148.56569     -2300.44324     0.4767568403195E-01
   649 -1151.911269338      1148.30800     -2300.21927     0.4783660443974E-01
   650 -1151.917552272      1148.07577     -2299.99333     0.5120115189226E-01
   651 -1151.906105301      1147.97461     -2299.88071     0.5853172077323E-01
   652 -1151.906040035      1147.94962     -2299.85566     0.7062255764527E-01
   653 -1151.925663966      1147.96574     -2299.89140     0.8921154677219E-01
   654 -1151.964289291      1148.03198     -2299.99627     0.1182188203866
   655 -1152.015418397      1148.19388     -2300.20930     0.1638369314572
   656 -1152.054184793      1148.53124     -2300.58542     0.1975763540348
   657 -1152.045730695      1149.03791     -2301.08365     0.1964573089815
   658 -1151.880760090      1149.67280     -2301.55356     0.1916875702426
   659 -1152.074479758      1148.70852     -2300.78299     0.1955312809129
   660 -1152.089465865      1148.55410     -2300.64357     0.1974761478016
   661 -1152.021334350      1148.34001     -2300.36135     0.1709052088363
   662 -1151.969842276      1148.36088     -2300.33072     0.1063685049164
   663 -1151.940983811      1148.33878     -2300.27977     0.7174119580220E-01
   664 -1151.921850325      1148.27709     -2300.19894     0.5059118551754E-01
   665 -1151.906122292      1148.21753     -2300.12365     0.3678244892864E-01
   666 -1151.894175158      1148.18884     -2300.08301     0.2764029639474E-01
   667 -1151.887968418      1148.20272     -2300.09069     0.2181232777203E-01
   668 -1151.886761774      1148.26222     -2300.14898     0.1859744499781E-01
   669 -1151.886398298      1148.36030     -2300.24670     0.1761863842083E-01
   670 -1151.885165119      1148.46119     -2300.34636     0.1867582016843E-01
   671 -1151.888828088      1148.49735     -2300.38618     0.2179277200693E-01
   672 -1151.898423268      1148.44947     -2300.34789     0.2721670432248E-01
   673 -1151.909338474      1148.36845     -2300.27779     0.3601100201062E-01
   674 -1151.921886155      1148.30351     -2300.22540     0.4973730797917E-01
   675 -1151.939808559      1148.28277     -2300.22258     0.7039187182194E-01
   676 -1151.964829364      1148.32226     -2300.28709     0.1003202339609
   677 -1151.992116750      1148.44119     -2300.43331     0.1402577878681
   678 -1152.010158177      1148.65371     -2300.66387     0.1784242834890
   679 -1152.008179489      1148.92437     -2300.93255     0.1859507669405
   680 -1151.983636551      1149.14847     -2301.13211     0.1835981576891
   681 -1151.962620506      1149.26010     -2301.22272     0.1854797419428
   682 -1151.968625527      1149.36920     -2301.33783     0.1881784781889
   683 -1151.958677240      1149.46416     -2301.42284     0.1921166989112
   684 -1152.069547039      1148.90846     -2300.97800     0.1986368859021
   685 -1152.074264438      1148.60272     -2300.67698     0.2009881932513
   686 -1152.032454014      1148.50038     -2300.53284     0.1712208995656
   687 -1151.988454098      1148.50242     -2300.49088     0.1247667388649
   688 -1151.957273503      1148.48087     -2300.43815     0.9170561374098E-01
   689 -1151.940138585      1148.38648     -2300.32662     0.7197274850752E-01
   690 -1151.928996205      1148.25772     -2300.18671     0.6236768302201E-01
   691 -1151.921372501      1148.13993     -2300.06130     0.5971601457213E-01
   692 -1151.919987656      1148.05661     -2299.97660     0.6183508777108E-01
   693 -1151.927581253      1148.01631     -2299.94389     0.6845464050745E-01
   694 -1151.943703155      1148.02302     -2299.96673     0.8098213358098E-01
   695 -1151.966122528      1148.07096     -2300.03709     0.1022223439168
   696 -1151.999294856      1148.12393     -2300.12323     0.1333503607594
   697 -1152.051541838      1148.15390     -2300.20544     0.1551770197223
   698 -1152.084973599      1148.31704     -2300.40201     0.1542002084925
   699 -1151.929202422      1148.91862     -2300.84782     0.1485354567878
   700 -1152.067562879      1148.17171     -2300.23927     0.1427650403301
   701 -1152.058922093      1147.87735     -2299.93628     0.1403820494348
   702 -1152.000691078      1147.80745     -2299.80814     0.1239834994694
   703 -1151.956056517      1147.88356     -2299.83962     0.8343200497437E-01
   704 -1151.925473312      1147.99526     -2299.92073     0.5793378203917E-01
   705 -1151.909045926      1148.05565     -2299.96470     0.4487355513480E-01
   706 -1151.904182699      1148.03987     -2299.94405     0.4007333760720E-01
   707 -1151.903931220      1147.99064     -2299.89457     0.4140640860792E-01
   708 -1151.908185588      1147.94813     -2299.85632     0.4852181371160E-01
   709 -1151.921240156      1147.93611     -2299.85735     0.6268609168604E-01
   710 -1151.947437010      1147.96868     -2299.91612     0.8722714341851E-01
   711 -1151.988893291      1148.06146     -2300.05035     0.1272521363359
   712 -1152.043398883      1148.23780     -2300.28119     0.1696844365967
   713 -1152.083272406      1148.57822     -2300.66149     0.1807203535487
   714 -1151.976761745      1149.25636     -2301.23312     0.1858253021344
   715 -1152.076837799      1148.78652     -2300.86336     0.1873664932684
   716 -1152.083221615      1148.36309     -2300.44631     0.1882309557482
   717 -1152.028294998      1148.16742     -2300.19572     0.1822066871837
   718 -1151.986155122      1148.12227     -2300.10842     0.1310008008559
   719 -1151.961675933      1148.16492     -2300.12660     0.9985128037060E-01
   720 -1151.946734009      1148.27113     -2300.21786     0.8151450329427E-01
   721 -1151.934122447      1148.40603     -2300.34016     0.7077759327295E-01
   722 -1151.926326019      1148.49762     -2300.42395     0.6494739705161E-01
   723 -1151.927537075      1148.49865     -2300.42619     0.6279087942595E-01
   724 -1151.931436389      1148.45364     -2300.38508     0.6404366576407E-01
   725 -1151.935144848      1148.42579     -2300.36093     0.6899337485521E-01
   726 -1151.942317303      1148.44889     -2300.39121     0.7814697391444E-01
   727 -1151.956359944      1148.53828     -2300.49464     0.9205811798855E-01
   728 -1151.976065278      1148.70502     -2300.68109     0.1111755875226
   729 -1151.995451135      1148.94976     -2300.94521     0.1354926852562
   730 -1152.010337733      1149.22883     -2301.23917     0.1613925550509
   731 -1152.013427566      1149.49983     -2301.51325     0.1754402626589
   732 -1151.932874122      1149.87854     -2301.81141     0.1760335868010
   733 -1152.001416069      1149.50088     -2301.50229     0.1795690429587
   734 -1152.056657417      1148.93902     -2300.99568     0.1852795509394
   735 -1152.030861446      1148.61155     -2300.64241     0.1832337187834
   736 -1151.998566540      1148.47484     -2300.47340     0.1447022612379
   737 -1151.974889354      1148.44547     -2300.42036     0.1121050333277
   738 -1151.955933053      1148.47296     -2300.42889     0.9106208502315E-01
   739 -1151.941090638      1148.48510     -2300.42619     0.7868877791876E-01
   740 -1151.936872835      1148.40713     -2300.34401     0.7280678621795E-01
   741 -1151.940772012      1148.25155     -2300.19232     0.7248053533279E-01
   742 -1151.946530802      1148.09032     -2300.03685     0.7788570865054E-01
   743 -1151.956784786      1147.97248     -2299.92927     0.9045951198501E-01
   744 -1151.978177459      1147.91876     -2299.89694     0.1131999341664
   745 -1152.015344724      1147.94429     -2299.95964     0.1487221392572
   746 -1152.066222290      1148.07769     -2300.14391     0.1666143079816
   747 -1152.096399978      1148.41796     -2300.51436     0.1652097242536
   748 -1151.964557992      1149.12432     -2301.08888     0.1629436188665
   749 -1152.073150986      1148.55809     -2300.63124     0.1583647526048
   750 -1152.076474937      1148.09285     -2300.16933     0.1547730204614
   751 -1152.014437951      1147.84882     -2299.86326     0.1446937511637
   752 -1151.964261459      1147.76855     -2299.73281     0.1102202043772
   753 -1151.935079640      1147.77668     -2299.71176     0.8398064305635E-01
   754 -1151.921771630      1147.84460     -2299.76637     0.6941163660056E-01
   755 -1151.915853678      1147.95486     -2299.87072     0.6276384152411E-01
   756 -1151.911147113      1148.06740     -2299.97854     0.6212309834790E-01
   757 -1151.914182744      1148.09522     -2300.00940     0.6713535880631E-01
   758 -1151.932454465      1147.99470     -2299.92715     0.7880969066263E-01
   759 -1151.957984083      1147.85132     -2299.80930     0.9994679576217E-01
   760 -1151.990962077      1147.75822     -2299.74918     0.1353003766740
   761 -1152.039109349      1147.77698     -2299.81609     0.1619544978736
   762 -1152.086108270      1148.01185     -2300.09795     0.1646573623868
   763 -1152.006945885      1148.71399     -2300.72094     0.1684107024410
   764 -1152.044713362      1148.69612     -2300.74083     0.1699348080361
   765 -1152.081103762      1148.32908     -2300.41019     0.1709788792965
   766 -1152.032218737      1148.18260     -2300.21482     0.1715614795194
   767 -1151.994015928      1148.05360     -2300.04761     0.1330697062719
   768 -1151.964718309      1147.96520     -2299.92992     0.1010624230393
   769 -1151.941141326      1147.95273     -2299.89387     0.8217037770946E-01
   770 -1151.927028140      1148.01591     -2299.94294     0.7171076223027E-01
   771 -1151.923198534      1148.14588     -2300.06908     0.6717582391280E-01
   772 -1151.924945361      1148.33381     -2300.25876     0.6734253396608E-01
   773 -1151.925431164      1148.55581     -2300.48124     0.7178481034122E-01
   774 -1151.927807886      1148.73647     -2300.66428     0.8041630575829E-01
   775 -1151.944112703      1148.79946     -2300.74357     0.9324469516294E-01
   776 -1151.968641491      1148.80507     -2300.77371     0.1135965965022
   777 -1151.995820234      1148.86265     -2300.85847     0.1445876003292
   778 -1152.025140554      1149.04196     -2301.06710     0.1726063545927
   779 -1152.001434899      1149.49998     -2301.50142     0.1815767217024
   780 -1151.920080168      1149.95822     -2301.87830     0.1849198252622
   781 -1152.056300646      1149.38810     -2301.44440     0.1888275535336
   782 -1152.042538576      1149.20732     -2301.24986     0.1899456438596
   783 -1152.000749362      1149.04687     -2301.04762     0.1585449739757
   784 -1151.971642618      1148.85584     -2300.82748     0.1208699293829
   785 -1151.951626307      1148.65956     -2300.61119     0.9701453204054E-01
   786 -1151.936262708      1148.50333     -2300.43959     0.8315073123371E-01
   787 -1151.928231560      1148.40140     -2300.32963     0.7620428738010E-01
   788 -1151.929046566      1148.35247     -2300.28152     0.7476430829774E-01
   789 -1151.936276279      1148.34969     -2300.28596     0.7860966695088E-01
   790 -1151.946182301      1148.37344     -2300.31963     0.8871954664710E-01
   791 -1151.961163919      1148.37472     -2300.33589     0.1076456520382
   792 -1151.991281582      1148.30483     -2300.29611     0.1397861184191
   793 -1152.037654916      1148.21117     -2300.24882     0.1760873830376
   794 -1152.083347232      1148.24231     -2300.32566     0.1757580943082
   795 -1152.026206553      1148.69824     -2300.72445     0.1702314386475
   796 -1151.980573977      1148.82960     -2300.81018     0.1618341707449
   797 -1152.077247820      1148.16426     -2300.24151     0.1526232320153
   798 -1152.031857954      1148.04481     -2300.07667     0.1450140597164
   799 -1151.979689316      1148.07490     -2300.05459     0.1224409433446
   800 -1151.943652290      1148.09417     -2300.03782     0.9312746351446E-01
   801 -1151.926129226      1148.02598     -2299.95211     0.7457647547804E-01
   802 -1151.918316251      1147.90429     -2299.82260     0.6487701874682E-01
   803 -1151.913924539      1147.79441     -2299.70833     0.6173161112483E-01
   804 -1151.915792009      1147.72599     -2299.64178     0.6439812961827E-01
   805 -1151.927777853      1147.70663     -2299.63441     0.7336289558172E-01
   806 -1151.950520083      1147.73686     -2299.68738     0.9047866557708E-01
   807 -1151.982553635      1147.81355     -2299.79611     0.1187766554399
   808 -1152.024665722      1147.92119     -2299.94586     0.1508053103665
   809 -1152.076404118      1148.05771     -2300.13412     0.1623184706496
   810 -1152.067465841      1148.42079     -2300.48825     0.1698813944555
   811 -1151.954732875      1148.80140     -2300.75613     0.1759353534063
   812 -1152.086695748      1147.97201     -2300.05870     0.1770638905723
   813 -1152.055911301      1147.76862     -2299.82454     0.1782916672892
   814 -1152.008941308      1147.74317     -2299.75211     0.1540827497343
   815 -1151.975376751      1147.83063     -2299.80600     0.1141502565390
   816 -1151.951188015      1147.96649     -2299.91768     0.8983250905562E-01
   817 -1151.933884554      1148.08384     -2300.01772     0.7577625023870E-01
   818 -1151.926630994      1148.12820     -2300.05483     0.6846727694919E-01
   819 -1151.926466303      1148.11882     -2300.04529     0.6628391197063E-01
   820 -1151.927762708      1148.12188     -2300.04964     0.6866240179744E-01
   821 -1151.932039809      1148.17874     -2300.11078     0.7584472109507E-01
   822 -1151.943202237      1148.30083     -2300.24403     0.8871871374319E-01
   823 -1151.962209312      1148.48794     -2300.45015     0.1089433825491
   824 -1151.986722806      1148.73456     -2300.72129     0.1387592698028
   825 -1152.014074265      1149.01966     -2301.03374     0.1758050621936
   826 -1152.041322376      1149.31143     -2301.35275     0.1976545898487
   827 -1152.026259481      1149.69303     -2301.71929     0.2047215857119
   828 -1151.960115431      1149.98624     -2301.94636     0.2121850329864
   829 -1152.066751740      1149.382946924     -2301.449698664
$end
