$coord
   -0.30706988608359     -0.15483739551181      0.28657053635541      ti
    0.99932430628225     -2.88675419782713      2.04847913539080      o
   -2.09438140831881     -0.66732615932744     -2.17557381494405      o
    0.27882961359584      0.04938058655805     -3.99850651595671      h
   -0.88361641946579      2.71304926184493      2.09486149422420      o
   -2.19296010906817      3.99912612914494      1.80854930337254      h
    2.85347736876413      1.17833983851282     -2.63967290676659      o
    2.85147263486462      3.06903757050326     -2.65303019826772      h
   -0.23066734578980     -5.11354194840768      1.88989090962609      h
$redundant
     number_of_atoms             9
     degrees_of_freedom         21
     internal_coordinates       21
     frozen_coordinates          0
# definitions of redundant internals
   1 k  1.0000000000000 tors    4    3    1    2 val=  49.48334
        1.0000000000000 tors    4    3    1    5
        1.0000000000000 tors    4    3    1    7
        1.0000000000000 tors    4    3    1    9
   2 k  1.0000000000000 stre    3    4           val=   1.87078
   3 k  1.0000000000000 bend    1    4    3      val= 149.24767
   4 k  1.0000000000000 tors    6    5    1    2 val= 105.45238
        1.0000000000000 tors    6    5    1    3
        1.0000000000000 tors    6    5    1    7
        1.0000000000000 tors    6    5    1    9
   5 k  1.0000000000000 stre    5    6           val=   1.82950
   6 k  1.0000000000000 bend    1    6    5      val= 123.91561
   7 k  1.0000000000000 tors    8    7    1    2 val= 124.47741
        1.0000000000000 tors    8    7    1    3
        1.0000000000000 tors    8    7    1    5
        1.0000000000000 tors    8    7    1    9
   8 k  1.0000000000000 stre    7    8           val=   1.96910
   9 k  1.0000000000000 bend    1    8    7      val= 104.46309
  10 k  1.0000000000000 stre    1    3           val=   3.31039
  11 k  1.0000000000000 stre    1    5           val=   3.43076
  12 k  1.0000000000000 stre    1    7           val=   3.59940
  13 k -0.0920403801937 bend    5    3    1      val=  -7.36822
        0.0663523400027 bend    7    3    1
        0.3892796668441 bend    7    5    1
       -0.5829948872776 bend    2    3    1
        0.1018727344140 bend    2    5    1
        0.2906662074369 bend    2    7    1
       -0.5263595766795 bend    9    3    1
        0.2160239915634 bend    9    5    1
        0.2777023059394 bend    9    7    1
  14 k -0.3646927599266 bend    5    3    1      val=  35.23535
       -0.5007181217168 bend    7    3    1
       -0.0863449304267 bend    7    5    1
        0.1901977988535 bend    2    3    1
        0.3870761444755 bend    2    5    1
        0.3658249280420 bend    2    7    1
        0.2935178133522 bend    9    3    1
        0.3602544578371 bend    9    5    1
        0.2702926247550 bend    9    7    1
  15 k  0.4607924908182 bend    5    3    1      val=   2.04674
       -0.3036877126443 bend    7    3    1
        0.1006959061432 bend    7    5    1
       -0.0171739755072 bend    2    3    1
        0.5053094694783 bend    2    5    1
       -0.4387372933086 bend    2    7    1
       -0.1812592159047 bend    9    3    1
        0.3460465391245 bend    9    5    1
       -0.2908234164765 bend    9    7    1
  16 k  0.6187021955834 bend    5    3    1      val=  -2.04752
       -0.5242079080415 bend    7    3    1
       -0.0440509215574 bend    7    5    1
        0.0004906654853 bend    2    3    1
       -0.2547800845039 bend    2    5    1
        0.2919932943451 bend    2    7    1
       -0.0638121643938 bend    9    3    1
       -0.3094940358101 bend    9    5    1
        0.3007347867397 bend    9    7    1
  17 k -0.1852939309695 bend    5    3    1      val=   6.60257
       -0.2732884160188 bend    7    3    1
        0.8142551106999 bend    7    5    1
        0.2826563704035 bend    2    3    1
       -0.3071883949658 bend    2    5    1
       -0.2122048532144 bend    2    7    1
        0.0846971019722 bend    9    3    1
       -0.0200359502763 bend    9    5    1
       -0.0332105957475 bend    9    7    1
  18 k -0.0531299782671 bend    5    3    1      val=  -5.30077
        0.0723779748941 bend    7    3    1
       -0.2220596712882 bend    7    5    1
        0.4945107714838 bend    2    3    1
       -0.1807495923841 bend    2    5    1
       -0.2873018138830 bend    2    7    1
       -0.5162761672487 bend    9    3    1
        0.2681700042900 bend    9    5    1
        0.4943867453281 bend    9    7    1
  19 k  1.0000000000000 stre    1    2           val=   3.30373
  20 k  1.0000000000000 stre    2    9           val=   1.59313
  21 k  1.0000000000000 stre    9    1           val=   3.83433
        21 non zero eigenvalues  of BmBt
           1          17.179576166    1    0
         1
           2           5.507405694    2    0
         2
           3           4.302277845    3    0
         3
           4           3.011785505    4    0
         4
           5           2.801358893    5    0
         5
           6           2.620129032    6    0
         6
           7           2.312763234    7    0
         7
           8           2.150832805    8    0
         8
           9           2.137277056    9    0
         9
          10           1.743721759   10    0
        10
          11           1.193213431   11    0
        11
          12           0.999315951   12    0
        12
          13           0.824755653   13    0
        13
          14           0.660425175   14    0
        14
          15           0.329498985   15    0
        15
          16           0.234905537   16    0
        16
          17           0.186280712   17    0
        17
          18           0.148756032   18    0
        18
          19           0.098799458   19    0
        19
          20           0.079109283   20    0
        20
          21           0.009780624   21    0
        21
$user-defined bonds
$end
