$energy      SCF               SCFKIN            SCFPOT
     1 -1152.066150136      1148.78966     -2300.85581     0.1910063380559
     2 -1152.093305822      1148.61984     -2300.71314     0.1916262320272
     3 -1152.081588087      1148.57701     -2300.65860     0.1915778606624
     4 -1152.061858967      1148.55775     -2300.61961     0.1907652351926
     5 -1152.059862313      1148.44091     -2300.50077     0.1892491477490
     6 -1152.069321769      1148.27708     -2300.34640     0.1870302438549
     7 -1152.079778433      1148.16401     -2300.24379     0.1837725017540
     8 -1152.088675082      1148.15636     -2300.24503     0.1796483794137
     9 -1152.076809891      1148.29067     -2300.36748     0.1750289473130
    10 -1152.053447463      1148.39705     -2300.45050     0.1706034912397
    11 -1152.087448792      1148.15734     -2300.24479     0.1672418201988
    12 -1152.087763457      1147.96201     -2300.04977     0.1645702742996
    13 -1152.062402863      1147.82984     -2299.89224     0.1614288314908
    14 -1152.047112760      1147.66090     -2299.70801     0.1579490185401
    15 -1152.044611316      1147.46648     -2299.51109     0.1541229599763
    16 -1152.046830654      1147.32563     -2299.37246     0.1500530614926
    17 -1152.055144496      1147.27776     -2299.33291     0.1457474516687
    18 -1152.057871011      1147.36984     -2299.42771     0.1412463669341
    19 -1152.024384675      1147.60794     -2299.63233     0.1368124531691
    20 -1152.029735193      1147.58528     -2299.61502     0.1334975140565
    21 -1152.051017590      1147.36212     -2299.41314     0.1314642785030
    22 -1152.030798086      1147.23665     -2299.26745     0.1293797489945
    23 -1152.009495385      1147.12027     -2299.12976     0.1267466336880
    24 -1152.000917483      1146.98913     -2298.99005     0.1237693626168
    25 -1151.999949397      1146.90235     -2298.90230     0.1208695076216
    26 -1152.009478866      1146.88980     -2298.89928     0.1180131389680
    27 -1152.025339829      1146.99129     -2299.01663     0.1149990393017
    28 -1152.013504387      1147.28324     -2299.29675     0.1118223541320
    29 -1151.982268239      1147.56657     -2299.54884     0.1092148308191
    30 -1152.022237941      1147.42202     -2299.44426     0.1081481550910
    31 -1152.023666213      1147.29434     -2299.31801     0.1078454408218
    32 -1152.003920826      1147.21323     -2299.21715     0.1074223698157
    33 -1151.990915108      1147.15401     -2299.14492     0.1066589506029
    34 -1151.987854018      1147.13473     -2299.12258     0.1056577802304
    35 -1151.998357670      1147.17474     -2299.17310     0.1044814251580
    36 -1152.021454756      1147.30674     -2299.32820     0.1030688797698
    37 -1152.033442897      1147.61115     -2299.64459     0.1013735931597
    38 -1151.993209148      1148.09370     -2300.08691     0.9983929934873E-01
    39 -1152.008236297      1148.20091     -2300.20915     0.9987742517327E-01
    40 -1152.034150651      1148.04742     -2300.08158     0.1009935748227
    41 -1152.015691613      1147.98029     -2299.99598     0.9984802754718E-01
    42 -1151.991198498      1147.96074     -2299.95194     0.9192788634020E-01
    43 -1151.969465069      1147.97760     -2299.94707     0.7992517052808E-01
    44 -1151.952023370      1148.03162     -2299.98365     0.6688322905058E-01
    45 -1151.938767321      1148.13043     -2300.06920     0.5372921825390E-01
    46 -1151.926467875      1148.28532     -2300.21179     0.4098905115861E-01
    47 -1151.912827601      1148.48525     -2300.39807     0.3000245564877E-01
    48 -1151.899772446      1148.68362     -2300.58339     0.2260665556647E-01
    49 -1151.891103290      1148.82363     -2300.71474     0.1932207879478E-01
    50 -1151.890026187      1148.87364     -2300.76367     0.1955413914722E-01
    51 -1151.894328200      1148.85863     -2300.75296     0.2352122345483E-01
    52 -1151.901863820      1148.82401     -2300.72588     0.3227467043571E-01
    53 -1151.914647370      1148.79494     -2300.70958     0.4536745204340E-01
    54 -1151.931798516      1148.79256     -2300.72436     0.6042894329590E-01
    55 -1151.950629855      1148.82737     -2300.77800     0.7522532434726E-01
    56 -1151.971353170      1148.88294     -2300.85429     0.8741162913908E-01
    57 -1151.995458699      1148.93513     -2300.93059     0.9357927043896E-01
    58 -1152.007732665      1149.00672     -2301.01445     0.9425730662288E-01
    59 -1151.979053266      1149.09195     -2301.07100     0.9264514105779E-01
    60 -1151.992699988      1148.79884     -2300.79154     0.9117207357103E-01
    61 -1152.020069564      1148.30080     -2300.32087     0.8996217037889E-01
    62 -1152.007361760      1147.94411     -2299.95147     0.8755313334669E-01
    63 -1151.988262523      1147.73710     -2299.72536     0.8414921064492E-01
    64 -1151.976739514      1147.63398     -2299.61072     0.8167126121594E-01
    65 -1151.976094202      1147.58290     -2299.55899     0.8120022720762E-01
    66 -1151.986299663      1147.54766     -2299.53396     0.8173841082426E-01
    67 -1152.003001550      1147.52645     -2299.52945     0.8173941927489E-01
    68 -1152.008018397      1147.57118     -2299.57920     0.8062582877455E-01
    69 -1151.964774206      1147.71644     -2299.68122     0.7903359521542E-01
    70 -1151.970381206      1147.51461     -2299.48499     0.7830704649466E-01
    71 -1151.995565538      1147.13158     -2299.12715     0.7826112975912E-01
    72 -1151.976776969      1146.94583     -2298.92261     0.7780009049173E-01
    73 -1151.952377732      1146.90974     -2298.86212     0.7693445484166E-01
    74 -1151.940491748      1146.92948     -2298.86998     0.7625064585161E-01
    75 -1151.942007464      1146.95548     -2298.89749     0.7600751931577E-01
    76 -1151.955349325      1146.97331     -2298.92866     0.7580980867261E-01
    77 -1151.975460057      1147.01201     -2298.98747     0.7515722926993E-01
    78 -1151.973300353      1147.17284     -2299.14614     0.7400065563193E-01
    79 -1151.926943654      1147.41470     -2299.34165     0.7289558701871E-01
    80 -1151.963893724      1147.20263     -2299.16652     0.7279531486065E-01
    81 -1151.983133009      1147.01367     -2298.99680     0.7296288926101E-01
    82 -1151.961300325      1146.96026     -2298.92156     0.7257039756226E-01
    83 -1151.939209822      1147.00951     -2298.94872     0.7171523376101E-01
    84 -1151.932968390      1147.03513     -2298.96809     0.7098237834886E-01
    85 -1151.942572055      1147.02146     -2298.96403     0.7079227596257E-01
    86 -1151.962627181      1147.02193     -2298.98456     0.7109276793778E-01
    87 -1151.989057297      1147.10519     -2299.09424     0.7146822523018E-01
    88 -1151.997276661      1147.37169     -2299.36897     0.7148154555657E-01
    89 -1151.946582150      1147.81829     -2299.76487     0.7134571089044E-01
    90 -1151.988714545      1147.76833     -2299.75705     0.7237843185400E-01
    91 -1152.014559139      1147.60796     -2299.62252     0.7370135594023E-01
    92 -1151.991550139      1147.60925     -2299.60080     0.7434531412081E-01
    93 -1151.969576545      1147.64924     -2299.61881     0.7335989144162E-01
    94 -1151.959920620      1147.66735     -2299.62727     0.7135010499525E-01
    95 -1151.957263414      1147.69403     -2299.65129     0.7031855218911E-01
    96 -1151.961316714      1147.75999     -2299.72131     0.7207723626341E-01
    97 -1151.974737510      1147.88465     -2299.85938     0.7718917410381E-01
    98 -1151.997356765      1148.08816     -2300.08552     0.8446183899289E-01
    99 -1152.020689427      1148.40016     -2300.42085     0.9116905493853E-01
   100 -1152.012127642      1148.86534     -2300.87747     0.9540240239457E-01
   101 -1151.959431961      1149.30900     -2301.26844     0.9801468999536E-01
   102 -1152.005013201      1149.11081     -2301.11583     0.1017231244211
   103 -1152.019142267      1148.82341     -2300.84256     0.1020789055376
   104 -1151.991533676      1148.57461     -2300.56615     0.9265522224029E-01
   105 -1151.960053952      1148.44175     -2300.40180     0.7179755668575E-01
   106 -1151.935425141      1148.38280     -2300.31822     0.4908906367202E-01
   107 -1151.917519417      1148.39319     -2300.31070     0.3223310403782E-01
   108 -1151.903590035      1148.45923     -2300.36282     0.2285665948820E-01
   109 -1151.891050740      1148.52926     -2300.42031     0.1835264281161E-01
   110 -1151.885856791      1148.51422     -2300.40008     0.1663906306165E-01
   111 -1151.893856106      1148.36948     -2300.26334     0.1840885458545E-01
   112 -1151.907060551      1148.11918     -2300.02624     0.2556515681317E-01
   113 -1151.924685236      1147.89745     -2299.82213     0.4311386420047E-01
   114 -1151.957424800      1147.73643     -2299.69386     0.7887868482996E-01
   115 -1152.010535284      1147.67946     -2299.69000     0.1263676222285
   116 -1152.073981060      1147.80923     -2299.88321     0.1532994949244
   117 -1152.040979215      1148.40767     -2300.44864     0.1631472056850
   118 -1151.896244815      1148.98184     -2300.87808     0.1721480014940
   119 -1152.087899820      1147.98992     -2300.07782     0.1756690753762
   120 -1152.057977036      1147.75978     -2299.81776     0.1671216360385
   121 -1152.002659110      1147.61757     -2299.62023     0.1327852306176
   122 -1151.956196797      1147.61190     -2299.56809     0.9672875192430E-01
   123 -1151.927579055      1147.70588     -2299.63346     0.7516723204101E-01
   124 -1151.914750633      1147.88478     -2299.79953     0.6452077624544E-01
   125 -1151.909488444      1148.14541     -2300.05489     0.6203877115790E-01
   126 -1151.901063161      1148.46020     -2300.36127     0.6704281596725E-01
   127 -1151.896745233      1148.70560     -2300.60234     0.8071526414940E-01
   128 -1151.924300841      1148.73377     -2300.65808     0.1056685922208
   129 -1151.970331457      1148.65795     -2300.62828     0.1382558268174
   130 -1152.019826789      1148.67480     -2300.69462     0.1545346176484
   131 -1151.985492901      1149.10843     -2301.09392     0.1593794749375
   132 -1151.852767928      1149.56005     -2301.41282     0.1642444142742
   133 -1152.058392092      1148.56465     -2300.62305     0.1660384964787
   134 -1152.061312778      1148.54902     -2300.61033     0.1668159939788
   135 -1152.015957264      1148.79434     -2300.81030     0.1652877943745
   136 -1151.962255705      1148.93563     -2300.89789     0.1566264390758
   137 -1152.016672778      1148.46741     -2300.48408     0.1510848350196
   138 -1152.015811772      1148.14570     -2300.16151     0.1572558444720
   139 -1152.000812126      1148.01357     -2300.01438     0.1764197709333
   140 -1152.003485809      1148.05950     -2300.06299     0.1793164359284
   141 -1152.017217774      1148.31681     -2300.33403     0.1702252731670
   142 -1151.976301693      1148.89602     -2300.87232     0.1650039452879
   143 -1151.968476220      1149.24128     -2301.20976     0.1591881977463
   144 -1152.040723393      1149.12484     -2301.16557     0.1535401841030
   145 -1152.001639074      1149.30361     -2301.30525     0.1461510732907
   146 -1151.912859128      1149.48970     -2301.40256     0.1253888372189
   147 -1151.945037033      1149.02320     -2300.96824     0.9909827333825E-01
   148 -1151.934994246      1148.68174     -2300.61673     0.8681077104067E-01
   149 -1151.907177250      1148.49706     -2300.40423     0.8508508029419E-01
   150 -1151.901683248      1148.43619     -2300.33787     0.9363769613602E-01
   151 -1151.922726477      1148.47625     -2300.39898     0.1054398989196
   152 -1151.954169127      1148.64239     -2300.59656     0.1098879650326
   153 -1151.946249338      1149.00007     -2300.94632     0.1092659718807
   154 -1151.923169915      1149.21194     -2301.13511     0.1082478276824
   155 -1152.019072019      1148.74921     -2300.76828     0.1087072052206
   156 -1151.970697631      1148.59393     -2300.56463     0.1096479011024
   157 -1151.951204968      1148.16672     -2300.11792     0.1083520894816
   158 -1151.961426612      1147.60533     -2299.56676     0.1034449829895
   159 -1151.936309965      1147.30367     -2299.23998     0.1010134415511
   160 -1151.918295898      1147.18216     -2299.10045     0.1047594654528
   161 -1151.917939562      1147.17092     -2299.08886     0.1105757974929
   162 -1151.939831596      1147.19430     -2299.13414     0.1130253556991
   163 -1151.988833792      1147.21423     -2299.20306     0.1147850044267
   164 -1152.022547822      1147.38958     -2299.41213     0.1170777670540
   165 -1151.955111506      1147.85632     -2299.81143     0.1205279031689
   166 -1151.984802137      1147.73465     -2299.71945     0.1261030230980
   167 -1151.997699716      1147.36830     -2299.36600     0.1308180992091
   168 -1152.005884119      1146.93231     -2298.93819     0.1346425246861
   169 -1151.968299216      1146.81365     -2298.78195     0.1359955422241
   170 -1151.930941014      1146.87036     -2298.80130     0.1277754041649
   171 -1151.916751604      1146.94566     -2298.86241     0.1244134581764
   172 -1151.934915415      1146.96625     -2298.90117     0.1297602749956
   173 -1151.977390118      1147.00702     -2298.98441     0.1349986043558
   174 -1152.034848219      1147.19903     -2299.23388     0.1347646531491
   175 -1152.063018662      1147.74275     -2299.80577     0.1351821906128
   176 -1151.933006757      1148.78261     -2300.71562     0.1363687382848
   177 -1152.007437513      1148.72367     -2300.73111     0.1378485094743
   178 -1152.062617076      1148.34776     -2300.41037     0.1400144266765
   179 -1151.993955654      1148.39854     -2300.39250     0.1395077319017
   180 -1151.926225694      1148.56591     -2300.49213     0.1251114947279
   181 -1151.894632569      1148.66369     -2300.55832     0.1121011840180
   182 -1151.892201028      1148.72519     -2300.61740     0.1163754386135
   183 -1151.918986153      1148.80974     -2300.72873     0.1370112304833
   184 -1151.977430639      1148.97550     -2300.95293     0.1640912549894
   185 -1152.035883539      1149.36119     -2301.39708     0.1822014779112
   186 -1151.992161243      1150.13809     -2302.13025     0.1933103494430
   187 -1151.939364990      1150.53597     -2302.47534     0.2032591990868
   188 -1152.073871073      1149.72468     -2301.79855     0.2074642916188
   189 -1152.050801645      1149.26782     -2301.31863     0.2033573300082
   190 -1151.992534348      1148.97968     -2300.97222     0.1830902687503
   191 -1151.951770272      1148.82467     -2300.77644     0.1524501551730
   192 -1151.937552356      1148.77064     -2300.70819     0.1324885452163
   193 -1151.951843367      1148.81133     -2300.76317     0.1237687745479
   194 -1151.986536705      1148.97650     -2300.96303     0.1282934594751
   195 -1152.003044450      1149.35294     -2301.35598     0.1499832666772
   196 -1151.980733235      1149.79769     -2301.77842     0.1729945022766
   197 -1152.042799000      1149.71989     -2301.76269     0.1706427371867
   198 -1151.957166665      1149.78747     -2301.74464     0.1620229661210
   199 -1151.992306485      1149.14067     -2301.13297     0.1540815326723
   200 -1151.991497471      1148.53418     -2300.52567     0.1450222224756
   201 -1151.946127700      1148.17093     -2300.11706     0.1279816687994
   202 -1151.921983419      1147.97507     -2299.89705     0.1042290556590
   203 -1151.925477863      1147.89180     -2299.81728     0.8906497067570E-01
   204 -1151.945473721      1147.91533     -2299.86081     0.8608495365542E-01
   205 -1151.952963615      1148.08080     -2300.03376     0.9393849365145E-01
   206 -1151.911174606      1148.32337     -2300.23454     0.1098173912978
   207 -1151.969718233      1147.98078     -2299.95050     0.1215412162984
   208 -1152.022873591      1147.55088     -2299.57375     0.1233730075458
   209 -1152.014888297      1147.45779     -2299.47268     0.1218874394150
   210 -1151.910116818      1147.79849     -2299.70861     0.1196627793047
   211 -1151.922201852      1147.61908     -2299.54128     0.1199525449545
   212 -1151.973337945      1147.19133     -2299.16467     0.1221942167811
   213 -1151.957546313      1147.07205     -2299.02959     0.1242816516792
   214 -1151.945422327      1147.10749     -2299.05291     0.1259748617859
   215 -1151.947004349      1147.20442     -2299.15142     0.1283508400123
   216 -1151.920484311      1147.42837     -2299.34886     0.1324978851122
   217 -1151.880563014      1147.55847     -2299.43903     0.1329964517885
   218 -1151.950684230      1147.15595     -2299.10663     0.1362080058305
   219 -1151.973232601      1146.99074     -2298.96397     0.1380752808853
   220 -1151.990149383      1147.05790     -2299.04805     0.1387813144645
   221 -1152.001331172      1147.38297     -2299.38430     0.1395136233331
   222 -1151.922689091      1148.04697     -2299.96966     0.1409795521539
   223 -1151.961766807      1148.04645     -2300.00822     0.1409108167150
   224 -1152.026337805      1147.69628     -2299.72262     0.1407766913554
   225 -1152.022630901      1147.63106     -2299.65369     0.1413932510441
   226 -1152.000777158      1147.83432     -2299.83510     0.1365586338434
   227 -1151.931839778      1148.29860     -2300.23044     0.1238843518699
   228 -1151.927321737      1148.46247     -2300.38979     0.1150250583232
   229 -1151.968029277      1148.37298     -2300.34101     0.1148914690813
   230 -1151.961095861      1148.50458     -2300.46568     0.1227545463034
   231 -1151.954154475      1148.75788     -2300.71204     0.1264928543398
   232 -1151.969607215      1149.02208     -2300.99169     0.1181281011651
   233 -1151.985552209      1149.35838     -2301.34393     0.1201472335087
   234 -1151.892299970      1149.95319     -2301.84549     0.1403158504301
   235 -1151.995713665      1149.62785     -2301.62356     0.1696093609650
   236 -1152.040192850      1149.38731     -2301.42751     0.1882719998347
   237 -1151.974896112      1149.62675     -2301.60164     0.1781755962534
   238 -1151.916104423      1149.77431     -2301.69042     0.1457793013119
   239 -1151.972329015      1149.34812     -2301.32045     0.1258327761675
   240 -1151.962740464      1149.10028     -2301.06302     0.1229084104498
   241 -1151.950131995      1148.89708     -2300.84721     0.1345375578007
   242 -1151.962337644      1148.71894     -2300.68128     0.1600114976303
   243 -1151.999874582      1148.62364     -2300.62352     0.1671605144785
   244 -1152.041150038      1148.74614     -2300.78729     0.1780418201332
   245 -1151.968788092      1149.33105     -2301.29984     0.1915939711879
   246 -1152.040187877      1149.27884     -2301.31902     0.1936654651763
   247 -1152.066953155      1149.18571     -2301.25267     0.1934885243941
   248 -1151.939765958      1149.45315     -2301.39291     0.1614182538070
   249 -1151.976955955      1148.92721     -2300.90417     0.1035586099133
   250 -1151.955864703      1148.54497     -2300.50083     0.7775698233755E-01
   251 -1151.919980245      1148.24525     -2300.16523     0.7037130994411E-01
   252 -1151.906834878      1148.02653     -2299.93337     0.8250666798580E-01
   253 -1151.925696717      1147.88410     -2299.80980     0.1147439098902
   254 -1151.973291302      1147.85217     -2299.82546     0.1411378385701
   255 -1152.006655092      1148.07469     -2300.08134     0.1386086271894
   256 -1151.916968258      1148.64351     -2300.56048     0.1315246503196
   257 -1152.051718341      1148.23787     -2300.28959     0.1285679327037
   258 -1152.020718699      1148.15029     -2300.17101     0.1268179030287
   259 -1151.930159320      1148.05319     -2299.98335     0.1156309670584
   260 -1151.968664097      1147.37390     -2299.34257     0.9143048644583E-01
   261 -1151.938208881      1147.06205     -2299.00026     0.8067860002132E-01
   262 -1151.903411084      1146.92992     -2298.83333     0.8247371166314E-01
   263 -1151.892212963      1146.91348     -2298.80569     0.9418550598062E-01
   264 -1151.907814358      1146.96423     -2298.87204     0.1063599010122
   265 -1151.950680410      1147.06228     -2299.01296     0.1105956572017
   266 -1152.004748728      1147.27338     -2299.27813     0.1119839552912
   267 -1151.970066201      1147.84362     -2299.81369     0.1127988887231
   268 -1151.979005188      1148.06377     -2300.04277     0.1164557548695
   269 -1151.978127411      1147.96142     -2299.93955     0.1231165443220
   270 -1151.993016761      1147.56674     -2299.55976     0.1275177347440
   271 -1151.988157002      1147.22139     -2299.20954     0.1296720322059
   272 -1151.940409467      1147.17163     -2299.11204     0.1296002462134
   273 -1151.906050686      1147.24814     -2299.15419     0.1205321112868
   274 -1151.896598144      1147.34043     -2299.23703     0.1215466237710
   275 -1151.912786296      1147.41218     -2299.32496     0.1329677698685
   276 -1151.955589095      1147.48744     -2299.44303     0.1487131344017
   277 -1152.022912067      1147.65181     -2299.67473     0.1574929076724
   278 -1152.085131923      1148.08573     -2300.17086     0.1644758829550
   279 -1151.993252807      1149.13235     -2301.12561     0.1704029135214
   280 -1151.937827711      1149.60492     -2301.54275     0.1746232150918
   281 -1152.081488111      1148.85049     -2300.93198     0.1799890069008
   282 -1152.040157357      1148.63453     -2300.67469     0.1826061204518
   283 -1151.965486802      1148.64880     -2300.61429     0.1696438349139
   284 -1151.912888134      1148.71549     -2300.62838     0.1447725866627
   285 -1151.887690262      1148.77682     -2300.66451     0.1330046288615
   286 -1151.887121797      1148.84528     -2300.73240     0.1357089606398
   287 -1151.911802747      1148.94871     -2300.86051     0.1523485848469
   288 -1151.963019295      1149.12001     -2301.08303     0.1848673789125
   289 -1152.027863002      1149.42851     -2301.45637     0.2179600296052
   290 -1152.033303794      1150.05541     -2302.08871     0.2217634687047
   291 -1151.902863853      1150.87102     -2302.77388     0.2197224365508
   292 -1151.987317186      1150.37176     -2302.35908     0.2201112602751
   293 -1152.057594675      1149.51903     -2301.57662     0.2206033615540
   294 -1151.997045654      1149.05635     -2301.05339     0.2031006771409
   295 -1151.936862139      1148.84083     -2300.77769     0.1623548889659
   296 -1151.901779275      1148.74628     -2300.64806     0.1289803747076
   297 -1151.890249921      1148.72452     -2300.61477     0.1096433931113
   298 -1151.899271477      1148.74326     -2300.64253     0.1008244344123
   299 -1151.927679547      1148.77976     -2300.70744     0.1012724234995
   300 -1151.967072391      1148.85526     -2300.82233     0.1127078376848
   301 -1151.969393878      1149.09243     -2301.06183     0.1388670598834
   302 -1151.948163150      1149.24795     -2301.19611     0.1762046827251
   303 -1152.066077095      1148.74474     -2300.81082     0.1784539688749
   304 -1152.034426436      1148.74787     -2300.78229     0.1684821030961
   305 -1151.888810341      1148.99873     -2300.88755     0.1582832894854
   306 -1152.008351971      1148.15563     -2300.16398     0.1498083955975
   307 -1151.992611430      1147.89021     -2299.88282     0.1463702381321
   308 -1151.956760310      1147.70334     -2299.66010     0.1431667961504
   309 -1151.941407799      1147.58912     -2299.53053     0.1269421567665
   310 -1151.950724657      1147.52005     -2299.47077     0.1121993752131
   311 -1151.956435940      1147.59229     -2299.54873     0.1080524714257
   312 -1151.887047960      1147.91535     -2299.80239     0.1127821256839
   313 -1151.927348505      1147.67987     -2299.60721     0.1222402138334
   314 -1151.979877114      1147.29647     -2299.27635     0.1312922655066
   315 -1151.985604443      1147.19342     -2299.17903     0.1353741987961
   316 -1151.998022781      1147.30232     -2299.30034     0.1342840794159
   317 -1151.966247297      1147.70616     -2299.67240     0.1307396005102
   318 -1151.836683374      1148.19163     -2300.02832     0.1308714489468
   319 -1151.997560959      1147.38301     -2299.38057     0.1378627108669
   320 -1151.989061370      1147.10389     -2299.09295     0.1412864145534
   321 -1151.977273008      1147.12434     -2299.10161     0.1323047388969
   322 -1151.956151062      1147.41610     -2299.37225     0.1121804416128
   323 -1151.864566720      1147.93263     -2299.79720     0.9784335257551E-01
   324 -1151.928496593      1147.71277     -2299.64126     0.9203299335037E-01
   325 -1151.951477644      1147.49871     -2299.45019     0.9688399017887E-01
   326 -1151.935703229      1147.43765     -2299.37336     0.1135884612096
   327 -1151.938879498      1147.47507     -2299.41395     0.1336237721287
   328 -1151.972604306      1147.57598     -2299.54858     0.1367641616484
   329 -1152.007323997      1147.88209     -2299.88941     0.1406703569397
   330 -1151.894912255      1148.68743     -2300.58234     0.1555032380211
   331 -1152.029038047      1148.45994     -2300.48898     0.1686257437166
   332 -1152.086435867      1148.32958     -2300.41601     0.1734856771164
   333 -1151.985157006      1148.86464     -2300.84980     0.1665573978416
   334 -1151.922738670      1149.08566     -2301.00839     0.1369454721647
   335 -1151.976561851      1148.66899     -2300.64555     0.1147797277068
   336 -1151.938660494      1148.56893     -2300.50759     0.1074331018678
   337 -1151.904788554      1148.57281     -2300.47759     0.1113100770061
   338 -1151.898195679      1148.62579     -2300.52399     0.1275922722230
   339 -1151.923047136      1148.72049     -2300.64353     0.1529785724910
   340 -1151.980917670      1148.88003     -2300.86095     0.1704170614102
   341 -1152.049028249      1149.21631     -2301.26534     0.2056556602882
   342 -1151.976548892      1150.05046     -2302.02701     0.2257076830702
   343 -1152.026612490      1150.19504     -2302.22165     0.2271568116603
   344 -1151.973849496      1150.11528     -2302.08912     0.2248301286726
   345 -1152.031513802      1149.33554     -2301.36706     0.1859121784832
   346 -1151.982459573      1148.98504     -2300.96749     0.1398873103282
   347 -1151.918523128      1148.81846     -2300.73698     0.1075532905735
   348 -1151.881587851      1148.73034     -2300.61193     0.9307770586484E-01
   349 -1151.874491415      1148.65652     -2300.53101     0.9250344148291E-01
   350 -1151.894935172      1148.57200     -2300.46694     0.1046058927470
   351 -1151.941899007      1148.48433     -2300.42623     0.1314735474130
   352 -1152.014924481      1148.44073     -2300.45565     0.1725421589633
   353 -1152.087317765      1148.58916     -2300.67648     0.1905322636406
   354 -1152.008716710      1149.29440     -2301.30312     0.1870208052745
   355 -1151.898182615      1149.58691     -2301.48509     0.1817603208182
   356 -1152.089052701      1148.29293     -2300.38198     0.1772130199262
   357 -1152.054309511      1147.86957     -2299.92388     0.1742734020125
   358 -1151.979335935      1147.62351     -2299.60284     0.1686630630102
   359 -1151.924324731      1147.50606     -2299.43038     0.1416411516230
   360 -1151.894707310      1147.42767     -2299.32238     0.1152151597251
   361 -1151.889247560      1147.35080     -2299.24005     0.1010111959847
   362 -1151.906050056      1147.29142     -2299.19747     0.9574632282558E-01
   363 -1151.936910315      1147.32013     -2299.25704     0.9836258475858E-01
   364 -1151.946982588      1147.56694     -2299.51393     0.1096724602623
   365 -1151.895214369      1147.98853     -2299.88375     0.1324310074117
   366 -1151.989408336      1147.75463     -2299.74404     0.1537367419453
   367 -1152.041193314      1147.60686     -2299.64805     0.1524983641045
   368 -1152.033740248      1147.83415     -2299.86789     0.1515432180430
   369 -1151.858195004      1148.52776     -2300.38596     0.1503821260418
   370 -1151.985354676      1147.89779     -2299.88314     0.1441438828036
   371 -1152.006146464      1147.61117     -2299.61731     0.1442363528674
   372 -1151.975841277      1147.42595     -2299.40179     0.1470661233518
   373 -1151.960296277      1147.50889     -2299.46919     0.1285826590003
   374 -1151.944635692      1147.79808     -2299.74272     0.1014235539925
   375 -1151.872488285      1148.29404     -2300.16653     0.8626227066060E-01
   376 -1151.895211426      1148.28312     -2300.17833     0.7890450725992E-01
   377 -1151.928541404      1148.03789     -2299.96643     0.7912743306343E-01
   378 -1151.912576973      1147.93278     -2299.84536     0.8637669046393E-01
   379 -1151.905918056      1147.89009     -2299.79601     0.1020936000913
   380 -1151.920710516      1147.89503     -2299.81574     0.1296479333346
   381 -1151.960794686      1147.98111     -2299.94190     0.1493931544978
   382 -1152.023423391      1148.21363     -2300.23706     0.1628646099041
   383 -1152.020572673      1148.85570     -2300.87628     0.1809635210888
   384 -1151.921048150      1149.57079     -2301.49184     0.1919061996047
   385 -1152.079887198      1149.10565     -2301.18553     0.1953777641608
   386 -1152.018691370      1149.10943     -2301.12812     0.1898528977707
   387 -1152.008702439      1148.78867     -2300.79737     0.1448978121202
   388 -1151.971506169      1148.55987     -2300.53138     0.1042084020734
   389 -1151.922490175      1148.49740     -2300.41989     0.7866533106411E-01
   390 -1151.889159770      1148.53356     -2300.42272     0.6345956623113E-01
   391 -1151.877822333      1148.62171     -2300.49953     0.5484799885885E-01
   392 -1151.887438923      1148.73930     -2300.62674     0.5164635749441E-01
   393 -1151.913430136      1148.88553     -2300.79896     0.5493881355444E-01
   394 -1151.941184426      1149.09101     -2301.03219     0.6825227581345E-01
   395 -1151.934590649      1149.38708     -2301.32167     0.9746243513228E-01
   396 -1151.977702529      1149.36007     -2301.33777     0.1492478338018
   397 -1152.076734490      1149.06117     -2301.13791     0.2001780441141
   398 -1152.021303396      1149.36046     -2301.38176     0.1981451480133
   399 -1151.827284677      1149.77584     -2301.60313     0.1873855773034
   400 -1152.031110595      1148.58775     -2300.61886     0.1747191776905
   401 -1151.947524044      1148.36345     -2300.31098     0.1201375036681
   402 -1151.914183420      1148.31475     -2300.22893     0.7001007945785E-01
   403 -1151.914429431      1148.29602     -2300.21045     0.4817102257744E-01
   404 -1151.922755906      1148.34262     -2300.26537     0.3983753228143E-01
   405 -1151.888121700      1148.55020     -2300.43832     0.3958389830430E-01
   406 -1151.870361335      1148.53392     -2300.40428     0.4351052469644E-01
   407 -1151.926757214      1148.07824     -2300.00500     0.5060393853935E-01
   408 -1151.930782568      1147.83948     -2299.77026     0.6312589753769E-01
   409 -1151.930089186      1147.71169     -2299.64178     0.8718534044610E-01
   410 -1151.951070284      1147.66245     -2299.61352     0.1253214334984
   411 -1152.003174350      1147.67434     -2299.67752     0.1683916287571
   412 -1152.066647270      1147.86570     -2299.93235     0.1749046532217
   413 -1151.927004192      1148.73756     -2300.66457     0.1767175619428
   414 -1152.062023312      1148.42924     -2300.49126     0.1742961441846
   415 -1152.043410398      1148.28983     -2300.33324     0.1690434822054
   416 -1151.975084125      1148.18394     -2300.15903     0.1519490796635
   417 -1151.978139358      1147.80341     -2299.78155     0.1098904173119
   418 -1151.930832522      1147.69306     -2299.62390     0.8254928553551E-01
   419 -1151.885569691      1147.69572     -2299.58129     0.6654691050117E-01
   420 -1151.860838015      1147.71552     -2299.57636     0.5857733336959E-01
   421 -1151.858744513      1147.72118     -2299.57993     0.5653319403613E-01
   422 -1151.876986167      1147.73344     -2299.61042     0.5982058837665E-01
   423 -1151.911889222      1147.80055     -2299.71244     0.6907001341776E-01
   424 -1151.946271692      1148.00896     -2299.95523     0.8672507015940E-01
   425 -1151.928866083      1148.43442     -2300.36328     0.1168865201358
   426 -1151.981079201      1148.50849     -2300.48957     0.1569843486266
   427 -1152.079359295      1148.33745     -2300.41681     0.1686349749032
   428 -1152.030917076      1148.73664     -2300.76756     0.1720721657003
   429 -1151.832905536      1149.28987     -2301.12278     0.1704577482799
   430 -1152.027421517      1148.17700     -2300.20442     0.1619654128502
   431 -1151.957388945      1147.92856     -2299.88595     0.1610438958783
   432 -1151.922745160      1147.90341     -2299.82615     0.1137679592846
   433 -1151.919500280      1147.96751     -2299.88701     0.8672710783496E-01
   434 -1151.932433788      1148.12527     -2300.05771     0.7249346013066E-01
   435 -1151.921616967      1148.46032     -2300.38194     0.6578156635816E-01
   436 -1151.852558853      1148.87399     -2300.72655     0.6417081460968E-01
   437 -1151.918062635      1148.57636     -2300.49442     0.6593137163374E-01
   438 -1151.939254522      1148.34395     -2300.28320     0.7140959260657E-01
   439 -1151.925766619      1148.11708     -2300.04285     0.9025374378805E-01
   440 -1151.922406435      1148.07973     -2300.00214     0.1176938602758
   441 -1151.945264674      1148.13416     -2300.07942     0.1564587742730
   442 -1151.993815855      1148.29955     -2300.29337     0.1588767775249
   443 -1152.024922848      1148.72275     -2300.74767     0.1714304649439
   444 -1151.843457851      1149.67174     -2301.51519     0.1866649008717
   445 -1152.084759725      1148.95969     -2301.04445     0.1963432524341
   446 -1152.051490431      1148.96369     -2301.01518     0.2007509007397
   447 -1151.909523345      1149.25418     -2301.16371     0.1509513095559
   448 -1151.971824700      1148.66293     -2300.63475     0.1022604479963
   449 -1151.948044889      1148.40646     -2300.35450     0.8083154537649E-01
   450 -1151.899154354      1148.30185     -2300.20101     0.6721553185585E-01
   451 -1151.866420352      1148.28209     -2300.14851     0.6262752287783E-01
   452 -1151.854778929      1148.28134     -2300.13612     0.6496725379558E-01
   453 -1151.863790415      1148.26694     -2300.13073     0.7398929837425E-01
   454 -1151.894189983      1148.23379     -2300.12798     0.9079316294075E-01
   455 -1151.949849446      1148.21521     -2300.16506     0.1207529661304
   456 -1152.025170488      1148.30432     -2300.32949     0.1692800211132
   457 -1152.066884034      1148.71983     -2300.78672     0.2006592935174
   458 -1151.982669735      1149.50125     -2301.48392     0.1994948685553
   459 -1151.860588109      1149.78583     -2301.64641     0.1953085023935
   460 -1152.091207055      1148.40487     -2300.49607     0.1954360350627
   461 -1152.073605980      1148.27077     -2300.34438     0.1947889544994
   462 -1152.017120571      1148.09893     -2300.11605     0.1783889529452
   463 -1151.971841723      1148.04143     -2300.01328     0.1185422142801
   464 -1151.948224055      1148.07942     -2300.02764     0.8075745054430E-01
   465 -1151.924924638      1148.22938     -2300.15431     0.5836505925990E-01
   466 -1151.883648125      1148.43331     -2300.31695     0.4440703323823E-01
   467 -1151.880869511      1148.37947     -2300.26034     0.3501511791939E-01
   468 -1151.889216575      1148.17830     -2300.06752     0.2910530535213E-01
   469 -1151.874032043      1148.05198     -2299.92601     0.2542843364269E-01
   470 -1151.857526221      1147.99132     -2299.84885     0.2384571781577E-01
   471 -1151.853430728      1147.96166     -2299.81509     0.2431721627075E-01
   472 -1151.864469294      1147.95695     -2299.82142     0.2681891109959E-01
   473 -1151.884963543      1147.99871     -2299.88367     0.3144077304121E-01
   474 -1151.899376440      1148.14174     -2300.04112     0.3944841058145E-01
   475 -1151.888697401      1148.34946     -2300.23816     0.5189242903630E-01
   476 -1151.920283878      1148.29000     -2300.21029     0.7191800673091E-01
   477 -1151.974052948      1148.06115     -2300.03521     0.1035952187107
   478 -1152.016283684      1147.95376     -2299.97004     0.1559691605037
   479 -1152.067555380      1148.04035     -2300.10790     0.1823379660867
   480 -1152.004035984      1148.68433     -2300.68837     0.1867346060182
   481 -1151.835801588      1149.23590     -2301.07170     0.1897996088170
   482 -1152.089146659      1148.08057     -2300.16971     0.1889063241945
   483 -1152.003957342      1148.10159     -2300.10555     0.1314886701402
   484 -1151.937597513      1148.29895     -2300.23655     0.8020799731842E-01
   485 -1151.912065612      1148.32897     -2300.24104     0.5342366912488E-01
   486 -1151.904792960      1148.23218     -2300.13697     0.3804721968378E-01
   487 -1151.886601828      1148.17300     -2300.05960     0.2830469059875E-01
   488 -1151.868383841      1148.16083     -2300.02922     0.2180104602050E-01
   489 -1151.860066817      1148.17890     -2300.03897     0.1755862813438E-01
   490 -1151.862507639      1148.23082     -2300.09332     0.1498289040260E-01
   491 -1151.869401431      1148.33861     -2300.20801     0.1378211165161E-01
   492 -1151.866596500      1148.52313     -2300.38973     0.1376795585368E-01
   493 -1151.852586772      1148.69847     -2300.55105     0.1468563460136E-01
   494 -1151.864771324      1148.65391     -2300.51868     0.1623681098085E-01
   495 -1151.878261063      1148.50240     -2300.38066     0.1839925244503E-01
   496 -1151.877645203      1148.36262     -2300.24027     0.2310480902380E-01
   497 -1151.878696142      1148.28179     -2300.16049     0.3079320457741E-01
   498 -1151.893667530      1148.23249     -2300.12616     0.4341634402219E-01
   499 -1151.925937622      1148.22176     -2300.14769     0.6449188358037E-01
   500 -1151.973686410      1148.28233     -2300.25601     0.1007757025027
   501 -1152.026706747      1148.46618     -2300.49289     0.1620392307344
   502 -1152.079310868      1148.76464     -2300.84395     0.2045630046277
   503 -1152.013224405      1149.40024     -2301.41347     0.2034891433948
   504 -1151.893635217      1149.61350     -2301.50714     0.2021278311886
   505 -1152.088545982      1148.34356     -2300.43210     0.2027168387819
   506 -1152.029871206      1148.15500     -2300.18487     0.1853082260348
   507 -1151.975393208      1148.09288     -2300.06827     0.1212651084092
   508 -1151.944221404      1148.13099     -2300.07521     0.7984580262709E-01
   509 -1151.924538580      1148.25586     -2300.18040     0.5516911459993E-01
   510 -1151.896325876      1148.45208     -2300.34841     0.3986106325347E-01
   511 -1151.872246498      1148.55727     -2300.42952     0.2974852536552E-01
   512 -1151.879516567      1148.42577     -2300.30528     0.2272680750046E-01
   513 -1151.876472124      1148.27260     -2300.14907     0.1816132234790E-01
   514 -1151.861954428      1148.17430     -2300.03626     0.1500233711128E-01
   515 -1151.852300911      1148.12902     -2299.98132     0.1354253394663E-01
   516 -1151.853993519      1148.12710     -2299.98109     0.1390715115717E-01
   517 -1151.865489628      1148.17108     -2300.03657     0.1601121205066E-01
   518 -1151.879086392      1148.27761     -2300.15670     0.1995064388173E-01
   519 -1151.877903252      1148.45507     -2300.33297     0.2601023275542E-01
   520 -1151.874511091      1148.55506     -2300.42957     0.3486869588854E-01
   521 -1151.908299579      1148.39190     -2300.30020     0.4783996025217E-01
   522 -1151.934623551      1148.20360     -2300.13822     0.6679045498041E-01
   523 -1151.957183323      1148.09123     -2300.04842     0.9971531862462E-01
   524 -1151.996206614      1148.07877     -2300.07497     0.1553352907920
   525 -1152.058844672      1148.21011     -2300.26895     0.1964922201779
   526 -1152.064934667      1148.75801     -2300.82294     0.1971439121662
   527 -1151.733931979      1149.92568     -2301.65961     0.1969889560047
   528 -1152.074150778      1148.59919     -2300.67334     0.1986586529556
   529 -1151.953051955      1148.55738     -2300.51043     0.1146991931255
   530 -1151.933566063      1148.33769     -2300.27125     0.6819689093384E-01
   531 -1151.912564549      1148.17864     -2300.09120     0.4685522451558E-01
   532 -1151.886888836      1148.10035     -2299.98724     0.3306629417145E-01
   533 -1151.869294194      1148.08175     -2299.95104     0.2374358585044E-01
   534 -1151.864065483      1148.10754     -2299.97160     0.1737449659354E-01
   535 -1151.868733198      1148.17846     -2300.04719     0.1312349356721E-01
   536 -1151.872953043      1148.31193     -2300.18489     0.1059191361139E-01
   537 -1151.860667587      1148.50332     -2300.36399     0.9652057751655E-02
   538 -1151.852345920      1148.57968     -2300.43203     0.1008317104088E-01
   539 -1151.872003532      1148.42256     -2300.29456     0.1171378809230E-01
   540 -1151.877515927      1148.29196     -2300.16947     0.1430970398728E-01
   541 -1151.872820227      1148.19244     -2300.06526     0.1954016553132E-01
   542 -1151.873016411      1148.16573     -2300.03875     0.2666736661684E-01
   543 -1151.885475044      1148.18505     -2300.07053     0.3664844579414E-01
   544 -1151.909615779      1148.25180     -2300.16142     0.5072322207902E-01
   545 -1151.936327488      1148.39172     -2300.32804     0.7014671781949E-01
   546 -1151.946198062      1148.62514     -2300.57134     0.9519332402323E-01
   547 -1151.952312133      1148.81032     -2300.76264     0.1233906363730
   548 -1151.985483317      1148.80223     -2300.78771     0.1481562454325
   549 -1151.995431691      1148.83014     -2300.82557     0.1660166080121
   550 -1151.989250189      1148.96528     -2300.95453     0.1782818687102
   551 -1151.930337079      1149.36698     -2301.29732     0.1880589451367
   552 -1151.895055815      1149.53157     -2301.42662     0.1917013342862
   553 -1152.058522784      1148.80256     -2300.86108     0.1982436012785
   554 -1152.055559870      1148.60528     -2300.66084     0.2039422708153
   555 -1152.007210339      1148.61841     -2300.62562     0.1712382136148
   556 -1151.953089481      1148.64930     -2300.60239     0.1210520719467
   557 -1151.946272478      1148.43019     -2300.37646     0.8716882092899E-01
   558 -1151.929765409      1148.21777     -2300.14754     0.6579372482793E-01
   559 -1151.901657338      1148.10401     -2300.00567     0.5193389357547E-01
   560 -1151.881852314      1148.05589     -2299.93774     0.4373420185038E-01
   561 -1151.877369879      1148.04368     -2299.92105     0.3979478703655E-01
   562 -1151.887086801      1148.06276     -2299.94985     0.3934076885234E-01
   563 -1151.901770074      1148.13666     -2300.03843     0.4219184016264E-01
   564 -1151.899944229      1148.29435     -2300.19429     0.4870946970410E-01
   565 -1151.893544291      1148.38358     -2300.27712     0.5992957360907E-01
   566 -1151.936935623      1148.17039     -2300.10733     0.7807494179966E-01
   567 -1151.972059870      1147.96163     -2299.93369     0.1065265676195
   568 -1152.006567913      1147.87921     -2299.88578     0.1490191144242
   569 -1152.056391182      1147.96414     -2300.02053     0.1663101961391
   570 -1152.028773819      1148.48908     -2300.51785     0.1696767961259
   571 -1151.856235913      1149.11147     -2300.96771     0.1696086859531
   572 -1152.081751566      1148.06623     -2300.14798     0.1630017728263
   573 -1152.070941727      1148.06387     -2300.13481     0.1618341961409
   574 -1151.992249350      1148.27886     -2300.27111     0.1497041229380
   575 -1151.927141242      1148.36341     -2300.29055     0.1169481614522
   576 -1151.957269004      1147.97358     -2299.93084     0.8916186835417E-01
   577 -1151.927239928      1147.80900     -2299.73624     0.7362334987793E-01
   578 -1151.891045060      1147.78740     -2299.67845     0.6652485520344E-01
   579 -1151.874292223      1147.81523     -2299.68952     0.6725890286162E-01
   580 -1151.881347424      1147.84588     -2299.72723     0.7624449300822E-01
   581 -1151.914455231      1147.87433     -2299.78879     0.9644359864897E-01
   582 -1151.975645516      1147.94420     -2299.91984     0.1339201453046
   583 -1152.054906686      1148.16476     -2300.21967     0.1836426382530
   584 -1152.067534996      1148.81489     -2300.88243     0.1945934019190
   585 -1151.838077313      1149.92305     -2301.76112     0.1930547977133
   586 -1152.079168140      1148.87533     -2300.95450     0.1953744973906
   587 -1152.051225200      1148.39090     -2300.44212     0.1885139306251
   588 -1151.953174589      1148.30185     -2300.25502     0.1332036976173
   589 -1151.888548693      1148.31482     -2300.20337     0.8731020087581E-01
   590 -1151.860234786      1148.32666     -2300.18690     0.6395804756379E-01
   591 -1151.862063222      1148.32333     -2300.18540     0.5693724052899E-01
   592 -1151.890922517      1148.32104     -2300.21196     0.6355158952041E-01
   593 -1151.945116959      1148.36075     -2300.30587     0.8483559664244E-01
   594 -1152.000851946      1148.56033     -2300.56118     0.1259650029909
   595 -1151.980304960      1149.05187     -2301.03217     0.1790762884602
   596 -1152.062275841      1149.06676     -2301.12904     0.1922881328875
   597 -1151.936392835      1149.37706     -2301.31345     0.1898352348003
   598 -1152.049918229      1148.57697     -2300.62689     0.1833713014733
   599 -1152.030387774      1148.13373     -2300.16412     0.1657358313377
   600 -1151.957360925      1147.94415     -2299.90151     0.1386211123230
   601 -1151.912168609      1147.89221     -2299.80438     0.1113394960863
   602 -1151.899057478      1147.89736     -2299.79641     0.9142258999072E-01
   603 -1151.912832565      1147.94555     -2299.85838     0.8269491409408E-01
   604 -1151.945339429      1148.06464     -2300.00998     0.8335523370929E-01
   605 -1151.957653598      1148.36657     -2300.32422     0.9333867838890E-01
   606 -1151.884498996      1148.84138     -2300.72588     0.1144410982540
   607 -1152.005550247      1148.43389     -2300.43944     0.1466519331931
   608 -1152.055701599      1148.19639     -2300.25209     0.1589823375796
   609 -1152.041461724      1148.36868     -2300.41015     0.1502262085215
   610 -1151.850107701      1149.05236     -2300.90247     0.1320919347808
   611 -1151.994928135      1148.33195     -2300.32688     0.1128226041377
   612 -1152.013063252      1148.22797     -2300.24103     0.1240271122347
   613 -1152.022462811      1148.17816     -2300.20062     0.1513824019350
   614 -1151.965731177      1148.54274     -2300.50847     0.1290129896984
   615 -1151.847606312      1148.89014     -2300.73775     0.1082102836057
   616 -1151.966651889      1148.14087     -2300.10752     0.9649975384550E-01
   617 -1151.936103524      1147.83424     -2299.77034     0.9454932957611E-01
   618 -1151.903499248      1147.74147     -2299.64497     0.1019408379836
   619 -1151.900442756      1147.73253     -2299.63298     0.1161871219276
   620 -1151.925709088      1147.78572     -2299.71143     0.1233003974625
   621 -1151.974096463      1147.92658     -2299.90067     0.1322289494162
   622 -1152.012657988      1148.26516     -2300.27782     0.1516763963570
   623 -1151.897008751      1149.00595     -2300.90296     0.1738565562459
   624 -1152.071706639      1148.51457     -2300.58627     0.1821201026692
   625 -1152.096796172      1148.38626     -2300.48306     0.1828043010988
   626 -1151.895566151      1148.96558     -2300.86115     0.1761913497533
   627 -1151.993431221      1148.34693     -2300.34036     0.1380698269526
   628 -1151.986484466      1148.09213     -2300.07861     0.1224205018004
   629 -1151.932529697      1148.04194     -2299.97447     0.1137993597581
   630 -1151.894365476      1148.11330     -2300.00767     0.1174003141208
   631 -1151.886343258      1148.17019     -2300.05654     0.1169330000018
   632 -1151.909879554      1148.18330     -2300.09318     0.1102686508891
   633 -1151.953156772      1148.24026     -2300.19342     0.1136225246174
   634 -1151.979466289      1148.51147     -2300.49094     0.1284775151583
   635 -1151.874999847      1149.15331     -2301.02831     0.1567423648202
   636 -1152.032990089      1148.72911     -2300.76210     0.1854712387347
   637 -1152.086292347      1148.56469     -2300.65098     0.1924903252946
   638 -1151.990960703      1149.04803     -2301.03899     0.1881741519339
   639 -1151.887408830      1149.29309     -2301.18050     0.1537275312837
   640 -1151.991258136      1148.50168     -2300.49294     0.1263323073873
   641 -1151.962965151      1148.24576     -2300.20873     0.1203232291298
   642 -1151.923549238      1148.09412     -2300.01767     0.1246540911018
   643 -1151.905586219      1148.04591     -2299.95149     0.1349336230864
   644 -1151.918846150      1148.06691     -2299.98576     0.1223193920829
   645 -1151.960532219      1148.17728     -2300.13782     0.1199914323685
   646 -1151.991881345      1148.51297     -2300.50485     0.1293408933135
   647 -1151.881372877      1149.25927     -2301.14065     0.1516123234709
   648 -1152.011824438      1148.90246     -2300.91428     0.1786818193609
   649 -1152.077419984      1148.53993     -2300.61735     0.1858733802090
   650 -1152.039124599      1148.62970     -2300.66882     0.1778021040390
   651 -1151.849575557      1149.13743     -2300.98701     0.1485606809280
   652 -1151.977073174      1148.35488     -2300.33196     0.1219714015885
   653 -1151.996206126      1148.31995     -2300.31615     0.1330460813213
   654 -1151.949754091      1148.82068     -2300.77043     0.1771523959644
   655 -1152.029485679      1148.66159     -2300.69108     0.1770752552173
   656 -1151.925927517      1148.88454     -2300.81046     0.1790796665027
   657 -1152.000767644      1148.35635     -2300.35712     0.1740965318055
   658 -1152.006589761      1148.08277     -2300.08936     0.1549974153028
   659 -1151.966981711      1148.13227     -2300.09925     0.1402145926156
   660 -1151.899477921      1148.38690     -2300.28638     0.1410465677701
   661 -1151.889429631      1148.33405     -2300.22348     0.1355653076637
   662 -1151.957209750      1147.92621     -2299.88342     0.1297112740786
   663 -1151.985540184      1147.80754     -2299.79308     0.1372589944436
   664 -1151.974463148      1148.09198     -2300.06644     0.1590940765759
   665 -1151.894945608      1148.60524     -2300.50018     0.1792099685785
   666 -1152.048234277      1148.24376     -2300.29199     0.1826436964163
   667 -1152.042168074      1148.39745     -2300.43962     0.1868892074114
   668 -1151.892833192      1148.99127     -2300.88410     0.1789063194174
   669 -1152.021685083      1148.44952     -2300.47121     0.1539892967220
   670 -1151.985849318      1148.38325     -2300.36910     0.1482839684817
   671 -1151.931177564      1148.29704     -2300.22822     0.1538862092781
   672 -1151.945745153      1147.99383     -2299.93957     0.1370761236859
   673 -1151.954191173      1147.88223     -2299.83642     0.1149412306735
   674 -1151.955284606      1148.06079     -2300.01608     0.1070875576194
   675 -1151.874968536      1148.61629     -2300.49126     0.1118095935751
   676 -1151.916712515      1148.58995     -2300.50667     0.1272331790876
   677 -1152.000679445      1148.23096     -2300.23164     0.1551045463744
   678 -1152.034763482      1148.15827     -2300.19303     0.1881937693076
   679 -1152.035730557      1148.44646     -2300.48219     0.1731106974417
   680 -1151.892109331      1149.19538     -2301.08749     0.1545737472453
   681 -1151.931320047      1148.91228     -2300.84360     0.1475209201119
   682 -1152.018612004      1148.14407     -2300.16268     0.1534549663117
   683 -1151.975363875      1147.91324     -2299.88861     0.1740995364143
   684 -1151.950516293      1147.97160     -2299.92211     0.1458504470719
   685 -1151.953005906      1148.18364     -2300.13665     0.1199105439221
   686 -1151.922896231      1148.61391     -2300.53680     0.1088538848083
   687 -1151.882036028      1148.91373     -2300.79577     0.1085328679842
   688 -1151.985332513      1148.52334     -2300.50867     0.1182966440613
   689 -1151.969425628      1148.47478     -2300.44421     0.1389054837384
   690 -1151.978626205      1148.36022     -2300.33884     0.1760229724447
   691 -1152.020306455      1148.25335     -2300.27366     0.1640164408498
   692 -1151.971178024      1148.62437     -2300.59555     0.1507648639125
   693 -1151.822476256      1149.12248     -2300.94495     0.1507543404030
   694 -1151.991481409      1148.28092     -2300.27240     0.1599918643164
   695 -1151.974309481      1148.04998     -2300.02429     0.1788467215368
   696 -1151.977458033      1148.05465     -2300.03211     0.1409805300889
   697 -1151.981149235      1148.30772     -2300.28887     0.1128523001535
   698 -1151.888741069      1148.94143     -2300.83017     0.9847591248375E-01
   699 -1151.873024587      1149.00866     -2300.88168     0.9284594063645E-01
   700 -1151.962516799      1148.35067     -2300.31319     0.9479066345638E-01
   701 -1151.953894775      1148.02518     -2299.97908     0.1056643742518
   702 -1151.927521097      1147.90532     -2299.83284     0.1302768411763
   703 -1151.933581805      1147.87841     -2299.81199     0.1682287493863
   704 -1151.980244551      1147.92078     -2299.90103     0.1655495734036
   705 -1152.011919933      1148.24802     -2300.25994     0.1756911601125
   706 -1151.868444002      1149.07010     -2300.93854     0.1952984191670
   707 -1152.076369997      1148.54260     -2300.61897     0.2026228205475
   708 -1152.087403148      1148.49364     -2300.58104     0.2027232418501
   709 -1151.972224438      1148.88586     -2300.85809     0.1846273056274
   710 -1151.939334623      1148.77303     -2300.71236     0.1409587979797
   711 -1151.973827609      1148.19396     -2300.16778     0.1126570154622
   712 -1151.925088239      1147.93709     -2299.86218     0.9790930828268E-01
   713 -1151.886729644      1147.83177     -2299.71850     0.9346047119342E-01
   714 -1151.872027054      1147.83873     -2299.71076     0.9803394683201E-01
   715 -1151.876990891      1147.93900     -2299.81599     0.1123662054951
   716 -1151.901367867      1148.08561     -2299.98697     0.1397391601071
   717 -1151.962347136      1148.19835     -2300.16069     0.1644757311282
   718 -1152.049119870      1148.35199     -2300.40111     0.1946591934781
   719 -1152.066540439      1148.90122     -2300.96776     0.2039627448152
   720 -1151.870608200      1149.88278     -2301.75339     0.2032440066845
   721 -1151.962965191      1149.27673     -2301.23970     0.2036882871861
   722 -1152.082027544      1148.29335     -2300.37537     0.2033400779350
   723 -1151.990050643      1148.05978     -2300.04983     0.1731677578997
   724 -1151.919127940      1148.11998     -2300.03911     0.1147789506553
   725 -1151.883220218      1148.22062     -2300.10384     0.8342220186098E-01
   726 -1151.883337617      1148.24941     -2300.13275     0.6733044439660E-01
   727 -1151.900530258      1148.26457     -2300.16510     0.5993260532376E-01
   728 -1151.917065346      1148.36258     -2300.27964     0.5782565189208E-01
   729 -1151.891463640      1148.64429     -2300.53576     0.6021751334805E-01
   730 -1151.858730764      1148.79708     -2300.65581     0.6721999712158E-01
   731 -1151.944863578      1148.35696     -2300.30182     0.8063530819912E-01
   732 -1151.964879477      1148.20681     -2300.17169     0.9843513393929E-01
   733 -1151.975187674      1148.20795     -2300.18314     0.1431874818269
   734 -1152.007227216      1148.30114     -2300.30837     0.1830240337039
   735 -1152.047160625      1148.52140     -2300.56856     0.1778090268727
   736 -1151.830757510      1149.38095     -2301.21171     0.1814964607078
   737 -1152.066033373      1148.43543     -2300.50146     0.1899580803009
   738 -1152.059977651      1148.14640     -2300.20638     0.1910434910032
   739 -1152.000059334      1148.30587     -2300.30593     0.1505628108132
   740 -1151.899603046      1148.66919     -2300.56879     0.1076271317321
   741 -1151.939080676      1148.42429     -2300.36337     0.8182079212872E-01
   742 -1151.929736785      1148.27215     -2300.20189     0.6990762159474E-01
   743 -1151.885608848      1148.23349     -2300.11909     0.6283131673993E-01
   744 -1151.865227163      1148.12983     -2299.99506     0.6092035102617E-01
   745 -1151.862247209      1147.99512     -2299.85737     0.6346198379621E-01
   746 -1151.873699855      1147.88817     -2299.76187     0.7081906156402E-01
   747 -1151.907032100      1147.83799     -2299.74502     0.8513589892657E-01
   748 -1151.963898466      1147.90034     -2299.86424     0.1108499558801
   749 -1152.015066657      1148.20845     -2300.22352     0.1555477669844
   750 -1151.998854846      1148.81441     -2300.81326     0.1976099559884
   751 -1152.080335520      1148.97924     -2301.05957     0.1993010689303
   752 -1151.892703407      1149.53780     -2301.43050     0.1964454372039
   753 -1152.062915443      1148.51363     -2300.57655     0.1928680854671
   754 -1152.041308682      1148.11472     -2300.15603     0.1864225710883
   755 -1151.970011913      1147.85027     -2299.82028     0.1782287437413
   756 -1151.926786309      1147.76782     -2299.69461     0.1227948254615
   757 -1151.919803428      1147.81063     -2299.73043     0.9140412527206E-01
   758 -1151.934570237      1147.99882     -2299.93339     0.7363256636204E-01
   759 -1151.920453071      1148.43154     -2300.35199     0.6377755233156E-01
   760 -1151.841595636      1148.94954     -2300.79114     0.5899114584912E-01
   761 -1151.902543614      1148.66185     -2300.56439     0.5769108559846E-01
   762 -1151.918147564      1148.28074     -2300.19889     0.6016407733025E-01
   763 -1151.894778439      1148.05196     -2299.94674     0.6735382450328E-01
   764 -1151.880703895      1147.94828     -2299.82898     0.8045418857909E-01
   765 -1151.893896456      1147.93377     -2299.82766     0.1020957722437
   766 -1151.938982394      1148.01080     -2299.94979     0.1374461150970
   767 -1152.012582062      1148.22871     -2300.24129     0.1926334587701
   768 -1152.084069946      1148.69920     -2300.78327     0.2060845275177
   769 -1152.002974992      1149.72167     -2301.72464     0.2056782720352
   770 -1151.812747905      1150.40725     -2302.21999     0.2039038546779
   771 -1152.088669756      1148.84682     -2300.93549     0.2060933007995
   772 -1152.019649114      1148.22929     -2300.24894     0.1868749285053
   773 -1151.944217147      1148.01714     -2299.96135     0.1284235597066
   774 -1151.903092305      1147.96663     -2299.86972     0.9387881907990E-01
   775 -1151.891707576      1148.02002     -2299.91173     0.7372798511437E-01
   776 -1151.897458347      1148.16884     -2300.06630     0.6165923047497E-01
   777 -1151.905983008      1148.40086     -2300.30684     0.5450471911213E-01
   778 -1151.900816611      1148.67377     -2300.57459     0.5078209189164E-01
   779 -1151.856269114      1148.89147     -2300.74774     0.4982245311495E-01
   780 -1151.895910479      1148.55053     -2300.44644     0.5132656240845E-01
   781 -1151.915658292      1148.22783     -2300.14348     0.5513097979161E-01
   782 -1151.895939198      1148.01743     -2299.91337     0.6405962965652E-01
   783 -1151.885370573      1147.98725     -2299.87262     0.7652413025218E-01
   784 -1151.894569663      1148.05497     -2299.94954     0.9397127647991E-01
   785 -1151.918457078      1148.19920     -2300.11766     0.1183977500219
   786 -1151.956060904      1148.39233     -2300.34839     0.1514456800914
   787 -1152.010552287      1148.60297     -2300.61352     0.1834837231987
   788 -1152.047426838      1148.94029     -2300.98771     0.1904910700807
   789 -1151.965949139      1149.60037     -2301.56632     0.1905838658341
   790 -1151.842844195      1149.89914     -2301.74199     0.1889078616269
   791 -1152.052763094      1148.71873     -2300.77149     0.1898053561745
   792 -1152.018817381      1148.25285     -2300.27167     0.1904009948096
   793 -1151.968350482      1148.10641     -2300.07476     0.1787532721796
   794 -1151.932823614      1148.11195     -2300.04478     0.1394186915746
   795 -1151.913945983      1148.16043     -2300.07437     0.1086125230166
   796 -1151.918433312      1148.16607     -2300.08450     0.8679147156964E-01
   797 -1151.935652202      1148.17277     -2300.10842     0.7198430357716E-01
   798 -1151.924290475      1148.33953     -2300.26382     0.6268665989080E-01
   799 -1151.864770085      1148.60089     -2300.46566     0.5806395525196E-01
   800 -1151.921125816      1148.31348     -2300.23461     0.5817433962396E-01
   801 -1151.947835887      1148.12693     -2300.07477     0.6532907393885E-01
   802 -1151.953013832      1148.14454     -2300.09755     0.8989755576781E-01
   803 -1151.968275613      1148.33430     -2300.30257     0.1353390745261
   804 -1151.986776578      1148.66540     -2300.65217     0.1501210959154
   805 -1151.900097896      1149.28987     -2301.18997     0.1565048328128
   806 -1151.960144370      1149.10882     -2301.06897     0.1704202417445
   807 -1152.051101375      1148.60050     -2300.65160     0.1803416906802
   808 -1152.022970516      1148.62494     -2300.64791     0.1489111839933
   809 -1151.927576215      1148.99483     -2300.92241     0.1126068693448
   810 -1151.947272496      1148.88353     -2300.83080     0.9294366197613E-01
   811 -1151.958474496      1148.72569     -2300.68416     0.8534816387808E-01
   812 -1151.925326514      1148.77580     -2300.70113     0.8494439376856E-01
   813 -1151.899112383      1148.86472     -2300.76383     0.9340384324282E-01
   814 -1151.902466089      1148.86891     -2300.77138     0.1130690793700
   815 -1151.932658628      1148.82726     -2300.75992     0.1477095964844
   816 -1151.984740553      1148.84875     -2300.83349     0.1940705705056
   817 -1152.043382515      1149.07000     -2301.11339     0.2119563254630
   818 -1151.991834797      1149.78113     -2301.77296     0.2126139038363
   819 -1151.927458053      1150.21184     -2302.13930     0.2115062542478
   820 -1152.025741003      1149.53893     -2301.56467     0.2078818108312
   821 -1152.034006677      1148.91154     -2300.94555     0.2021818396814
   822 -1151.978065791      1148.49260     -2300.47066     0.1931866303453
   823 -1151.939260729      1148.11149     -2300.05075     0.1830634271509
   824 -1151.915997962      1147.795820799     -2299.711818761
$end
