$coord
   -0.12880327959316     -0.15978630312389     -0.25212617534949      ti
    0.92730263559770     -2.14738624368922      2.30940962717933      o
   -3.23933659967487     -0.56189812280967     -1.81138765429867      o
   -3.66759736971024     -1.91899942168069     -3.14289767472525      h
   -0.38600210051328      2.53434760254153      1.52908111597767      o
    0.06359653239247      3.87056979167718      2.87474446099195      h
    2.89471166734521      0.69481023395428     -1.23669880494361      o
    4.04996244256401      0.16550118555332     -2.74445834613538      h
    2.55311703039274     -2.77572358063809      2.44797232262418      h
$redundant
     number_of_atoms             9
     degrees_of_freedom         21
     internal_coordinates       21
     frozen_coordinates          0
# definitions of redundant internals
   1 k  1.0000000000000 stre    4    3           val=   1.82723
   2 k  1.0000000000000 linc    4    1    3    5 val=  -2.22874
   3 k  1.0000000000000 linp    4    1    3    5 val= -19.38455
   4 k  1.0000000000000 stre    1    3           val=   3.30833
   5 k  0.2375899727046 bend    5    3    1      val=   3.07524
       -0.7412423335524 bend    2    3    1
        0.6277824526219 bend    7    3    1
   6 k  0.8676615101135 bend    5    3    1      val=  15.91283
       -0.1286127504173 bend    2    3    1
       -0.4802314694995 bend    7    3    1
   7 k  1.0000000000000 tors    6    5    1    2 val= 149.32030
        1.0000000000000 tors    6    5    1    7
   8 k  1.0000000000000 stre    5    6           val=   1.79378
   9 k  1.0000000000000 bend    1    6    5      val= 124.04245
  10 k  1.0000000000000 tors    8    7    1    2 val= 125.77250
        1.0000000000000 tors    8    7    1    5
  11 k  1.0000000000000 stre    7    8           val=   1.95241
  12 k  1.0000000000000 bend    1    8    7      val= 136.72593
  13 k  1.0000000000000 tors    9    2    1    5 val= 135.07984
        1.0000000000000 tors    9    2    1    7
  14 k  1.0000000000000 stre    2    9           val=   1.84152
  15 k  1.0000000000000 bend    1    9    2      val= 152.82738
  16 k  1.0000000000000 stre    1    5           val=   3.28340
  17 k  1.0000000000000 stre    1    2           val=   3.30240
  18 k  1.0000000000000 stre    1    7           val=   3.39037
  19 k -0.6140127214805 bend    2    5    1      val=  26.34253
        0.0702574720598 bend    7    5    1
        0.7861630018513 bend    7    2    1
  20 k  0.5279572852962 bend    2    5    1      val=  26.26202
       -0.7038464044568 bend    7    5    1
        0.4752487178688 bend    7    2    1
  21 k  0.5867277756871 bend    2    5    1      val= 108.05317
        0.7068692428964 bend    7    5    1
        0.3950777020844 bend    7    2    1
        21 non zero eigenvalues  of BmBt
           1           9.261831320    1    0
         1
           2           4.372577816    2    0
         2
           3           3.785398308    3    0
         3
           4           3.256066737    4    0
         4
           5           2.841631148    5    0
         5
           6           2.548133966    6    0
         6
           7           2.416883266    7    0
         7
           8           2.046168171    8    0
         8
           9           1.683722162    9    0
         9
          10           1.453047046   10    0
        10
          11           1.238343821   11    0
        11
          12           1.092897947   12    0
        12
          13           0.959721731   13    0
        13
          14           0.642619986   14    0
        14
          15           0.572846587   15    0
        15
          16           0.328545200   16    0
        16
          17           0.132106897   17    0
        17
          18           0.101231139   18    0
        18
          19           0.078281649   19    0
        19
          20           0.066604084   20    0
        20
          21           0.051863962   21    0
        21
$user-defined bonds
$end
