$grad          cartesian gradients
  cycle =      1   ex. state energy =    -1151.8878628890 |dE/dxyz| =  0.235545
   -0.01678989277577     -0.08960641325743      0.06369018538184      ti
    0.90746041895476     -2.65873652304140      1.82965531923560      o
   -2.80876236630062     -0.94778358458729     -1.73744312975015      o
   -3.81479662355541      0.20542783512980     -2.68619222901264      h
   -0.74450736387790      2.73225056727811      1.66610783722933      o
   -0.07734125341614      4.38216308396864      2.14500091101692      h
    2.62680374143888      1.03224311155829     -1.88504737031849      o
    2.62993804120288      0.00308125205357     -3.15821558138935      h
    2.36174999814988     -2.83996050329468      2.68429889166958      h
  0.27187545434123D-01  0.11868031614600D-01  0.13274168641924D-01
  0.41283187969217D-01  0.43686047614888D-01  0.46725844251159D-02
  0.23088937859438D-01  0.64249072243090D-02  0.14822574263950D-01
  0.86707812881109D-02  -.59894707163618D-02  0.10189169991368D-01
  0.14955468217932D-01  -.64067728511771D-01  -.44732742817114D-01
  0.12190587587058D-02  0.80451523973643D-02  0.74908309255321D-02
  -.28231612961131D-01  -.10362057474849D+00  -.77263995604589D-01
  -.16613142948357D-01  0.90288872489175D-01  0.11946135281794D+00
  -.71560223114822D-01  0.13364760840936D-01  -.47913943416542D-01
$end
