$coord
  -12.82966044227381      6.72111750518654     -0.00609720136776      o
  -10.79480712183482      5.56629755058514     -0.00387318268196      c
   -8.36450347473193      6.81948549828039     -0.00914532962010      c
   -6.15450466711870      5.45862435704036     -0.00643886385258      c
   -6.12236571683149      2.73932583729834      0.00175007537167      c
   -8.46336922168918      1.42718712699728      0.00715355827604      c
  -10.66031134453247      2.77645234176808      0.00443443134343      c
   -3.03517191203225      6.52838773840058     -0.01166509044569      s
   -2.00512036946417      3.34573441799862     -0.00271893796000      c
   -3.83886109799172      1.66249658095465      0.00354607108836      n
    0.59244766197575      2.70832469111574     -0.00248858034440      c
    1.41734033103665     -0.55401497880296      0.00687406778098      s
    2.43673929842104      4.35040391504024     -0.00871673973316      n
    4.78518530068049      3.26273216603650     -0.00700899422687      c
    4.70188825144163      0.35148206873004      0.00190711161331      c
    5.68561070121805     -0.35428623333863      1.68798955340512      h
    5.68333943937894     -0.36453308432159     -1.68117614583300      h
    6.78849965887946      4.38206665434196     -0.01179170209659      o
   -8.39509190472712      8.87965529074904     -0.01533172606133      h
  -13.79044388446836      1.03996674661472      0.01154773845284      br
   -8.45423050611054     -0.63247527400470      0.01333919882681      h
$redundant
     number_of_atoms            21
     degrees_of_freedom         57
     internal_coordinates       57
     frozen_coordinates          0
# definitions of redundant internals
   1 k  1.0000000000000 stre    2    1           val=   2.33971
   2 k  0.7071067811867 bend    3    1    2      val=   0.40513
       -0.7071067811864 bend    7    1    2
   3 k  1.0000000000000 outp    1    7    3    2 val=  -0.00023
   4 k  1.0000000000000 stre   15   16           val=   2.07574
   5 k  1.0000000000000 stre   15   17           val=   2.07574
   6 k  0.0033684779242 bend   17   16   15      val=   1.25091
       -0.4899929393023 bend   12   16   15
       -0.4899923250890 bend   12   17   15
        0.5098064936650 bend   14   16   15
        0.5098043086923 bend   14   17   15
   7 k  0.0000052343576 bend   17   16   15      val=   0.00004
       -0.4578016551851 bend   12   16   15
        0.4577990925007 bend   12   17   15
       -0.5389055726533 bend   14   16   15
        0.5389048331117 bend   14   17   15
   8 k -0.8890581887141 bend   17   16   15      val=   2.51805
        0.2319126663847 bend   12   16   15
        0.2319170472155 bend   12   17   15
        0.2258358672461 bend   14   16   15
        0.2258421938586 bend   14   17   15
   9 k -0.0000003410091 bend   17   16   15      val=   0.00007
       -0.5389042879970 bend   12   16   15
        0.5389061177870 bend   12   17   15
        0.4577999486345 bend   14   16   15
       -0.4578007990604 bend   14   17   15
  10 k  1.0000000000000 stre   14   18           val=   2.29482
  11 k  0.7071067811877 bend   13   18   14      val=   2.56096
       -0.7071067811854 bend   15   18   14
  12 k  1.0000000000000 outp   18   15   13   14 val=   0.00024
  13 k  1.0000000000000 stre    3   19           val=   2.06041
  14 k  0.7071067811924 bend    4   19    3      val=   3.02345
       -0.7071067811807 bend    2   19    3
  15 k  1.0000000000000 outp   19    2    4    3 val=  -0.00071
  16 k  1.0000000000000 stre    7   20           val=   3.57955
  17 k  0.7071067811875 bend    6   20    7      val=   1.58166
       -0.7071067811856 bend    2   20    7
  18 k  1.0000000000000 outp   20    2    6    7 val=   0.00025
  19 k  1.0000000000000 stre    6   21           val=   2.05969
  20 k  0.7071067811902 bend    7   21    6      val=   1.39698
       -0.7071067811829 bend    5   21    6
  21 k  1.0000000000000 outp   21    5    7    6 val=  -0.00073
  22 k  1.0000000000000 stre   11   13           val=   2.46939
  23 k  1.0000000000000 stre   13   14           val=   2.58809
  24 k  1.0000000000000 stre   14   15           val=   2.91246
  25 k  1.0000000000000 stre   15   12           val=   3.40708
  26 k  1.0000000000000 stre   12   11           val=   3.36503
  27 k -0.8090169943749 bend   11   14   13      val=   6.77862
        0.3090169943749 bend   13   15   14
        0.3090169943749 bend   14   12   15
       -0.8090169943749 bend   15   11   12
        1.0000000000000 bend   12   13   11
  28 k  0.5877852522925 bend   11   14   13      val=   2.81195
       -0.9510565162952 bend   13   15   14
        0.9510565162952 bend   14   12   15
       -0.5877852522925 bend   15   11   12
  29 k -0.8090169943749 tors   14   15   12   11 val=   0.00041
        0.3090169943749 tors   15   12   11   13
        0.3090169943749 tors   12   11   13   14
       -0.8090169943749 tors   11   13   14   15
        1.0000000000000 tors   13   14   15   12
  30 k  0.5877852522925 tors   14   15   12   11 val=   0.00033
       -0.9510565162952 tors   15   12   11   13
        0.9510565162952 tors   12   11   13   14
       -0.5877852522925 tors   11   13   14   15
  31 k  1.0000000000000 tors   13   11    9    8 val=  89.99847
        1.0000000000000 tors   13   11    9   10
        1.0000000000000 tors   12   11    9    8
        1.0000000000000 tors   12   11    9   10
  32 k  0.7071067812597 bend    9   13   11      val=   3.27750
       -0.7071067811134 bend    9   12   11
  33 k  1.0000000000000 outp   13    9   12   11 val=  -0.00076
  34 k  1.0000000000000 stre    4    3           val=   2.59539
  35 k  1.0000000000000 stre    3    2           val=   2.73439
  36 k  1.0000000000000 stre    2    7           val=   2.79310
  37 k  1.0000000000000 stre    7    6           val=   2.57819
  38 k  1.0000000000000 stre    6    5           val=   2.68366
  39 k -0.5000000000000 bend    5    3    4      val=  -2.58304
       -0.5000000000000 bend    4    2    3
        1.0000000000000 bend    3    7    2
       -0.5000000000000 bend    2    6    7
       -0.5000000000000 bend    7    5    6
        1.0000000000000 bend    6    4    5
  40 k  0.8660254037844 bend    5    3    4      val=   1.58665
       -0.8660254037844 bend    4    2    3
        0.8660254037844 bend    2    6    7
       -0.8660254037844 bend    7    5    6
  41 k -1.0000000000000 bend    5    3    4      val=   1.33614
        1.0000000000000 bend    4    2    3
       -1.0000000000000 bend    3    7    2
        1.0000000000000 bend    2    6    7
       -1.0000000000000 bend    7    5    6
        1.0000000000000 bend    6    4    5
  42 k -0.5000000000000 tors    4    3    2    7 val=  -0.00077
       -0.5000000000000 tors    3    2    7    6
        1.0000000000000 tors    2    7    6    5
       -0.5000000000000 tors    7    6    5    4
       -0.5000000000000 tors    6    5    4    3
        1.0000000000000 tors    5    4    3    2
  43 k  0.8660254037844 tors    4    3    2    7 val=  -0.00027
       -0.8660254037844 tors    3    2    7    6
        0.8660254037844 tors    7    6    5    4
       -0.8660254037844 tors    6    5    4    3
  44 k -1.0000000000000 tors    4    3    2    7 val=  -0.00026
        1.0000000000000 tors    3    2    7    6
       -1.0000000000000 tors    2    7    6    5
        1.0000000000000 tors    7    6    5    4
       -1.0000000000000 tors    6    5    4    3
        1.0000000000000 tors    5    4    3    2
  45 k  1.0000000000000 tors   10    5    4    6 val= 179.99924
        1.0000000000000 tors    8    5    4    3
  46 k  1.0000000000000 stre    9   11           val=   2.67463
  47 k  0.7071067811928 bend   10   11    9      val=   0.97098
       -0.7071067811803 bend    8   11    9
  48 k  1.0000000000000 outp   11    8   10    9 val=  -0.00042
  49 k  1.0000000000000 stre    4    5           val=   2.71950
  50 k  1.0000000000000 stre    5   10           val=   2.52467
  51 k  1.0000000000000 stre   10    9           val=   2.48916
  52 k  1.0000000000000 stre    9    8           val=   3.34520
  53 k  1.0000000000000 stre    8    4           val=   3.29767
  54 k -0.8090169943749 bend    4   10    5      val=   3.87889
        0.3090169943749 bend    5    9   10
        0.3090169943749 bend   10    8    9
       -0.8090169943749 bend    9    4    8
        1.0000000000000 bend    8    5    4
  55 k  0.5877852522925 bend    4   10    5      val=   5.88682
       -0.9510565162952 bend    5    9   10
        0.9510565162952 bend   10    8    9
       -0.5877852522925 bend    9    4    8
  56 k -0.8090169943749 tors   10    9    8    4 val=   0.00031
        0.3090169943749 tors    9    8    4    5
        0.3090169943749 tors    8    4    5   10
       -0.8090169943749 tors    4    5   10    9
        1.0000000000000 tors    5   10    9    8
  57 k  0.5877852522925 tors   10    9    8    4 val=   0.00006
       -0.9510565162952 tors    9    8    4    5
        0.9510565162952 tors    8    4    5   10
       -0.5877852522925 tors    4    5   10    9
        57 non zero eigenvalues  of BmBt
           1          10.007443363    1    0
         1
           2           5.606094250    2    0
         2
           3           5.292308384    3    0
         3
           4           4.945500012    4    0
         4
           5           4.451520439    5    0
         5
           6           4.090273320    6    0
         6
           7           4.000144130    7    0
         7
           8           3.905721709    8    0
         8
           9           3.645299107    9    0
         9
          10           3.554044109   10    0
        10
          11           3.463823976   11    0
        11
          12           3.328309118   12    0
        12
          13           3.303141573   13    0
        13
          14           3.275938615   14    0
        14
          15           3.050865815   15    0
        15
          16           2.943288516   16    0
        16
          17           2.817002874   17    0
        17
          18           2.634164107   18    0
        18
          19           2.598200087   19    0
        19
          20           1.958101805   20    0
        20
          21           1.887774020   21    0
        21
          22           1.838613256   22    0
        22
          23           1.761614628   23    0
        23
          24           1.669841694   24    0
        24
          25           1.503620294   25    0
        25
          26           1.374823910   26    0
        26
          27           1.277766468   27    0
        27
          28           1.221612488   28    0
        28
          29           1.099101229   29    0
        29
          30           0.985105561   30    0
        30
          31           0.870404730   31    0
        31
          32           0.782565040   32    0
        32
          33           0.776201039   33    0
        33
          34           0.723072016   34    0
        34
          35           0.706789603   35    0
        35
          36           0.596675159   36    0
        36
          37           0.489540926   37    0
        37
          38           0.418354999   38    0
        38
          39           0.408788703   39    0
        39
          40           0.378762511   40    0
        40
          41           0.321654904   41    0
        41
          42           0.310630337   42    0
        42
          43           0.309849052   43    0
        43
          44           0.301947773   44    0
        44
          45           0.271325611   45    0
        45
          46           0.264654652   46    0
        46
          47           0.245161207   47    0
        47
          48           0.208345323   48    0
        48
          49           0.165071198   49    0
        49
          50           0.128131328   50    0
        50
          51           0.078058951   51    0
        51
          52           0.069016093   52    0
        52
          53           0.065296779   53    0
        53
          54           0.050124190   54    0
        54
          55           0.037524935   55    0
        55
          56           0.010102039   56    0
        56
          57           0.007942553   57    0
        57
$user-defined bonds
$end
