$coord
    0.13709853614968     -0.10516696059201      0.13381794580036      ti
    1.34884175437397     -2.07175978986191      2.09980146352353      o
   -2.75314261685675     -0.97423651080991     -1.85868891955978      o
   -2.33882068156324     -0.76395557290142     -3.58815753112076      h
   -1.37527817628508      2.56626265203785      1.80748828169576      o
   -1.90107114109232      3.05078520919667      3.46532336165541      h
    2.60116993918821      0.61358161899674     -2.20125140496593      o
    4.37190641599637      0.35885216768104     -2.44856977746912      h
   -3.81523751034214      0.22743817432166     -1.36478648382803      h
$redundant
     number_of_atoms             9
     degrees_of_freedom         21
     internal_coordinates       21
     frozen_coordinates          0
# definitions of redundant internals
   1 k  1.0000000000000 tors    4    3    1    2 val=  49.51916
        1.0000000000000 tors    4    3    1    5
        1.0000000000000 tors    4    3    1    7
   2 k  1.0000000000000 stre    3    4           val=   1.95145
   3 k  1.0000000000000 bend    1    4    3      val= 128.38083
   4 k  1.0000000000000 tors    6    5    1    2 val=  58.52541
        1.0000000000000 tors    6    5    1    3
        1.0000000000000 tors    6    5    1    7
   5 k  1.0000000000000 stre    5    6           val=   1.83908
   6 k  1.0000000000000 bend    1    6    5      val= 121.27642
   7 k  1.0000000000000 tors    8    7    1    2 val=  43.33030
        1.0000000000000 tors    8    7    1    3
        1.0000000000000 tors    8    7    1    5
   8 k  1.0000000000000 stre    7    8           val=   1.78915
   9 k  1.0000000000000 bend    1    8    7      val= 145.75286
  10 k  1.0000000000000 tors    9    2    1    3 val= 142.49156
        1.0000000000000 tors    9    2    1    5
        1.0000000000000 tors    9    2    1    7
  11 k  1.0000000000000 stre    2    9           val=   1.97173
  12 k  1.0000000000000 bend    1    9    2      val= 111.28898
  13 k  1.0000000000000 stre    1    7           val=   3.18186
  14 k  1.0000000000000 stre    1    5           val=   3.34214
  15 k  1.0000000000000 stre    1    3           val=   3.56285
  16 k  1.0000000000000 stre    1    2           val=   3.76155
  17 k  0.1413101960260 bend    5    7    1      val=   0.11670
       -0.3964730213554 bend    3    7    1
        0.5182832537468 bend    3    5    1
       -0.6143848622073 bend    2    7    1
        0.4203680749435 bend    2    5    1
        0.0067054739483 bend    2    3    1
  18 k -0.7391956427788 bend    5    7    1      val=   5.97391
       -0.1910451785843 bend    3    7    1
        0.0367244169107 bend    3    5    1
        0.2552625866348 bend    2    7    1
        0.3889783171017 bend    2    5    1
        0.4464075932691 bend    2    3    1
  19 k -0.3218028967171 bend    5    7    1      val=   9.36673
        0.6576268136697 bend    3    7    1
        0.4325164536607 bend    3    5    1
       -0.3565073493013 bend    2    7    1
       -0.3291376341771 bend    2    5    1
        0.2036426148486 bend    2    3    1
  20 k  0.1637653054217 bend    5    7    1      val=   2.12424
       -0.4751488882378 bend    3    7    1
        0.3434966313085 bend    3    5    1
        0.2180323254463 bend    2    7    1
       -0.6152280554224 bend    2    5    1
        0.4509776800552 bend    2    3    1
  21 k  0.2338144886402 bend    5    7    1      val=  -4.75682
        0.0646808081836 bend    3    7    1
       -0.5586980312533 bend    3    5    1
       -0.4245674909967 bend    2    7    1
        0.0400505106958 bend    2    5    1
        0.6686868400156 bend    2    3    1
        21 non zero eigenvalues  of BmBt
           1          10.598031880    1    0
         1
           2           4.673528001    2    0
         2
           3           3.620312083    3    0
         3
           4           3.342334070    4    0
         4
           5           2.829051250    5    0
         5
           6           2.494631497    6    0
         6
           7           2.336999549    7    0
         7
           8           2.315638803    8    0
         8
           9           2.028432439    9    0
         9
          10           1.834369090   10    0
        10
          11           1.549190568   11    0
        11
          12           1.282916564   12    0
        12
          13           1.038142505   13    0
        13
          14           0.605423577   14    0
        14
          15           0.503372345   15    0
        15
          16           0.314925844   16    0
        16
          17           0.118691845   17    0
        17
          18           0.106894564   18    0
        18
          19           0.104590619   19    0
        19
          20           0.081810898   20    0
        20
          21           0.065383519   21    0
        21
$user-defined bonds
$end
