$coord
    0.68745156460783      0.09584048439111      4.03415805772921      cl
    2.74219538643113      1.41956491664028     -1.22451475513574      o
   -0.22959000884358     -2.98759503307504     -1.12401061562129      o
   -2.48095076410819      1.97553576199078     -0.71214688365761      o
    2.12355971073323     -0.29257968311322     -1.55371506303293      h
   -0.65245799402428      1.99920722742176     -1.03266843531690      h
   -0.02404695401358     -2.63459286864371      0.72447507900333      h
   -2.43470897666387      1.49575697356471      1.08523324640186      h
   -1.53729976800700     -1.70835437604877     -1.46250988787317      h
    2.45800892193712      1.47935433970388      0.63694258658284      h
$redundant
     number_of_atoms            10
     degrees_of_freedom         24
     internal_coordinates       42
     frozen_coordinates          0
# definitions of redundant internals
   1 k  1.0000000000000 stre    4    6           val=   1.85652
   2 k  1.0000000000000 stre    6    2           val=   3.44912
   3 k  1.0000000000000 linc    2    4    6    8 val=   9.68669
   4 k  1.0000000000000 linp    2    4    6    8 val=  -7.67507
   5 k  1.0000000000000 stre    2    5           val=   1.85001
   6 k  1.0000000000000 stre    2   10           val=   1.88397
   7 k  1.0000000000000 stre    3    9           val=   1.86041
   8 k  1.0000000000000 stre    3    7           val=   1.89308
   9 k  1.0000000000000 stre    4    8           val=   1.86089
  10 k  1.0000000000000 bend   10    5    2      val=  98.90217
  11 k  1.0000000000000 bend    7    9    3      val=  97.22482
  12 k  1.0000000000000 bend    8    6    4      val=  98.37013
  13 k  1.0000000000000 tors    8    4    2    5 val=  83.17058
        1.0000000000000 tors    8    4    2   10
        1.0000000000000 tors    9    4    2    5
        1.0000000000000 tors    9    4    2   10
  14 k  1.0000000000000 stre    1   10           val=   4.07309
  15 k  1.0000000000000 stre    1    7           val=   4.34920
  16 k  1.0000000000000 stre    1    8           val=   4.51706
  17 k  1.0000000000000 stre    3    5           val=   3.60348
  18 k  1.0000000000000 stre    4    9           val=   3.87615
  19 k  0.6150224691474 bend    7   10    1      val=  68.31222
        0.5974815891737 bend    8   10    1
        0.5145513706544 bend    8    7    1
  20 k -0.7884203075419 bend    7   10    1      val=   2.38620
        0.4561520603119 bend    8   10    1
        0.4126968821408 bend    8    7    1
  21 k  0.0118651211282 bend    7   10    1      val=   2.91975
       -0.6595006053611 bend    8   10    1
        0.7516103847266 bend    8    7    1
  22 k  0.7302844736321 bend    6    5    2      val=  79.30875
        0.6831431676976 bend    6   10    2
  23 k -0.6831431676976 bend    6    5    2      val=   1.32953
        0.7302844736321 bend    6   10    2
  24 k  0.7231947976499 bend    5    9    3      val=  85.11026
        0.6906441085335 bend    5    7    3
  25 k -0.6906441085335 bend    5    9    3      val=   1.47084
        0.7231947976499 bend    5    7    3
  26 k  0.6714054924328 bend    9    6    4      val=  80.87787
        0.7410901866379 bend    9    8    4
  27 k  0.7410901866379 bend    9    6    4      val=  -1.75315
       -0.6714054924328 bend    9    8    4
  28 k  1.0000000000000 bend    3    2    5      val= 152.78649
  29 k  1.0000000000000 bend    1    3    7      val= 151.38875
  30 k  1.0000000000000 bend    1    4    8      val= 136.68905
  31 k  1.0000000000000 bend    4    3    9      val= 142.13003
  32 k  1.0000000000000 bend    1    2   10      val= 151.50833
  33 k  1.0000000000000 tors    2   10    1    7 val= -24.68441
        1.0000000000000 tors    2   10    1    8
  34 k  1.0000000000000 tors    3    7    1    8 val=  10.16044
        1.0000000000000 tors    3    7    1   10
  35 k  1.0000000000000 tors    4    8    1    7 val= -25.81656
        1.0000000000000 tors    4    8    1   10
  36 k  1.0000000000000 tors    3    5    2    6 val=   4.98840
        1.0000000000000 tors    3    5    2   10
  37 k  1.0000000000000 tors    1   10    2    6 val=  20.79367
        1.0000000000000 tors    1   10    2    5
  38 k  1.0000000000000 tors    4    9    3    5 val=   1.86864
        1.0000000000000 tors    4    9    3    7
  39 k  1.0000000000000 tors    1    7    3    5 val= -10.16318
        1.0000000000000 tors    1    7    3    9
  40 k  1.0000000000000 tors    2    5    3    7 val=  -0.08129
        1.0000000000000 tors    2    5    3    9
  41 k  1.0000000000000 tors    1    8    4    6 val=  27.90264
        1.0000000000000 tors    1    8    4    9
  42 k  1.0000000000000 tors    3    9    4    6 val=  -8.67276
        1.0000000000000 tors    3    9    4    8
        24 non zero eigenvalues  of BmBt
           1           2.977563176    1    0
         1
           2           1.166245436    2    0
         2
           3           1.008551661    3    0
         3
           4           0.909350168    4    0
         4
           5           2.125763044    5    0
         5
           6           2.095230071    6    0
         6
           7           1.874236956    7    0
         7
           8           1.812354339    8    0
         8
           9           1.608066903    9    0
         9
          10           0.922659820    0    0
         0.000000000         0.000000000         0.000000000         0.000000000
         0.000000000         0.000000000         0.000000000         0.000000000
         0.000000000        -0.979607447         0.000000000         0.200921006
         0.000000000         0.000000000         0.000000000         0.000000000
         0.000000000         0.000000000         0.000000000         0.000000000
         0.000000000         0.000000000         0.000000000         0.000000000
         0.000000000         0.000000000         0.000000000         0.000000000
         0.000000000         0.000000000         0.000000000         0.000000000
         0.000000000         0.000000000         0.000000000         0.000000000
         0.000000000         0.000000000         0.000000000         0.000000000
         0.000000000         0.000000000
          11           0.909095561    0    0
         0.000000000         0.000000000         0.000000000         0.000000000
         0.000000000         0.000000000         0.000000000         0.000000000
         0.000000000         0.000000000        -1.000000000         0.000000000
         0.000000000         0.000000000         0.000000000         0.000000000
         0.000000000         0.000000000         0.000000000         0.000000000
         0.000000000         0.000000000         0.000000000         0.000000000
         0.000000000         0.000000000         0.000000000         0.000000000
         0.000000000         0.000000000         0.000000000         0.000000000
         0.000000000         0.000000000         0.000000000         0.000000000
         0.000000000         0.000000000         0.000000000         0.000000000
         0.000000000         0.000000000
          12           1.295102481   13    0
        13
          13          16.159610732    0    0
         0.000000000         0.000000000         0.000000000         0.000000000
         0.000000000         0.000000000         0.000000000         0.000000000
         0.000000000         0.000000000         0.000000000         0.000000000
         0.000000000         0.048461025         0.027213438        -0.072606376
         0.094024301        -0.033499630         0.022447212         0.032699492
        -0.012781093         0.129858299         0.018362430        -0.060412335
        -0.046744158        -0.015945341        -0.001563788        -0.070367449
         0.030515763         0.053977651         0.073225753        -0.052166678
         0.427938595        -0.310166341         0.028084715         0.405874919
        -0.482045306        -0.069785699         0.326922092        -0.382216553
        -0.027068604         0.063029647
          14          11.266848029    0    0
         0.000000000         0.000000000         0.000000000         0.000000000
         0.000000000         0.000000000         0.000000000         0.000000000
         0.000000000         0.000000000         0.000000000         0.000000000
         0.000000000        -0.017786834         0.041137994         0.018229502
        -0.174279750         0.078957644         0.029518405        -0.018095905
        -0.031775380         0.086176789         0.027426980         0.230705592
         0.008213656        -0.008603321         0.028445882        -0.033185479
        -0.146072767         0.012262297        -0.132509061        -0.021730996
         0.286390876         0.419719331        -0.084481938         0.171043624
        -0.320827860         0.332329118        -0.534125642        -0.083436856
         0.057133547        -0.228915064
          15           9.049217338    0    0
         0.000000000         0.000000000         0.000000000         0.000000000
         0.000000000         0.000000000         0.000000000         0.000000000
         0.000000000         0.000000000         0.000000000         0.000000000
         0.000000000        -0.019145640        -0.042846378        -0.072703252
         0.063701548         0.096891384         0.010681098         0.013065711
        -0.053792713         0.006003682         0.078130796        -0.106060756
         0.091910081        -0.054000543         0.012673316         0.037923247
         0.065538986         0.015208414         0.016344995         0.011196413
         0.395919686         0.089332977        -0.233786857        -0.326830187
        -0.327368400        -0.352850137        -0.072625775         0.495849762
         0.177809268         0.316194243
          16           7.170879865    0    0
         0.000000000         0.000000000         0.000000000         0.000000000
         0.000000000         0.000000000         0.000000000         0.000000000
         0.000000000         0.000000000         0.000000000         0.000000000
         0.000000000         0.003936390        -0.090584702         0.017766532
         0.066014555        -0.043234769         0.011762742        -0.036799418
         0.011646401         0.048875186        -0.025382302        -0.048793710
         0.057042119         0.072656773        -0.134481175        -0.052739909
         0.047054717         0.013804136         0.027962131        -0.036051306
        -0.139323969         0.377934166         0.295063714         0.288145510
         0.010298297        -0.396548092        -0.278187097        -0.161350538
        -0.317379021         0.500464267
          17           3.214550860    0    0
         0.000000000         0.000000000         0.000000000         0.000000000
         0.000000000         0.000000000         0.000000000         0.000000000
         0.000000000         0.000000000         0.000000000         0.000000000
         0.000000000        -0.197705532         0.270478079         0.230316913
         0.298239638         0.056537171        -0.108584483        -0.032633290
        -0.036342400         0.082827270        -0.180788364        -0.016647256
         0.022100420        -0.100581386         0.092327800        -0.243613337
        -0.019926358        -0.005829259         0.080149178         0.221141636
        -0.153586805         0.156716658        -0.478973143         0.184025833
         0.115076196        -0.150531960        -0.008163026        -0.215944877
         0.391747056         0.082670724
          18           2.385118858    0    0
         0.000000000         0.000000000         0.000000000         0.000000000
         0.000000000         0.000000000         0.000000000         0.000000000
         0.000000000         0.000000000         0.000000000         0.000000000
         0.000000000        -0.571387259        -0.491945676        -0.575136122
         0.008079330         0.041422154         0.166955280        -0.007190325
         0.011019864         0.001405693        -0.110205776         0.044481641
        -0.055915431        -0.058580938         0.065781291        -0.101371123
        -0.049989157         0.053642153        -0.050528552         0.030976627
        -0.070030816        -0.001905288        -0.093622402         0.048362446
         0.040942157         0.011771437         0.011575010        -0.065225186
         0.066651225         0.007883109
          19           1.703462377    0    0
         0.000000000         0.000000000         0.000000000         0.000000000
         0.000000000         0.000000000         0.000000000         0.000000000
         0.000000000         0.000000000         0.000000000         0.000000000
         0.000000000         0.057294591        -0.463601186         0.379463229
         0.218022507         0.447007547        -0.003445986         0.026701872
        -0.010223931         0.127201221        -0.043220013        -0.034971319
        -0.239196081         0.024320239         0.058601525        -0.126848725
         0.367616692        -0.175196194        -0.230633690        -0.060567520
        -0.037446025        -0.017979205         0.072767111         0.087304669
        -0.056433373        -0.052349544        -0.009627639         0.095512789
         0.003784819        -0.201306477
          20           1.366118988    0    0
         0.000000000         0.000000000         0.000000000         0.000000000
         0.000000000         0.000000000         0.000000000         0.000000000
         0.000000000         0.000000000         0.000000000         0.000000000
         0.000000000         0.380482031         0.202054702        -0.436301574
         0.141127502         0.446985087        -0.183393272        -0.004367375
         0.095544228        -0.012848580        -0.146158077         0.086913448
        -0.071493050        -0.039775136         0.084740840        -0.048021050
         0.092624354         0.453979456        -0.211632349         0.114755227
        -0.077967485        -0.072723312         0.038403968         0.036674018
         0.052140961         0.077720957        -0.072398676         0.027500151
        -0.001473280         0.121296638
          21           0.977851830    0    0
         0.000000000         0.000000000         0.000000000         0.000000000
         0.000000000         0.000000000         0.000000000         0.000000000
         0.000000000         0.000000000         0.000000000         0.000000000
         0.000000000         0.518591663        -0.470124130        -0.047079278
         0.051432873        -0.531841341        -0.115316475        -0.061979168
        -0.023507239         0.003613144        -0.071346648         0.173045675
         0.089442942        -0.084813698         0.147653884        -0.246950147
         0.049266570         0.124723009         0.043810736        -0.010783594
        -0.056781446         0.059961105        -0.156860028         0.006127989
        -0.012664109        -0.011408804        -0.010352496         0.007265827
         0.138776571        -0.020474572
          22           0.835481689    0    0
         0.000000000         0.000000000         0.000000000         0.000000000
         0.000000000         0.000000000         0.000000000         0.000000000
         0.000000000         0.000000000         0.000000000         0.000000000
         0.000000000        -0.129550496        -0.120110628         0.228536361
        -0.751024716         0.067656599        -0.277744489         0.071618757
         0.029844423         0.097089362        -0.036753144         0.009055893
        -0.084577985        -0.224297093        -0.027894796        -0.006477194
         0.180813569         0.306902626         0.031667811         0.153349042
         0.004995400        -0.069196017        -0.068386463         0.053926739
         0.043808507        -0.083778444         0.052625809        -0.038568455
         0.038070411         0.131141744
          23           0.604825557    0    0
         0.000000000         0.000000000         0.000000000         0.000000000
         0.000000000         0.000000000         0.000000000         0.000000000
         0.000000000         0.000000000         0.000000000         0.000000000
         0.000000000         0.035935927        -0.236079745         0.218117102
         0.139153582         0.312978891         0.141511056        -0.154820462
         0.171785312         0.125578983         0.063133493        -0.103309685
         0.357484946        -0.327189680         0.151707284         0.102185864
        -0.285857983         0.253526444         0.401986465        -0.152388403
         0.016485355        -0.007277081        -0.035307761        -0.085767933
         0.056354989         0.175195042         0.000513370        -0.085409043
        -0.144420740         0.063923495
          24           0.512187157    0    0
         0.000000000         0.000000000         0.000000000         0.000000000
         0.000000000         0.000000000         0.000000000         0.000000000
         0.000000000         0.000000000         0.000000000         0.000000000
         0.000000000         0.247002067        -0.011435911        -0.107825024
        -0.272725550         0.290584634         0.160120191         0.192949311
         0.106682526         0.068671570        -0.345754227         0.225849141
         0.251644602        -0.003626082        -0.240964748        -0.282643993
        -0.254518399        -0.434817306         0.065722632         0.064880992
        -0.041488415        -0.002290310        -0.048278538        -0.044187123
        -0.032105275        -0.148506614         0.157650282         0.002002757
        -0.028356290        -0.021785503
$user-defined bonds
$end
