$coord
    0.19758446635636     -0.04482547601390     -0.00263867799432      ti
    0.76692852560407     -2.32844517917516      2.30225064868302      o
   -2.82156332395947     -1.19417618524151     -1.91432777491420      o
   -2.33603750041807     -2.32442648758097     -3.21670019158790      h
   -1.07322744519940      2.40086035283806      2.00033363977460      o
   -1.00044350935563      3.98774048744835      1.09358578251424      h
    2.59468543633183      1.25888373292620     -2.14788035048583      o
    2.92096139303837      2.30972320781909     -3.56309020428027      h
   -0.51088387641097     -4.01940859459560      1.99613277858119      h
$redundant
     number_of_atoms             9
     degrees_of_freedom         21
     internal_coordinates       21
     frozen_coordinates          0
# definitions of redundant internals
   1 k  1.0000000000000 tors    4    3    1    2 val=  46.54893
        1.0000000000000 tors    4    3    1    5
        1.0000000000000 tors    4    3    1    7
   2 k  1.0000000000000 stre    3    4           val=   1.79147
   3 k  1.0000000000000 bend    1    4    3      val= 110.20777
   4 k  1.0000000000000 tors    6    5    1    2 val=  34.54482
        1.0000000000000 tors    6    5    1    3
        1.0000000000000 tors    6    5    1    7
   5 k  1.0000000000000 stre    5    6           val=   1.82912
   6 k  1.0000000000000 bend    1    6    5      val= 108.45049
   7 k  1.0000000000000 tors    8    7    1    2 val=  49.19112
        1.0000000000000 tors    8    7    1    3
        1.0000000000000 tors    8    7    1    5
   8 k  1.0000000000000 stre    7    8           val=   1.79263
   9 k  1.0000000000000 bend    1    8    7      val= 146.49075
  10 k  1.0000000000000 tors    9    2    1    3 val= 119.48686
        1.0000000000000 tors    9    2    1    5
        1.0000000000000 tors    9    2    1    7
  11 k  1.0000000000000 stre    2    9           val=   2.14146
  12 k  1.0000000000000 bend    1    9    2      val= 110.13578
  13 k  1.0000000000000 stre    1    2           val=   3.29417
  14 k  1.0000000000000 stre    1    5           val=   3.40709
  15 k  1.0000000000000 stre    1    7           val=   3.47100
  16 k  1.0000000000000 stre    1    3           val=   3.75377
  17 k  0.2685487707256 bend    5    2    1      val=   3.39884
       -0.6015924930358 bend    7    2    1
       -0.3233714220005 bend    7    5    1
        0.4836196387393 bend    3    2    1
        0.4716257696523 bend    3    5    1
       -0.0712750441862 bend    3    7    1
  18 k -0.4476689790771 bend    5    2    1      val=   1.00350
       -0.4641769606235 bend    7    2    1
        0.3805047735951 bend    7    5    1
       -0.2448288848812 bend    3    2    1
        0.2592096580524 bend    3    5    1
        0.5587642812223 bend    3    7    1
  19 k  0.4909624567605 bend    5    2    1      val=   5.53831
       -0.2247487625691 bend    7    2    1
        0.5861037753143 bend    7    5    1
       -0.3841103995304 bend    3    2    1
        0.1635129680409 bend    3    5    1
       -0.4366336388699 bend    3    7    1
  20 k -0.5628910152643 bend    5    2    1      val=   3.70778
        0.0799284895713 bend    7    2    1
        0.4077852393443 bend    7    5    1
        0.4867203551549 bend    3    2    1
        0.1262629560367 bend    3    5    1
       -0.5075798477809 bend    3    7    1
  21 k -0.1785027060608 bend    5    2    1      val=   7.82152
        0.3750822753868 bend    7    2    1
       -0.2869718488110 bend    7    5    1
       -0.3863833272286 bend    3    2    1
        0.7559581376768 bend    3    5    1
       -0.1559886121790 bend    3    7    1
        21 non zero eigenvalues  of BmBt
           1           9.996159303    1    0
         1
           2           3.536741090    2    0
         2
           3           3.110541090    3    0
         3
           4           2.742271871    4    0
         4
           5           2.660464381    5    0
         5
           6           2.553595034    6    0
         6
           7           2.293138407    7    0
         7
           8           2.161582497    8    0
         8
           9           2.064517939    9    0
         9
          10           1.759641091   10    0
        10
          11           1.592603681   11    0
        11
          12           1.274503718   12    0
        12
          13           0.942730669   13    0
        13
          14           0.650838261   14    0
        14
          15           0.445799058   15    0
        15
          16           0.278724478   16    0
        16
          17           0.165114456   17    0
        17
          18           0.121394030   18    0
        18
          19           0.087180274   19    0
        19
          20           0.084182818   20    0
        20
          21           0.069660247   21    0
        21
$user-defined bonds
$end
