$coord
    0.27097067242468     -0.08777538382522     -0.02021526806554      ti
   -0.02096062593706     -2.21767119097900      2.50885220607690      o
   -2.45577811405708     -0.49531677737616     -2.00672124574534      o
   -2.34067378484043     -0.76730941528411     -3.75282355321065      h
   -1.46812468116922      1.97417811683082      1.74212508585871      o
   -1.72482682061404      0.94345406153134      3.27484363011491      h
    3.12037255419236      1.03300909134539     -2.18725101795707      o
    3.10710002035169      2.72855081551374     -2.91447120575167      h
    1.16857644613278     -3.40327559161408      3.44829462686189      h
$redundant
     number_of_atoms             9
     degrees_of_freedom         21
     internal_coordinates       21
     frozen_coordinates          0
# definitions of redundant internals
   1 k  1.0000000000000 stre    8    7           val=   1.83598
   2 k  1.0000000000000 linc    8    1    7    2 val= -19.95257
   3 k  1.0000000000000 linp    8    1    7    2 val=  12.04394
   4 k  1.0000000000000 tors    4    3    1    2 val=  60.55192
        1.0000000000000 tors    4    3    1    5
   5 k  1.0000000000000 stre    3    4           val=   1.76648
   6 k  1.0000000000000 bend    1    4    3      val= 106.68524
   7 k  1.0000000000000 tors    6    5    1    2 val=  90.28051
        1.0000000000000 tors    6    5    1    3
   8 k  1.0000000000000 stre    5    6           val=   1.83767
   9 k  1.0000000000000 bend    1    6    5      val= 139.97124
  10 k  1.0000000000000 stre    1    7           val=   3.43801
  11 k  0.0480830215834 bend    2    7    1      val=   0.98203
       -0.7269605465510 bend    5    7    1
        0.6849937129592 bend    3    7    1
  12 k  0.8719035122258 bend    2    7    1      val=   7.37292
       -0.3040311633289 bend    5    7    1
       -0.3838610648311 bend    3    7    1
  13 k  1.0000000000000 tors    9    2    1    3 val=  51.90072
        1.0000000000000 tors    9    2    1    5
  14 k  1.0000000000000 stre    2    9           val=   1.80366
  15 k  1.0000000000000 bend    1    9    2      val= 107.03256
  16 k  1.0000000000000 stre    1    2           val=   3.18296
  17 k  1.0000000000000 stre    1    5           val=   3.32226
  18 k  1.0000000000000 stre    1    3           val=   3.49803
  19 k -0.8066281681832 bend    5    2    1      val=   4.29627
        0.4739118034237 bend    3    2    1
        0.3532118356866 bend    3    5    1
  20 k -0.0435676455637 bend    5    2    1      val=  12.64229
       -0.6436386736983 bend    3    2    1
        0.7640884228804 bend    3    5    1
  21 k  0.5894513199183 bend    5    2    1      val= 113.35921
        0.6009466368119 bend    3    2    1
        0.5398243058172 bend    3    5    1
        21 non zero eigenvalues  of BmBt
           1           5.007063716    1    0
         1
           2           3.595688339    2    0
         2
           3           3.180245577    3    0
         3
           4           2.913791905    4    0
         4
           5           2.296614753    5    0
         5
           6           2.229905237    6    0
         6
           7           2.177343550    7    0
         7
           8           2.006979018    8    0
         8
           9           1.711933623    9    0
         9
          10           1.659284258   10    0
        10
          11           1.433910239   11    0
        11
          12           1.151194548   12    0
        12
          13           0.941991101   13    0
        13
          14           0.743943033   14    0
        14
          15           0.547462757   15    0
        15
          16           0.302059581   16    0
        16
          17           0.129624548   17    0
        17
          18           0.108136697   18    0
        18
          19           0.082636068   19    0
        19
          20           0.078512694   20    0
        20
          21           0.046960788   21    0
        21
$user-defined bonds
$end
