$energy      SCF               SCFKIN            SCFPOT
     1 -1152.089719406      1148.93430     -2301.02402     0.1979259185653
     2 -1152.089583301      1148.84921     -2300.93880     0.1960402456762
     3 -1152.090537964      1148.74564     -2300.83618     0.1930396472604
     4 -1152.091764608      1148.65707     -2300.74884     0.1889333861680
     5 -1152.091916801      1148.60052     -2300.69244     0.1837389437759
     6 -1152.090266707      1148.56568     -2300.65595     0.1775616102869
     7 -1152.088505346      1148.51661     -2300.60511     0.1705972947222
     8 -1152.087548934      1148.42554     -2300.51309     0.1630919350726
     9 -1152.084405021      1148.29836     -2300.38277     0.1552584891603
    10 -1152.078674662      1148.14894     -2300.22761     0.1472902717754
    11 -1152.072991594      1147.99129     -2300.06428     0.1394145225183
    12 -1152.067821585      1147.85233     -2299.92015     0.1317546648279
    13 -1152.061894601      1147.75924     -2299.82114     0.1243211793049
    14 -1152.054257692      1147.71883     -2299.77309     0.1171342948582
    15 -1152.045907978      1147.70712     -2299.75303     0.1102896868604
    16 -1152.039632276      1147.68376     -2299.72339     0.1039304180827
    17 -1152.034657405      1147.63225     -2299.66691     0.9815203473280E-01
    18 -1152.027623859      1147.56324     -2299.59086     0.9295678757121E-01
    19 -1152.019652534      1147.48303     -2299.50268     0.8834397906085E-01
    20 -1152.013474611      1147.40062     -2299.41409     0.8429707344351E-01
    21 -1152.008747326      1147.34139     -2299.35014     0.8072272196714E-01
    22 -1152.003797721      1147.32882     -2299.33262     0.7748981613812E-01
    23 -1151.997949441      1147.36183     -2299.35977     0.7450397528855E-01
    24 -1151.992939425      1147.40934     -2299.40228     0.7173642886987E-01
    25 -1151.990993695      1147.43443     -2299.42543     0.6917591840098E-01
    26 -1151.989694982      1147.43202     -2299.42171     0.6683145870371E-01
    27 -1151.986252949      1147.41469     -2299.40094     0.6468937772598E-01
    28 -1151.982835711      1147.38676     -2299.36959     0.6276286540125E-01
    29 -1151.981405470      1147.36159     -2299.34300     0.6101174323654E-01
    30 -1151.980793328      1147.36792     -2299.34872     0.5934221347320E-01
    31 -1151.979379239      1147.42552     -2299.40490     0.5765281240711E-01
    32 -1151.976939432      1147.52566     -2299.50259     0.5593289846678E-01
    33 -1151.975652566      1147.63194     -2299.60760     0.5424316307788E-01
    34 -1151.976733585      1147.71288     -2299.68961     0.5267410780185E-01
    35 -1151.976841594      1147.77009     -2299.74693     0.5128599914098E-01
    36 -1151.974590284      1147.81355     -2299.78814     0.5011828904039E-01
    37 -1151.972643828      1147.84827     -2299.82092     0.4916691468504E-01
    38 -1151.971935010      1147.89399     -2299.86593     0.4834273840864E-01
    39 -1151.971097419      1147.97853     -2299.94963     0.4751653736208E-01
    40 -1151.968764975      1148.11320     -2300.08197     0.4659781621582E-01
    41 -1151.965127159      1148.27882     -2300.24395     0.4556551046256E-01
    42 -1151.962686501      1148.43165     -2300.39434     0.4447410360752E-01
    43 -1151.961654223      1148.54391     -2300.50557     0.4338494649747E-01
    44 -1151.958675612      1148.62012     -2300.57880     0.4234057927086E-01
    45 -1151.953942287      1148.66632     -2300.62026     0.4132009535490E-01
    46 -1151.950354235      1148.68769     -2300.63804     0.4027888464174E-01
    47 -1151.948494174      1148.70461     -2300.65310     0.3913176991924E-01
    48 -1151.947027446      1148.74042     -2300.68744     0.3780677610482E-01
    49 -1151.944668999      1148.79950     -2300.74417     0.3626948160690E-01
    50 -1151.942291972      1148.85622     -2300.79852     0.3458267211424E-01
    51 -1151.942373135      1148.87258     -2300.81495     0.3284533075370E-01
    52 -1151.943198857      1148.83996     -2300.78316     0.3112351349351E-01
    53 -1151.941358147      1148.77420     -2300.71556     0.2943731026744E-01
    54 -1151.938455024      1148.68253     -2300.62099     0.2782992156464E-01
    55 -1151.937473664      1148.57384     -2300.51131     0.2634236797858E-01
    56 -1151.937905879      1148.47389     -2300.41179     0.2493927895115E-01
    57 -1151.937378675      1148.40817     -2300.34555     0.2356761973762E-01
    58 -1151.934780259      1148.37769     -2300.31247     0.2219402771751E-01
    59 -1151.932393633      1148.35189     -2300.28428     0.2087388151816E-01
    60 -1151.932587154      1148.29957     -2300.23216     0.1965843106010E-01
    61 -1151.932509617      1148.22370     -2300.15621     0.1855857358058E-01
    62 -1151.929758612      1148.13741     -2300.06717     0.1756789793943E-01
    63 -1151.926920133      1148.03967     -2299.96659     0.1670673878417E-01
    64 -1151.926691465      1147.93206     -2299.85875     0.1617049114757E-01
    65 -1151.926750781      1147.81241     -2299.73916     0.1576229795358E-01
    66 -1151.924786701      1147.73594     -2299.66073     0.1552314682055E-01
    67 -1151.922059863      1147.70080     -2299.62286     0.1543786434571E-01
    68 -1151.921996915      1147.67762     -2299.59962     0.1554465949065E-01
    69 -1151.924921195      1147.64658     -2299.57150     0.1587342383142E-01
    70 -1151.926779704      1147.61185     -2299.53863     0.1641605170139E-01
    71 -1151.925907331      1147.57231     -2299.49822     0.1720154450207E-01
    72 -1151.925731493      1147.51230     -2299.43803     0.1829409199372E-01
    73 -1151.928339968      1147.43697     -2299.36531     0.1968897170692E-01
    74 -1151.931102626      1147.38345     -2299.31455     0.2130869041111E-01
    75 -1151.932125935      1147.38022     -2299.31234     0.2306151868940E-01
    76 -1151.933104227      1147.42051     -2299.35361     0.2491921884379E-01
    77 -1151.937038275      1147.47562     -2299.41266     0.2688262574942E-01
    78 -1151.943103323      1147.53075     -2299.47386     0.2895426237453E-01
    79 -1151.947171442      1147.59013     -2299.53730     0.3114386195775E-01
    80 -1151.948348312      1147.64797     -2299.59632     0.3352674146899E-01
    81 -1151.950207721      1147.68706     -2299.63727     0.3620945431239E-01
    82 -1151.954028984      1147.71513     -2299.66916     0.3921070884875E-01
    83 -1151.956787595      1147.76926     -2299.72605     0.4243574888085E-01
    84 -1151.956885502      1147.87504     -2299.83193     0.4581250362524E-01
    85 -1151.956206495      1148.02160     -2299.97781     0.4933783227177E-01
    86 -1151.957755545      1148.17665     -2300.13440     0.5306985272621E-01
    87 -1151.960915610      1148.32141     -2300.28233     0.5706989794221E-01
    88 -1151.962027873      1148.45523     -2300.41725     0.6142919644537E-01
    89 -1151.960736533      1148.56786     -2300.52860     0.6628473542821E-01
    90 -1151.960864988      1148.64063     -2300.60149     0.7170126260869E-01
    91 -1151.963773770      1148.68216     -2300.64593     0.7763694298877E-01
    92 -1151.966993906      1148.72827     -2300.69527     0.8390420233708E-01
    93 -1151.969493167      1148.80086     -2300.77035     0.9028592737297E-01
    94 -1151.973348286      1148.88754     -2300.86089     0.9657591760258E-01
    95 -1151.981381674      1148.95755     -2300.93893     0.1027143226673
    96 -1151.992270464      1148.99704     -2300.98932     0.1087929265008
    97 -1152.001638434      1149.01097     -2301.01261     0.1149009829069
    98 -1152.008943349      1148.99498     -2301.00392     0.1212561469699
    99 -1152.018321513      1148.93472     -2300.95304     0.1282533103053
   100 -1152.031357269      1148.84133     -2300.87269     0.1361945470450
   101 -1152.044763251      1148.75624     -2300.80100     0.1451701306541
   102 -1152.056057973      1148.71173     -2300.76778     0.1553449035496
   103 -1152.066078132      1148.70721     -2300.77328     0.1669709474101
   104 -1152.076730900      1148.72336     -2300.80009     0.1793839328584
   105 -1152.085904340      1148.75850     -2300.84440     0.1876206421444
   106 -1152.088309491      1148.82962     -2300.91793     0.1875499590523
   107 -1152.081624597      1148.94489     -2301.02651     0.1845884807214
   108 -1152.067242111      1149.09570     -2301.16294     0.1811745093963
   109 -1152.045216850      1149.28219     -2301.32741     0.1778527317420
   110 -1152.013991296      1149.51225     -2301.52624     0.1747871973877
   111 -1151.977382279      1149.76219     -2301.73957     0.1720434913290
   112 -1151.947092805      1149.96050     -2301.90760     0.1697003979197
   113 -1151.935767126      1150.02735     -2301.96312     0.1679520738316
   114 -1151.946225859      1149.93133     -2301.87755     0.1668405762154
   115 -1151.971202656      1149.69281     -2301.66401     0.1657552635171
   116 -1152.001790409      1149.35091     -2301.35270     0.1640914064769
   117 -1152.032170913      1148.95531     -2300.98749     0.1624701398555
   118 -1152.057124431      1148.57722     -2300.63435     0.1613396496231
   119 -1152.071854562      1148.28942     -2300.36128     0.1608553306571
   120 -1152.076543079      1148.11978     -2300.19632     0.1609798854710
   121 -1152.075845563      1148.04415     -2300.11999     0.1612776304586
   122 -1152.073256911      1148.02270     -2300.09595     0.1587307484932
   123 -1152.067478064      1148.03390     -2300.10138     0.1454883661507
   124 -1152.057064498      1148.06427     -2300.12134     0.1313828406438
   125 -1152.044748570      1148.09248     -2300.13722     0.1194083997308
   126 -1152.034127835      1148.10920     -2300.14333     0.1096089472125
   127 -1152.024235497      1148.13949     -2300.16372     0.1013937003571
   128 -1152.012709016      1148.21489     -2300.22760     0.9416328365175E-01
   129 -1152.000046631      1148.33675     -2300.33680     0.8757397813486E-01
   130 -1151.988914543      1148.47471     -2300.46363     0.8152592312398E-01
   131 -1151.980378297      1148.59459     -2300.57497     0.7577877122060E-01
   132 -1151.971669961      1148.68165     -2300.65332     0.7010346675087E-01
   133 -1151.961248119      1148.72720     -2300.68845     0.6458208986538E-01
   134 -1151.952035304      1148.71988     -2300.67191     0.5949686697890E-01
   135 -1151.946267849      1148.67099     -2300.61726     0.5501600383513E-01
   136 -1151.942055611      1148.62230     -2300.56436     0.5107632763247E-01
   137 -1151.937806055      1148.60866     -2300.54647     0.4749886574495E-01
   138 -1151.934155797      1148.63170     -2300.56586     0.4416532164547E-01
   139 -1151.932825655      1148.66297     -2300.59580     0.4104713939106E-01
   140 -1151.933876222      1148.67040     -2300.60428     0.3816235643341E-01
   141 -1151.934288790      1148.63942     -2300.57371     0.3557536772176E-01
   142 -1151.933001521      1148.56106     -2300.49406     0.3337245483992E-01
   143 -1151.932755931      1148.43000     -2300.36276     0.3159807200024E-01
   144 -1151.934569837      1148.26961     -2300.20418     0.3020007248197E-01
   145 -1151.936326674      1148.12713     -2300.06346     0.2906432971371E-01
   146 -1151.936977756      1148.03530     -2299.97228     0.2809904662648E-01
   147 -1151.937326174      1147.99247     -2299.92979     0.2730217812816E-01
   148 -1151.939145591      1147.96844     -2299.90759     0.2671800199241E-01
   149 -1151.942381705      1147.93339     -2299.87577     0.2639597363167E-01
   150 -1151.943954999      1147.87677     -2299.82073     0.2635960428665E-01
   151 -1151.943141664      1147.79212     -2299.73526     0.2656563264638E-01
   152 -1151.942700261      1147.67704     -2299.61974     0.2702350588587E-01
   153 -1151.943638896      1147.55561     -2299.49925     0.2769604682759E-01
   154 -1151.944374164      1147.47059     -2299.41496     0.2848002864735E-01
   155 -1151.944290993      1147.44874     -2299.39304     0.2929261058455E-01
   156 -1151.944502057      1147.48328     -2299.42778     0.3010480707890E-01
   157 -1151.946832556      1147.54280     -2299.48963     0.3094681962623E-01
   158 -1151.950383991      1147.60122     -2299.55160     0.3184690770049E-01
   159 -1151.951922108      1147.64868     -2299.60060     0.3282450657522E-01
   160 -1151.951424295      1147.67423     -2299.62565     0.3393850347281E-01
   161 -1151.951710794      1147.67125     -2299.62296     0.3533791878000E-01
   162 -1151.953693440      1147.65959     -2299.61328     0.3698884613845E-01
   163 -1151.955662500      1147.67837     -2299.63403     0.3884252951639E-01
   164 -1151.956623086      1147.75185     -2299.70847     0.4085659953989E-01
   165 -1151.957538857      1147.87012     -2299.82766     0.4309866610507E-01
   166 -1151.960064261      1148.00062     -2299.96068     0.4569535325586E-01
   167 -1151.963168183      1148.11859     -2300.08176     0.4874496599087E-01
   168 -1151.964316140      1148.21381     -2300.17812     0.5226400787671E-01
   169 -1151.963688984      1148.27658     -2300.24027     0.5621128727670E-01
   170 -1151.963418049      1148.30392     -2300.26734     0.6054672891795E-01
   171 -1151.964558270      1148.31408     -2300.27863     0.6527857761857E-01
   172 -1151.965884174      1148.34130     -2300.30718     0.7042414875658E-01
   173 -1151.966242212      1148.40873     -2300.37497     0.7604405162090E-01
   174 -1151.966410012      1148.50957     -2300.47598     0.8228906051389E-01
   175 -1151.968857251      1148.61189     -2300.58075     0.8931154923203E-01
   176 -1151.974384879      1148.68670     -2300.66108     0.9716880321732E-01
   177 -1151.980762627      1148.72615     -2300.70691     0.1057134587834
   178 -1151.986477878      1148.73285     -2300.71933     0.1140877640867
   179 -1151.992476109      1148.71066     -2300.70314     0.1214624460184
   180 -1152.000835536      1148.66892     -2300.66975     0.1293741221123
   181 -1152.011473684      1148.63214     -2300.64362     0.1378248570820
   182 -1152.022344991      1148.62920     -2300.65155     0.1467000089109
   183 -1152.032542587      1148.66716     -2300.69971     0.1560143283399
   184 -1152.043160184      1148.72433     -2300.76749     0.1657818008298
   185 -1152.054927397      1148.77317     -2300.82810     0.1755874877091
   186 -1152.065730342      1148.80734     -2300.87308     0.1840483946887
   187 -1152.072846405      1148.83822     -2300.91106     0.1898418710627
   188 -1152.075364217      1148.87974     -2300.95510     0.1891124605859
   189 -1152.073676938      1148.94708     -2301.02075     0.1864082361005
   190 -1152.066406390      1149.06614     -2301.13255     0.1841700754833
   191 -1152.050289746      1149.26096     -2301.31125     0.1824962427424
   192 -1152.024847952      1149.52075     -2301.54560     0.1815011879406
   193 -1151.995295476      1149.78851     -2301.78380     0.1813048720362
   194 -1151.969989469      1149.99127     -2301.96126     0.1819164945937
   195 -1151.955193277      1150.08199     -2302.03719     0.1831869138381
   196 -1151.955046953      1150.03933     -2301.99438     0.1849599724746
   197 -1151.970874661      1149.86322     -2301.83410     0.1869392447841
   198 -1151.999250299      1149.58046     -2301.57971     0.1888196807410
   199 -1152.031717674      1149.25201     -2301.28373     0.1906478546692
   200 -1152.058833089      1148.94763     -2301.00646     0.1925208939112
   201 -1152.076661309      1148.70420     -2300.78087     0.1941677641785
   202 -1152.087103786      1148.51504     -2300.60215     0.1944239158866
   203 -1152.091688940      1148.36590     -2300.45759     0.1923310073880
   204 -1152.089823092      1148.25258     -2300.34240     0.1868940396428
   205 -1152.082100500      1148.17111     -2300.25321     0.1728530071493
   206 -1152.070278644      1148.11581     -2300.18609     0.1569880977330
   207 -1152.057100754      1148.08032     -2300.13742     0.1423969433513
   208 -1152.044159634      1148.06628     -2300.11044     0.1294301309198
   209 -1152.030115033      1148.08304     -2300.11315     0.1175553565599
   210 -1152.014349953      1148.12598     -2300.14033     0.1061861013828
   211 -1151.999115677      1148.17016     -2300.16928     0.9563924224615E-01
   212 -1151.986165247      1148.19426     -2300.18043     0.8631534587304E-01
   213 -1151.975331888      1148.19574     -2300.17107     0.7831760228185E-01
   214 -1151.966269884      1148.18409     -2300.15036     0.7162093633836E-01
   215 -1151.958858368      1148.17143     -2300.13029     0.6612292870351E-01
   216 -1151.954204056      1148.16172     -2300.11592     0.6167539819574E-01
   217 -1151.953341355      1148.15493     -2300.10827     0.5812401211891E-01
   218 -1151.954152500      1148.16002     -2300.11417     0.5529156982113E-01
   219 -1151.954030291      1148.18084     -2300.13487     0.5306040925328E-01
   220 -1151.953943094      1148.19839     -2300.15234     0.5137857131622E-01
   221 -1151.955715730      1148.18914     -2300.14486     0.5018318567714E-01
   222 -1151.958529515      1148.15361     -2300.11214     0.4937470712802E-01
   223 -1151.960899486      1148.11161     -2300.07251     0.4880680856797E-01
   224 -1151.962006961      1148.08622     -2300.04823     0.4839751458333E-01
   225 -1151.962190938      1148.08756     -2300.04975     0.4811590798426E-01
   226 -1151.963162536      1148.10806     -2300.07122     0.4799245446426E-01
   227 -1151.965069502      1148.13987     -2300.10494     0.4808583088255E-01
   228 -1151.964947216      1148.18228     -2300.14723     0.4843557990752E-01
   229 -1151.962070036      1148.21889     -2300.18096     0.4905810469473E-01
   230 -1151.960005772      1148.21735     -2300.17736     0.4992781109574E-01
   231 -1151.960578553      1148.16959     -2300.13017     0.5093231760798E-01
   232 -1151.962497369      1148.10197     -2300.06447     0.5191644988812E-01
   233 -1151.964660254      1148.04752     -2300.01218     0.5282411257796E-01
   234 -1151.967194971      1148.02431     -2299.99150     0.5368622294702E-01
   235 -1151.971070019      1148.02869     -2299.99976     0.5459320177151E-01
   236 -1151.975992730      1148.04769     -2300.02369     0.5562027710895E-01
   237 -1151.978790883      1148.07398     -2300.05277     0.5685946283345E-01
   238 -1151.977836694      1148.09183     -2300.06966     0.5845269209082E-01
   239 -1151.976084146      1148.07269     -2300.04877     0.6051316245702E-01
   240 -1151.975466146      1148.01203     -2299.98750     0.6297637367178E-01
   241 -1151.975248583      1147.93978     -2299.91503     0.6570178208857E-01
   242 -1151.975446634      1147.89360     -2299.86904     0.6857817542698E-01
   243 -1151.976999654      1147.89685     -2299.87385     0.7168805367021E-01
   244 -1151.980414112      1147.95021     -2299.93062     0.7524002650031E-01
   245 -1151.985670904      1148.03183     -2300.01750     0.7928594048605E-01
   246 -1151.991921595      1148.10811     -2300.10003     0.8365383036037E-01
   247 -1151.997061030      1148.14934     -2300.14640     0.8800639152240E-01
   248 -1152.000968095      1148.13510     -2300.13607     0.9203388512548E-01
   249 -1152.004841736      1148.06854     -2300.07338     0.9588830305900E-01
   250 -1152.008652816      1147.98485     -2299.99350     0.9993115168309E-01
   251 -1152.013393244      1147.92442     -2299.93781     0.1045603768814
   252 -1152.021080396      1147.91239     -2299.93347     0.1101789874714
   253 -1152.032073498      1147.95785     -2299.98992     0.1170801385923
   254 -1152.044101009      1148.05221     -2300.09632     0.1254682657332
   255 -1152.054550194      1148.16317     -2300.21772     0.1355012404743
   256 -1152.062931325      1148.24440     -2300.30733     0.1471853577255
   257 -1152.070503330      1148.26474     -2300.33524     0.1594933501297
   258 -1152.077212258      1148.23645     -2300.31366     0.1682303465812
   259 -1152.080427063      1148.21517     -2300.29559     0.1723647335269
   260 -1152.079327291      1148.26178     -2300.34110     0.1747936426978
   261 -1152.075382248      1148.41470     -2300.49008     0.1762981134513
   262 -1152.068579584      1148.68541     -2300.75399     0.1767588041318
   263 -1152.056007967      1149.05708     -2301.11309     0.1764016069077
   264 -1152.035173514      1149.47453     -2301.50970     0.1759269689223
   265 -1152.009392645      1149.83955     -2301.84894     0.1757374718617
   266 -1151.987604281      1150.05357     -2302.04118     0.1760799084533
   267 -1151.976654564      1150.08236     -2302.05902     0.1773480456789
   268 -1151.977169656      1149.96799     -2301.94516     0.1797122351261
   269 -1151.987719259      1149.78049     -2301.76821     0.1828924759538
   270 -1152.006122958      1149.58398     -2301.59010     0.1863241323615
   271 -1152.027801725      1149.43008     -2301.45788     0.1894105171306
   272 -1152.045973731      1149.35147     -2301.39744     0.1916721428477
   273 -1152.054299414      1149.34748     -2301.40178     0.1925966251011
   274 -1152.052352421      1149.36893     -2301.42128     0.1916711497912
   275 -1152.047263005      1149.33919     -2301.38646     0.1890656737417
   276 -1152.043121812      1149.22871     -2301.27183     0.1858032186258
   277 -1152.036833287      1149.07854     -2301.11538     0.1825542574084
   278 -1152.027847744      1148.94164     -2300.96949     0.1732625220147
   279 -1152.020023842      1148.84653     -2300.86655     0.1612166443012
   280 -1152.016605592      1148.80127     -2300.81787     0.1502872371099
   281 -1152.016990914      1148.80206     -2300.81905     0.1400262130343
   282 -1152.017403233      1148.82984     -2300.84724     0.1298849660872
   283 -1152.015454919      1148.83824     -2300.85370     0.1199223630745
   284 -1152.013232228      1148.76509     -2300.77832     0.1107102340333
   285 -1152.012150501      1148.58580     -2300.59795     0.1026814909177
   286 -1152.009219946      1148.34412     -2300.35334     0.9575312177173E-01
   287 -1152.002355841      1148.11296     -2300.11532     0.8959592027503E-01
   288 -1151.994230504      1147.94318     -2299.93741     0.8401649381520E-01
   289 -1151.988284297      1147.85394     -2299.84223     0.7898948253914E-01
   290 -1151.984469022      1147.84260     -2299.82707     0.7442075268581E-01
   291 -1151.979822028      1147.88590     -2299.86572     0.7019377893733E-01
   292 -1151.972897336      1147.93250     -2299.90540     0.6625305859694E-01
   293 -1151.966157247      1147.91916     -2299.88532     0.6264586066463E-01
   294 -1151.961224162      1147.82179     -2299.78302     0.5946786463853E-01
   295 -1151.955795201      1147.67837     -2299.63417     0.5668092431753E-01
   296 -1151.948526440      1147.54904     -2299.49756     0.5419010398418E-01
   297 -1151.942266404      1147.47233     -2299.41460     0.5191670374791E-01
   298 -1151.940082679      1147.45950     -2299.39958     0.4984768304219E-01
   299 -1151.941596595      1147.50368     -2299.44527     0.4800596323742E-01
   300 -1151.943820130      1147.58089     -2299.52471     0.4642912919588E-01
   301 -1151.944849147      1147.64597     -2299.59082     0.4519878509336E-01
   302 -1151.945557320      1147.64757     -2299.59312     0.4439702848576E-01
   303 -1151.946127182      1147.56959     -2299.51572     0.4401972976345E-01
   304 -1151.944919307      1147.44761     -2299.39253     0.4397669671978E-01
   305 -1151.941541623      1147.33763     -2299.27917     0.4411406111467E-01
   306 -1151.938241874      1147.28105     -2299.21929     0.4431172617675E-01
   307 -1151.937260482      1147.29360     -2299.23087     0.4448925133515E-01
   308 -1151.938308196      1147.37190     -2299.31021     0.4472122005553E-01
   309 -1151.939364530      1147.49209     -2299.43145     0.4516450697695E-01
   310 -1151.939605482      1147.61218     -2299.55178     0.4607141568573E-01
   311 -1151.940297064      1147.68933     -2299.62963     0.4762188679771E-01
   312 -1151.942359910      1147.70886     -2299.65122     0.4982498400312E-01
   313 -1151.946854127      1147.68652     -2299.63337     0.5260233596277E-01
   314 -1151.953487619      1147.66021     -2299.61370     0.5586993408335E-01
   315 -1151.960418699      1147.67328     -2299.63370     0.5965532553388E-01
   316 -1151.967181276      1147.74855     -2299.71573     0.6404524014552E-01
   317 -1151.974144373      1147.88109     -2299.85523     0.6911074204706E-01
   318 -1151.981492627      1148.04429     -2300.02578     0.7483605850829E-01
   319 -1151.989949232      1148.19953     -2300.18948     0.8111066006911E-01
   320 -1152.000146267      1148.31602     -2300.31617     0.8781251128951E-01
   321 -1152.009481465      1148.39258     -2300.40206     0.9480172269088E-01
   322 -1152.016390378      1148.43838     -2300.45477     0.1020035548205
   323 -1152.023682714      1148.45606     -2300.47974     0.1094047907881
   324 -1152.031648419      1148.46931     -2300.50096     0.1172191914013
   325 -1152.038527113      1148.51163     -2300.55016     0.1258272699772
   326 -1152.044940679      1148.59299     -2300.63793     0.1356252216504
   327 -1152.052070816      1148.70046     -2300.75253     0.1468761708296
   328 -1152.060449058      1148.81350     -2300.87395     0.1596452668986
   329 -1152.070111191      1148.91689     -2300.98700     0.1737893927969
   330 -1152.077704041      1149.01822     -2301.09593     0.1889048946298
   331 -1152.080001844      1149.13249     -2301.21249     0.2036716695266
   332 -1152.078181888      1149.26552     -2301.34370     0.2118681842479
   333 -1152.071120993      1149.43765     -2301.50877     0.2104800981635
   334 -1152.056191474      1149.67297     -2301.72916     0.2081852902729
   335 -1152.034249331      1149.96316     -2301.99741     0.2052847041988
   336 -1152.007729859      1150.26970     -2302.27743     0.2020193598475
   337 -1151.981072171      1150.53328     -2302.51436     0.1987916902568
   338 -1151.962592869      1150.68468     -2302.64727     0.1959285129182
   339 -1151.957714618      1150.68395     -2302.64167     0.1934044936069
   340 -1151.965737216      1150.53337     -2302.49911     0.1908637833454
   341 -1151.984603546      1150.25191     -2302.23651     0.1880912138746
   342 -1152.009790645      1149.87891     -2301.88870     0.1852137126600
   343 -1152.034014473      1149.47616     -2301.51018     0.1823008914276
   344 -1152.051900292      1149.09941     -2301.15131     0.1792835589979
   345 -1152.061031250      1148.77940     -2300.84044     0.1763247626333
   346 -1152.062979172      1148.51334     -2300.57632     0.1739250877128
   347 -1152.062195799      1148.28041     -2300.34261     0.1722391794663
   348 -1152.059051374      1148.08030     -2300.13935     0.1691761055196
   349 -1152.052061851      1147.92206     -2299.97412     0.1584269439193
   350 -1152.044516085      1147.79025     -2299.83477     0.1453141862673
   351 -1152.038878273      1147.67063     -2299.70951     0.1323692774632
   352 -1152.032404422      1147.57781     -2299.61022     0.1201699200126
   353 -1152.023185014      1147.52904     -2299.55222     0.1090689428828
   354 -1152.011794621      1147.52320     -2299.53500     0.9910837329329E-01
   355 -1152.001436255      1147.53580     -2299.53723     0.9008819414089E-01
   356 -1151.996045916      1147.54087     -2299.53692     0.8194399386846E-01
   357 -1151.993596024      1147.54731     -2299.54091     0.7468990392871E-01
   358 -1151.988718044      1147.57993     -2299.56865     0.6824110859502E-01
   359 -1151.980833973      1147.63173     -2299.61257     0.6263707541579E-01
   360 -1151.975116066      1147.66593     -2299.64105     0.5800034548538E-01
   361 -1151.972482745      1147.67698     -2299.64947     0.5433187996443E-01
   362 -1151.968122013      1147.69759     -2299.66571     0.5139944227343E-01
   363 -1151.960662758      1147.74364     -2299.70431     0.4893304846338E-01
   364 -1151.954413770      1147.79637     -2299.75078     0.4680158840101E-01
   365 -1151.953989815      1147.83508     -2299.78907     0.4493665182836E-01
   366 -1151.956901452      1147.87726     -2299.83416     0.4324606544787E-01
   367 -1151.957478273      1147.95403     -2299.91151     0.4165616425766E-01
   368 -1151.954071260      1148.06173     -2300.01580     0.4023011740599E-01
   369 -1151.951344772      1148.15432     -2300.10566     0.3911161847463E-01
   370 -1151.951695780      1148.20618     -2300.15788     0.3837923729824E-01
   371 -1151.950027961      1148.24513     -2300.19516     0.3800518337519E-01
   372 -1151.944145510      1148.29413     -2300.23828     0.3795913043495E-01
   373 -1151.938734647      1148.33936     -2300.27810     0.3814172367246E-01
   374 -1151.938215032      1148.36653     -2300.30475     0.3851366567927E-01
   375 -1151.940136009      1148.39668     -2300.33681     0.3894581228738E-01
   376 -1151.939905322      1148.45842     -2300.39832     0.3935197528056E-01
   377 -1151.935714457      1148.55070     -2300.48641     0.3976108859415E-01
   378 -1151.931174603      1148.63351     -2300.56468     0.4034045498465E-01
   379 -1151.931295052      1148.66713     -2300.59842     0.4121963739742E-01
   380 -1151.932808900      1148.66359     -2300.59640     0.4245053006768E-01
   381 -1151.931094939      1148.64979     -2300.58089     0.4402483324197E-01
   382 -1151.929233806      1148.62005     -2300.54928     0.4593610210703E-01
   383 -1151.931819566      1148.56426     -2300.49608     0.4811034971862E-01
   384 -1151.937771797      1148.50283     -2300.44060     0.5037325841125E-01
   385 -1151.944138128      1148.46303     -2300.40717     0.5252815537442E-01
   386 -1151.949436330      1148.44900     -2300.39843     0.5458241392859E-01
   387 -1151.955127424      1148.43067     -2300.38580     0.5676068933156E-01
   388 -1151.964495963      1148.36657     -2300.33107     0.5929045480638E-01
   389 -1151.974335106      1148.25893     -2300.23326     0.6213153316409E-01
   390 -1151.978734702      1148.14046     -2300.11919     0.6502324552091E-01
   391 -1151.980437378      1148.01629     -2299.99673     0.6781054186858E-01
   392 -1151.984983069      1147.88255     -2299.86753     0.7058572545674E-01
   393 -1151.992245835      1147.76230     -2299.75455     0.7372562287208E-01
   394 -1151.999835812      1147.68524     -2299.68508     0.7759728349035E-01
   395 -1152.005800788      1147.66029     -2299.66610     0.8256677202267E-01
   396 -1152.010067958      1147.66424     -2299.67431     0.8880857386920E-01
   397 -1152.016438482      1147.65173     -2299.66817     0.9630296025351E-01
   398 -1152.024756279      1147.61018     -2299.63494     0.1048280020809
   399 -1152.029383335      1147.57001     -2299.59940     0.1140724481431
   400 -1152.032085508      1147.54126     -2299.57334     0.1238903332738
   401 -1152.038227832      1147.52125     -2299.55948     0.1340511801702
   402 -1152.047709887      1147.53344     -2299.58115     0.1438904781795
   403 -1152.057746763      1147.60996     -2299.66771     0.1507053327258
   404 -1152.065429573      1147.76324     -2299.82867     0.1518497347949
   405 -1152.069789490      1147.96945     -2300.03924     0.1508204626102
   406 -1152.074016945      1148.18069     -2300.25470     0.1496255994254
   407 -1152.075864316      1148.38593     -2300.46179     0.1488256862302
   408 -1152.067614378      1148.61770     -2300.68531     0.1486672275994
   409 -1152.050448596      1148.88005     -2300.93050     0.1492973844408
   410 -1152.029354469      1149.15921     -2301.18856     0.1507237902890
   411 -1152.005620205      1149.45722     -2301.46284     0.1526489988763
   412 -1151.981359080      1149.76859     -2301.74995     0.1547003229083
   413 -1151.961271545      1150.05908     -2302.02035     0.1571404488515
   414 -1151.951710894      1150.26740     -2302.21912     0.1611266716921
   415 -1151.959283954      1150.32823     -2302.28751     0.1676961324259
   416 -1151.981254738      1150.23207     -2302.21332     0.1764783399751
   417 -1152.006540093      1150.02941     -2302.03595     0.1860258222241
   418 -1152.030448886      1149.76748     -2301.79792     0.1919771808296
   419 -1152.051311651      1149.49856     -2301.54987     0.1949309917184
   420 -1152.066291182      1149.28205     -2301.34834     0.1963135435094
   421 -1152.074755451      1149.15342     -2301.22818     0.1964626370568
   422 -1152.076687823      1149.11406     -2301.19074     0.1952840752333
   423 -1152.072412827      1149.12918     -2301.20160     0.1902947569164
   424 -1152.065320385      1149.13697     -2301.20229     0.1787524788491
   425 -1152.056770187      1149.09711     -2301.15388     0.1646985623113
   426 -1152.043709487      1149.01512     -2301.05883     0.1508142633541
   427 -1152.028077554      1148.90423     -2300.93231     0.1380313332166
   428 -1152.013155067      1148.78709     -2300.80024     0.1268582598054
   429 -1152.000448163      1148.69360     -2300.69405     0.1173731954013
   430 -1151.991084084      1148.64191     -2300.63299     0.1092879489913
   431 -1151.984179908      1148.63148     -2300.61566     0.1021326896785
   432 -1151.977946129      1148.63680     -2300.61474     0.9552847068821E-01
   433 -1151.974005631      1148.60487     -2300.57887     0.8930658794520E-01
   434 -1151.972957781      1148.50023     -2300.47319     0.8367552996797E-01
   435 -1151.970674694      1148.33617     -2300.30685     0.7885720583257E-01
   436 -1151.967514743      1148.13796     -2300.10548     0.7472766588934E-01
   437 -1151.965439419      1147.93966     -2299.90510     0.7105454727910E-01
   438 -1151.964999248      1147.78079     -2299.74579     0.6766261606045E-01
   439 -1151.966377860      1147.68724     -2299.65362     0.6450508013273E-01
   440 -1151.967627650      1147.66492     -2299.63255     0.6160786358094E-01
   441 -1151.966237113      1147.68923     -2299.65546     0.5905420900877E-01
   442 -1151.964269228      1147.70160     -2299.66587     0.5700816250688E-01
   443 -1151.963112859      1147.65956     -2299.62267     0.5558405276150E-01
   444 -1151.959249984      1147.57173     -2299.53098     0.5470519333703E-01
   445 -1151.953629508      1147.46015     -2299.41378     0.5423448192034E-01
   446 -1151.948598550      1147.35775     -2299.30635     0.5411275617968E-01
   447 -1151.945320386      1147.30210     -2299.24742     0.5436068146051E-01
   448 -1151.944399060      1147.31591     -2299.26031     0.5493094883130E-01
   449 -1151.943961541      1147.40096     -2299.34492     0.5574277138938E-01
   450 -1151.942074061      1147.52657     -2299.46864     0.5686122555198E-01
   451 -1151.941878392      1147.62717     -2299.56905     0.5853274409902E-01
   452 -1151.944253489      1147.66014     -2299.60440     0.6088601004587E-01
   453 -1151.945142930      1147.63597     -2299.58111     0.6384818980267E-01
   454 -1151.945412470      1147.57707     -2299.52248     0.6722747774845E-01
   455 -1151.946988992      1147.51827     -2299.46526     0.7095816558976E-01
   456 -1151.951021196      1147.49738     -2299.44840     0.7509558243958E-01
   457 -1151.957929902      1147.53606     -2299.49399     0.7959285056503E-01
   458 -1151.965415409      1147.63429     -2299.59970     0.8427800135823E-01
   459 -1151.971715003      1147.75911     -2299.73083     0.8910550594978E-01
   460 -1151.979678051      1147.84899     -2299.82867     0.9420941490730E-01
   461 -1151.988172573      1147.87356     -2299.86173     0.9963724751348E-01
   462 -1151.993524555      1147.84740     -2299.84093     0.1053098065802
   463 -1151.997259134      1147.79767     -2299.79493     0.1111287440534
   464 -1152.000927058      1147.76604     -2299.76696     0.1169803451892
   465 -1152.006143027      1147.78975     -2299.79589     0.1228222165621
   466 -1152.013647316      1147.88745     -2299.90110     0.1285810020980
   467 -1152.021404525      1148.05578     -2300.07719     0.1341410243094
   468 -1152.029075481      1148.25245     -2300.28153     0.1395554059821
   469 -1152.040330014      1148.40974     -2300.45007     0.1450011541209
   470 -1152.052925631      1148.50255     -2300.55547     0.1506097569372
   471 -1152.062680066      1148.55269     -2300.61537     0.1564335178128
   472 -1152.067405367      1148.60811     -2300.67552     0.1625552741418
   473 -1152.065681250      1148.72527     -2300.79095     0.1690031319776
   474 -1152.058735977      1148.94052     -2300.99926     0.1757354414727
   475 -1152.047109424      1149.26106     -2301.30816     0.1827601303100
   476 -1152.030162875      1149.65747     -2301.68763     0.1900685048933
   477 -1152.012475238      1150.04871     -2302.06119     0.1965517784887
   478 -1151.999935981      1150.34736     -2302.34730     0.2000702984782
   479 -1151.991463935      1150.51700     -2302.50847     0.2019388058475
   480 -1151.989950928      1150.54101     -2302.53096     0.2034109620932
   481 -1151.997449175      1150.43668     -2302.43413     0.2057216499202
   482 -1152.010347927      1150.26604     -2302.27638     0.2097831616773
   483 -1152.024857110      1150.09335     -2302.11821     0.2149731514628
   484 -1152.037849130      1149.95383     -2301.99168     0.2182019578415
   485 -1152.048576747      1149.83547     -2301.88405     0.2192364459821
   486 -1152.061015665      1149.68832     -2301.74934     0.2190427152238
   487 -1152.072658803      1149.49319     -2301.56585     0.2167887462616
   488 -1152.077820319      1149.26174     -2301.33956     0.2060201736921
   489 -1152.078689166      1148.99634     -2301.07503     0.1898764345380
   490 -1152.077211637      1148.71939     -2300.79660     0.1743930279319
   491 -1152.072764265      1148.47658     -2300.54935     0.1604811257617
   492 -1152.065027650      1148.30623     -2300.37126     0.1481636922688
   493 -1152.053882954      1148.21690     -2300.27078     0.1373348714942
   494 -1152.042163147      1148.17316     -2300.21532     0.1279101969026
   495 -1152.034599981      1148.12135     -2300.15595     0.1197561384329
   496 -1152.027424448      1148.05121     -2300.07863     0.1126556947427
   497 -1152.016704699      1147.97018     -2299.98688     0.1064264615929
   498 -1152.004048679      1147.87554     -2299.87959     0.1008916821666
   499 -1151.992070410      1147.77149     -2299.76356     0.9581494388210E-01
   500 -1151.982256042      1147.67844     -2299.66069     0.9104238836023E-01
   501 -1151.973247059      1147.62559     -2299.59883     0.8660456324726E-01
   502 -1151.963101995      1147.62354     -2299.58664     0.8261020716137E-01
   503 -1151.954397333      1147.63905     -2299.59345     0.7921368158221E-01
   504 -1151.951500947      1147.62471     -2299.57621     0.7651452948602E-01
   505 -1151.950767771      1147.57877     -2299.52954     0.7447206321946E-01
   506 -1151.948932259      1147.51900     -2299.46794     0.7291058667995E-01
   507 -1151.946399332      1147.45688     -2299.40328     0.7159268539658E-01
   508 -1151.945077003      1147.39803     -2299.34310     0.7025177475419E-01
   509 -1151.946337925      1147.35177     -2299.29811     0.6874544478310E-01
   510 -1151.947285681      1147.34200     -2299.28929     0.6705344732382E-01
   511 -1151.944434246      1147.37856     -2299.32300     0.6526288016307E-01
   512 -1151.941003398      1147.42635     -2299.36735     0.6359406312257E-01
   513 -1151.942201899      1147.44310     -2299.38531     0.6226394070338E-01
   514 -1151.945262694      1147.43662     -2299.38188     0.6134719002826E-01
   515 -1151.948053682      1147.43094     -2299.37899     0.6076774652414E-01
   516 -1151.950097553      1147.44470     -2299.39480     0.6046536059528E-01
   517 -1151.952414456      1147.48037     -2299.43279     0.6050006035192E-01
   518 -1151.957420035      1147.52661     -2299.48403     0.6106474376583E-01
   519 -1151.962974197      1147.58556     -2299.54854     0.6234691834468E-01
   520 -1151.964937161      1147.66024     -2299.62518     0.6443803304607E-01
   521 -1151.967350567      1147.71641     -2299.68376     0.6736908368591E-01
   522 -1151.974086562      1147.73040     -2299.70448     0.7109120536307E-01
   523 -1151.982063781      1147.72782     -2299.70988     0.7546878807217E-01
   524 -1151.990917766      1147.73851     -2299.72942     0.8033795647322E-01
   525 -1152.000073431      1147.78713     -2299.78720     0.8554332408346E-01
   526 -1152.008707401      1147.88182     -2299.89053     0.9106063014475E-01
   527 -1152.016796627      1148.00980     -2300.02660     0.9609421087404E-01
   528 -1152.022479191      1148.15306     -2300.17554     0.1015211778522
   529 -1152.024274395      1148.28975     -2300.31402     0.1086118424437
   530 -1152.026249907      1148.38760     -2300.41385     0.1175703052434
   531 -1152.027856910      1148.45387     -2300.48173     0.1282139780422
   532 -1152.028064710      1148.51961     -2300.54767     0.1402423093689
   533 -1152.029738072      1148.60631     -2300.63605     0.1533920208939
   534 -1152.033377394      1148.73470     -2300.76808     0.1668564775059
   535 -1152.038262657      1148.91193     -2300.95019     0.1781368248308
   536 -1152.042571741      1149.12411     -2301.16668     0.1842943726815
   537 -1152.044425177      1149.33606     -2301.38049     0.1856803380093
   538 -1152.045583078      1149.49905     -2301.54464     0.1858236434073
   539 -1152.045924966      1149.60067     -2301.64660     0.1848137479154
   540 -1152.039103084      1149.68635     -2301.72546     0.1824346636061
   541 -1152.025302938      1149.79356     -2301.81886     0.1790201281224
   542 -1152.007345829      1149.94306     -2301.95040     0.1754091079537
   543 -1151.987311676      1150.13860     -2302.12591     0.1722864127373
   544 -1151.967897327      1150.35337     -2302.32127     0.1698560587201
   545 -1151.952150617      1150.52651     -2302.47867     0.1680073126028
   546 -1151.947038044      1150.56357     -2302.51061     0.1665207346392
   547 -1151.960252921      1150.38735     -2302.34760     0.1651077800887
   548 -1151.984674869      1150.03016     -2302.01484     0.1632890932972
   549 -1152.009102155      1149.58561     -2301.59471     0.1607271140452
   550 -1152.031312941      1149.13195     -2301.16326     0.1578821489430
   551 -1152.050552426      1148.73650     -2300.78706     0.1556222788990
   552 -1152.065607497      1148.44354     -2300.50915     0.1542983476993
   553 -1152.074316999      1148.26454     -2300.33885     0.1536954631744
   554 -1152.074353030      1148.16959     -2300.24394     0.1532805796444
   555 -1152.069702460      1148.08121     -2300.15091     0.1525014267150
   556 -1152.066970573      1147.93175     -2299.99872     0.1509440603192
   557 -1152.061820966      1147.74372     -2299.80554     0.1474544252109
   558 -1152.051470582      1147.57215     -2299.62363     0.1403754551407
   559 -1152.040338327      1147.45213     -2299.49247     0.1320048850535
   560 -1152.031539316      1147.40975     -2299.44129     0.1239253763165
   561 -1152.025676958      1147.45813     -2299.48381     0.1162045044562
   562 -1152.019883034      1147.59012     -2299.61001     0.1087678866530
   563 -1152.009785249      1147.76920     -2299.77899     0.1016846980276
   564 -1151.998168864      1147.91155     -2299.90972     0.9518894914823E-01
   565 -1151.991107798      1147.94588     -2299.93699     0.8949211366619E-01
   566 -1151.983635864      1147.89826     -2299.88189     0.8452055397772E-01
   567 -1151.972948185      1147.83101     -2299.80396     0.8011604405762E-01
   568 -1151.962840644      1147.78805     -2299.75089     0.7611965963931E-01
   569 -1151.957133216      1147.79518     -2299.75232     0.7243605173388E-01
   570 -1151.957032837      1147.86084     -2299.81787     0.6893610217549E-01
   571 -1151.958714797      1147.97942     -2299.93814     0.6552491740643E-01
   572 -1151.956816135      1148.11517     -2300.07198     0.6223389484128E-01
   573 -1151.954824775      1148.18236     -2300.13719     0.5928146684847E-01
   574 -1151.958137778      1148.12019     -2300.07833     0.5695303668479E-01
   575 -1151.960323734      1147.97766     -2299.93799     0.5520282294872E-01
   576 -1151.957906830      1147.83543     -2299.79334     0.5375713570093E-01
   577 -1151.954168206      1147.75005     -2299.70422     0.5236772239167E-01
   578 -1151.953476209      1147.74808     -2299.70155     0.5082726944341E-01
   579 -1151.956557684      1147.83547     -2299.79202     0.4907521005915E-01
   580 -1151.958461662      1148.00097     -2299.95943     0.4718762630449E-01
   581 -1151.954642224      1148.19453     -2300.14917     0.4544335978695E-01
   582 -1151.950778588      1148.31750     -2300.26828     0.4426074083048E-01
   583 -1151.951049918      1148.31667     -2300.26771     0.4386756821138E-01
   584 -1151.949203085      1148.24586     -2300.19507     0.4411061133159E-01
   585 -1151.943038517      1148.18352     -2300.12656     0.4464083807299E-01
   586 -1151.936800572      1148.17801     -2300.11481     0.4515077362707E-01
   587 -1151.935280302      1148.24496     -2300.18024     0.4547959929168E-01
   588 -1151.938283911      1148.38228     -2300.32057     0.4559766827031E-01
   589 -1151.940099836      1148.57081     -2300.51091     0.4561588835865E-01
   590 -1151.937695514      1148.74851     -2300.68620     0.4580664295125E-01
   591 -1151.937409871      1148.81720     -2300.75461     0.4651077100806E-01
   592 -1151.941403769      1148.74142     -2300.68283     0.4784746658417E-01
   593 -1151.944572273      1148.58047     -2300.52504     0.4965418066649E-01
   594 -1151.945111367      1148.41599     -2300.36111     0.5168350536342E-01
   595 -1151.946868243      1148.29973     -2300.24659     0.5371890479634E-01
   596 -1151.953625157      1148.25158     -2300.20521     0.5563145835301E-01
   597 -1151.963664803      1148.27515     -2300.23881     0.5739534706198E-01
   598 -1151.970627774      1148.35467     -2300.32530     0.5912091967337E-01
   599 -1151.972271399      1148.42875     -2300.40102     0.6111305632486E-01
   600 -1151.974680566      1148.40801     -2300.38269     0.6372556950506E-01
   601 -1151.979620100      1148.26842     -2300.24804     0.6716032434563E-01
   602 -1151.982182892      1148.07501     -2300.05719     0.7137784281622E-01
   603 -1151.980361213      1147.91203     -2299.89239     0.7619482818244E-01
   604 -1151.978694505      1147.82533     -2299.80403     0.8148778719080E-01
   605 -1151.981764154      1147.82526     -2299.80703     0.8728183603122E-01
   606 -1151.988527337      1147.90537     -2299.89390     0.9372631735545E-01
   607 -1151.993450429      1148.03892     -2300.03237     0.1009916344056
   608 -1151.995561593      1148.15361     -2300.14918     0.1091880897110
   609 -1152.001999158      1148.15545     -2300.15745     0.1183043564521
   610 -1152.013225575      1148.03196     -2300.04519     0.1276374532071
   611 -1152.022469317      1147.86458     -2299.88705     0.1334093361648
   612 -1152.027728497      1147.74291     -2299.77064     0.1356944890841
   613 -1152.033295117      1147.71562     -2299.74892     0.1372900833151
   614 -1152.042256273      1147.80005     -2299.84231     0.1388341089770
   615 -1152.051498141      1148.00075     -2300.05225     0.1403213650597
   616 -1152.053192264      1148.30289     -2300.35608     0.1414307231985
   617 -1152.044554095      1148.64126     -2300.68581     0.1419717380935
   618 -1152.031538429      1148.92174     -2300.95328     0.1424141921960
   619 -1152.014095741      1149.12100     -2301.13509     0.1433930817434
   620 -1151.987722346      1149.29078     -2301.27850     0.1452569424359
   621 -1151.956397785      1149.47205     -2301.42845     0.1480309609061
   622 -1151.932771752      1149.65883     -2301.59160     0.1516813371977
   623 -1151.927294178      1149.82487     -2301.75217     0.1562206276867
   624 -1151.939347555      1149.95215     -2301.89150     0.1616318955452
   625 -1151.959377689      1150.02046     -2301.97984     0.1677423255915
   626 -1151.982564920      1149.97405     -2301.95662     0.1741176244502
   627 -1152.008346402      1149.77348     -2301.78183     0.1798693782107
   628 -1152.028291908      1149.48121     -2301.50951     0.1815821167842
   629 -1152.036029196      1149.20578     -2301.24181     0.1782907388112
   630 -1152.034848669      1149.01971     -2301.05456     0.1736759823858
   631 -1152.032395147      1148.94176     -2300.97415     0.1698935034572
   632 -1152.032007240      1148.96081     -2300.99282     0.1663619125524
   633 -1152.030069745      1149.04953     -2301.07960     0.1611936858411
   634 -1152.023652979      1149.14323     -2301.16689     0.1535012303370
   635 -1152.018987413      1149.14132     -2301.16030     0.1445477509480
   636 -1152.018435782      1149.00276     -2301.02120     0.1357134706386
   637 -1152.017045510      1148.78070     -2300.79775     0.1274702194472
   638 -1152.012294619      1148.55834     -2300.57064     0.1198172588553
   639 -1152.007393965      1148.39318     -2300.40058     0.1127789934687
   640 -1152.006275444      1148.30756     -2300.31383     0.1061774640114
   641 -1152.007450498      1148.30440     -2300.31185     0.9954537854194E-01
   642 -1152.005012076      1148.36338     -2300.36839     0.9271202482155E-01
   643 -1151.998240320      1148.41551     -2300.41375     0.8608149493320E-01
   644 -1151.992859725      1148.37560     -2300.36846     0.8019741067564E-01
   645 -1151.988730652      1148.23229     -2300.22102     0.7518847679243E-01
   646 -1151.981823936      1148.05000     -2300.03182     0.7085403935094E-01
   647 -1151.971011875      1147.90728     -2299.87829     0.6703897513108E-01
   648 -1151.960734168      1147.84505     -2299.80579     0.6368510131126E-01
   649 -1151.954849365      1147.86925     -2299.82410     0.6072496251613E-01
   650 -1151.951336702      1147.96797     -2299.91930     0.5808661111802E-01
   651 -1151.944702171      1148.10396     -2300.04866     0.5576490020111E-01
   652 -1151.936063272      1148.19154     -2300.12761     0.5393536762795E-01
   653 -1151.932715669      1148.14106     -2300.07378     0.5275939965983E-01
   654 -1151.933730888      1147.95836     -2299.89209     0.5216668714801E-01
   655 -1151.932871234      1147.73041     -2299.66328     0.5183821410216E-01
   656 -1151.929493622      1147.53968     -2299.46918     0.5162355921644E-01
   657 -1151.928636939      1147.42409     -2299.35273     0.5133252269539E-01
   658 -1151.932888630      1147.39266     -2299.32555     0.5093231961858E-01
   659 -1151.938382983      1147.43993     -2299.37831     0.5038746629255E-01
   660 -1151.938512550      1147.53332     -2299.47183     0.4978734788806E-01
   661 -1151.935068984      1147.58477     -2299.51984     0.4945336309359E-01
   662 -1151.937286373      1147.50270     -2299.43998     0.4964170784318E-01
   663 -1151.942767542      1147.31110     -2299.25387     0.5043618650129E-01
   664 -1151.943526707      1147.11489     -2299.05842     0.5158917901792E-01
   665 -1151.940900553      1146.99146     -2298.93236     0.5288313756700E-01
   666 -1151.941517576      1146.96708     -2298.90860     0.5423507393922E-01
   667 -1151.947968071      1147.04151     -2298.98947     0.5562328847692E-01
   668 -1151.955898047      1147.20337     -2299.15927     0.5707883172237E-01
   669 -1151.958360105      1147.41397     -2299.37233     0.5876968388298E-01
   670 -1151.958006281      1147.57605     -2299.53405     0.6105293559996E-01
   671 -1151.965593838      1147.59323     -2299.55882     0.6426930272479E-01
   672 -1151.976129062      1147.50754     -2299.48367     0.6835962131293E-01
   673 -1151.979866441      1147.44011     -2299.41998     0.7304007823509E-01
   674 -1151.979960272      1147.46194     -2299.44190     0.7808281128859E-01
   675 -1151.983801222      1147.58775     -2299.57155     0.8341654420265E-01
   676 -1151.993017053      1147.81116     -2299.80417     0.8908814419777E-01
   677 -1152.001693751      1148.11548     -2300.11717     0.9508777140257E-01
   678 -1152.002573230      1148.44883     -2300.45140     0.1015090535111
   679 -1152.001316451      1148.69392     -2300.69524     0.1087506226677
   680 -1152.009437157      1148.75957     -2300.76901     0.1171382423262
   681 -1152.017889645      1148.71915     -2300.73704     0.1264206031117
   682 -1152.019220163      1148.69420     -2300.71342     0.1362019420051
   683 -1152.020951222      1148.73537     -2300.75632     0.1465223536493
   684 -1152.030480944      1148.84905     -2300.87953     0.1578619326787
   685 -1152.046198851      1149.03313     -2301.07933     0.1703662413546
   686 -1152.058742028      1149.27391     -2301.33265     0.1837532531394
   687 -1152.062245525      1149.50683     -2301.56907     0.1979284361626
   688 -1152.066769578      1149.61471     -2301.68148     0.2067305424288
   689 -1152.074672072      1149.58261     -2301.65728     0.2078336340810
   690 -1152.070260138      1149.54781     -2301.61807     0.2045287019090
   691 -1152.052045304      1149.61355     -2301.66560     0.1977952706549
   692 -1152.029451551      1149.79644     -2301.82589     0.1906655829845
   693 -1152.008363998      1150.06959     -2302.07796     0.1846777539208
   694 -1151.988288041      1150.38437     -2302.37266     0.1802577059325
   695 -1151.967120965      1150.65835     -2302.62547     0.1774453488369
   696 -1151.952763718      1150.75300     -2302.70576     0.1758925251566
   697 -1151.960008027      1150.54874     -2302.50874     0.1722311371055
   698 -1151.980012305      1150.11391     -2302.09393     0.1661721241266
   699 -1151.997032699      1149.61025     -2301.60728     0.1594660843505
   700 -1152.010220660      1149.14677     -2301.15699     0.1525378480330
   701 -1152.023228920      1148.77713     -2300.80036     0.1459096496410
   702 -1152.035343653      1148.52472     -2300.56007     0.1398763934509
   703 -1152.040393759      1148.38984     -2300.43024     0.1344019388257
   704 -1152.033191344      1148.32454     -2300.35773     0.1292484330615
   705 -1152.022407911      1148.21129     -2300.23370     0.1242506022038
   706 -1152.019008347      1147.96816     -2299.98717     0.1193319635505
   707 -1152.015306833      1147.66150     -2299.67680     0.1141542730371
   708 -1152.005204829      1147.39667     -2299.40187     0.1078288373340
   709 -1151.993987614      1147.22624     -2299.22023     0.1003529345932
   710 -1151.988093603      1147.16034     -2299.14843     0.9291473894690E-01
   711 -1151.987710063      1147.19396     -2299.18167     0.8606433458310E-01
   712 -1151.986772019      1147.30756     -2299.29433     0.7987149897677E-01
   713 -1151.981218583      1147.43877     -2299.41999     0.7439574074093E-01
   714 -1151.977896456      1147.48002     -2299.45792     0.6977385952773E-01
   715 -1151.978861980      1147.39117     -2299.37003     0.6606127010883E-01
   716 -1151.976873103      1147.24039     -2299.21726     0.6308727331819E-01
   717 -1151.970198797      1147.11364     -2299.08384     0.6060858663498E-01
   718 -1151.963618526      1147.06479     -2299.02840     0.5842751068337E-01
   719 -1151.962149018      1147.11185     -2299.07400     0.5649790990807E-01
   720 -1151.965112926      1147.25381     -2299.21892     0.5482473711495E-01
   721 -1151.966388112      1147.46944     -2299.43583     0.5346848989091E-01
   722 -1151.964087345      1147.68955     -2299.65363     0.5261163233392E-01
   723 -1151.964919628      1147.81726     -2299.78218     0.5249203020973E-01
   724 -1151.966896974      1147.84027     -2299.80716     0.5320868934996E-01
   725 -1151.964732167      1147.82452     -2299.78925     0.5462608022639E-01
   726 -1151.958246056      1147.84441     -2299.80266     0.5647666742037E-01
   727 -1151.951275490      1147.94581     -2299.89709     0.5846260538477E-01
   728 -1151.948005049      1148.13725     -2300.08526     0.6033876857437E-01
   729 -1151.947107250      1148.40397     -2300.35108     0.6189722161672E-01
   730 -1151.943565879      1148.70159     -2300.64516     0.6305545141868E-01
   731 -1151.940417845      1148.93091     -2300.87133     0.6401219082553E-01
   732 -1151.944495731      1149.00154     -2300.94604     0.6506396403087E-01
   733 -1151.949985301      1148.93558     -2300.88556     0.6627121698315E-01
   734 -1151.953438691      1148.80589     -2300.75933     0.6743566550834E-01
   735 -1151.956288188      1148.68408     -2300.64037     0.6830801014117E-01
   736 -1151.961655398      1148.61700     -2300.57866     0.6889676194847E-01
   737 -1151.970136681      1148.62279     -2300.59293     0.6945139288309E-01
   738 -1151.976407935      1148.69564     -2300.67204     0.7016918888997E-01
   739 -1151.976530685      1148.78354     -2300.76007     0.7112041649034E-01
   740 -1151.978566598      1148.78552     -2300.76408     0.7238566659778E-01
   741 -1151.983240194      1148.67702     -2300.66026     0.7399913392429E-01
   742 -1151.979344733      1148.53713     -2300.51647     0.7587193916853E-01
   743 -1151.968877925      1148.41701     -2300.38589     0.7795632303273E-01
   744 -1151.960889559      1148.33002     -2300.29091     0.8021881988439E-01
   745 -1151.959484464      1148.28546     -2300.24495     0.8251467211516E-01
   746 -1151.962008062      1148.29034     -2300.25235     0.8468685761045E-01
   747 -1151.962660665      1148.32719     -2300.28985     0.8681568863733E-01
   748 -1151.963619037      1148.32140     -2300.28501     0.8928650605888E-01
   749 -1151.975010142      1148.18939     -2300.16440     0.9248969113592E-01
   750 -1151.989355715      1147.97294     -2299.96230     0.9657873298437E-01
   751 -1151.996982751      1147.76441     -2299.76139     0.1014835663518
   752 -1152.002224307      1147.60073     -2299.60295     0.1070893412528
   753 -1152.010728966      1147.49169     -2299.50242     0.1130778354369
   754 -1152.021747179      1147.45471     -2299.47646     0.1183550669862
   755 -1152.029802493      1147.50360     -2299.53341     0.1201646404752
   756 -1152.030872753      1147.61107     -2299.64194     0.1199433491905
   757 -1152.032525400      1147.68818     -2299.72070     0.1200862696963
   758 -1152.041895992      1147.68277     -2299.72467     0.1211748663244
   759 -1152.046995915      1147.67422     -2299.72121     0.1231380330623
   760 -1152.041530182      1147.74523     -2299.78676     0.1256550754092
   761 -1152.031456150      1147.90998     -2299.94144     0.1284816298664
   762 -1152.022052523      1148.15654     -2300.17859     0.1315730281414
   763 -1152.011209391      1148.48127     -2300.49248     0.1352654497692
   764 -1151.993412884      1148.86994     -2300.86335     0.1399899553033
   765 -1151.969655694      1149.25063     -2301.22028     0.1456954314495
   766 -1151.954640274      1149.49620     -2301.45084     0.1506052044813
   767 -1151.957207628      1149.55061     -2301.50781     0.1540967396198
   768 -1151.967678223      1149.48831     -2301.45598     0.1577957634893
   769 -1151.981785564      1149.37841     -2301.36020     0.1621239843791
   770 -1152.001856120      1149.24553     -2301.24739     0.1669763777669
   771 -1152.025844974      1149.11765     -2301.14350     0.1717836734410
   772 -1152.045723696      1149.03924     -2301.08497     0.1756566993418
   773 -1152.054611165      1149.03281     -2301.08742     0.1779659716794
   774 -1152.052252560      1149.06901     -2301.12126     0.1788244813372
   775 -1152.046307900      1149.07995     -2301.12625     0.1785302079777
   776 -1152.043130563      1149.02762     -2301.07075     0.1750380317692
   777 -1152.037310776      1148.95066     -2300.98797     0.1662369259089
   778 -1152.025669121      1148.89174     -2300.91741     0.1560216917232
   779 -1152.014097882      1148.85107     -2300.86517     0.1461098759433
   780 -1152.006882924      1148.82387     -2300.83075     0.1369111489940
   781 -1152.002862625      1148.81762     -2300.82049     0.1283387888588
   782 -1152.000039319      1148.82823     -2300.82827     0.1199264499044
   783 -1151.997500641      1148.83254     -2300.83004     0.1114533128269
   784 -1151.994306807      1148.80246     -2300.79676     0.1034671755954
   785 -1151.992501094      1148.71230     -2300.70480     0.9657565165898E-01
   786 -1151.991819084      1148.57669     -2300.56851     0.9085612210058E-01
   787 -1151.986471138      1148.45706     -2300.44353     0.8607597262660E-01
   788 -1151.978506100      1148.37998     -2300.35848     0.8202978696785E-01
   789 -1151.973705189      1148.33238     -2300.30609     0.7863455109002E-01
   790 -1151.972341528      1148.30329     -2300.27563     0.7583232774100E-01
   791 -1151.971733276      1148.28575     -2300.25748     0.7354743720779E-01
   792 -1151.970205848      1148.26686     -2300.23706     0.7166863857614E-01
   793 -1151.965683379      1148.23324     -2300.19892     0.7012739779535E-01
   794 -1151.961876641      1148.15669     -2300.11856     0.6894418554875E-01
   795 -1151.963082908      1148.03152     -2299.99461     0.6818645173157E-01
   796 -1151.963102860      1147.91214     -2299.87524     0.6782017398023E-01
   797 -1151.960682833      1147.82787     -2299.78855     0.6779635102680E-01
   798 -1151.960261620      1147.76356     -2299.72383     0.6805894039052E-01
   799 -1151.963197361      1147.70183     -2299.66503     0.6858371802364E-01
   800 -1151.967995889      1147.63744     -2299.60543     0.6938368296189E-01
   801 -1151.972127610      1147.57376     -2299.54588     0.7048763865985E-01
   802 -1151.972334043      1147.51415     -2299.48649     0.7201219672750E-01
   803 -1151.973518737      1147.43250     -2299.40602     0.7407184582481E-01
   804 -1151.979668093      1147.32576     -2299.30543     0.7662257994146E-01
   805 -1151.983459671      1147.25243     -2299.23589     0.7940326310464E-01
   806 -1151.983299353      1147.24038     -2299.22368     0.8205797857528E-01
   807 -1151.983696253      1147.26727     -2299.25097     0.8406382104396E-01
   808 -1151.987089358      1147.30394     -2299.29103     0.8585927773129E-01
   809 -1151.992618647      1147.33887     -2299.33148     0.8794651169042E-01
   810 -1151.996800401      1147.37966     -2299.37646     0.9029097337131E-01
   811 -1151.996030089      1147.43407     -2299.43010     0.9276258442759E-01
   812 -1151.995670097      1147.47482     -2299.47049     0.9543545063058E-01
   813 -1152.001643590      1147.48722     -2299.48887     0.9839160507687E-01
   814 -1152.007720645      1147.51812     -2299.52584     0.1016708056269
   815 -1152.010167347      1147.59700     -2299.60717     0.1054182917269
   816 -1152.012113475      1147.70251     -2299.71462     0.1099127707823
   817 -1152.016933534      1147.80229     -2299.81923     0.1152654899388
   818 -1152.025045549      1147.88815     -2299.91320     0.1210755214412
   819 -1152.033356350      1147.98270     -2300.01605     0.1267309646335
   820 -1152.037527139      1148.11524     -2300.15277     0.1321596244627
   821 -1152.039295280      1148.27810     -2300.31740     0.1377383598160
   822 -1152.045697431      1148.43790     -2300.48360     0.1438422735299
   823 -1152.051767487      1148.61763     -2300.66940     0.1504863853721
   824 -1152.048277176      1148.86375     -2300.91203     0.1577686056864
   825 -1152.036529579      1149.16528     -2301.20181     0.1659552905287
   826 -1152.022533963      1149.47251     -2301.49504     0.1750389903540
   827 -1152.009562426      1149.74931     -2301.75887     0.1843203923624
   828 -1151.996650586      1149.99399     -2301.99064     0.1923615274012
   829 -1151.981980011      1150.21282     -2302.19480     0.1982590501669
   830 -1151.969248094      1150.37633     -2302.34558     0.2022076734899
   831 -1151.970232239      1150.41940     -2302.38963     0.2040324461535
   832 -1151.985200237      1150.34569     -2302.33089     0.2036682752842
   833 -1152.001758164      1150.22810     -2302.22985     0.2022242593006
   834 -1152.015621599      1150.09403     -2302.10965     0.2009399229063
   835 -1152.029622569      1149.92099     -2301.95061     0.2002826876797
   836 -1152.045721727      1149.69599     -2301.74171     0.1998323051744
   837 -1152.059426221      1149.45481     -2301.51424     0.1985270306882
   838 -1152.064251060      1149.24650     -2301.31075     0.1947198558061
   839 -1152.061816537      1149.06716     -2301.12898     0.1867738066981
   840 -1152.063428035      1148.86636     -2300.92979     0.1760755116237
   841 -1152.068167970      1148.65847     -2300.72664     0.1650402256577
   842 -1152.066638696      1148.50192     -2300.56856     0.1543143755594
   843 -1152.058769778      1148.39864     -2300.45741     0.1439308936230
   844 -1152.050539535      1148.30186     -2300.35240     0.1341153295972
   845 -1152.046170278      1148.17644     -2300.22261     0.1250600665611
   846 -1152.041791311      1148.04475     -2300.08655     0.1167013554362
   847 -1152.030600582      1147.95128     -2299.98188     0.1088353106067
   848 -1152.013753857      1147.89184     -2299.90559     0.1015316346199
   849 -1152.002311976      1147.81446     -2299.81677     0.9503157715904E-01
   850 -1151.996908884      1147.72345     -2299.72036     0.8938481870691E-01
   851 -1151.988108750      1147.67395     -2299.66205     0.8438182789925E-01
   852 -1151.974080656      1147.67329     -2299.64737     0.7960398192316E-01
   853 -1151.959943047      1147.67636     -2299.63631     0.7479092298580E-01
   854 -1151.951295651      1147.64181     -2299.59310     0.7041192855710E-01
   855 -1151.946263261      1147.58563     -2299.53189     0.6665920740465E-01
   856 -1151.938606818      1147.55601     -2299.49462     0.6347541069878E-01
   857 -1151.927573848      1147.56411     -2299.49169     0.6087116490048E-01
   858 -1151.922622957      1147.56207     -2299.48470     0.5893128382236E-01
   859 -1151.928332427      1147.52650     -2299.45484     0.5766891130491E-01
   860 -1151.934368340      1147.50605     -2299.44042     0.5695073650403E-01
   861 -1151.935861096      1147.52271     -2299.45857     0.5663747427389E-01
   862 -1151.937909292      1147.53759     -2299.47550     0.5667872037952E-01
   863 -1151.946329878      1147.50871     -2299.45504     0.5709988588624E-01
   864 -1151.958365793      1147.45404     -2299.41241     0.5782738558238E-01
   865 -1151.966828058      1147.42864     -2299.39547     0.5875183151809E-01
   866 -1151.968710496      1147.45857     -2299.42728     0.5989778951321E-01
   867 -1151.970205625      1147.50587     -2299.47608     0.6149467934464E-01
   868 -1151.979304648      1147.52244     -2299.50174     0.6372045826261E-01
   869 -1151.988420628      1147.54047     -2299.52889     0.6650105466821E-01
   870 -1151.990027793      1147.59699     -2299.58701     0.6977006342220E-01
   871 -1151.987438543      1147.66784     -2299.65528     0.7363343156700E-01
   872 -1151.987683221      1147.70883     -2299.69651     0.7833048244892E-01
   873 -1151.992405013      1147.72028     -2299.71268     0.8393422311141E-01
   874 -1151.996147219      1147.75152     -2299.74767     0.9030765418211E-01
   875 -1151.994007035      1147.83761     -2299.83162     0.9734160237376E-01
   876 -1151.990532169      1147.94669     -2299.93722     0.1052234151462
   877 -1151.996478519      1148.01861     -2300.01508     0.1141465961530
   878 -1152.006995380      1148.07780     -2300.08480     0.1239003475126
   879 -1152.014025326      1148.17685     -2300.19087     0.1342676022079
   880 -1152.019094725      1148.31261     -2300.33171     0.1451237771285
   881 -1152.027243748      1148.44382     -2300.47107     0.1559949622186
   882 -1152.040574321      1148.54255     -2300.58312     0.1669466838472
   883 -1152.053440487      1148.62933     -2300.68277     0.1782954387627
   884 -1152.058098919      1148.738326447     -2300.796425366
$end
