$energy      SCF               SCFKIN            SCFPOT
     1 -1152.114467382      1148.281717553     -2300.396184935
     2 -1152.094263866      1148.238114638     -2300.332378504
     3 -1152.068364953      1148.231385173     -2300.299750126
     4 -1152.073998812      1148.132387373     -2300.206386185
     5 -1152.086159383      1148.092575760     -2300.178735143
     6 -1152.093322618      1148.219434827     -2300.312757445
     7 -1152.084810015      1148.518756055     -2300.603566069
     8 -1152.061331477      1148.837439013     -2300.898770490
     9 -1152.075242072      1148.856512528     -2300.931754600
    10 -1152.093216095      1148.718451000     -2300.811667095
    11 -1152.071986732      1148.687218738     -2300.759205470
    12 -1152.046760319      1148.674043263     -2300.720803582
    13 -1152.052690379      1148.566565317     -2300.619255696
    14 -1152.065440286      1148.512393997     -2300.577834283
    15 -1152.075967183      1148.605615222     -2300.681582404
    16 -1152.075335789      1148.851311736     -2300.926647525
    17 -1152.058457045      1149.130628901     -2301.189085945
    18 -1152.070561974      1149.142611439     -2301.213173413
    19 -1152.095113071      1148.950622993     -2301.045736064
    20 -1152.079863928      1148.844598668     -2300.924462596
    21 -1152.055751340      1148.765579609     -2300.821330949
    22 -1152.059173215      1148.604171918     -2300.663345133
    23 -1152.067712804      1148.502319152     -2300.570031956
    24 -1152.074906794      1148.546508624     -2300.621415417
    25 -1152.075564168      1148.742452559     -2300.818016727
    26 -1152.058177628      1149.019546470     -2301.077724098
    27 -1152.055345916      1149.114226706     -2301.169572622
    28 -1152.078031140      1148.952203824     -2301.030234964
    29 -1152.066317346      1148.822699890     -2300.889017236
    30 -1152.041280004      1148.709922665     -2300.751202669
    31 -1152.040497746      1148.511748968     -2300.552246714
    32 -1152.044604748      1148.367747166     -2300.412351914
    33 -1152.052015093      1148.355492058     -2300.407507151
    34 -1152.061787849      1148.482030307     -2300.543818156
    35 -1152.057168344      1148.721256705     -2300.778425049
    36 -1152.053532868      1148.866142330     -2300.919675198
    37 -1152.077387622      1148.738005321     -2300.815392942
    38 -1152.074667722      1148.561191462     -2300.635859184
    39 -1152.056400158      1148.365923763     -2300.422323920
    40 -1152.055608762      1148.103232056     -2300.158840818
    41 -1152.056500277      1147.922821828     -2299.979322105
    42 -1152.062696388      1147.887574177     -2299.950270565
    43 -1152.073374066      1148.003090135     -2300.076464200
    44 -1152.070300530      1148.251233034     -2300.321533564
    45 -1152.066595743      1148.434205674     -2300.500801418
    46 -1152.082438880      1148.379647977     -2300.462086857
    47 -1152.075322531      1148.250664579     -2300.325987110
    48 -1152.061611146      1148.064337573     -2300.125948718
    49 -1152.058839594      1147.851758291     -2299.910597885
    50 -1152.054971359      1147.759916241     -2299.814887601
    51 -1152.059505265      1147.818066264     -2299.877571529
    52 -1152.071606632      1148.022287229     -2300.093893861
    53 -1152.072798041      1148.355682263     -2300.428480304
    54 -1152.070643850      1148.639922800     -2300.710566651
    55 -1152.081286310      1148.700991747     -2300.782278057
    56 -1152.074520231      1148.635399225     -2300.709919456
    57 -1152.068740430      1148.460180414     -2300.528920844
    58 -1152.061652394      1148.300052191     -2300.361704585
    59 -1152.050908002      1148.273346093     -2300.324254095
    60 -1152.051485442      1148.373858931     -2300.425344373
    61 -1152.064376790      1148.587260655     -2300.651637445
    62 -1152.070810225      1148.917960400     -2300.988770626
    63 -1152.059702487      1149.269035589     -2301.328738076
    64 -1152.055464310      1149.402162490     -2301.457626799
    65 -1152.056239725      1149.265294126     -2301.321533851
    66 -1152.061701031      1148.952604708     -2301.014305739
    67 -1152.050948078      1148.699521097     -2300.750469174
    68 -1152.036132512      1148.584828835     -2300.620961346
    69 -1152.036057503      1148.579462428     -2300.615519932
    70 -1152.054014305      1148.666501030     -2300.720515335
    71 -1152.074301979      1148.869462682     -2300.943764662
    72 -1152.069352669      1149.184690480     -2301.254043149
    73 -1152.054528701      1149.374414609     -2301.428943309
    74 -1152.071051230      1149.171899156     -2301.242950386
    75 -1152.087613124      1148.770800424     -2300.858413548
    76 -1152.074105715      1148.474282270     -2300.548387985
    77 -1152.053819039      1148.331165888     -2300.384984927
    78 -1152.049346242      1148.296579375     -2300.345925617
    79 -1152.066548154      1148.346893347     -2300.413441501
    80 -1152.091870553      1148.510715432     -2300.602585985
    81 -1152.091474300      1148.822888777     -2300.914363077
    82 -1152.066612489      1149.079297419     -2301.145909907
    83 -1152.082245895      1148.897685373     -2300.979931268
    84 -1152.097385208      1148.492129030     -2300.589514238
    85 -1152.080183352      1148.187184074     -2300.267367426
    86 -1152.056289699      1148.030549867     -2300.086839565
    87 -1152.049420326      1147.975959637     -2300.025379963
    88 -1152.065497069      1148.004305187     -2300.069802256
    89 -1152.089738138      1148.153889620     -2300.243627758
    90 -1152.087103005      1148.467048051     -2300.554151055
    91 -1152.061305435      1148.733451228     -2300.794756663
    92 -1152.077541482      1148.573453879     -2300.650995360
    93 -1152.090879612      1148.211735431     -2300.302615043
    94 -1152.074291730      1147.947032480     -2300.021324210
    95 -1152.052163871      1147.825858737     -2299.878022609
    96 -1152.046834685      1147.807794576     -2299.854629261
    97 -1152.063154866      1147.878391647     -2299.941546512
    98 -1152.085601839      1148.077204271     -2300.162806110
    99 -1152.082608140      1148.431082008     -2300.513690148
   100 -1152.062760399      1148.721449525     -2300.784209925
   101 -1152.078292912      1148.623487617     -2300.701780529
   102 -1152.090421466      1148.330738185     -2300.421159651
   103 -1152.077851823      1148.102835360     -2300.180687182
   104 -1152.058645157      1148.002899856     -2300.061545012
   105 -1152.052460098      1148.006187847     -2300.058647945
   106 -1152.064466165      1148.103479788     -2300.167945953
   107 -1152.081903503      1148.328108400     -2300.410011903
   108 -1152.080904242      1148.691580816     -2300.772485058
   109 -1152.064936896      1149.025531597     -2301.090468492
   110 -1152.066661177      1149.074318318     -2301.140979495
   111 -1152.077913921      1148.874692823     -2300.952606744
   112 -1152.072307615      1148.655307431     -2300.727615046
   113 -1152.055102484      1148.529431827     -2300.584534310
   114 -1152.044996152      1148.498031965     -2300.543028117
   115 -1152.050379085      1148.555106847     -2300.605485931
   116 -1152.062952203      1148.724659642     -2300.787611845
   117 -1152.067896737      1148.999120320     -2301.067017056
   118 -1152.070142477      1149.244344309     -2301.314486787
   119 -1152.068479036      1149.340268082     -2301.408747119
   120 -1152.076983349      1149.188269707     -2301.265253056
   121 -1152.082533413      1148.902807491     -2300.985340904
   122 -1152.071194626      1148.672737815     -2300.743932440
   123 -1152.059383199      1148.546786051     -2300.606169249
   124 -1152.059527930      1148.527378904     -2300.586906834
   125 -1152.066918814      1148.630837355     -2300.697756169
   126 -1152.072380592      1148.830448141     -2300.902828733
   127 -1152.083496626      1149.000154436     -2301.083651062
   128 -1152.078151143      1149.106933302     -2301.185084445
   129 -1152.073690638      1149.012614139     -2301.086304777
   130 -1152.080252408      1148.711514251     -2300.791766659
   131 -1152.070697489      1148.436382633     -2300.507080122
   132 -1152.057375079      1148.272469114     -2300.329844193
   133 -1152.054422507      1148.226782040     -2300.281204547
   134 -1152.058892057      1148.309472970     -2300.368365027
   135 -1152.063786140      1148.485824739     -2300.549610879
   136 -1152.076749084      1148.637290153     -2300.714039236
   137 -1152.072074644      1148.752327723     -2300.824402368
   138 -1152.065474675      1148.692914336     -2300.758389010
   139 -1152.071565934      1148.419314671     -2300.490880605
   140 -1152.064092981      1148.149493684     -2300.213586666
   141 -1152.051412829      1147.985548969     -2300.036961798
   142 -1152.047401639      1147.944868079     -2299.992269717
   143 -1152.051274784      1148.037832111     -2300.089106895
   144 -1152.055127994      1148.241538118     -2300.296666113
   145 -1152.066497146      1148.438834763     -2300.505331909
   146 -1152.067441478      1148.591320746     -2300.658762224
   147 -1152.060520724      1148.604219654     -2300.664740378
   148 -1152.064635427      1148.406703792     -2300.471339219
   149 -1152.061533796      1148.166680491     -2300.228214287
   150 -1152.052932895      1148.010025614     -2300.062958509
   151 -1152.049992551      1147.977477896     -2300.027470446
   152 -1152.054275711      1148.083655876     -2300.137931587
   153 -1152.058156773      1148.311600686     -2300.369757459
   154 -1152.070189467      1148.540474715     -2300.610664182
   155 -1152.078270785      1148.721948426     -2300.800219211
   156 -1152.066499766      1148.832856535     -2300.899356301
   157 -1152.068454335      1148.725779907     -2300.794234242
   158 -1152.070641354      1148.513003451     -2300.583644805
   159 -1152.065062365      1148.351354656     -2300.416417021
   160 -1152.059763868      1148.310687594     -2300.370451462
   161 -1152.058835642      1148.408902780     -2300.467738421
   162 -1152.057245791      1148.621923604     -2300.679169394
   163 -1152.069169300      1148.813187229     -2300.882356529
   164 -1152.086301398      1148.950470428     -2301.036771826
   165 -1152.071018216      1149.111530875     -2301.182549091
   166 -1152.066096270      1149.079405819     -2301.145502089
   167 -1152.078041259      1148.840049142     -2300.918090401
   168 -1152.078589141      1148.619805029     -2300.698394170
   169 -1152.072020303      1148.530422125     -2300.602442428
   170 -1152.065709931      1148.590251364     -2300.655961295
   171 -1152.059190855      1148.754317181     -2300.813508036
   172 -1152.074559635      1148.861076626     -2300.935636261
   173 -1152.098654942      1148.917894083     -2301.016549025
   174 -1152.084938730      1149.058948854     -2301.143887583
   175 -1152.067828741      1149.075076837     -2301.142905578
   176 -1152.080952020      1148.817662251     -2300.898614271
   177 -1152.084860191      1148.542116225     -2300.626976417
   178 -1152.076883982      1148.404226690     -2300.481110672
   179 -1152.065585499      1148.423867749     -2300.489453248
   180 -1152.054752886      1148.534989601     -2300.589742487
   181 -1152.071025361      1148.566193020     -2300.637218380
   182 -1152.094239345      1148.568497562     -2300.662736907
   183 -1152.080295636      1148.685408590     -2300.765704226
   184 -1152.059658627      1148.725208685     -2300.784867312
   185 -1152.070512565      1148.509914618     -2300.580427183
   186 -1152.077922378      1148.254287240     -2300.332209618
   187 -1152.073572115      1148.123769847     -2300.197341963
   188 -1152.062085234      1148.152361717     -2300.214446951
   189 -1152.050483923      1148.265063501     -2300.315547424
   190 -1152.067867125      1148.289121177     -2300.356988302
   191 -1152.090644155      1148.298048231     -2300.388692387
   192 -1152.080314887      1148.425257083     -2300.505571970
   193 -1152.066935327      1148.489559684     -2300.556495011
   194 -1152.076916587      1148.348513760     -2300.425430347
   195 -1152.084334683      1148.160200069     -2300.244534752
   196 -1152.082875418      1148.062037529     -2300.144912946
   197 -1152.070772668      1148.114334874     -2300.185107542
   198 -1152.055799583      1148.247829580     -2300.303629162
   199 -1152.069621962      1148.285456050     -2300.355078012
   200 -1152.090988570      1148.299880370     -2300.390868940
   201 -1152.084070995      1148.434233664     -2300.518304658
   202 -1152.065943310      1148.566885420     -2300.632828730
   203 -1152.069226932      1148.518101400     -2300.587328332
   204 -1152.076369578      1148.382256142     -2300.458625721
   205 -1152.076935205      1148.298339779     -2300.375274985
   206 -1152.063424900      1148.354121572     -2300.417546473
   207 -1152.043862388      1148.489264387     -2300.533126775
   208 -1152.052934850      1148.522445025     -2300.575379874
   209 -1152.074539722      1148.519136006     -2300.593675729
   210 -1152.076475449      1148.639855333     -2300.716330782
   211 -1152.055980886      1148.858729107     -2300.914709993
   212 -1152.052067180      1148.936816424     -2300.988883604
   213 -1152.072246599      1148.817317180     -2300.889563779
   214 -1152.082460956      1148.706943644     -2300.789404601
   215 -1152.070080642      1148.736470074     -2300.806550716
   216 -1152.046669079      1148.849103614     -2300.895772693
   217 -1152.050817719      1148.854499933     -2300.905317653
   218 -1152.071460160      1148.804892124     -2300.876352284
   219 -1152.081068053      1148.860895335     -2300.941963388
   220 -1152.069528771      1149.052304256     -2301.121833027
   221 -1152.051960137      1149.212356518     -2301.264316655
   222 -1152.067972110      1149.115584296     -2301.183556406
   223 -1152.082543105      1148.938157073     -2301.020700178
   224 -1152.069449782      1148.876891242     -2300.946341024
   225 -1152.041814674      1148.892902765     -2300.934717440
   226 -1152.041989754      1148.793469035     -2300.835458789
   227 -1152.061910374      1148.626260186     -2300.688170559
   228 -1152.074611786      1148.561035716     -2300.635647502
   229 -1152.068261286      1148.651898317     -2300.720159604
   230 -1152.049156344      1148.770398593     -2300.819554937
   231 -1152.064083221      1148.649864632     -2300.713947853
   232 -1152.083463042      1148.423736709     -2300.507199751
   233 -1152.074539153      1148.312032313     -2300.386571467
   234 -1152.048045420      1148.294356413     -2300.342401833
   235 -1152.047174449      1148.179841388     -2300.227015836
   236 -1152.066601418      1148.009808353     -2300.076409771
   237 -1152.078903242      1147.961143202     -2300.040046444
   238 -1152.073304302      1148.091909505     -2300.165213807
   239 -1152.055404931      1148.281445091     -2300.336850022
   240 -1152.067540266      1148.271579860     -2300.339120126
   241 -1152.084884902      1148.154186766     -2300.239071667
   242 -1152.077470251      1148.121465439     -2300.198935691
   243 -1152.050597291      1148.174696588     -2300.225293878
   244 -1152.046028025      1148.132960637     -2300.178988662
   245 -1152.062567485      1148.025295603     -2300.087863088
   246 -1152.073696919      1148.031273373     -2300.104970292
   247 -1152.071016386      1148.212341383     -2300.283357770
   248 -1152.053810105      1148.481820825     -2300.535630930
   249 -1152.059987719      1148.582096710     -2300.642084429
   250 -1152.078512431      1148.526064166     -2300.604576596
   251 -1152.076129611      1148.502318288     -2300.578447899
   252 -1152.051146244      1148.547116498     -2300.598262742
   253 -1152.043925825      1148.498013998     -2300.541939823
   254 -1152.057508980      1148.375542198     -2300.433051178
   255 -1152.067782523      1148.354788209     -2300.422570731
   256 -1152.071100776      1148.499048178     -2300.570148954
$end
