$coord
   -0.26174934983758     -0.06146488908703     -0.05871806664781      ti
    1.18443878445324     -2.43535057352000      1.86979979737587      o
   -2.67208558370256     -0.76662091988864     -2.42388001936093      o
   -4.49600389373659     -0.69431413989342     -2.49896375190842      h
   -0.16950388044168      2.56559704297191      2.30391826708870      o
    0.40200958440658      4.21102637338479      3.19823380509342      h
    2.43670360093257      0.55809731933382     -1.62245264660991      o
    1.67993858252402      1.96679914529921     -2.56568714707142      h
    2.47895334192118     -1.32013814482820      2.63479854151802      h
$redundant
     number_of_atoms             9
     degrees_of_freedom         21
     internal_coordinates       21
     frozen_coordinates          0
# definitions of redundant internals
   1 k  1.0000000000000 stre    6    5           val=   1.95803
   2 k  1.0000000000000 linc    6    1    5    8 val=  19.48894
   3 k  1.0000000000000 linp    6    1    5    8 val=   5.85515
   4 k  1.0000000000000 tors    4    3    1    2 val= 177.22261
        1.0000000000000 tors    4    3    1    7
        1.0000000000000 tors    4    3    1    8
   5 k  1.0000000000000 stre    3    4           val=   1.82689
   6 k  1.0000000000000 bend    1    4    3      val= 135.86018
   7 k  1.0000000000000 stre    1    5           val=   3.53440
   8 k  0.6904607648089 bend    7    5    1      val=  36.44076
        0.0826154331157 bend    2    5    1
       -0.4737887380617 bend    3    5    1
        0.5403358716173 bend    8    5    1
   9 k  0.1142412368897 bend    7    5    1      val=  29.00268
       -0.7087846055587 bend    2    5    1
        0.5416127109327 bend    3    5    1
        0.4372973748755 bend    8    5    1
  10 k  1.0000000000000 tors    9    2    1    3 val=  95.87570
        1.0000000000000 tors    9    2    1    7
        1.0000000000000 tors    9    2    1    8
  11 k  1.0000000000000 stre    2    9           val=   1.87208
  12 k  1.0000000000000 bend    1    9    2      val=  96.34573
  13 k  1.0000000000000 stre    1    2           val=   3.38319
  14 k  1.0000000000000 stre    1    3           val=   3.44978
  15 k -0.1303632011222 bend    3    2    1      val=  37.96251
        0.6497378389901 bend    7    2    1
       -0.2355606690548 bend    7    3    1
        0.6538717523227 bend    8    2    1
       -0.2789427881959 bend    8    3    1
  16 k -0.2705156885263 bend    3    2    1      val=  71.19701
        0.2264367933140 bend    7    2    1
        0.6657980983860 bend    7    3    1
        0.2245318529922 bend    8    2    1
        0.6179368738571 bend    8    3    1
  17 k  0.9291134185901 bend    3    2    1      val= 112.86897
        0.1524852435134 bend    7    2    1
        0.3084430433127 bend    7    3    1
        0.1322419459421 bend    8    2    1
       -0.0295205466049 bend    8    3    1
  18 k  0.2122658822716 bend    3    2    1      val=  20.38569
        0.1475442825697 bend    7    2    1
       -0.6333719266187 bend    7    3    1
       -0.0214415447697 bend    8    2    1
        0.7290775971278 bend    8    3    1
  19 k  1.0000000000000 stre    1    7           val=   3.17974
  20 k  1.0000000000000 stre    7    8           val=   1.85656
  21 k  1.0000000000000 stre    8    1           val=   3.76416
        21 non zero eigenvalues  of BmBt
           1           5.477560257    1    0
         1
           2           3.937727241    2    0
         2
           3           3.678294218    3    0
         3
           4           3.010395097    4    0
         4
           5           2.247590120    5    0
         5
           6           2.208016771    6    0
         6
           7           2.127145004    7    0
         7
           8           1.937394537    8    0
         8
           9           1.759268872    9    0
         9
          10           1.081464040   10    0
        10
          11           1.019542055   11    0
        11
          12           0.891670407   12    0
        12
          13           0.805406354   13    0
        13
          14           0.564023455   14    0
        14
          15           0.317552835   15    0
        15
          16           0.225103574   16    0
        16
          17           0.182075949   17    0
        17
          18           0.147122796   18    0
        18
          19           0.085164297   19    0
        19
          20           0.080135994   20    0
        20
          21           0.050225793   21    0
        21
$user-defined bonds
$end
