$coord
    0.03705747970847     -0.03197348631002     -0.07689279829510      ti
    0.94226426530746     -2.52091911476861      2.06102694132193      o
   -2.66950560870619     -0.96580622131519     -2.07667809294091      o
   -4.26035341230509     -0.16872597456026     -2.64247815979900      h
   -0.90771563577042      2.48662780332456      2.04530045147144      o
   -0.97816349216872      4.35013266330812      2.32223735960186      h
    2.61786534110322      0.90993556024187     -1.82294343124267      o
    3.74525818855715      1.30821953124202     -3.32183678327013      h
    0.00353449400153     -2.53907465859031      4.01509976081324      h
$redundant
     number_of_atoms             9
     degrees_of_freedom         21
     internal_coordinates       21
     frozen_coordinates          0
# definitions of redundant internals
   1 k  1.0000000000000 stre    8    7           val=   1.91737
   2 k  1.0000000000000 linc    8    1    7    2 val=  -6.40022
   3 k  1.0000000000000 linp    8    1    7    2 val= -17.36819
   4 k  1.0000000000000 tors    4    3    1    2 val=  79.15059
        1.0000000000000 tors    4    3    1    5
   5 k  1.0000000000000 stre    3    4           val=   1.86715
   6 k  1.0000000000000 bend    1    4    3      val= 136.02783
   7 k  1.0000000000000 tors    6    5    1    2 val= 206.14730
        1.0000000000000 tors    6    5    1    3
   8 k  1.0000000000000 stre    5    6           val=   1.88529
   9 k  1.0000000000000 bend    1    6    5      val= 145.88046
  10 k  1.0000000000000 stre    1    7           val=   3.25522
  11 k  0.5106437522017 bend    2    7    1      val=   4.43425
        0.3581667090976 bend    5    7    1
       -0.7816390259138 bend    3    7    1
  12 k -0.6491998114051 bend    2    7    1      val=   2.08933
        0.7566699704464 bend    5    7    1
       -0.0773961284316 bend    3    7    1
  13 k  1.0000000000000 tors    9    2    1    3 val= 148.17162
        1.0000000000000 tors    9    2    1    5
  14 k  1.0000000000000 stre    2    9           val=   2.16794
  15 k  1.0000000000000 bend    1    9    2      val= 117.20175
  16 k  1.0000000000000 stre    1    2           val=   3.40367
  17 k  1.0000000000000 stre    1    5           val=   3.42632
  18 k  1.0000000000000 stre    1    3           val=   3.49237
  19 k -0.6987872451824 bend    5    2    1      val=  20.96349
        0.6395144035127 bend    3    2    1
        0.3204960431428 bend    3    5    1
  20 k  0.1917118751005 bend    5    2    1      val=   0.85807
        0.5990787950584 bend    3    2    1
       -0.7774002535740 bend    3    5    1
  21 k  0.6891610428020 bend    5    2    1      val= 107.50875
        0.4817944842059 bend    3    2    1
        0.5412311262972 bend    3    5    1
        21 non zero eigenvalues  of BmBt
           1           6.013782798    1    0
         1
           2           4.445758984    2    0
         2
           3           3.451436187    3    0
         3
           4           3.166328538    4    0
         4
           5           2.768798460    5    0
         5
           6           2.365800791    6    0
         6
           7           2.191024804    7    0
         7
           8           1.909299944    8    0
         8
           9           1.584216661    9    0
         9
          10           1.407102960   10    0
        10
          11           1.159017625   11    0
        11
          12           1.050569126   12    0
        12
          13           0.808892128   13    0
        13
          14           0.618649521   14    0
        14
          15           0.611061900   15    0
        15
          16           0.294964128   16    0
        16
          17           0.103787356   17    0
        17
          18           0.092264884   18    0
        18
          19           0.078877700   19    0
        19
          20           0.068874881   20    0
        20
          21           0.054453576   21    0
        21
$user-defined bonds
$end
