$energy      SCF               SCFKIN            SCFPOT            excitation
     1 -1152.090478997      1148.73802     -2300.82850     0.1913472157084
     2 -1152.094442150      1148.81747     -2300.91191     0.1907907392267
     3 -1152.097919444      1148.89137     -2300.98929     0.1896808657850
     4 -1152.098136612      1148.91878     -2301.01692     0.1878230053293
     5 -1152.096922627      1148.85315     -2300.95007     0.1851498431693
     6 -1152.098577673      1148.67970     -2300.77828     0.1816689146785
     7 -1152.098874257      1148.46280     -2300.56168     0.1773923919758
     8 -1152.095033470      1148.27530     -2300.37034     0.1724117208202
     9 -1152.090418559      1148.14993     -2300.24034     0.1670341370312
    10 -1152.087599475      1148.08623     -2300.17383     0.1615239255789
    11 -1152.086085043      1148.06430     -2300.15039     0.1559058554190
    12 -1152.083238549      1148.05394     -2300.13718     0.1500956403404
    13 -1152.075833790      1148.02105     -2300.09688     0.1440782462748
    14 -1152.066925891      1147.91913     -2299.98606     0.1379486403953
    15 -1152.062187668      1147.73237     -2299.79456     0.1318234070127
    16 -1152.056582413      1147.52991     -2299.58650     0.1256891929796
    17 -1152.047296829      1147.38396     -2299.43126     0.1194810189552
    18 -1152.037950234      1147.31988     -2299.35783     0.1132986087480
    19 -1152.031086888      1147.32846     -2299.35954     0.1072831895160
    20 -1152.026281311      1147.38158     -2299.40786     0.1015232935752
    21 -1152.020742775      1147.44471     -2299.46545     0.9608109326822E-01
    22 -1152.012003596      1147.47912     -2299.49112     0.9100664187917E-01
    23 -1152.005193176      1147.43625     -2299.44145     0.8636570543551E-01
    24 -1152.003525635      1147.31961     -2299.32314     0.8214472225264E-01
    25 -1152.000248650      1147.21037     -2299.21062     0.7816979886246E-01
    26 -1151.994362698      1147.16967     -2299.16403     0.7426057712932E-01
    27 -1151.989672382      1147.21037     -2299.20004     0.7035621816511E-01
    28 -1151.987920811      1147.31494     -2299.30286     0.6644789116784E-01
    29 -1151.987977709      1147.45199     -2299.43997     0.6254880281691E-01
    30 -1151.986185702      1147.58842     -2299.57461     0.5878293305843E-01
    31 -1151.980994481      1147.68477     -2299.66576     0.5528722944608E-01
    32 -1151.978977519      1147.69675     -2299.67573     0.5212860946135E-01
    33 -1151.980038735      1147.65205     -2299.63208     0.4923807873602E-01
    34 -1151.977293304      1147.63636     -2299.61365     0.4639719985044E-01
    35 -1151.971814994      1147.69562     -2299.66743     0.4345176932810E-01
    36 -1151.967398532      1147.82842     -2299.79582     0.4038522301543E-01
    37 -1151.965238915      1148.00775     -2299.97299     0.3723661218677E-01
    38 -1151.963508326      1148.19963     -2300.16313     0.3408745027511E-01
    39 -1151.958047572      1148.37159     -2300.32964     0.3096498431195E-01
    40 -1151.950016701      1148.47783     -2300.42785     0.2785731966629E-01
    41 -1151.947001182      1148.48048     -2300.42748     0.2472848821913E-01
    42 -1151.945489093      1148.43092     -2300.37640     0.2148023480262E-01
    43 -1151.940286377      1148.40846     -2300.34874     0.1791261906196E-01
    44 -1151.934228840      1148.44237     -2300.37660     0.1390679114100E-01
    45 -1151.931264276      1148.52023     -2300.45149     0.1011065203308E-01
    46 -1151.931098577      1148.63283     -2300.56393     0.5333030444841E-02
$end
