$grad          cartesian gradients
  cycle =      1   ex. state energy =    -1151.8991317813 |dE/dxyz| =  0.284923
    0.05876158623330      0.13823397305893     -0.06529170860577      ti
    0.84926483015533     -2.47911646743050      1.86580052932874      o
   -2.44387832059247     -0.96985815653677     -1.83059978468312      o
   -2.86684589434037     -1.43778439368477     -3.53302212142815      h
   -1.14860749472616      2.57019906737784      2.29711256676163      o
   -0.98776137622685      1.57442715686031      3.90781288824956      h
    2.58413281973894      0.68184752128126     -2.16272916808628      o
    4.31536554316072     -0.16435747910632     -1.76872372602360      h
   -0.72799319693154     -3.41551960792162      1.80488596332563      h
  -.18534647298594D-01  -.10178307812411D-01  0.49646724800496D-01
  -.10309484397412D-02  0.42805777994881D-01  -.29206580581733D-01
  0.50123266319100D-01  0.16733819327127D-01  0.26953567994719D-01
  -.13888069672106D-02  0.18109000986268D-02  0.10687195630238D-02
  0.20808755764615D-01  -.26894329624535D-01  -.74802176792793D-01
  0.90123607333663D-03  -.22949405602174D-01  0.14460709129321D-01
  -.87422354913262D-01  0.18464234568469D-01  0.73391470339424D-02
  0.43928096355437D-01  -.27466300060798D-01  0.13065739750153D-01
  -.73845981127463D-02  0.76736114197713D-02  -.85258511100301D-02
  cycle =      2   ex. state energy =    -1151.9036514108 |dE/dxyz| =  0.285490
    0.05436806677468      0.14325246040405     -0.06786521163356      ti
    0.84623444163903     -2.48171882789775      1.86556638389965      o
   -2.43956287111211     -0.97248857065897     -1.83203979902487      o
   -2.82134963659410     -1.39734810719719     -3.52252514506386      h
   -1.14924345585388      2.56291322161513      2.30432736901215      o
   -0.95679521350329      1.63385197095192      3.92828368396830      h
    2.58972749764779      0.67038455260899     -2.16743586863601      o
    4.30108280857214     -0.09621214504076     -1.76074098115360      h
   -0.68049413694744     -3.44135366503514      1.87499447064299      h
  -.22206561313679D-01  -.59705910145359D-02  0.48046667128614D-01
  -.14488409841309D-01  0.31769368234925D-01  -.28698768374360D-01
  0.47478105303433D-01  0.12818081897936D-01  0.10900028492904D-01
  0.27469112043994D-02  0.62352723227301D-02  0.18145239618420D-01
  0.21054293827527D-01  -.32985475118280D-01  -.68940632136514D-01
  0.99567805127228D-03  -.17627700397525D-01  0.85337501480085D-02
  -.73519203716377D-01  0.92833808552210D-02  0.88982510951090D-02
  0.31619179768413D-01  -.18968539125023D-01  0.10806068780738D-01
  0.63200057663532D-02  0.15446202619703D-01  -.76906050345297D-02
  cycle =      3   ex. state energy =    -1151.9082385782 |dE/dxyz| =  0.284662
    0.05038146422515      0.14838035390187     -0.07131913018368      ti
    0.84399888808766     -2.48606405766491      1.86690665448876      o
   -2.43785207311304     -0.97582218546230     -1.83407778953040      o
   -2.77824535558019     -1.36234141972039     -3.52782882179222      h
   -1.15103445669686      2.55743696084316      2.31532425815127      o
   -0.92669607506878      1.70862677130573      3.94132339426023      h
    2.59935544313683      0.65841229715026     -2.17263072773286      o
    4.25926647832407     -0.01154923872020     -1.76216802903102      h
   -0.63849846081387     -3.48063808679129      1.95179986291117      h
  -.25616294023348D-01  -.87435723304441D-04  0.45691489101911D-01
  -.20865803630127D-01  0.23250511763441D-01  -.26418279994153D-01
  0.46403242611278D-01  0.11033088981383D-01  0.27407044767762D-02
  0.42638020398458D-02  0.80715303940266D-02  0.26850281105679D-01
  0.22046752478160D-01  -.41623077634064D-01  -.56179404236224D-01
  0.84088488448738D-04  -.94415883563039D-02  -.36847282519982D-02
  -.40822595372330D-01  -.64399143349746D-02  0.14592439025599D-01
  0.12836073788421D-02  -.40339181469534D-02  0.40606905773422D-02
  0.13223199135041D-01  0.19270803011742D-01  -.76531919878027D-02
  cycle =      4   ex. state energy =    -1151.9103136067 |dE/dxyz| =  0.282783
    0.04684764698037      0.15353121748003     -0.07562470001447      ti
    0.84289871814258     -2.49170291832417      1.86970181827652      o
   -2.43867983068520     -0.97977496728378     -1.83627462753021      o
   -2.73867432611698     -1.33421744975363     -3.55653549583527      h
   -1.15404240669300      2.55422132486611      2.32944897646483      o
   -0.89654473698590      1.79193477753709      3.95762605729219      h
    2.61126303803975      0.64674344745137     -2.17864777577207      o
    4.21615815011632      0.07697914394504     -1.76713702318045      h
   -0.60784238936767     -3.53686698638154      2.03558960879291      h
  -.28701725005629D-01  0.68022296840969D-02  0.42605897761394D-01
  -.15245708790557D-01  0.22009366487508D-01  -.23993453194344D-01
  0.47637517284023D-01  0.12272566177958D-01  0.95782416952137D-02
  0.24582496206504D-02  0.64168672530214D-02  0.20103478511946D-01
  0.23434307012710D-01  -.49314758056050D-01  -.41062019329175D-01
  -.16048150528429D-02  -.16179014632726D-02  -.17398865731014D-01
  0.73813184220178D-02  -.24602770629698D-01  0.23974000833494D-01
  -.43585578199320D-01  0.13390422574080D-01  -.69290948307963D-02
  0.82264344497374D-02  0.14643978265831D-01  -.68781862765928D-02
  cycle =      5   ex. state energy =    -1151.9117727838 |dE/dxyz| =  0.280364
    0.04382715537238      0.15857581573634     -0.08072635140503      ti
    0.84263100286731     -2.49856933529866      1.87382323827033      o
   -2.44212393879911     -0.98441512755030     -1.83900476741734      o
   -2.70110270836146     -1.31158085414366     -3.60285046806614      h
   -1.15834669738541      2.55369962483420      2.34587676092269      o
   -0.86488835596349      1.87694890213172      3.98913761325210      h
    2.62280818349806      0.63638266893295     -2.18600150956850      o
    4.21084978695473      0.15416320762889     -1.76608997711442      h
   -0.58424040595562     -3.60604832607602      2.12566778382355      h
  -.31203590755699D-01  0.13964766374662D-01  0.38843855523428D-01
  -.18173169139229D-02  0.26972984305870D-01  -.23062741990852D-01
  0.49248677304938D-01  0.14741221728596D-01  0.26478305485687D-01
  -.66930067262758D-03  0.30948594265670D-02  0.27460574486407D-02
  0.23839245286595D-01  -.51989980502079D-01  -.32015025522869D-01
  -.27553601811731D-02  0.19962415106118D-02  -.24038282749298D-01
  0.38876761091534D-01  -.32988245280271D-01  0.29483659407181D-01
  -.70962399678141D-01  0.21088984014924D-01  -.14408946784680D-01
  -.45567158338778D-02  0.31191685146028D-02  -.40268815153860D-02
  cycle =      6   ex. state energy =    -1151.9169087583 |dE/dxyz| =  0.278050
    0.04138425715095      0.16335481217267     -0.08652996558296      ti
    0.84246350095133     -2.50690227635478      1.87920194933907      o
   -2.44826320342330     -0.98985506144885     -1.84318225409197      o
   -2.66302058332865     -1.29168279147465     -3.65146753426170      h
   -1.16395052621887      2.55603110207906      2.36402927399396      o
   -0.83089356785872      1.96006110298835      4.04152076412736      h
    2.63219832752648      0.62785156807184     -2.19495856531331      o
    4.26734483159372      0.21283469053225     -1.75249781130350      h
   -0.55671591519430     -3.67781265093329      2.21907915066679      h
  -.32921942597709D-01  0.20816140947026D-01  0.34633379933027D-01
  0.10856145780540D-01  0.32573657368552D-01  -.23357670558461D-01
  0.48950053690723D-01  0.16140502733673D-01  0.42409089894058D-01
  -.27995943527499D-02  0.44989597206874D-03  -.14286768427317D-01
  0.21687139954340D-01  -.48579638798702D-01  -.35035691166718D-01
  -.17746371286092D-02  0.38141001617998D-03  -.17641377713575D-01
  0.20678437429042D-01  -.25922213689721D-01  0.22162796891291D-01
  -.48139866138949D-01  0.13409288647410D-01  -.92273771027209D-02
  -.16535736739073D-01  -.92690441054989D-02  0.34361872075069D-03
  cycle =      7   ex. state energy =    -1151.9214818650 |dE/dxyz| =  0.275719
    0.03955985483679      0.16772257881454     -0.09293202943642      ti
    0.84170147444719     -2.51697026436293      1.88582853382855      o
   -2.45704959989556     -0.99614655289221     -1.84966026426253      o
   -2.62273800114567     -1.27230053278293     -3.68734078906767      h
   -1.17070917973344      2.56101312709222      2.38399068832305      o
   -0.79556536329575      2.04232307384670      4.10893926649914      h
    2.64039551528477      0.62079574225562     -2.20507563703933      o
    4.36540730642269      0.25946378375079     -1.73095528869556      h
   -0.51496388828985     -3.74105824265207      2.31160899302291      h
  -.34006514060498D-01  0.27171583400694D-01  0.30463250910958D-01
  0.17540592307332D-01  0.34011833449886D-01  -.23261330218495D-01
  0.45952834261828D-01  0.15515031397737D-01  0.50003732964110D-01
  -.31658790956219D-02  -.53785150137468D-03  -.23662531817961D-01
  0.17047258105994D-01  -.42375142710981D-01  -.46653016485041D-01
  0.13742097633722D-02  -.33344420595345D-02  -.19168040203733D-02
  -.21740263164054D-01  -.15658966620849D-01  0.78397713825568D-02
  -.62634795979111D-03  0.27171440657907D-02  0.26781771653658D-02
  -.22375890108603D-01  -.17509190034998D-01  0.45087503810144D-02
  cycle =      8   ex. state energy =    -1151.9226217492 |dE/dxyz| =  0.272244
    0.03834686289052      0.17162053342635     -0.09993347259685      ti
    0.83997227023691     -2.52896888076339      1.89377384522661      o
   -2.46841346807596     -1.00332965420811     -1.85892313569793      o
   -2.57943959244352     -1.25232529133241     -3.70283966571604      h
   -1.17844650501797      2.56835188927563      2.40663984193662      o
   -0.76120664288151      2.12801758195603      4.17846040047871      h
    2.64983808312486      0.61455359913840     -2.21568785199745      o
    4.46464574072620      0.30402664692724     -1.71160637129655      h
   -0.45345874328257     -3.78946371567450      2.40080763899565      h
  -.34584594180328D-01  0.33269712402517D-01  0.26597826302425D-01
  0.17218429423763D-01  0.29010369896872D-01  -.21126536331644D-01
  0.40642398674078D-01  0.12925292702156D-01  0.46900328360574D-01
  -.21890444024575D-02  0.59142188918659D-04  -.22981609272491D-01
  0.11496161367836D-01  -.37047563021430D-01  -.58274103744071D-01
  0.52120324177717D-02  -.56863510570056D-02  0.14286229010539D-01
  -.52658206173671D-01  -.10664278258094D-01  -.41482327214719D-02
  0.35837977798488D-01  -.24760405373092D-02  0.11881328299269D-01
  -.20975154920224D-01  -.19390284625064D-01  0.68647702816441D-02
  cycle =      9   ex. state energy =    -1151.9233844220 |dE/dxyz| =  0.266278
    0.03776511629788      0.17491684575866     -0.10743666439133      ti
    0.83729491409122     -2.54258362617538      1.90289446160503      o
   -2.48203029664605     -1.01123657593870     -1.87077796711430      o
   -2.53414615180634     -1.23236056538588     -3.69835823790579      h
   -1.18683038564200      2.57773814034286      2.43253238717952      o
   -0.73131600013481      2.21883952137517      4.23568390272041      h
    2.66218885713367      0.60888369141326     -2.22609426860704      o
    4.53288051695987      0.35083704914214     -1.70256386978968      h
   -0.37356249448641     -3.82108368296807      2.48421154279663      h
  -.34439733399100D-01  0.39252677147953D-01  0.22980144558608D-01
  0.10655498641982D-01  0.16908395834563D-01  -.15718778984477D-01
  0.34064631286822D-01  0.88232381589701D-02  0.33269853641217D-01
  -.76333739752726D-03  0.18376122493050D-02  -.12229266519403D-01
  0.67556408804581D-02  -.33968087425414D-01  -.63544394693117D-01
  0.81013930112120D-02  -.55002047473675D-02  0.24299684101588D-01
  -.64508737753928D-01  -.10293907129300D-01  -.11291311429934D-01
  0.53243233597745D-01  -.28768588692832D-02  0.16150188858417D-01
  -.13108588464896D-01  -.14182865453620D-01  0.60838813002612D-02
  cycle =     10   ex. state energy =    -1151.9260755494 |dE/dxyz| =  0.257250
    0.03781632245843      0.17748327197245     -0.11533679018578      ti
    0.83404161704029     -2.55708213144536      1.91284804522994      o
   -2.49747207038397     -1.01960208292084     -1.88441981528564      o
   -2.48833383852732     -1.21406029059931     -3.68324214308211      h
   -1.19555788733863      2.58895766144787      2.46182761465597      o
   -0.70857619102668      2.31415855063527      4.27156329305025      h
    2.67803881801719      0.60379676352255     -2.23584773749120      o
    4.55453203856337      0.40000186850365     -1.70761386986746      h
   -0.28250869053565     -3.84025157674146      2.56204913975742      h
  -.33325249470981D-01  0.45023552233622D-01  0.19401687239366D-01
  0.31397877497920D-03  -.84563973799694D-03  -.67753688977663D-02
  0.27550170382653D-01  0.40270372228149D-02  0.12648052348059D-01
  0.82116863308291D-04  0.40904699961318D-02  0.53172547326521D-02
  0.39289614654046D-02  -.32649807009185D-01  -.59921336702512D-01
  0.89776413729328D-02  -.33550487814427D-02  0.25366655241309D-01
  -.60445305968490D-01  -.12284937912493D-01  -.13961457932306D-01
  0.54255708537897D-01  -.81604727739399D-03  0.16173284654583D-01
  -.13380206270982D-02  -.31895791056063D-02  0.17512290173218D-02
  cycle =     11   ex. state energy =    -1151.9301791876 |dE/dxyz| =  0.245997
    0.03847808515659      0.17921960888013     -0.12357682951665      ti
    0.83077752184964     -2.57150560367716      1.92315366307079      o
   -2.51439474340065     -1.02817198767361     -1.89872858741159      o
   -2.44268353193269     -1.19935809856882     -3.67278610996524      h
   -1.20448369126437      2.60194618907654      2.49435225847309      o
   -0.69369892395437      2.41221081662105      4.28528283148770      h
    2.69717350079334      0.59939383702031     -2.24481601244443      o
    4.52889557997249      0.44978016881046     -1.72673739267611      h
   -0.19046962757215     -3.85660415859385      2.63820802293020      h
  -.31336120486423D-01  0.50322016261018D-01  0.15777497958764D-01
  -.88456690926570D-02  -.19064125843641D-01  0.36798721728257D-02
  0.21917130377010D-01  -.29287649692050D-03  -.61978180924070D-02
  -.17296503849377D-03  0.57612852548297D-02  0.21076479070786D-01
  0.36150102634769D-02  -.31925038012749D-01  -.46897984134104D-01
  0.72425445193399D-02  -.40929512278838D-03  0.16977621125596D-01
  -.39912683075755D-01  -.15336489950357D-01  -.11957949969537D-01
  0.38260842805022D-01  0.24159941868490D-02  0.11739743415287D-01
  0.92319108405366D-02  0.85285309694513D-02  -.41974615721814D-02
  cycle =     12   ex. state energy =    -1151.9331429087 |dE/dxyz| =  0.234182
    0.03971423631953      0.18003430844192     -0.13210821875880      ti
    0.82799781312055     -2.58488713832888      1.93326020478674      o
   -2.53252439230030     -1.03672815516799     -1.91270123712324      o
   -2.39687019819286     -1.18966876619410     -3.68068037471565      h
   -1.21361024157345      2.61668965734614      2.52945857100695      o
   -0.68512433141836      2.51064615001165      4.28422219479111      h
    2.71850299785451      0.59583107414648     -2.25313071187135      o
    4.46993507667072      0.49746818448405     -1.75608893996232      h
   -0.10644457648221     -3.88038772697573      2.71804271027939      h
  -.28833419145219D-01  0.54893768762254D-01  0.12119601748293D-01
  -.11138274438888D-01  -.29535177824754D-01  0.10805507069758D-01
  0.16585282792973D-01  -.31643353183927D-02  -.12400859152512D-01
  -.70790383477600D-03  0.59778219047762D-02  0.24270235550565D-01
  0.58404520742466D-02  -.30522627166474D-01  -.25978370894966D-01
  0.28918265317894D-02  0.20544771377869D-02  0.73624739724741D-03
  0.15912416315390D-02  -.18484295911748D-01  -.41088380247426D-02
  0.98368862938586D-03  0.58763914766352D-02  0.15365779082793D-02
  0.12787105776172D-01  0.12903978101797D-01  -.69801011885470D-02
  cycle =     13   ex. state energy =    -1151.9317555437 |dE/dxyz| =  0.223073
    0.04148050596577      0.17984429145053     -0.14087390461528      ti
    0.82582517086289     -2.59666753065729      1.94278842594908      o
   -2.55158986806436     -1.04512297744879     -1.92601358051677      o
   -2.35037483666970     -1.18517097532382     -3.70972016693714      h
   -1.22307026645046      2.63312870775973      2.56604032227689      o
   -0.67905562934424      2.60743340571729      4.28251892426870      h
    2.73977573806351      0.59327725974103     -2.26123190488680      o
    4.41003357194441      0.54010738807869     -1.78682054493807      h
   -0.03343407713206     -3.91544197433115      2.80406988874646      h
  -.26167735869596D-01  0.58659442978459D-01  0.83737618128028D-02
  -.56282677695407D-02  -.28070221722122D-01  0.10794720440421D-01
  0.10173552147882D-01  -.46552868063102D-02  -.34560605005857D-02
  0.52719530211370D-04  0.49004308482872D-02  0.12438110745549D-01
  0.91574499149772D-02  -.27536893731370D-01  -.32922214905887D-02
  -.25449862917578D-02  0.29982165365400D-02  -.17197873063425D-01
  0.57752209706645D-01  -.20125232053424D-01  0.80606343285118D-02
  -.51126457876737D-01  0.79133463348991D-02  -.12853461862237D-01
  0.83315169584099D-02  0.59161980483801D-02  -.28676103696353D-02
  cycle =     14   ex. state energy =    -1151.9289772506 |dE/dxyz| =  0.212888
    0.04373047015648      0.17857893755808     -0.14981383879469      ti
    0.82395613874746     -2.60693595076565      1.95174706413605      o
   -2.57125871887290     -1.05328233621228     -1.93916792214721      o
   -2.30381502225318     -1.18492974393754     -3.74965984236434      h
   -1.23305512365656      2.65111745306871      2.60288951468124      o
   -0.67075637973819      2.70183958328713      4.29578730877131      h
    2.75793068138946      0.59182145499817     -2.26979453357423      o
    4.39451018149514      0.57595695383444     -1.80643245617119      h
    0.03249473517963     -3.95573117873229      2.89279833962708      h
  -.23593616696811D-01  0.61722648430594D-01  0.44594549597200D-02
  0.26053508094223D-02  -.19490757494904D-01  0.54532710452310D-02
  0.24738681271797D-02  -.56348153009141D-02  0.11894823969143D-01
  0.24779608572253D-02  0.34789741526989D-02  -.56275671157268D-02
  0.10213502512154D-01  -.23401078303280D-01  0.10275490335240D-01
  -.55953296326792D-02  0.26240415097947D-02  -.26039442271991D-01
  0.88852946834104D-01  -.19085716632409D-01  0.13850730076447D-01
  -.78379668134574D-01  0.72671713571596D-02  -.20523586724460D-01
  0.94498560393789D-03  -.74804673860350D-02  0.62568253806750D-02
  cycle =     15   ex. state energy =    -1151.9303642610 |dE/dxyz| =  0.203359
    0.04640890601470      0.17618473895265     -0.15882014411212      ti
    0.82194738498878     -2.61611748190627      1.96039115877683      o
   -2.59102952618866     -1.06111856379545     -1.95295223608410      o
   -2.25949290215227     -1.18771837482460     -3.78463054774147      h
   -1.24358315595629      2.67035910656035      2.63911174437119      o
   -0.65759903041912      2.79379873676758      4.33170774750955      h
    2.77117998561228      0.59141519249885     -2.27910231699260      o
    4.44726549369577      0.60541682254521     -1.80813901637951      h
    0.09748750394198     -3.98943733021966      2.97592612795232      h
  -.21282834020208D-01  0.64198049661227D-01  0.42852317527367D-03
  0.83730849247853D-02  -.11895338530917D-01  -.23114235431172D-04
  -.53359499088223D-02  -.68120919140545D-02  0.23538325253367D-01
  0.54630781237858D-02  0.24750782636293D-02  -.19752143831126D-01
  0.63662247995511D-02  -.20060935980875D-01  0.78877185147460D-02
  -.35228632578471D-02  0.26957966400063D-02  -.19110578620414D-01
  0.62083045142716D-01  -.17541797237307D-01  0.43397167168092D-02
  -.48004095174888D-01  0.60905389506980D-02  -.12474503609263D-01
  -.41396911901054D-02  -.19149299868319D-01  0.15166055655137D-01
  cycle =     16   ex. state energy =    -1151.9308932200 |dE/dxyz| =  0.194104
    0.04946352181063      0.17262650892974     -0.16778786385453      ti
    0.81948964077521     -2.62459909271741      1.96899195117143      o
   -2.61040566165054     -1.06854067484083     -1.96795678977625      o
   -2.22015649550639     -1.19264789502109     -3.80222101307089      h
   -1.25440615553203      2.69060209115502      2.67471448594911      o
   -0.64144185612619      2.88293626778155      4.38408423340610      h
    2.78095509507556      0.59197336871827     -2.28860018513553      o
    4.54155017124461      0.62942122465047     -1.79897413187647      h
    0.16574995244168     -4.00629471105707      3.04541888041297      h
  -.19273762386085D-01  0.66134962745233D-01  -.35212968725879D-02
  0.99727184431659D-02  -.10249232133716D-01  -.15530473647182D-02
  -.11995505196883D-01  -.84662499793451D-02  0.26505307057321D-01
  0.76411175281454D-02  0.21598499688489D-02  -.24953931870597D-01
  -.10206834655322D-02  -.18777005936902D-01  -.48724980792231D-02
  0.23126559741224D-02  0.44704999983920D-02  -.20928251009620D-02
  0.13072578305637D-01  -.17428767820287D-01  -.10626330017493D-01
  0.44284025322468D-02  0.64010987529004D-02  0.12559036809656D-02
  -.51375221953094D-02  -.24245155408386D-01  0.19858717784292D-01
  cycle =     17   ex. state energy =    -1151.9278158100 |dE/dxyz| =  0.184742
    0.05288554603112      0.16783983112671     -0.17673284281033      ti
    0.81647334109617     -2.63255794918858      1.97771801824122      o
   -2.62921400393550     -1.07553290942267     -1.98448533810047      o
   -2.18729059718836     -1.19948115474087     -3.79816386000234      h
   -1.26522358888823      2.71196950322661      2.71075041997471      o
   -0.62722323189795      2.96859626818379      4.43852716813840      h
    2.79005858818983      0.59349028886185     -2.29755934647163      o
    4.63241795868128      0.64796347390763     -1.79086017022804      h
    0.23880415366545     -4.00211825166339      3.09794269749919      h
  -.17414727986427D-01  0.67522840592958D-01  -.72136356135474D-02
  0.79844776144347D-02  -.16066655579555D-01  0.28107189683700D-02
  -.16676623890027D-01  -.10661227069965D-01  0.19848177420043D-01
  0.80154319746337D-02  0.25596918734334D-02  -.20317134562930D-01
  -.83793446446155D-02  -.18723986337382D-01  -.17158741999907D-01
  0.82589186023713D-02  0.72638869521440D-02  0.14156330867903D-01
  -.20591290116306D-01  -.17768635162057D-01  -.21155154028514D-01
  0.41355957747846D-01  0.73060746697534D-02  0.10531553348751D-01
  -.25527997192015D-02  -.21431989466376D-01  0.18497885210997D-01
  cycle =     18   ex. state energy =    -1151.9246516253 |dE/dxyz| =  0.175488
    0.05663166503144      0.16180888108322     -0.18555866642630      ti
    0.81301461921985     -2.63964698031427      1.98630259884298      o
   -2.64713486052689     -1.08195045285677     -2.00212683276481      o
   -2.16135656917669     -1.20855331569885     -3.77640888489366      h
   -1.27559708679369      2.73439523637917      2.74778017074675      o
   -0.62017566337057      3.04805573040295      4.48072224026731      h
    2.80030498007356      0.59598420674407     -2.30537098411961      o
    4.68740583423975      0.66017068979231     -1.79190513845600      h
    0.31418770694046     -3.97927299441509      3.13443528423644      h
  -.15531971038798D-01  0.68263617913412D-01  -.10526316539669D-01
  0.37366199770764D-02  -.28869122491678D-01  0.13516673822855D-01
  -.18730584151804D-01  -.13328986737347D-01  0.47031035346990D-02
  0.59750447029587D-02  0.36383139588815D-02  -.69544574812195D-02
  -.13079457146833D-01  -.18245066471300D-01  -.22071915887673D-01
  0.11624653230459D-01  0.95130979428335D-02  0.22675297311009D-01
  -.33262307022285D-01  -.17564747800213D-01  -.26087489703226D-01
  0.56962133616214D-01  0.78217265622077D-02  0.14133471436087D-01
  0.23058684210852D-02  -.11228831882612D-01  0.10611634113654D-01
  cycle =     19   ex. state energy =    -1151.9238036985 |dE/dxyz| =  0.166734
    0.06065005570840      0.15454692117290     -0.19416253369948      ti
    0.80936229841799     -2.64512890010344      1.99411737829073      o
   -2.66396912896085     -1.08761562940182     -2.01996823282576      o
   -2.14071095799627     -1.22076379436941     -3.74866970912508      h
   -1.28521887698086      2.75774802955881      2.78589882037473      o
   -0.62327391404143      3.11896958148172      4.50303295928901      h
    2.81234239464291      0.59943351325610     -2.31172573086378      o
    4.69261066167471      0.66552663386686     -1.80525391914608      h
    0.38731504166619     -3.94672505462412      3.16156719118323      h
  -.13514464232064D-01  0.68264231794784D-01  -.13406272075731D-01
  -.74092678759343D-03  -.45222744841286D-01  0.28365580495594D-01
  -.18465609023302D-01  -.16207714891653D-01  -.14526700474233D-01
  0.19602216559643D-02  0.51785348457017D-02  0.10732448622218D-01
  -.14063452425730D-01  -.15997128057153D-01  -.17424308527332D-01
  0.11326219329393D-01  0.99122321246274D-02  0.21238663395957D-01
  -.28336633218778D-01  -.16539575817547D-01  -.26483019718131D-01
  0.54461029998249D-01  0.76327883652588D-02  0.13183594034839D-01
  0.73736151764348D-02  0.29793771015554D-02  -.16799852840679D-02
  cycle =     20   ex. state energy =    -1151.9247580174 |dE/dxyz| =  0.158956
    0.06490702117684      0.14605046056428     -0.20250132937222      ti
    0.80575886555676     -2.64811752886932      2.00035838810105      o
   -2.67975239024592     -1.09237886758589     -2.03697244212114      o
   -2.12181886616668     -1.23745612769915     -3.73033880590871      h
   -1.29404743594636      2.78192573564153      2.82488736219896      o
   -0.63622790768609      3.18109198039782      4.50679897034118      h
    2.82590719870662      0.60378239921225     -2.31661327959415      o
    4.65037974563053      0.66422395452674     -1.83005269396497      h
    0.45385652663147     -3.91684495727128      3.19010079163204      h
  -.11394630539746D-01  0.67491330732212D-01  -.15803446922644D-01
  -.29680603581417D-02  -.57604780057126D-01  0.40881743691111D-01
  -.18157084865518D-01  -.18651127809831D-01  -.29060240497444D-01
  -.16571439380072D-02  0.65445562137317D-02  0.23897406073695D-01
  -.11210204430867D-01  -.11233500489061D-01  -.34831766974084D-02
  0.72597294593900D-02  0.76940562487827D-02  0.10128927177086D-01
  -.49883684806562D-02  -.14660655362220D-01  -.22155765136285D-01
  0.33009097153891D-01  0.66721806029755D-02  0.75605945456915D-02
  0.10106666184157D-01  0.13747940524597D-01  -.11966041920326D-01
  cycle =     21   ex. state energy =    -1151.9246616817 |dE/dxyz| =  0.152400
    0.06937360250252      0.13631564306657     -0.21055214355585      ti
    0.80231756767524     -2.64794653096463      2.00435782340069      o
   -2.69454258813407     -1.09611981989128     -2.05238567508912      o
   -2.10148012049369     -1.25985059076906     -3.73281394688565      h
   -1.30226270030101      2.80672436179139      2.86407448917756      o
   -0.65550607628100      3.23652643583640      4.50174555952526      h
    2.83974827359326      0.60893640586550     -2.32028630174830      o
    4.57939678942130      0.65711097126982     -1.86143991123698      h
    0.51161004667631     -3.89893065242317      3.22905976256938      h
  -.93128819887698D-02  0.65974714101759D-01  -.17713888836934D-01
  -.18164111704853D-02  -.58436658336209D-01  0.43302015503156D-01
  -.21017226732196D-01  -.19745413035984D-01  -.30343922847325D-01
  -.16094246657293D-02  0.68084857161581D-02  0.23915368741938D-01
  -.55101824751069D-02  -.41452184179820D-02  0.16745864351265D-01
  0.47171972249043D-03  0.29798968093520D-02  -.76226332889811D-02
  0.39845114199866D-01  -.12160917177618D-01  -.12246991609480D-01
  -.10367700985963D-01  0.51449049118981D-02  -.35008715583600D-02
  0.93169937297993D-02  0.13580206255372D-01  -.12534939673333D-01
  cycle =     22   ex. state energy =    -1151.9209969541 |dE/dxyz| =  0.147512
    0.07402005053040      0.12535180768955     -0.21829497646202      ti
    0.79896881783568     -2.64456934193145      2.00598995970776      o
   -2.70821029617219     -1.09878525638777     -2.06616604065122      o
   -2.07969794285863     -1.28822000620276     -3.75611940586758      h
   -1.31019262615912      2.83180156146070      2.90242379128472      o
   -0.67523478898668      3.28948041054388      4.50331941808603      h
    2.85143200137407      0.61476819528726     -2.32329503175949      o
    4.51729544263995      0.64550319153277     -1.88984337305345      h
    0.56136960425831     -3.89280486306196      3.27901438934001      h
  -.74395757319847D-02  0.63777723362589D-01  -.19240587519144D-01
  0.10845605978696D-02  -.48215542741538D-01  0.34772693741180D-01
  -.27673283233871D-01  -.19083680874441D-01  -.18829028477284D-01
  0.27984285574908D-02  0.55558959996804D-02  0.11242028007260D-01
  -.89344582543968D-04  0.32009459640193D-02  0.35069797975589D-01
  -.58406084661702D-02  -.22567571552302D-02  -.23821050927028D-01
  0.92610015661593D-01  -.10088206744931D-01  -.94019565816610D-04
  -.62044129691751D-01  0.40542396469853D-02  -.16499111491147D-01
  0.65939368359718D-02  0.30553831704331D-02  -.26007215157854D-02
  cycle =     23   ex. state energy =    -1151.9188274706 |dE/dxyz| =  0.145170
    0.07881517462618      0.11319015222607     -0.22570582480300      ti
    0.79555166672306     -2.63853806774072      2.00571880294108      o
   -2.72039618020257     -1.10041084681925     -2.07895007799179      o
   -2.06029469753825     -1.32150284445913     -3.78927624012122      h
   -1.31813873125490      2.85676982155727      2.93895110900018      o
   -0.68993001739348      3.34454031312677      4.52564054082756      h
    2.85806619825912      0.62116892734741     -2.32630660217136      o
    4.50905627799325      0.63033417163083     -1.90395511697614      h
    0.60551952152053     -3.88932337943871      3.33136649057838      h
  -.59095161643870D-02  0.60970948316675D-01  -.20530841852645D-01
  0.33103114670220D-02  -.34805168623374D-01  0.22299824813434D-01
  -.35307703360535D-01  -.17243230366865D-01  -.33239583507068D-02
  0.88369307995196D-02  0.33679472384792D-02  -.52236239767456D-02
  0.71494372756494D-03  0.71082143290811D-02  0.40466252547137D-01
  -.72847165159094D-02  -.43949251409513D-02  -.27465745863767D-01
  0.10698016161525D+00  -.94824536120273D-02  0.27951845327919D-02
  -.75687224432201D-01  0.43749942921166D-02  -.19755960187124D-01
  0.43468122921063D-02  -.98963261538500D-02  0.10738868630958D-01
  cycle =     24   ex. state energy =    -1151.9213809127 |dE/dxyz| =  0.146984
    0.08369639633024      0.09996753241660     -0.23270616876979      ti
    0.79196872457943     -2.63062528974946      2.00422553132515      o
   -2.73058869159409     -1.10108295027165     -2.09149260476257      o
   -2.04867633201794     -1.35756443398282     -3.81773097341009      h
   -1.32608728765965      2.88123258420270      2.97308941599881      o
   -0.69821380155528      3.40317247360716      4.57177520888011      h
    2.85880075787747      0.62806024800030     -2.32945758054135      o
    4.56676275087263      0.61142565463796     -1.90079831002225      h
    0.64567998432754     -3.87724040638004      3.37412505721171      h
  -.47796176338778D-02  0.57676340113600D-01  -.21631177953364D-01
  0.39311420578355D-02  -.25260909749167D-01  0.13194622589020D-01
  -.40793280723575D-01  -.15282428801541D-01  0.79019131943055D-02
  0.13371563499793D-01  0.12812257114430D-02  -.17122363367000D-01
  -.42353927388657D-02  0.57223133384437D-02  0.29924711249078D-01
  -.27059972901239D-02  -.15960702534886D-02  -.15579943697483D-01
  0.65704772279101D-01  -.88492154591443D-02  -.73491811965053D-02
  -.34026338860917D-01  0.45899606664697D-02  -.94830430748965D-02
  0.35331497816216D-02  -.18281214994884D-01  0.20144462280821D-01
  cycle =     25   ex. state energy =    -1151.9220788511 |dE/dxyz| =  0.155596
    0.08864397677789      0.08574553391081     -0.23927970139465      ti
    0.78818569858296     -2.62136110202323      2.00201489481304      o
   -2.73849896378142     -1.10091373649235     -2.10441409537084      o
   -2.04875227797614     -1.39458490154823     -3.83115203909702      h
   -1.33376892945479      2.90527505505720      3.00543761655815      o
   -0.70410521799571      3.46293953690321      4.63127610573655      h
    2.85592755615565      0.63540707328320     -2.33219168180752      o
    4.65384803342180      0.58860247115369     -1.88939751090501      h
    0.68258920367285     -3.84929091191719      3.39915615559708      h
  -.39975416381281D-02  0.54099260808742D-01  -.22463352660276D-01
  0.33753950394813D-02  -.22475523955737D-01  0.11013305335567D-01
  -.42727796227274D-01  -.14147658529181D-01  0.11242734871288D-01
  0.14848262167287D-01  0.16115123285136D-03  -.20841323004458D-01
  -.11308123287000D-01  0.14167355502077D-02  0.12438380095749D-01
  0.42417400257762D-02  0.38286418271258D-02  0.28227818156850D-02
  0.14387978859719D-01  -.66960604299085D-02  -.18981297264939D-01
  0.17374931759708D-01  0.32513926243075D-02  0.26204076370789D-02
  0.38051527644106D-02  -.19437937971971D-01  0.22148363886221D-01
  cycle =     26   ex. state energy =    -1151.9201021209 |dE/dxyz| =  0.176782
    0.09370012638218      0.07043068965560     -0.24548853572377      ti
    0.78419049370747     -2.61079777489659      1.99918428748134      o
   -2.74412165291149     -1.09996717347828     -2.11804460101439      o
   -2.06175845145551     -1.43200996228236     -3.82652053930983      h
   -1.34088504113759      2.92941142702806      3.03733435931231      o
   -0.71373234478392      3.51979930318355      4.68874369621672      h
    2.85224451923302      0.64317368893910     -2.33390398500156      o
    4.72642508179847      0.56278509505826     -1.88019714800291      h
    0.71644841296399     -3.80421558545761      3.40507940961594      h
  -.35049241402959D-02  0.50561353698811D-01  -.22762915276311D-01
  0.24087980428676D-02  -.26779348318389D-01  0.16608527035367D-01
  -.40873230615418D-01  -.14606108376526D-01  0.60910161330876D-02
  0.12928152136327D-01  0.64138721138208D-03  -.15811479120158D-01
  -.16439677143819D-01  -.22690608491769D-02  -.18775543790439D-02
  0.95289106857130D-02  0.83659004390650D-02  0.17515292646014D-01
  -.17883087060860D-01  -.36654848319544D-02  -.25461473301202D-01
  0.49377409650843D-01  0.10446807749010D-02  0.97696046162885D-02
  0.44576484660688D-02  -.13293318888144D-01  0.15928981727443D-01
  cycle =     27   ex. state energy =    -1151.9193161638 |dE/dxyz| =  0.218498
    0.09881826688175      0.05419611684460     -0.25127751518146      ti
    0.78006490722993     -2.59876999841848      1.99544378608103      o
   -2.74749955009114     -1.09821973677327     -2.13200323780101      o
   -2.08601655546952     -1.46997699973553     -3.80812264289210      h
   -1.34709612713556      2.95366161568371      3.06932001193452      o
   -0.73165287711341      3.56934902329222      4.73093379295614      h
    2.84954417671529      0.65113796178954     -2.33421871381608      o
    4.75597281822371      0.53606943053163     -1.87950810247686      h
    0.74641099646373     -3.74758451475552      3.39712928378987      h
  -.31449514064572D-02  0.47569255298307D-01  -.21931696136022D-01
  0.16990478949218D-02  -.36666324940071D-01  0.28574848562120D-01
  -.35766187441446D-01  -.17220230675900D-01  -.64442276123673D-02
  0.80761478180953D-02  0.30945220887091D-02  -.32535372588778D-02
  -.17595576481076D-01  -.32465648911114D-02  -.80006185532076D-02
  0.11224521672868D-01  0.98497160026473D-02  0.23252786645178D-01
  -.29841000413010D-01  -.80358899274370D-03  -.27067536696852D-01
  0.60553455537997D-01  -.10156265964854D-02  0.12139701163598D-01
  0.47945426931740D-02  -.15611560918979D-02  0.27302799849903D-02
  cycle =     28   ex. state energy =    -1151.9214729198 |dE/dxyz| =  0.280852
    0.10397263099390      0.03715777272638     -0.25664040380593      ti
    0.77586336487022     -2.58478100774959      1.99015131039013      o
   -2.74890118524999     -1.09553490536569     -2.14554996626327      o
   -2.11720581843209     -1.51047992395236     -3.78696854941778      h
   -1.35231594290735      2.97798849221247      3.10161080891452      o
   -0.75927263882159      3.61011450472629      4.75269920009141      h
    2.84849220647752      0.65911301148991     -2.33304719982183      o
    4.73266777075389      0.51034989117905     -1.88939304221698      h
    0.77207324156964     -3.68983085018358      3.38683491240856      h
  -.22945362677241D-02  0.45182753171345D-01  -.19294080572211D-01
  0.15648188867176D-02  -.47103303990159D-01  0.41260431650839D-01
  -.29609779953516D-01  -.21570015841104D-01  -.22124854759681D-01
  0.21525506615565D-02  0.69635118763143D-02  0.12286948144893D-01
  -.14592524372263D-01  -.82088694571287D-03  -.47204371662276D-02
  0.90858286959878D-02  0.76034746235762D-02  0.18891256893735D-01
  -.24297901695720D-01  0.10146005763662D-02  -.25017681457113D-01
  0.53629611737893D-01  -.20712879409775D-02  0.10751557509979D-01
  0.43619324814296D-02  0.10801154283615D-01  -.12033140579006D-01
  cycle =     29   ex. state energy =    -1151.9254289062 |dE/dxyz| =  0.348478
    0.10916067171631      0.01931915622004     -0.26164103688403      ti
    0.77158279828575     -2.56823064041712      1.98260387825737      o
   -2.74867615048307     -1.09167110092586     -2.15786092884887      o
   -2.15021885583801     -1.55698082678193     -3.77654812716629      h
   -1.35672673684001      3.00232090435957      3.13410814044818      o
   -0.79475938444431      3.64419278451079      4.75797899202772      h
    2.84877492849687      0.66701945147219     -2.33050511656088      o
    4.66270055141918      0.48647576355410     -1.90862425729209      h
    0.79389550267722     -3.64157647049289      3.38703556735098      h
  -.87920405513812D-04  0.42295911579027D-01  -.14952733460959D-01
  0.15983087559463D-02  -.50040953149523D-01  0.45250287409313D-01
  -.26129974707403D-01  -.25204787493148D-01  -.32632225903184D-01
  -.15253564042943D-02  0.10006579501481D-01  0.22179732277107D-01
  -.86581685410365D-02  0.50082813503777D-02  0.74655316676944D-02
  0.39203505525560D-02  0.18946696510364D-02  0.55739232183759D-02
  0.11533606735698D-02  0.61125553281169D-03  -.19073386850761D-01
  0.26317536071850D-01  -.89884668344603D-03  0.51765088428872D-02
  0.34118640002018D-02  0.16327889921625D-01  -.18987636712046D-01
  cycle =     30   ex. state energy =    -1151.9274027689 |dE/dxyz| =  0.409445
    0.11435516246591      0.00068886371159     -0.26637233762278      ti
    0.76721055585027     -2.54891958687080      1.97256697326292      o
   -2.74701741396340     -1.08642095662612     -2.16839316833066      o
   -2.18193442324178     -1.61223870890472     -3.78543182568410      h
   -1.36066665717501      3.02640125710169      3.16622622322751      o
   -0.83369302244611      3.67665299438531      4.75841000422559      h
    2.84899464078539      0.67489973238989     -2.32691429520723      o
    4.56975108361502      0.46336207291035     -1.93238105028040      h
    0.81276710820376     -3.60749521043578      3.40377061164606      h
  0.35465337513366D-02  0.37834345460126D-01  -.96973436650112D-02
  0.95476572500812D-03  -.41283324829333D-01  0.34944614627918D-01
  -.27582562079222D-01  -.24839527418195D-01  -.30393961976513D-01
  -.55458465512578D-03  0.92708589377823D-02  0.18931953401108D-01
  -.21733579682899D-02  0.12829662245437D-01  0.24313898684515D-01
  -.21723257943431D-02  -.56770594165799D-02  -.11981108050309D-01
  0.48153332567319D-01  -.35672685580951D-02  -.86192582402780D-02
  -.22932803299903D-01  0.40430783003969D-02  -.50223766107233D-02
  0.27610015899121D-02  0.11389235311076D-01  -.12476417601150D-01
  cycle =     31   ex. state energy =    -1151.9257072516 |dE/dxyz| =  0.462328
    0.11950088118027     -0.01869286879776     -0.27094071190373      ti
    0.76277228639892     -2.52728344591126      1.96058167328827      o
   -2.74384031860478     -1.07979172548107     -2.17729087111178      o
   -2.21326606930284     -1.67574203634492     -3.81082896965134      h
   -1.36449964594286      3.04985294376808      3.19711070489229      o
   -0.87085656201067      3.71415804698979      4.76927536448095      h
    2.84657334444950      0.68300031316465     -2.32283941166490      o
    4.49648106723626      0.43665556670347     -1.95183857891627      h
    0.82929337739380     -3.58322516840731      3.43142220863541      h
  0.80788099117003D-02  0.31595947212902D-01  -.39620658506940D-02
  -.78189552224385D-03  -.25177771516278D-01  0.15182538100169D-01
  -.32180106806774D-01  -.19672857334698D-01  -.17011220939411D-01
  0.37047253854249D-02  0.40789416385561D-02  0.44607816957692D-02
  0.15810234193503D-02  0.18713320332694D-01  0.35961109457157D-01
  -.58270431599288D-02  -.11241707169821D-01  -.23988286165763D-01
  0.94334548084684D-01  -.10246941882520D-01  0.17170732363545D-02
  -.71748060468527D-01  0.11379928151571D-01  -.14863003878438D-01
  0.28379995924585D-02  0.57114016692380D-03  0.25030747581038D-02
  cycle =     32   ex. state energy =    -1151.9268489095 |dE/dxyz| =  0.507972
    0.12450966617031     -0.03869539425381     -0.27544634256301      ti
    0.75836733456388     -2.50421936300036      1.94773759570065      o
   -2.73889096504303     -1.07206893526084     -2.18527453747098      o
   -2.24789135466121     -1.74293428838477     -3.84016531162947      h
   -1.36842764083260      3.07232862237892      3.22608900284572      o
   -0.90302617768919      3.76153317201473      4.80105287746874      h
    2.83897162474139      0.69168052175079     -2.31884993377208      o
    4.48553027854957      0.39998192880490     -1.95839557211116      h
    0.84338401275876     -3.55940009662648      3.45695382728542      h
  0.13018769633645D-01  0.23802664500670D-01  0.21656161509878D-02
  -.32790020462359D-02  -.89688472000827D-02  -.46023433522869D-02
  -.36185488685071D-01  -.12192522492103D-01  -.13984160305728D-02
  0.77830769008491D-02  -.30880148647117D-02  -.12045754595525D-01
  0.37924885961932D-03  0.18411793161757D-01  0.33134345835715D-01
  -.46584790769258D-02  -.10652570677786D-01  -.21386537660780D-01
  0.90049466489340D-01  -.11123939517540D-01  0.15334619595452D-02
  -.70433095596839D-01  0.12680156198094D-01  -.13707023398592D-01
  0.33255039661092D-02  -.88687185401773D-02  0.16306651060628D-01
  cycle =     33   ex. state energy =    -1151.9308006563 |dE/dxyz| =  0.548245
    0.12925110053202     -0.05901910169681     -0.27996575625589      ti
    0.75416759031664     -2.48079582984060      1.93521983561038      o
   -2.73198492435831     -1.06372165614620     -2.19313559347092      o
   -2.28909500891808     -1.80705128792544     -3.85884372103522      h
   -1.37235386171332      3.09366503016902      3.25308297037998      o
   -0.93095432336767      3.81791209510161      4.85127085696998      h
    2.82647348392635      0.70092109310208     -2.31496751474047      o
    4.53597471882356      0.35247737987027     -1.95297896458030      h
    0.85449784149419     -3.52798920869220      3.46813904775720      h
  0.18097577517535D-01  0.14843547510459D-01  0.86395467571729D-02
  -.58834394807641D-02  0.29161664481300D-02  -.18064003893453D-01
  -.37483456237572D-01  -.56607964252033D-02  0.89035195320294D-02
  0.95449669330824D-02  -.90202892213640D-02  -.22943538523471D-01
  -.42919885768147D-02  0.12174813437904D-01  0.17758108365685D-01
  -.79514880361464D-04  -.41819438973233D-02  -.61942112823968D-02
  0.37425886022574D-01  -.25243844314230D-02  -.78570414870071D-02
  -.20983255351952D-01  0.42310910145058D-02  -.29095057434285D-02
  0.36532243746448D-02  -.12778203692072D-01  0.22667126091940D-01
  cycle =     34   ex. state energy =    -1151.9308961041 |dE/dxyz| =  0.588446
    0.13366218502700     -0.07962026279882     -0.28464469619481      ti
    0.75028948404967     -2.45752598737835      1.92368970614658      o
   -2.72302068459065     -1.05506158378214     -2.20148720811932      o
   -2.33862136901465     -1.86333074828737     -3.85754819330866      h
   -1.37604567824353      3.11433925688133      3.27910997629318      o
   -0.95882072852149      3.87794774434960      4.90689616598385      h
    2.81191880058370      0.71030263386410     -2.31065301536244      o
    4.60470466841803      0.30127569126767     -1.94502734035342      h
    0.86243347165333     -3.48544278165772      3.45958901537620      h
  0.23291457478067D-01  0.49797898268083D-02  0.15515503257382D-01
  -.80781168995534D-02  0.91465224050836D-02  -.22943464688972D-01
  -.36094634747056D-01  -.21775422290230D-02  0.11003098976445D-01
  0.88345982699659D-02  -.11679037620387D-01  -.25394171352123D-01
  -.90009698781072D-02  0.44213419636606D-02  0.33607065485253D-03
  0.44795585859206D-02  0.38063627618687D-02  0.11099372681784D-01
  -.13655267028752D-01  0.79867339584238D-02  -.15820338200888D-01
  0.26825960520267D-01  -.62979192100166D-02  0.66450069268125D-02
  0.33974138321885D-02  -.10186250679379D-01  0.19558922480574D-01
  cycle =     35   ex. state energy =    -1151.9283632247 |dE/dxyz| =  0.634244
    0.13767119670862     -0.10042814298509     -0.28963417016584      ti
    0.74683280711779     -2.43462749726316      1.91335363059049      o
   -2.71202604701849     -1.04623351202409     -2.21048926379720      o
   -2.39611838233832     -1.90975568903959     -3.83413246986691      h
   -1.37926439352775      3.13488680660168      3.30526442550062      o
   -0.99074406849266      3.93500535639314      4.95316805404896      h
    2.79803166761744      0.71929860505740     -2.30544642878696      o
    4.65046012731022      0.25527117074090     -1.94281753853451      h
    0.86745515416746     -3.43378782117903      3.43395938959119      h
  0.28598012289333D-01  -.56472584734819D-02  0.22837115745044D-01
  -.96085561872583D-02  0.99918105424361D-02  -.19313507164960D-01
  -.32876948535698D-01  -.29057283814015D-02  0.46069277679548D-02
  0.64081868126409D-02  -.99375733279066D-02  -.19173862266322D-01
  -.11725981225782D-01  -.90608973645704D-03  -.10925807374544D-01
  0.69801395218858D-02  0.94305729053548D-02  0.22334063421341D-01
  -.42768189290420D-01  0.15187378925761D-01  -.18967161307134D-01
  0.52632692617625D-01  -.13541491308284D-01  0.11309609117742D-01
  0.23606446986483D-02  -.16716210255890D-02  0.72926227919130D-02
  cycle =     36   ex. state energy =    -1151.9270133090 |dE/dxyz| =  0.690031
    0.14115007035367     -0.12110086523110     -0.29503451977857      ti
    0.74390851833371     -2.41231201762226      1.90409283008299      o
   -2.69924451576964     -1.03725947113773     -2.21973035163388      o
   -2.45910803671285     -1.94745643790984     -3.79405602789033      h
   -1.38183492087283      3.15545278417586      3.33197844924208      o
   -1.02869703067354      3.98376407982989      4.97992127102991      h
    2.78651194077086      0.72744770091053     -2.29920722887463      o
    4.65031402494588      0.22112844984464     -1.95045937030020      h
    0.87041357141330     -3.38075586973775      3.40201845382740      h
  0.33916593316223D-01  -.16796684409609D-01  0.30503533097655D-01
  -.10626203633665D-01  0.79648321709683D-02  -.10835931600899D-01
  -.29054330044957D-01  -.80256269785439D-02  -.85709816641684D-02
  0.34991556073817D-02  -.36473663858066D-02  -.60207232276165D-02
  -.12179177974437D-01  -.19032287216859D-02  -.12843684464880D-01
  0.71279295430063D-02  0.10805356962681D-01  0.24352254951087D-01
  -.51577658016011D-01  0.18175938378062D-01  -.18451394227537D-01
  0.58155226295381D-01  -.16504967445036D-01  0.12071362106029D-01
  0.73846610726032D-03  0.99317462359945D-02  -.10204434107659D-01
  cycle =     37   ex. state energy =    -1151.9280023028 |dE/dxyz| =  0.759258
    0.14399758646789     -0.14140718695078     -0.30097850938552      ti
    0.74157547515574     -2.39049676211341      1.89545274732338      o
   -2.68490530294211     -1.02787058878780     -2.22847503288521      o
   -2.52496611307667     -1.98187420849232     -3.74885044582109      h
   -1.38373000939886      3.17606486050426      3.35932133365330      o
   -1.07274929556459      4.02297538056430      4.98539298605402      h
    2.77785442996214      0.73457655794845     -2.29197347498752      o
    4.59952747588556      0.20145486085893     -1.96859112925281      h
    0.87272055313531     -3.33652272770048      3.37905397956908      h
  0.39092097985519D-01  -.28245181744238D-01  0.38339017752433D-01
  -.11921373671506D-01  0.89542768545994D-02  -.67192964344190D-02
  -.25982363416895D-01  -.15271451160661D-01  -.23177372040064D-01
  0.16034829357030D-02  0.49193987094599D-02  0.87511415430227D-02
  -.10909927733097D-01  0.19626359790864D-02  -.52736504471373D-02
  0.54925217418290D-02  0.73596988681165D-02  0.16967257285884D-01
  -.42070857834945D-01  0.16372593984695D-01  -.15137286986804D-01
  0.45356001924302D-01  -.14584672160367D-01  0.98022312679824D-02
  -.65958060649248D-03  0.18532700700712D-01  -.23552041340259D-01
  cycle =     38   ex. state energy =    -1151.9294208757 |dE/dxyz| =  0.844304
    0.14612674928513     -0.16118151349818     -0.30762080726585      ti
    0.73989809658054     -2.36918823619476      1.88718742341655      o
   -2.66915088273718     -1.01765058360672     -2.23594199004838      o
   -2.59217369749997     -2.02055128115716     -3.71129736481195      h
   -1.38502523242733      3.19655462377132      3.38693410654511      o
   -1.12155308677266      4.05575008983759      4.97608593352327      h
    2.77151107899836      0.74080214926373     -2.28391442753599      o
    4.50928155272321      0.19449540234193     -1.99524567077405      h
    0.87560025072530     -3.30845905818129      3.37661464919583      h
  0.43929041525335D-01  -.39656222010544D-01  0.46028835990079D-01
  -.14430412836716D-01  0.18699824558880D-01  -.16475259527403D-01
  -.24312646318630D-01  -.19105902898344D-01  -.30379493813732D-01
  0.15512969454193D-02  0.10224516885016D-01  0.16399033709545D-01
  -.88848513527545D-02  0.10136834096819D-01  0.98223015388959D-02
  0.30723541756216D-02  -.41571174765575D-03  0.20629883286641D-02
  -.11491680392194D-01  0.77540257864614D-02  -.89206505459560D-02
  0.11423271241899D-01  -.58116258249735D-02  0.45262601461054D-02
  -.85637187905207D-03  0.18174261837648D-01  -.23064016082594D-01
  cycle =     39   ex. state energy =    -1151.9270825877 |dE/dxyz| =  0.945694
    0.14745413109967     -0.18025872890565     -0.31511647372470      ti
    0.73900986409773     -2.34887373413726      1.87981357910437      o
   -2.65203912151183     -1.00636715184347     -2.24175348725191      o
   -2.66083258656485     -2.06818954834731     -3.68796823206828      h
   -1.38583496797225      3.21651890551614      3.41404929985317      o
   -1.17310519280652      4.08893578371659      4.96496854482952      h
    2.76578868094463      0.74661165959809     -2.27535394696203      o
    4.40895349515936      0.19258623442854     -2.02588146452035      h
    0.87922997073335     -3.29617936759171      3.39425553637677      h
  0.48128735314633D-01  -.50452517053490D-01  0.52965739030029D-01
  -.18074994112350D-01  0.36038430402642D-01  -.38970329569302D-01
  -.22846172010474D-01  -.14464171655031D-01  -.24563065519568D-01
  0.22914498760529D-02  0.72077169565942D-02  0.11434905196844D-01
  -.75488810510424D-02  0.19684261544423D-01  0.26437998250751D-01
  0.13425026111837D-02  -.96515399875224D-02  -.14413220713952D-01
  0.37689741573589D-01  -.85207384978850D-02  -.71035211909601D-03
  -.41168429324941D-01  0.10527580464720D-01  -.26550722958596D-02
  0.18604672621265D-03  0.96309778919190D-02  -.95266026275573D-02
  cycle =     40   ex. state energy =    -1151.9221593813 |dE/dxyz| =  1.061504
    0.14790425755571     -0.19847847481022     -0.32360903101342      ti
    0.73911010582583     -2.33046492370811      1.87455173988787      o
   -2.63361389276679     -0.99425056844677     -2.24623787306239      o
   -2.73172808757365     -2.12227159308798     -3.67451450403763      h
   -1.38623341663230      3.23547345569054      3.43980937722465      o
   -1.22600747134007      4.13064252468223      4.96636294979737      h
    2.75797851490239      0.75290903087819     -2.26672441763477      o
    4.34412188246578      0.18150306978787     -2.05431289811534      h
    0.88271043719905     -3.29224306804633      3.42025405723604      h
  0.51274277034586D-01  -.59821019668896D-01  0.58250012593306D-01
  -.21717037064825D-01  0.53896379209364D-01  -.63429957719771D-01
  -.19593879460138D-01  -.25446359300875D-02  -.97537446686857D-02
  0.19300798273691D-02  -.29222048825611D-02  -.19732511397311D-02
  -.81711886081935D-02  0.24796698824513D-01  0.34403640976785D-01
  0.16020145783215D-02  -.14585390050704D-01  -.22337870845271D-01
  0.72630932715466D-01  -.22503769606613D-01  0.44884080205020D-02
  -.79488471551268D-01  0.24288877477560D-01  -.65046968368657D-02
  0.15332719206628D-02  -.60493501388302D-03  0.68574596420687D-02
  cycle =     41   ex. state energy =    -1151.9222726938 |dE/dxyz| =  1.190941
    0.14741482533729     -0.21560205539152     -0.33316897426877      ti
    0.74040174543767     -2.31501286607068      1.87276967007769      o
   -2.61411373716220     -0.98199438253332     -2.25018716925270      o
   -2.80430429990254     -2.17380903380128     -3.65934248895363      h
   -1.38618359355377      3.25306766330669      3.46368207671499      o
   -1.28030478055149      4.18505005777727      4.98720890036449      h
    2.74618380952505      0.76044096210094     -2.25834112001535      o
    4.34850784066896      0.14926944387622     -2.07708012970605      h
    0.88485575024769     -3.28777999729612      3.44028119380991      h
  0.53027763122011D-01  -.66894631206557D-01  0.60913372600736D-01
  -.24241069659710D-01  0.66137637408493D-01  -.80237516525113D-01
  -.14163492285182D-01  0.10584736771850D-01  0.52074419969506D-02
  0.45610936671250D-04  -.14106932003371D-01  -.14911770482477D-01
  -.10388710054722D-01  0.21079701089323D-01  0.27531014515162D-01
  0.34896487009933D-02  -.10830258933108D-01  -.15516316061085D-01
  0.50079642279488D-01  -.17092608406554D-01  0.27198821291698D-02
  -.60166139695506D-01  0.18211201052785D-01  -.29449991875907D-02
  0.23167458874883D-02  -.70888454128271D-02  0.17238890953019D-01
  cycle =     42   ex. state energy =    -1151.9240088582 |dE/dxyz| =  1.345320
    0.14595759513469     -0.23136367871033     -0.34376908322080      ti
    0.74301298022892     -2.30331199911778      1.87540360604873      o
   -2.59399163868942     -0.97041633822893     -2.25439074081652      o
   -2.87634309668112     -2.21265249970536     -3.63130613552523      h
   -1.38556424146389      3.26936552653427      3.48585458523218      o
   -1.33720905583227      4.24845579419509      5.02140050049209      h
    2.73173552483967      0.76885070012664     -2.25017370007557      o
    4.40525086110053      0.10143405133759     -2.09710184475511      h
    0.88496660953134     -3.27717953728506      3.44513765692261      h
  0.53239885658300D-01  -.71067577059574D-01  0.60377433922545D-01
  -.25063698141231D-01  0.69950266419182D-01  -.84956737427376D-01
  -.79506473446345D-02  0.19688319504765D-01  0.14473713406272D-01
  -.21744858334188D-02  -.21162479408617D-01  -.21623772005992D-01
  -.12425632976882D-01  0.10915387213967D-01  0.11313515195644D-01
  0.52153990514048D-02  -.74306876793647D-03  0.58766320920037D-03
  -.52639046314550D-02  0.15771836613586D-02  -.52703873063075D-03
  -.77540935636480D-02  -.14868935544667D-02  0.23395792628560D-02
  0.21771766724194D-02  -.76711376994203D-02  0.18015642999818D-01
  cycle =     43   ex. state energy =    -1151.9223737579 |dE/dxyz| =  1.560731
    0.14351919781256     -0.24588351128793     -0.35551622243207      ti
    0.74700922797448     -2.29540372136426      1.88270837750378      o
   -2.57335617587094     -0.95987398110199     -2.25940446663659      o
   -2.94676472940649     -2.23321694632615     -3.58433251381035      h
   -1.38426084253431      3.28512709206270      3.50749149076034      o
   -1.39887313028123      4.31275181976512      5.05521153479506      h
    2.71752059245584      0.77720617478957     -2.24194603531055      o
    4.46896372628430      0.05470992379200     -2.11923764316971      h
    0.88318203522517     -3.25985847927566      3.43432494821019      h
  0.51971928801864D-01  -.72227162305084D-01  0.56715052172730D-01
  -.24110400152117D-01  0.64957252933001D-01  -.76966132392591D-01
  -.26461644033284D-02  0.22553583299146D-01  0.16611171345252D-01
  -.32003166834505D-02  -.21898228711872D-01  -.20811200855656D-01
  -.13344632641617D-01  0.24221695724154D-03  -.41845429039505D-02
  0.58168718863079D-02  0.96977351996723D-02  0.15871641134066D-01
  -.48868088101658D-01  0.16943527020863D-01  -.82531095662226D-03
  0.33259401709193D-01  -.18021250433560D-01  0.45816310998876D-02
  0.11213992106519D-02  -.22476732256521D-02  0.90076924560587D-02
  cycle =     44    SCF energy =    -1151.9342288400   |dE/dxyz| =  0.159885
    0.14011898439281     -0.25913625159219     -0.36834825686870      ti
    0.75234369938930     -2.29102827771374      1.89426389493023      o
   -2.55249537368075     -0.95052795678754     -2.26534896101421      o
   -3.01467315987654     -2.23479257751134     -3.51905425571808      h
   -1.38222029249702      3.30093660466878      3.52944202188590      o
   -1.46584203626561      4.36885297182817      5.07533309674039      h
    2.70593133978821      0.78466458840074     -2.23364112871195      o
    4.50396224082848      0.02349695360249     -2.14544906958240      h
    0.88041402694627     -3.24051288098435      3.41562644254326      h
  0.42290607559309D-01  -.95313463163684D-01  0.23657726782661D-02
  -.21858113007882D-01  0.49585774528654D-01  -.32578437268440D-01
  -.22210631315243D-02  0.16604454178130D-01  0.10223681875990D-01
  -.23034887126406D-02  -.14366943432939D-01  -.12452115125343D-01
  0.10492427830976D-01  0.10646638192607D-01  0.19000029390891D-01
  -.17855901964651D-01  0.20625477555768D-01  0.22177699834727D-01
  -.59905281940200D-01  0.33218420925415D-01  -.80342783728584D-03
  0.50525745494989D-01  -.26584902387565D-01  0.30503723046046D-02
  0.83506787634002D-03  0.55845435972797D-02  -.10983575831520D-01
  cycle =     45    SCF energy =    -1151.9312642760   |dE/dxyz| =  0.151523
    0.13595559217220     -0.27059660878267     -0.38117925483846      ti
    0.75885885561821     -2.28938824749494      1.90756669553106      o
   -2.53158488345973     -0.94212518258653     -2.27183376453239      o
   -3.08034083840405     -2.22385219950979     -3.44315865188990      h
   -1.38076241610573      3.31610735542327      3.55027428125622      o
   -1.51703058866486      4.40679965034546      5.07607298595519      h
    2.69766858258807      0.79027483820027     -2.22532087352448      o
    4.49484248975760      0.01554176060515     -2.17422605498581      h
    0.87692842657643     -3.22609715343140      3.40655698060676      h
  0.35989428419507D-01  -.92031038480713D-01  -.64779633211918D-02
  -.19276649832399D-01  0.37191771801962D-01  -.14861144627181D-01
  -.50773359973105D-03  0.73306991382525D-02  0.33114644879906D-02
  0.21143683691988D-02  -.31153186091678D-02  -.12042763701422D-02
  0.12065941229528D-01  0.10495833936038D-01  0.18177905280160D-01
  -.18680270197445D-01  0.20101198538313D-01  0.21724779856317D-01
  -.62749234532115D-01  0.33417513783709D-01  0.25258818005176D-02
  0.51360062977215D-01  -.27555218934963D-01  0.17680322646446D-02
  -.31591283298396D-03  0.14164558834762D-01  -.24964679364350D-01
  cycle =     46    SCF energy =    -1151.9310985770   |dE/dxyz| =  0.133112
    0.13026059718369     -0.28277123039069     -0.39657932156819      ti
    0.76779629166045     -2.28944501475649      1.92447138225086      o
   -2.50626631597502     -0.93236440061019     -2.27985863878491      o
   -3.16160541386252     -2.20790730545216     -3.35031615443043      h
   -1.37966108939792      3.33388019573004      3.57447313530849      o
   -1.56267530705765      4.43519132753418      5.05805019036923      h
    2.69111741157504      0.79522700789502     -2.21539630367753      o
    4.43908866397838      0.02991490249027     -2.21057067761359      h
    0.87298777343453     -3.22099601758733      3.41732663195235      h
  0.27165425293986D-01  -.87079636814547D-01  -.18709662393338D-01
  -.16760996575857D-01  0.28441332667751D-01  -.39887315365390D-02
  0.48642320527330D-03  -.30060707216395D-02  -.20508223087302D-02
  0.90001917869606D-02  0.95616559028414D-02  0.97567655011804D-02
  0.12859686164118D-01  0.17015406022040D-01  0.25366471411999D-01
  -.18611955381900D-01  0.12957434920126D-01  0.13010722964456D-01
  -.48171841027679D-01  0.26341100067991D-01  0.60719434574515D-02
  0.34660553963039D-01  -.21216665218980D-01  0.33211147896843D-03
  -.62748742295709D-03  0.16985443171317D-01  -.29788798587516D-01
$end
