$grad          cartesian gradients
  cycle =     44   ex. state energy =    -1151.9203220489 |dE/dxyz| =  1.906483
    0.14011898439281     -0.25913625159219     -0.36834825686870      ti
    0.75234369938930     -2.29102827771374      1.89426389493023      o
   -2.55249537368075     -0.95052795678754     -2.26534896101421      o
   -3.01467315987654     -2.23479257751134     -3.51905425571808      h
   -1.38222029249702      3.30093660466878      3.52944202188590      o
   -1.46584203626561      4.36885297182817      5.07533309674039      h
    2.70593133978821      0.78466458840074     -2.23364112871195      o
    4.50396224082848      0.02349695360249     -2.14544906958240      h
    0.88041402694627     -3.24051288098435      3.41562644254326      h
  0.49417587174759D-01  -.70335283792186D-01  0.50795055371250D-01
  -.21732538205029D-01  0.52832317145024D-01  -.59012231543258D-01
  0.25916249611397D-03  0.18602497423738D-01  0.12197394098909D-01
  -.16137823817314D-02  -.15765295598085D-01  -.13203509470628D-01
  -.13772249063419D-01  -.70002091169956D-02  -.13112450728988D-01
  0.59004164517931D-02  0.16262962997207D-01  0.24201863533632D-01
  -.70246949720413D-01  0.24086117292456D-01  0.96753028965693D-03
  0.52343973693762D-01  -.26355549448890D-01  0.43464401505304D-02
  -.55562062948688D-03  0.76724435764512D-02  -.71800911323302D-02
$end
$grad          cartesian gradients
  cycle =     45   ex. state energy =    -1151.9211536240 |dE/dxyz| =  2.420592
    0.13595559217220     -0.27059660878267     -0.38117925483846      ti
    0.75885885561821     -2.28938824749494      1.90756669553106      o
   -2.53158488345973     -0.94212518258653     -2.27183376453239      o
   -3.08034083840405     -2.22385219950979     -3.44315865188990      h
   -1.38076241610573      3.31610735542327      3.55027428125622      o
   -1.51703058866486      4.40679965034546      5.07607298595519      h
    2.69766858258807      0.79027483820027     -2.22532087352448      o
    4.49484248975760      0.01554176060515     -2.17422605498581      h
    0.87692842657643     -3.22609715343140      3.40655698060676      h
  0.46043091289600D-01  -.65958787076135D-01  0.44915473587040D-01
  -.19140638307884D-01  0.40774193834871D-01  -.42413590970329D-01
  0.60996982096172D-03  0.98866426502591D-02  0.44060922845077D-02
  0.29737486895966D-02  -.48170484193587D-02  -.19929722951991D-02
  -.15671846413519D-01  -.93829528674490D-02  -.14294890283010D-01
  0.74043016620840D-02  0.16970322254114D-01  0.23741541753252D-01
  -.73555270243967D-01  0.23607905938948D-01  0.33360914156807D-02
  0.53302365365556D-01  -.27319436537198D-01  0.32081201377445D-02
  -.19657215444176D-02  0.16239161084966D-01  -.20905864609970D-01
$end
$grad          cartesian gradients
  cycle =     46   ex. state energy =    -1151.9257655466 |dE/dxyz| =  3.695136
    0.13026059718369     -0.28277123039069     -0.39657932156819      ti
    0.76779629166045     -2.28944501475649      1.92447138225086      o
   -2.50626631597502     -0.93236440061019     -2.27985863878491      o
   -3.16160541386252     -2.20790730545216     -3.35031615443043      h
   -1.37966108939792      3.33388019573004      3.57447313530849      o
   -1.56267530705765      4.43519132753418      5.05805019036923      h
    2.69111741157504      0.79522700789502     -2.21539630367753      o
    4.43908866397838      0.02991490249027     -2.21057067761359      h
    0.87298777343453     -3.22099601758733      3.41732663195235      h
  0.43622795226234D-01  -.53693453284766D-01  0.49038776676566D-01
  -.16794538516732D-01  0.34395435850422D-01  -.39809006357700D-01
  0.32545444501579D-03  0.11417840950110D-02  -.20113810472552D-02
  0.10261553796229D-01  0.70435599374401D-02  0.86886601498095D-02
  -.26814751730181D-01  -.12100923073024D-01  -.13953371618109D-01
  0.17393758711160D-01  0.11689624013756D-01  0.14629020765281D-01
  -.62401723473708D-01  0.13044605910112D-01  0.55210344476879D-02
  0.37370766659370D-01  -.20916771880634D-01  0.23122638969029D-02
  -.29633152450458D-02  0.19396138820120D-01  -.24415996762773D-01
$end
