$coord
    0.13737872117294      0.18242378247462      0.08214712541080      ti
    0.86543219289708     -3.18432598622452      1.59867305533224      o
   -2.55890563132537     -1.52662665410757     -1.52889815270210      o
   -2.14916347190863     -2.96399401617856     -0.24328238417808      h
   -0.70889343784861      2.80814176360604      1.71545321721338      o
   -2.42407878042945      2.46607391485691      2.53868428633510      h
    2.13108299454120      1.44399867084035     -2.17209063899040      o
    1.59935047103411      2.98301795392003     -3.44657241133700      h
    0.75152914549678     -3.87137206957513      3.38803260647205      h
$redundant
     number_of_atoms             9
     degrees_of_freedom         21
     internal_coordinates       21
     frozen_coordinates          0
# definitions of redundant internals
   1 k  1.0000000000000 tors    4    3    1    2 val= 147.82700
        1.0000000000000 tors    4    3    1    5
        1.0000000000000 tors    4    3    1    7
   2 k  1.0000000000000 stre    3    4           val=   1.80120
   3 k  1.0000000000000 bend    1    4    3      val= 138.46189
   4 k  1.0000000000000 tors    6    5    1    2 val=  91.48425
        1.0000000000000 tors    6    5    1    3
        1.0000000000000 tors    6    5    1    7
   5 k  1.0000000000000 stre    5    6           val=   1.80089
   6 k  1.0000000000000 bend    1    6    5      val= 154.56152
   7 k  1.0000000000000 tors    8    7    1    2 val=  82.16394
        1.0000000000000 tors    8    7    1    3
        1.0000000000000 tors    8    7    1    5
   8 k  1.0000000000000 stre    7    8           val=   1.82274
   9 k  1.0000000000000 bend    1    8    7      val= 110.97286
  10 k  1.0000000000000 tors    9    2    1    3 val=  37.04837
        1.0000000000000 tors    9    2    1    5
        1.0000000000000 tors    9    2    1    7
  11 k  1.0000000000000 stre    2    9           val=   1.87576
  12 k  1.0000000000000 bend    1    9    2      val= 134.19699
  13 k  1.0000000000000 stre    1    5           val=   3.13942
  14 k  1.0000000000000 stre    1    7           val=   3.41857
  15 k  1.0000000000000 stre    1    3           val=   3.65496
  16 k  1.0000000000000 stre    1    2           val=   3.71331
  17 k  0.3412049375018 bend    7    5    1      val=   3.12798
       -0.5884272804652 bend    3    5    1
       -0.3196295527291 bend    3    7    1
        0.4877564887064 bend    2    5    1
        0.4105829114921 bend    2    7    1
       -0.1693657455519 bend    2    3    1
  18 k -0.5174871386596 bend    7    5    1      val=   1.90841
       -0.4522657567619 bend    3    5    1
        0.2688539742055 bend    3    7    1
       -0.1184578445003 bend    2    5    1
        0.3617502593940 bend    2    7    1
        0.5572116079562 bend    2    3    1
  19 k  0.4868110168637 bend    7    5    1      val=   4.50184
       -0.2547461560094 bend    3    5    1
        0.5393851411558 bend    3    7    1
       -0.5492961118757 bend    2    5    1
        0.1959908082936 bend    2    7    1
       -0.2589294960052 bend    2    3    1
  20 k  0.3268126732196 bend    7    5    1      val=   2.71432
        0.1324138005974 bend    3    5    1
       -0.6082254172183 bend    3    7    1
       -0.5010557315512 bend    2    5    1
        0.2260397178376 bend    2    7    1
        0.4511885456477 bend    2    3    1
  21 k -0.3503439339729 bend    7    5    1      val=   4.90175
        0.3823854180058 bend    3    5    1
       -0.0899267876589 bend    3    7    1
       -0.1081869920664 bend    2    5    1
        0.7098111508371 bend    2    7    1
       -0.4554310022179 bend    2    3    1
        21 non zero eigenvalues  of BmBt
           1          18.995529206    1    0
         1
           2           6.652073667    2    0
         2
           3           5.180599509    3    0
         3
           4           3.461290324    4    0
         4
           5           3.231115566    5    0
         5
           6           2.698374092    6    0
         6
           7           2.585524681    7    0
         7
           8           2.300264544    8    0
         8
           9           2.033624911    9    0
         9
          10           1.893420046   10    0
        10
          11           1.595204699   11    0
        11
          12           1.239412574   12    0
        12
          13           1.009599234   13    0
        13
          14           0.664126589   14    0
        14
          15           0.563965932   15    0
        15
          16           0.327222668   16    0
        16
          17           0.130306989   17    0
        17
          18           0.108667904   18    0
        18
          19           0.087491256   19    0
        19
          20           0.078023197   20    0
        20
          21           0.071004857   21    0
        21
$user-defined bonds
$end
