$energy      SCF               SCFKIN            SCFPOT
     1 -1152.080522255      1148.27253     -2300.35306     0.1659174452765
     2 -1152.079065827      1148.29675     -2300.37582     0.1646393848332
     3 -1152.078464838      1148.29332     -2300.37179     0.1627433242502
     4 -1152.080294971      1148.24831     -2300.32860     0.1601681932560
     5 -1152.081399933      1148.17945     -2300.26085     0.1568834356024
     6 -1152.079819466      1148.10558     -2300.18540     0.1529491516821
     7 -1152.077530826      1148.02931     -2300.10685     0.1486232656571
     8 -1152.076834634      1147.95151     -2300.02834     0.1441481161488
     9 -1152.076570714      1147.88747     -2299.96404     0.1395657340461
    10 -1152.073818986      1147.85417     -2299.92799     0.1348024380237
    11 -1152.068470925      1147.84327     -2299.91175     0.1298332496901
    12 -1152.063809506      1147.82447     -2299.88828     0.1247777926873
    13 -1152.060624825      1147.78384     -2299.84447     0.1197894842681
    14 -1152.055488286      1147.73701     -2299.79249     0.1149461943550
    15 -1152.047895502      1147.69470     -2299.74259     0.1103110137128
    16 -1152.041055033      1147.65408     -2299.69513     0.1059610123125
    17 -1152.036461953      1147.62244     -2299.65890     0.1019014797345
    18 -1152.032016938      1147.61949     -2299.65151     0.9801565877977E-01
    19 -1152.025702919      1147.65200     -2299.67770     0.9423459400854E-01
    20 -1152.019134426      1147.69469     -2299.71383     0.9066848566238E-01
    21 -1152.015858776      1147.71045     -2299.72631     0.8748774126466E-01
    22 -1152.014418940      1147.69484     -2299.70925     0.8472120352470E-01
    23 -1152.011157456      1147.66759     -2299.67875     0.8221982177444E-01
    24 -1152.007042972      1147.63641     -2299.64345     0.7981506254192E-01
    25 -1152.004919337      1147.60339     -2299.60831     0.7741258714161E-01
    26 -1152.004572103      1147.58369     -2299.58826     0.7495258447388E-01
    27 -1152.003241372      1147.59578     -2299.59902     0.7241738412478E-01
    28 -1151.999882447      1147.63467     -2299.63455     0.6989446400909E-01
    29 -1151.997526829      1147.66583     -2299.66336     0.6754101237703E-01
    30 -1151.998093463      1147.66411     -2299.66220     0.6544082486796E-01
    31 -1151.997947387      1147.64345     -2299.64140     0.6352575467022E-01
    32 -1151.994984321      1147.62367     -2299.61866     0.6170820327499E-01
    33 -1151.991637742      1147.60817     -2299.59981     0.6000843809265E-01
    34 -1151.990417415      1147.59979     -2299.59021     0.5848120612319E-01
    35 -1151.990262053      1147.61437     -2299.60463     0.5712052820338E-01
    36 -1151.988277633      1147.66503     -2299.65330     0.5589806014652E-01
    37 -1151.984572158      1147.73606     -2299.72063     0.5485253693843E-01
    38 -1151.982938651      1147.79021     -2299.77315     0.5405458178133E-01
    39 -1151.983461367      1147.81636     -2299.79983     0.5351923962728E-01
    40 -1151.982337083      1147.83665     -2299.81899     0.5313220616016E-01
    41 -1151.979408091      1147.86528     -2299.84469     0.5282647753491E-01
    42 -1151.977666257      1147.90093     -2299.87859     0.5257331398420E-01
    43 -1151.978585331      1147.94517     -2299.92375     0.5241820089607E-01
    44 -1151.979820502      1148.01110     -2299.99092     0.5231027796683E-01
    45 -1151.978538804      1148.10187     -2300.08041     0.5220142025342E-01
    46 -1151.976652635      1148.18959     -2300.16624     0.5212143793631E-01
    47 -1151.977904240      1148.24131     -2300.21921     0.5209926962340E-01
    48 -1151.980182212      1148.26423     -2300.24441     0.5207168588651E-01
    49 -1151.980373112      1148.28334     -2300.26371     0.5193775030777E-01
    50 -1151.979512670      1148.30580     -2300.28531     0.5166222480858E-01
    51 -1151.980084060      1148.32669     -2300.30678     0.5130529579019E-01
    52 -1151.982192932      1148.34817     -2300.33037     0.5088462700876E-01
    53 -1151.982616527      1148.38172     -2300.36434     0.5036810428877E-01
    54 -1151.979807598      1148.42209     -2300.40190     0.4976810146190E-01
    55 -1151.977654275      1148.43714     -2300.41480     0.4917371894825E-01
    56 -1151.978156175      1148.41223     -2300.39038     0.4863626318334E-01
    57 -1151.977668034      1148.37145     -2300.34912     0.4806553325764E-01
    58 -1151.974681390      1148.33595     -2300.31063     0.4738573092197E-01
    59 -1151.971423495      1148.30558     -2300.27700     0.4657498287209E-01
    60 -1151.970118447      1148.27398     -2300.24410     0.4568221159202E-01
    61 -1151.969655725      1148.24596     -2300.21562     0.4473858276928E-01
    62 -1151.966871978      1148.22948     -2300.19635     0.4379156950494E-01
    63 -1151.962852401      1148.20808     -2300.17093     0.4292595497116E-01
    64 -1151.962126618      1148.15390     -2300.11603     0.4221953522612E-01
    65 -1151.963632023      1148.07515     -2300.03879     0.4166361383824E-01
    66 -1151.963670341      1148.00095     -2299.96462     0.4116741189751E-01
    67 -1151.962398884      1147.94276     -2299.90516     0.4067565500730E-01
    68 -1151.962250575      1147.89448     -2299.85673     0.4021550940412E-01
    69 -1151.964104956      1147.85177     -2299.81588     0.3982196553404E-01
    70 -1151.965306781      1147.82349     -2299.78879     0.3952340485556E-01
    71 -1151.963672295      1147.81106     -2299.77473     0.3935175050348E-01
    72 -1151.962486019      1147.78954     -2299.75202     0.3936854587227E-01
    73 -1151.964499955      1147.74306     -2299.70756     0.3958808577375E-01
    74 -1151.966606790      1147.69294     -2299.65954     0.3995615885418E-01
    75 -1151.966634642      1147.66158     -2299.62822     0.4037452290359E-01
    76 -1151.965818482      1147.65059     -2299.61640     0.4079932450227E-01
    77 -1151.966116593      1147.64979     -2299.61590     0.4123302931275E-01
    78 -1151.967364266      1147.65552     -2299.62289     0.4170967309148E-01
    79 -1151.966866267      1147.67277     -2299.63963     0.4226462789424E-01
    80 -1151.964418320      1147.69234     -2299.65676     0.4296295445518E-01
    81 -1151.963917338      1147.69046     -2299.65438     0.4385843071205E-01
    82 -1151.965366085      1147.67098     -2299.63634     0.4493470436530E-01
    83 -1151.965747542      1147.66156     -2299.62731     0.4613725446890E-01
    84 -1151.964933619      1147.67740     -2299.64233     0.4740045484804E-01
    85 -1151.964787989      1147.71478     -2299.67957     0.4868256898012E-01
    86 -1151.966608580      1147.76307     -2299.72968     0.5000086083790E-01
    87 -1151.969532590      1147.81509     -2299.78463     0.5140070731730E-01
    88 -1151.971493643      1147.86483     -2299.83632     0.5295839969001E-01
    89 -1151.973730567      1147.89365     -2299.86738     0.5477245823548E-01
    90 -1151.978498754      1147.89030     -2299.86880     0.5686729559074E-01
    91 -1151.983604438      1147.87844     -2299.86204     0.5915541535533E-01
    92 -1151.987554667      1147.88670     -2299.87425     0.6151157628189E-01
    93 -1151.991528695      1147.92458     -2299.91611     0.6379604120700E-01
    94 -1151.996632732      1147.98627     -2299.98290     0.6592437200830E-01
    95 -1152.002181792      1148.06015     -2300.06233     0.6790904574576E-01
    96 -1152.006360193      1148.13097     -2300.13733     0.6983975430027E-01
    97 -1152.008889433      1148.17707     -2300.18596     0.7185344949278E-01
    98 -1152.012309337      1148.17926     -2300.19157     0.7403301618787E-01
    99 -1152.016197725      1148.15205     -2300.16825     0.7632175033990E-01
   100 -1152.018174159      1148.13265     -2300.15082     0.7856653638065E-01
   101 -1152.018854474      1148.14256     -2300.16142     0.8062978773511E-01
   102 -1152.019874876      1148.18193     -2300.20180     0.8242533345822E-01
   103 -1152.021298962      1148.23868     -2300.25998     0.8397329822682E-01
   104 -1152.021615815      1148.29510     -2300.31671     0.8538463352444E-01
   105 -1152.020207450      1148.32588     -2300.34609     0.8682298610632E-01
   106 -1152.019427202      1148.30437     -2300.32380     0.8843859349650E-01
   107 -1152.020579153      1148.23142     -2300.25200     0.9022909906690E-01
   108 -1152.021274440      1148.14335     -2300.16462     0.9207807311658E-01
   109 -1152.021301254      1148.07185     -2300.09315     0.9386460817505E-01
   110 -1152.022369525      1148.02805     -2300.05041     0.9549694644104E-01
   111 -1152.024987123      1148.00813     -2300.03311     0.9689244009690E-01
   112 -1152.027782344      1147.99918     -2300.02696     0.9805656154423E-01
   113 -1152.029222346      1147.98003     -2300.00925     0.9909321114852E-01
   114 -1152.030421898      1147.92323     -2299.95365     0.1001873725197
   115 -1152.033549514      1147.81815     -2299.85170     0.1014524697657
   116 -1152.036543498      1147.69620     -2299.73275     0.1028389270297
   117 -1152.037505325      1147.59854     -2299.63605     0.1042128105715
   118 -1152.037969751      1147.54349     -2299.58146     0.1054885731084
   119 -1152.039275949      1147.53066     -2299.56994     0.1066174906254
   120 -1152.040943383      1147.54791     -2299.58885     0.1077129025574
   121 -1152.041590079      1147.57604     -2299.61763     0.1089107671985
   122 -1152.041036545      1147.58979     -2299.63082     0.1103605396520
   123 -1152.041412882      1147.56719     -2299.60860     0.1121167862748
   124 -1152.043092461      1147.51657     -2299.55966     0.1140878771633
   125 -1152.043517843      1147.47465     -2299.51817     0.1160821293884
   126 -1152.042958212      1147.46661     -2299.50957     0.1179922010238
   127 -1152.043304440      1147.49529     -2299.53859     0.1197597123652
   128 -1152.044902763      1147.55191     -2299.59681     0.1213631617759
   129 -1152.046581631      1147.62178     -2299.66836     0.1227775620111
   130 -1152.046926609      1147.68603     -2299.73295     0.1240202476561
   131 -1152.046399124      1147.72175     -2299.76815     0.1251895532862
   132 -1152.047341380      1147.71429     -2299.76163     0.1263578304321
   133 -1152.048999066      1147.68252     -2299.73152     0.1275220722520
   134 -1152.049199558      1147.66185     -2299.71105     0.1286404890407
   135 -1152.048971592      1147.66860     -2299.71758     0.1296761153533
   136 -1152.050007992      1147.70126     -2299.75127     0.1305350558609
   137 -1152.052176658      1147.75241     -2299.80458     0.1310977164928
   138 -1152.053622994      1147.81353     -2299.86716     0.1312753235311
   139 -1152.052972227      1147.86904     -2299.92202     0.1311576993883
   140 -1152.052261374      1147.89211     -2299.94437     0.1309464246819
   141 -1152.054244851      1147.86920     -2299.92345     0.1307759818236
   142 -1152.056584117      1147.82781     -2299.88440     0.1305581617311
   143 -1152.056812749      1147.80441     -2299.86123     0.1301184319448
   144 -1152.056477001      1147.81181     -2299.86829     0.1293424292296
   145 -1152.057529150      1147.84693     -2299.90446     0.1281844940802
   146 -1152.059559903      1147.90575     -2299.96531     0.1266218679601
   147 -1152.060146100      1147.98317     -2300.04332     0.1246875512933
   148 -1152.058186337      1148.06089     -2300.11908     0.1225375152789
   149 -1152.056446308      1148.10615     -2300.16259     0.1204014240049
   150 -1152.056532549      1148.10841     -2300.16494     0.1183371928233
   151 -1152.054769246      1148.09975     -2300.15452     0.1162314738957
   152 -1152.049651319      1148.11127     -2300.16092     0.1139432540010
   153 -1152.043968593      1148.14749     -2300.19146     0.1114822906528
   154 -1152.040129003      1148.20083     -2300.24096     0.1088951960033
   155 -1152.037550211      1148.26523     -2300.30278     0.1061886277540
   156 -1152.033699027      1148.33219     -2300.36589     0.1034026736245
   157 -1152.028489633      1148.37427     -2300.40276     0.1007096304285
   158 -1152.026002799      1148.35270     -2300.37870     0.9830673687440E-01
   159 -1152.026995835      1148.26607     -2300.29307     0.9625399236003E-01
   160 -1152.027283501      1148.15597     -2300.18325     0.9446700568377E-01
   161 -1152.026444611      1148.05458     -2300.08102     0.9288993477476E-01
   162 -1152.027182601      1147.97208     -2299.99926     0.9151765908538E-01
   163 -1152.030424333      1147.91201     -2299.94243     0.9028726972537E-01
   164 -1152.033610704      1147.87967     -2299.91328     0.8916058095266E-01
   165 -1152.033360454      1147.86949     -2299.90285     0.8811773080813E-01
   166 -1152.031068035      1147.84702     -2299.87809     0.8735277379866E-01
   167 -1152.031226014      1147.77747     -2299.80869     0.8696239380881E-01
   168 -1152.031787782      1147.67922     -2299.71101     0.8686999104169E-01
   169 -1152.028998190      1147.59703     -2299.62603     0.8690527026567E-01
   170 -1152.024673462      1147.55190     -2299.57658     0.8695260389636E-01
   171 -1152.022008893      1147.54422     -2299.56622     0.8690257926993E-01
   172 -1152.021204186      1147.57144     -2299.59264     0.8669752024230E-01
   173 -1152.019141808      1147.63022     -2299.64936     0.8634761240663E-01
   174 -1152.013975623      1147.69813     -2299.71211     0.8597222553116E-01
   175 -1152.009732882      1147.72786     -2299.73759     0.8574184695394E-01
   176 -1152.009142499      1147.69881     -2299.70795     0.8569370909526E-01
   177 -1152.007735960      1147.64838     -2299.65612     0.8568639725148E-01
   178 -1152.003793741      1147.61561     -2299.61940     0.8537352729268E-01
   179 -1152.000249983      1147.61373     -2299.61398     0.8470346543956E-01
   180 -1151.999460734      1147.63890     -2299.63836     0.8384682097874E-01
   181 -1152.000135884      1147.68763     -2299.68777     0.8281883038509E-01
   182 -1151.998676595      1147.75288     -2299.75155     0.8169689206169E-01
   183 -1151.995113680      1147.80276     -2299.79787     0.8065584840975E-01
   184 -1151.994477949      1147.79333     -2299.78781     0.7986992257275E-01
   185 -1151.996464503      1147.73047     -2299.72694     0.7933740362886E-01
   186 -1151.996402547      1147.66282     -2299.65922     0.7891933393873E-01
   187 -1151.994541433      1147.62195     -2299.61650     0.7848752877609E-01
   188 -1151.994052075      1147.61433     -2299.60838     0.7798625773983E-01
   189 -1151.996350223      1147.63626     -2299.63261     0.7739173592456E-01
   190 -1151.999236447      1147.68543     -2299.68467     0.7669837249542E-01
   191 -1151.999304027      1147.75166     -2299.75096     0.7596765812652E-01
   192 -1151.997883500      1147.79825     -2299.79613     0.7532303374687E-01
   193 -1151.999778571      1147.78701     -2299.78679     0.7487314550850E-01
   194 -1152.003208810      1147.73528     -2299.73849     0.7455169612200E-01
   195 -1152.003837107      1147.69258     -2299.69641     0.7420977282423E-01
   196 -1152.002452113      1147.68722     -2299.68967     0.7373218691205E-01
   197 -1152.002138460      1147.72257     -2299.72471     0.7306388421253E-01
   198 -1152.003868954      1147.79423     -2299.79810     0.7221489293759E-01
   199 -1152.004910398      1147.89945     -2299.90437     0.7121429743307E-01
   200 -1152.002154740      1148.02286     -2300.02501     0.7018187995486E-01
   201 -1151.997993865      1148.11970     -2300.11770     0.6928476352963E-01
   202 -1151.997212319      1148.15050     -2300.14771     0.6866289625522E-01
   203 -1151.997246226      1148.13592     -2300.13317     0.6828631673323E-01
   204 -1151.994380680      1148.12248     -2300.11686     0.6808805441192E-01
   205 -1151.990673316      1148.13061     -2300.12128     0.6808443583846E-01
   206 -1151.989972511      1148.15758     -2300.14756     0.6830814911423E-01
   207 -1151.993054061      1148.19837     -2300.19142     0.6881529239011E-01
   208 -1151.996633695      1148.25089     -2300.24753     0.6963261673546E-01
   209 -1151.997969596      1148.29663     -2300.29460     0.7084938747707E-01
   210 -1152.000412777      1148.28819     -2300.28860     0.7259766096963E-01
   211 -1152.007620295      1148.19895     -2300.20657     0.7490768170859E-01
   212 -1152.014929427      1148.07029     -2300.08522     0.7767104355621E-01
   213 -1152.018768491      1147.95573     -2299.97450     0.8072743477623E-01
   214 -1152.021547808      1147.87799     -2299.89954     0.8392618697041E-01
   215 -1152.026432150      1147.83748     -2299.86391     0.8710669270287E-01
   216 -1152.032659789      1147.83403     -2299.86669     0.9017693407500E-01
   217 -1152.036062792      1147.86550     -2299.90157     0.9312161406527E-01
   218 -1152.035318331      1147.90304     -2299.93836     0.9606113494079E-01
   219 -1152.035747123      1147.89272     -2299.92846     0.9915404121102E-01
   220 -1152.039389742      1147.82132     -2299.86071     0.1023996420370
   221 -1152.040679142      1147.73807     -2299.77875     0.1056055346442
   222 -1152.038387044      1147.68471     -2299.72309     0.1085612946834
   223 -1152.036573124      1147.66897     -2299.70554     0.1110747757687
   224 -1152.037901747      1147.68560     -2299.72350     0.1130352725614
   225 -1152.040081322      1147.73371     -2299.77379     0.1144303629962
   226 -1152.039035998      1147.80338     -2299.84241     0.1154009751332
   227 -1152.035952442      1147.85138     -2299.88733     0.1161361814359
   228 -1152.036754066      1147.82725     -2299.86401     0.1167918101869
   229 -1152.039790690      1147.74569     -2299.78548     0.1172956348285
   230 -1152.039458644      1147.66429     -2299.70375     0.1174305221781
   231 -1152.036977133      1147.61423     -2299.65120     0.1170326345067
   232 -1152.036715330      1147.59768     -2299.63439     0.1160003257755
   233 -1152.039399775      1147.61332     -2299.65272     0.1143523770623
   234 -1152.041119560      1147.66246     -2299.70358     0.1121980856294
   235 -1152.038974167      1147.72512     -2299.76409     0.1097313732377
   236 -1152.036911993      1147.74791     -2299.78482     0.1071981196855
   237 -1152.039274062      1147.69942     -2299.73869     0.1047469868759
   238 -1152.040991558      1147.62241     -2299.66340     0.1022900341401
   239 -1152.038426106      1147.57187     -2299.61029     0.9963665719962E-01
   240 -1152.034963251      1147.56573     -2299.60069     0.9665882248518E-01
   241 -1152.034117958      1147.60157     -2299.63569     0.9330716254158E-01
   242 -1152.034399811      1147.68027     -2299.71467     0.8961350234091E-01
   243 -1152.031405633      1147.79759     -2299.82900     0.8572397631571E-01
   244 -1152.024519688      1147.91775     -2299.94227     0.8187350597640E-01
   245 -1152.019295134      1147.98356     -2300.00286     0.7831085381097E-01
   246 -1152.016967711      1147.98600     -2300.00297     0.7511420442817E-01
   247 -1152.011620112      1147.97766     -2299.98928     0.7215503125517E-01
   248 -1152.002762393      1147.99688     -2299.99964     0.6924289135708E-01
   249 -1151.995232390      1148.04550     -2300.04074     0.6626369841652E-01
   250 -1151.991559168      1148.11631     -2300.10787     0.6320977019726E-01
   251 -1151.989302204      1148.20732     -2300.19662     0.6018411108283E-01
   252 -1151.985182242      1148.30406     -2300.28925     0.5735501167345E-01
   253 -1151.980619405      1148.36211     -2300.34272     0.5489542990516E-01
   254 -1151.980686275      1148.33525     -2300.31593     0.5290635212692E-01
   255 -1151.983832026      1148.23899     -2300.22282     0.5134511811804E-01
   256 -1151.984312162      1148.13236     -2300.11667     0.5002558941139E-01
   257 -1151.982817846      1148.05005     -2300.03287     0.4874010949453E-01
   258 -1151.983308929      1147.99881     -2299.98212     0.4733513817311E-01
   259 -1151.986163719      1147.98276     -2299.96892     0.4574280742376E-01
   260 -1151.987883997      1148.00618     -2299.99406     0.4399928766096E-01
   261 -1151.985772724      1148.05280     -2300.03857     0.4222149300999E-01
   262 -1151.981951357      1148.07728     -2300.05924     0.4056129848705E-01
   263 -1151.980982847      1148.04012     -2300.02110     0.3913367375144E-01
   264 -1151.980607486      1147.96241     -2299.94301     0.3794307673443E-01
   265 -1151.976355249      1147.89691     -2299.87327     0.3691034218167E-01
   266 -1151.970567190      1147.86779     -2299.83835     0.3598864466516E-01
   267 -1151.967317479      1147.87699     -2299.84431     0.3522210082691E-01
   268 -1151.966481629      1147.92712     -2299.89360     0.3474963736811E-01
   269 -1151.965051687      1148.01556     -2299.98061     0.3470436803530E-01
   270 -1151.961433827      1148.11545     -2300.07689     0.3518021808370E-01
   271 -1151.958503470      1148.17513     -2300.13363     0.3620768706982E-01
   272 -1151.960068106      1148.16008     -2300.12015     0.3770197231838E-01
   273 -1151.962095557      1148.10250     -2300.06459     0.3947981709324E-01
   274 -1151.960785365      1148.05313     -2300.01392     0.4127096844339E-01
   275 -1151.959568163      1148.02933     -2299.98890     0.4284495176631E-01
   276 -1151.961875141      1148.03226     -2299.99414     0.4405623720848E-01
   277 -1151.966294662      1148.06586     -2300.03216     0.4490322808567E-01
   278 -1151.969347371      1148.12478     -2300.09412     0.4548799972340E-01
   279 -1151.969939748      1148.17650     -2300.14644     0.4592628893525E-01
   280 -1151.971948429      1148.16932     -2300.14127     0.4634244983360E-01
   281 -1151.977642328      1148.08799     -2300.06563     0.4675804494109E-01
   282 -1151.981365481      1147.98384     -2299.96521     0.4707348733091E-01
   283 -1151.981496034      1147.90348     -2299.88498     0.4713851609359E-01
   284 -1151.982460355      1147.85928     -2299.84174     0.4696020710484E-01
   285 -1151.986360188      1147.85406     -2299.84042     0.4661236582506E-01
   286 -1151.990575987      1147.89288     -2299.88346     0.4621923865734E-01
   287 -1151.991641200      1147.96580     -2299.95745     0.4591562951944E-01
   288 -1151.989769834      1148.03349     -2300.02326     0.4578850445821E-01
   289 -1151.989778705      1148.04698     -2300.03676     0.4592445517983E-01
   290 -1151.991788408      1148.00969     -2300.00147     0.4626419604904E-01
   291 -1151.989990385      1147.97822     -2299.96821     0.4666905055481E-01
   292 -1151.985092923      1147.98608     -2299.97117     0.4698686766402E-01
   293 -1151.981915139      1148.03314     -2300.01505     0.4713806293968E-01
   294 -1151.981524865      1148.11524     -2300.09677     0.4716792184333E-01
   295 -1151.981028133      1148.22786     -2300.20889     0.4718719894697E-01
   296 -1151.978217752      1148.34715     -2300.32537     0.4733134575521E-01
   297 -1151.975000246      1148.42487     -2300.39987     0.4769542206831E-01
   298 -1151.976117342      1148.42032     -2300.39644     0.4834950445673E-01
   299 -1151.979612559      1148.35651     -2300.33612     0.4927494714805E-01
   300 -1151.980702101      1148.29088     -2300.27158     0.5040286354706E-01
   301 -1151.981617417      1148.24830     -2300.22992     0.5164769255180E-01
   302 -1151.986107677      1148.22900     -2300.21510     0.5293056696782E-01
   303 -1151.993312242      1148.23436     -2300.22767     0.5424382863072E-01
   304 -1151.999400632      1148.26325     -2300.26265     0.5556471718631E-01
   305 -1152.001881364      1148.29496     -2300.29684     0.5682775420048E-01
   306 -1152.002712312      1148.28870     -2300.29141     0.5801395176136E-01
   307 -1152.005880502      1148.21966     -2300.22554     0.5920938279344E-01
   308 -1152.008048595      1148.12587     -2300.13392     0.6043707349777E-01
   309 -1152.005729325      1148.06071     -2300.06644     0.6162013551738E-01
   310 -1152.002361393      1148.03882     -2300.04118     0.6261231052275E-01
   311 -1152.001486778      1148.05464     -2300.05613     0.6329716296206E-01
   312 -1152.001886942      1148.10568     -2300.10757     0.6357512974142E-01
   313 -1151.999973414      1148.18530     -2300.18527     0.6339283611298E-01
   314 -1151.994395828      1148.26430     -2300.25870     0.6275806510255E-01
   315 -1151.989159879      1148.29312     -2300.28228     0.6186308857394E-01
   316 -1151.988238038      1148.24949     -2300.23773     0.6099793341955E-01
   317 -1151.986774015      1148.17934     -2300.16611     0.6027188991478E-01
   318 -1151.982008723      1148.13081     -2300.11282     0.5959954364133E-01
   319 -1151.978203650      1148.11244     -2300.09064     0.5881071765507E-01
   320 -1151.978507898      1148.11934     -2300.09785     0.5781790897551E-01
   321 -1151.980897534      1148.15324     -2300.13414     0.5663174882834E-01
   322 -1151.981423163      1148.20887     -2300.19030     0.5537240760201E-01
   323 -1151.979098880      1148.25360     -2300.23270     0.5423695981916E-01
   324 -1151.978960657      1148.23347     -2300.21243     0.5348371012078E-01
   325 -1151.982994069      1148.13851     -2300.12150     0.5320164219123E-01
   326 -1151.984316308      1148.02847     -2300.01279     0.5323300877027E-01
   327 -1151.981998525      1147.94743     -2299.92943     0.5334754237861E-01
   328 -1151.981359398      1147.90208     -2299.88344     0.5336867739083E-01
   329 -1151.984401903      1147.89390     -2299.87831     0.5320289484179E-01
   330 -1151.987951868      1147.92939     -2299.91734     0.5281958356179E-01
   331 -1151.987797228      1147.99977     -2299.98757     0.5220553811066E-01
   332 -1151.984308625      1148.06079     -2300.04510     0.5136254270013E-01
   333 -1151.984035490      1148.05387     -2300.03791     0.5036351013704E-01
   334 -1151.985954850      1147.98861     -2299.97456     0.4926058982071E-01
   335 -1151.982800944      1147.93170     -2299.91450     0.4800929789309E-01
   336 -1151.976571876      1147.91505     -2299.89162     0.4649199450223E-01
   337 -1151.972807347      1147.93886     -2299.91167     0.4462419616335E-01
   338 -1151.971954058      1148.00492     -2299.97687     0.4240499968482E-01
   339 -1151.970204125      1148.11427     -2300.08447     0.3989865405766E-01
   340 -1151.964212644      1148.24394     -2300.20815     0.3726792440252E-01
   341 -1151.957572337      1148.33076     -2300.28833     0.3474176034619E-01
   342 -1151.957081936      1148.32193     -2300.27902     0.3258688140441E-01
   343 -1151.957240229      1148.25670     -2300.21394     0.3090117207242E-01
   344 -1151.953183606      1148.19608     -2300.14927     0.2958463528613E-01
   345 -1151.949992502      1148.15663     -2300.10662     0.2856385091212E-01
   346 -1151.951994814      1148.14029     -2300.09229     0.2788060679480E-01
   347 -1151.957448015      1148.15617     -2300.11361     0.2766035219500E-01
   348 -1151.961476481      1148.20674     -2300.16822     0.2807464740779E-01
   349 -1151.961698874      1148.26108     -2300.22278     0.2924207494973E-01
   350 -1151.964093067      1148.25304     -2300.21713     0.3117957504715E-01
   351 -1151.971057195      1148.16482     -2300.13588     0.3372064499478E-01
   352 -1151.973973939      1148.06214     -2300.03611     0.3658141996543E-01
   353 -1151.972273026      1147.99039     -2299.96266     0.3950358460319E-01
   354 -1151.972101347      1147.95528     -2299.92738     0.4226897413491E-01
   355 -1151.975534388      1147.95978     -2299.93531     0.4482314958472E-01
   356 -1151.979285128      1148.01068     -2299.98997     0.4722909133347E-01
   357 -1151.978679624      1148.09753     -2300.07621     0.4951649743480E-01
   358 -1151.974735401      1148.16707     -2300.14180     0.5164378649364E-01
   359 -1151.975701473      1148.15019     -2300.12589     0.5349644492175E-01
   360 -1151.978887275      1148.06410     -2300.04298     0.5492903231280E-01
   361 -1151.976717233      1147.97916     -2299.95588     0.5590525582078E-01
   362 -1151.972624969      1147.92324     -2299.89586     0.5643715566100E-01
   363 -1151.972193349      1147.89908     -2299.87127     0.5660877576363E-01
   364 -1151.975179155      1147.91269     -2299.88787     0.5653864230418E-01
   365 -1151.977157044      1147.96695     -2299.94410     0.5627883152337E-01
   366 -1151.974543426      1148.03774     -2300.01229     0.5581216923539E-01
   367 -1151.972176171      1148.05808     -2300.03026     0.5513453972828E-01
   368 -1151.976351364      1147.98429     -2299.96064     0.5435782905979E-01
   369 -1151.979158606      1147.87487     -2299.85403     0.5361863624838E-01
   370 -1151.976537237      1147.79106     -2299.76760     0.5297770651415E-01
   371 -1151.974181086      1147.74824     -2299.72242     0.5246327403944E-01
   372 -1151.975949840      1147.74678     -2299.72273     0.5205206042461E-01
   373 -1151.979760074      1147.79242     -2299.77218     0.5171307577794E-01
   374 -1151.980675280      1147.88263     -2299.86330     0.5145683186461E-01
   375 -1151.976968619      1147.97978     -2299.95675     0.5130975888583E-01
   376 -1151.976150705      1148.01125     -2299.98740     0.5134691556834E-01
   377 -1151.980664105      1147.96211     -2299.94278     0.5161733032795E-01
   378 -1151.980976021      1147.90584     -2299.88682     0.5203545800404E-01
   379 -1151.976703880      1147.88808     -2299.86478     0.5242327097754E-01
   380 -1151.974209097      1147.91077     -2299.88498     0.5259211175814E-01
   381 -1151.975507303      1147.97229     -2299.94780     0.5248086964139E-01
   382 -1151.977233501      1148.07637     -2300.05361     0.5212710644606E-01
   383 -1151.974778472      1148.21130     -2300.18608     0.5163530598986E-01
   384 -1151.969226122      1148.32388     -2300.29311     0.5110462964591E-01
   385 -1151.969364903      1148.34359     -2300.31295     0.5061729675665E-01
   386 -1151.972968287      1148.28722     -2300.26018     0.5018402235942E-01
   387 -1151.971429828      1148.23136     -2300.20279     0.4973540399100E-01
   388 -1151.967879883      1148.20437     -2300.17225     0.4922633945965E-01
   389 -1151.968269459      1148.20356     -2300.17183     0.4870910153183E-01
   390 -1151.972637013      1148.23086     -2300.20349     0.4830313418314E-01
   391 -1151.976679815      1148.28975     -2300.26643     0.4809951426730E-01
   392 -1151.976431875      1148.36119     -2300.33762     0.4812634912938E-01
   393 -1151.975426753      1148.38547     -2300.36089     0.4837115605286E-01
   394 -1151.981014376      1148.31437     -2300.29539     0.4881404962505E-01
   395 -1151.986042527      1148.20270     -2300.18874     0.4940403582553E-01
   396 -1151.984783573      1148.11974     -2300.10452     0.5006631764299E-01
   397 -1151.982813439      1148.07949     -2300.06231     0.5072696682246E-01
   398 -1151.984712106      1148.07620     -2300.06091     0.5131567602579E-01
   399 -1151.988854444      1148.11225     -2300.10111     0.5180451321059E-01
   400 -1151.990322833      1148.18655     -2300.17687     0.5209851419774E-01
   401 -1151.986458486      1148.26872     -2300.25518     0.5212098127187E-01
   402 -1151.983933234      1148.29124     -2300.27517     0.5191210570332E-01
   403 -1151.987414099      1148.23116     -2300.21858     0.5162645447387E-01
   404 -1151.987175610      1148.16258     -2300.14976     0.5135866865298E-01
   405 -1151.981877411      1148.13406     -2300.11594     0.5111433518620E-01
   406 -1151.978550465      1148.14149     -2300.12004     0.5087228783816E-01
   407 -1151.980159589      1148.17517     -2300.15533     0.5056533704069E-01
   408 -1151.983233322      1148.23802     -2300.22125     0.5011726279421E-01
   409 -1151.981769365      1148.32583     -2300.30760     0.4944257152957E-01
   410 -1151.975624778      1148.39291     -2300.36854     0.4853554468907E-01
   411 -1151.975509654      1148.36523     -2300.34074     0.4756091840777E-01
   412 -1151.979701210      1148.26282     -2300.24252     0.4667546469461E-01
   413 -1151.977713264      1148.17216     -2300.14988     0.4586255377817E-01
   414 -1151.972685292      1148.12044     -2300.09313     0.4499380828995E-01
   415 -1151.971613643      1148.09577     -2300.06738     0.4389991177445E-01
   416 -1151.975158420      1148.09439     -2300.06955     0.4253922881348E-01
   417 -1151.977458693      1148.12640     -2300.10386     0.4095993839022E-01
   418 -1151.972594009      1148.18180     -2300.15439     0.3930410549230E-01
   419 -1151.967116200      1148.18979     -2300.15691     0.3776026691510E-01
   420 -1151.971050678      1148.09591     -2300.06696     0.3649704367698E-01
   421 -1151.973620308      1147.97442     -2299.94804     0.3552047979001E-01
   422 -1151.969158136      1147.89612     -2299.86528     0.3465553870957E-01
   423 -1151.964283700      1147.86719     -2299.83148     0.3374152483847E-01
   424 -1151.964689297      1147.87161     -2299.83630     0.3270313364343E-01
   425 -1151.968695914      1147.91088     -2299.87958     0.3163484687678E-01
   426 -1151.969061554      1147.99567     -2299.96473     0.3072227739914E-01
   427 -1151.962827865      1148.09563     -2300.05845     0.3019142722028E-01
   428 -1151.961535311      1148.12084     -2300.08237     0.3015967381177E-01
   429 -1151.967354905      1148.05689     -2300.02425     0.3054243229538E-01
   430 -1151.967640638      1147.99339     -2299.96104     0.3114926713804E-01
   431 -1151.962444899      1147.97490     -2299.93734     0.3185788548505E-01
   432 -1151.959586112      1147.99218     -2299.95177     0.3269676877405E-01
   433 -1151.963040905      1148.03233     -2299.99537     0.3376188246960E-01
   434 -1151.968982816      1148.10495     -2300.07393     0.3508441911486E-01
   435 -1151.969671021      1148.21783     -2300.18750     0.3661900422696E-01
   436 -1151.965386343      1148.32116     -2300.28654     0.3821062674836E-01
   437 -1151.968557283      1148.32453     -2300.29309     0.3964029530635E-01
   438 -1151.975201230      1148.24787     -2300.22307     0.4067205268821E-01
   439 -1151.974851589      1148.17616     -2300.15101     0.4129910696675E-01
   440 -1151.970675992      1148.13865     -2300.10933     0.4166086229847E-01
   441 -1151.970078286      1148.12714     -2300.09722     0.4194092211470E-01
   442 -1151.974688740      1148.14293     -2300.11762     0.4219255004055E-01
   443 -1151.979166923      1148.20470     -2300.18386     0.4234704582965E-01
   444 -1151.976429923      1148.31342     -2300.28985     0.4229979286740E-01
   445 -1151.970343329      1148.40113     -2300.37147     0.4198184561305E-01
   446 -1151.972720991      1148.38395     -2300.35667     0.4138147719980E-01
   447 -1151.975319597      1148.30424     -2300.27956     0.4050511956462E-01
   448 -1151.970388115      1148.23508     -2300.20546     0.3942407961960E-01
   449 -1151.963437162      1148.19311     -2300.15655     0.3835303197261E-01
   450 -1151.961127292      1148.17276     -2300.13389     0.3742708531307E-01
   451 -1151.963649611      1148.18277     -2300.14641     0.3661241014017E-01
   452 -1151.965351888      1148.24078     -2300.20613     0.3580886426502E-01
   453 -1151.960185676      1148.33607     -2300.29626     0.3494962519477E-01
   454 -1151.955125145      1148.38454     -2300.33967     0.3404864816960E-01
   455 -1151.959683511      1148.31609     -2300.27577     0.3313355778980E-01
   456 -1151.962227652      1148.19604     -2300.15827     0.3220271315947E-01
   457 -1151.957705601      1148.08858     -2300.04628     0.3128128130749E-01
   458 -1151.952880225      1148.00753     -2299.96041     0.3051706459208E-01
   459 -1151.953516447      1147.95195     -2299.90547     0.2999657566355E-01
   460 -1151.958680530      1147.93554     -2299.89422     0.2968218754635E-01
   461 -1151.961695225      1147.97620     -2299.93790     0.2948868637579E-01
   462 -1151.957095704      1148.05329     -2300.01039     0.2935345401838E-01
   463 -1151.955014384      1148.06967     -2300.02468     0.2927917328446E-01
   464 -1151.961768007      1147.97834     -2299.94011     0.2920580452030E-01
   465 -1151.963596196      1147.86618     -2299.82977     0.2907453744146E-01
   466 -1151.958507952      1147.79105     -2299.74956     0.2892591061632E-01
   467 -1151.954800989      1147.75609     -2299.71089     0.2887873776717E-01
   468 -1151.957856062      1147.75474     -2299.71260     0.2902450148281E-01
   469 -1151.965065284      1147.80070     -2299.76576     0.2938028033287E-01
   470 -1151.967809749      1147.91165     -2299.87946     0.2996681706183E-01
   471 -1151.962584428      1148.05097     -2300.01356     0.3078752886043E-01
   472 -1151.963754502      1148.10803     -2300.07178     0.3172151896731E-01
   473 -1151.970728005      1148.07345     -2300.04418     0.3231949171470E-01
   474 -1151.968958869      1148.04439     -2300.01335     0.3230927085579E-01
   475 -1151.961130471      1148.05468     -2300.01581     0.3181274531935E-01
   476 -1151.956853598      1148.08720     -2300.04406     0.3113560141506E-01
   477 -1151.959577144      1148.13487     -2300.09445     0.3045988192224E-01
   478 -1151.963462111      1148.22028     -2300.18374     0.2971998767487E-01
   479 -1151.958930924      1148.35516     -2300.31409     0.2866087499343E-01
   480 -1151.950270123      1148.46535     -2300.41563     0.2699060804685E-01
   481 -1151.953424749      1148.44776     -2300.40119     0.2472002639031E-01
   482 -1151.956558521      1148.36348     -2300.32003     0.2233634431449E-01
   483 -1151.950701882      1148.29715     -2300.24785     0.2041780076812E-01
   484 -1151.943462158      1148.25827     -2300.20173     0.1923779670550E-01
   485 -1151.943130852      1148.23232     -2300.17546     0.1848957492949E-01
   486 -1151.948580275      1148.23529     -2300.18387     0.1789038932942E-01
   487 -1151.950410762      1148.30113     -2300.25154     0.1730793055812E-01
   488 -1151.943302000      1148.39790     -2300.34120     0.1777434782480E-01
   489 -1151.937640639      1148.44838     -2300.38602     0.1939664335209E-01
   490 -1151.947278592      1148.35566     -2300.30294     0.2180519362103E-01
   491 -1151.952220791      1148.23832     -2300.19055     0.2440957418761E-01
   492 -1151.948180408      1148.17805     -2300.12623     0.2718357748181E-01
   493 -1151.944108910      1148.17767     -2300.12178     0.3017620703458E-01
   494 -1151.947558454      1148.21305     -2300.16061     0.3367713853795E-01
   495 -1151.956721478      1148.28553     -2300.24225     0.3796127175365E-01
   496 -1151.960184678      1148.41697     -2300.37715     0.4323919331808E-01
   497 -1151.951876736      1148.56910     -2300.52098     0.4966534751304E-01
   498 -1151.952693569      1148.59406     -2300.54675     0.5724685716745E-01
   499 -1151.961655429      1148.48160     -2300.44326     0.6515007142454E-01
   500 -1151.961159378      1148.35467     -2300.31583     0.7247721499395E-01
   501 -1151.954399755      1148.26630     -2300.22070     0.7886019015964E-01
   502 -1151.951902404      1148.21483     -2300.16673     0.8434485268705E-01
   503 -1151.959182052      1148.19799     -2300.15717     0.8915091170071E-01
   504 -1151.970979440      1148.24394     -2300.21492     0.9343551397110E-01
   505 -1151.975165777      1148.37627     -2300.35143     0.9733501122389E-01
   506 -1151.973307061      1148.51992     -2300.49322     0.1010621327406
   507 -1151.985287634      1148.53797     -2300.52326     0.1047613191257
   508 -1151.996458874      1148.48055     -2300.47700     0.1083366400202
   509 -1151.997125955      1148.43005     -2300.42718     0.1120413993091
   510 -1151.994539784      1148.39691     -2300.39145     0.1163835160151
   511 -1151.996864182      1148.37045     -2300.36731     0.1216107062566
   512 -1152.004813958      1148.36558     -2300.37039     0.1271468138461
   513 -1152.010169736      1148.42500     -2300.43517     0.1318625465324
   514 -1152.002942384      1148.56227     -2300.56521     0.1349878480917
   515 -1151.994042276      1148.67341     -2300.66745     0.1364836065746
   516 -1151.999542051      1148.65751     -2300.65705     0.1367248829928
   517 -1152.002028497      1148.60032     -2300.60235     0.1362242641692
   518 -1152.002249335      1148.55625     -2300.55850     0.1358546029593
   519 -1152.007055220      1148.54247     -2300.54952     0.1366233137685
   520 -1152.013431960      1148.58572     -2300.59916     0.1389638783062
   521 -1152.013775359      1148.68854     -2300.70231     0.1427354451584
   522 -1152.020287512      1148.752709481     -2300.772996993
   523 -1152.030244289      1148.74202     -2300.77227     0.1536420956920
   524 -1152.032449661      1148.68535     -2300.71780     0.1602053787318
   525 -1152.037645640      1148.57187     -2300.60952     0.1665054348081
   526 -1152.036344450      1148.48319     -2300.51954     0.1706558578818
   527 -1152.034931540      1148.43990     -2300.47484     0.1726378895237
   528 -1152.039654968      1148.44454     -2300.48420     0.1731227259367
   529 -1152.046251997      1148.52210     -2300.56836     0.1725829920219
   530 -1152.043376138      1148.68546     -2300.72884     0.1711586180923
   531 -1152.039096827      1148.83149     -2300.87059     0.1686349011547
   532 -1152.043921342      1148.85799     -2300.90191     0.1654130156388
   533 -1152.044825837      1148.80137     -2300.84620     0.1626618554137
   534 -1152.047323003      1148.68277     -2300.73009     0.1591034385934
   535 -1152.043957462      1148.57767     -2300.62163     0.1564568755687
   536 -1152.042850428      1148.49446     -2300.53731     0.1549128212545
   537 -1152.049931278      1148.43611     -2300.48604     0.1542742949542
   538 -1152.059468530      1148.43936     -2300.49883     0.1541135746521
   539 -1152.058550146      1148.53160     -2300.59015     0.1541886674610
   540 -1152.054322023      1148.61714     -2300.67146     0.1541692065335
   541 -1152.061430736      1148.58227     -2300.64370     0.1540738438293
   542 -1152.062196385      1148.48220     -2300.54440     0.1547396291622
   543 -1152.062887780      1148.33169     -2300.39458     0.1565263430668
   544 -1152.057692103      1148.19799     -2300.25568     0.1589913245738
   545 -1152.053325652      1148.09749     -2300.15082     0.1614759950944
   546 -1152.056088800      1148.03528     -2300.09137     0.1625613209471
   547 -1152.060759129      1148.04491     -2300.10567     0.1611629224229
   548 -1152.054883327      1148.14622     -2300.20110     0.1571383716245
   549 -1152.049907314      1148.22669     -2300.27660     0.1513324430364
   550 -1152.056461565      1148.19462     -2300.25108     0.1452916098935
   551 -1152.052949187      1148.12626     -2300.17921     0.1400076505551
   552 -1152.050644643      1148.01994     -2300.07059     0.1356395454367
   553 -1152.043751008      1147.94146     -2299.98522     0.1317188750925
   554 -1152.037745708      1147.91023     -2299.94797     0.1277348124774
   555 -1152.038519046      1147.92707     -2299.96559     0.1237854487061
   556 -1152.038500993      1148.02397     -2300.06247     0.1200876681241
   557 -1152.025708291      1148.20488     -2300.23059     0.1167274881034
   558 -1152.019286091      1148.33001     -2300.34930     0.1139096528903
   559 -1152.019911543      1148.35554     -2300.37545     0.1118506616707
   560 -1152.010636404      1148.35140     -2300.36204     0.1105015118548
   561 -1152.006015764      1148.30319     -2300.30920     0.1095454000001
   562 -1151.997941687      1148.27959     -2300.27753     0.1085761239971
   563 -1151.993022478      1148.28473     -2300.27776     0.1075045301723
   564 -1151.996517710      1148.30838     -2300.30490     0.1062325594239
   565 -1151.997395488      1148.38186     -2300.37925     0.1047665917427
   566 -1151.987448935      1148.48559     -2300.47304     0.1033343285354
   567 -1151.992529043      1148.47034     -2300.46286     0.1024003173119
   568 -1151.995575913      1148.38226     -2300.37783     0.1020947667074
   569 -1151.991513727      1148.27222     -2300.26373     0.1022903380658
   570 -1151.991883297      1148.14594     -2300.13782     0.1027078233883
   571 -1151.987490737      1148.07972     -2300.06721     0.1028723391768
   572 -1151.987147544      1148.06270     -2300.04985     0.1025261211948
   573 -1151.994767984      1148.08058     -2300.07535     0.1024656987069
   574 -1151.996952977      1148.16277     -2300.15972     0.1040487947145
   575 -1151.991289492      1148.26036     -2300.25165     0.1080137118970
   576 -1152.003379185      1148.23051     -2300.23388     0.1143521193719
   577 -1152.007929552      1148.16247     -2300.17040     0.1221602159561
   578 -1152.007661545      1148.08513     -2300.09279     0.1304798797989
   579 -1152.009571645      1148.01434     -2300.02391     0.1375211058921
   580 -1152.008286287      1148.00576     -2300.01404     0.1411915807455
   581 -1152.012854227      1148.04543     -2300.05828     0.1414784757878
   582 -1152.021906890      1148.14068     -2300.16259     0.1413961949833
   583 -1152.020912040      1148.32291     -2300.34382     0.1421561707843
   584 -1152.012506193      1148.51561     -2300.52811     0.1426005708171
   585 -1152.022279830      1148.57319     -2300.59547     0.1413463484548
   586 -1152.018616503      1148.61317     -2300.63178     0.1395621528144
   587 -1152.003524431      1148.66150     -2300.66503     0.1381698514837
   588 -1151.995287744      1148.67219     -2300.66748     0.1373311283588
   589 -1151.988846545      1148.69014     -2300.67899     0.1370341535534
   590 -1151.988167010      1148.73099     -2300.71916     0.1373232764342
   591 -1151.991482157      1148.81738     -2300.80886     0.1384029064945
   592 -1151.987585555      1148.97069     -2300.95828     0.1405793412514
   593 -1151.980303174      1149.10399     -2301.08429     0.1435523489818
   594 -1151.996112222      1149.06290     -2301.05901     0.1463038384660
   595 -1152.004283360      1148.96338     -2300.96766     0.1485523041194
   596 -1152.001726904      1148.85003     -2300.85175     0.1509877525280
   597 -1152.003915466      1148.69203     -2300.69594     0.1538795291175
   598 -1152.007592246      1148.53580     -2300.54339     0.1562615724606
   599 -1152.014801544      1148.41656     -2300.43136     0.1564552067314
   600 -1152.023515229      1148.37003     -2300.39354     0.1564434706255
   601 -1152.024787893      1148.41762     -2300.44241     0.1568402703475
   602 -1152.018832545      1148.49299     -2300.51182     0.1577761101334
   603 -1152.033471192      1148.43945     -2300.47293     0.1564975787375
   604 -1152.042806914      1148.35283     -2300.39564     0.1543479965322
   605 -1152.032512464      1148.30825     -2300.34077     0.1520784522208
   606 -1152.026830317      1148.22517     -2300.25200     0.1501442780368
   607 -1152.025278167      1148.13039     -2300.15567     0.1486722981864
   608 -1152.025618486      1148.08003     -2300.10565     0.1474460744520
   609 -1152.029003457      1148.10561     -2300.13461     0.1462951265624
   610 -1152.030973275      1148.22165     -2300.25262     0.1452202882154
   611 -1152.025081890      1148.39666     -2300.42174     0.1443651835409
   612 -1152.032647795      1148.47751     -2300.51016     0.1439316234920
   613 -1152.047771763      1148.45106     -2300.49883     0.1439030078098
   614 -1152.042888778      1148.42780     -2300.47069     0.1439922515447
   615 -1152.037289050      1148.36020     -2300.39749     0.1436006671874
   616 -1152.033616937      1148.27251     -2300.30612     0.1426552806895
   617 -1152.031336502      1148.21834     -2300.24968     0.1420116236102
   618 -1152.033024066      1148.22760     -2300.26063     0.1414591974705
   619 -1152.035897853      1148.31461     -2300.35051     0.1408413202240
   620 -1152.030217280      1148.46303     -2300.49325     0.1406825101026
   621 -1152.029801868      1148.53162     -2300.56142     0.1415074635168
   622 -1152.043421841      1148.44081     -2300.48424     0.1435214862767
   623 -1152.039228512      1148.32449     -2300.36372     0.1462343420158
   624 -1152.032758060      1148.16614     -2300.19890     0.1489795981792
   625 -1152.031833375      1147.97931     -2300.01114     0.1511056894670
   626 -1152.034454163      1147.82507     -2299.85953     0.1523327000598
   627 -1152.041010240      1147.74910     -2299.79011     0.1523921872322
   628 -1152.048614935      1147.77839     -2299.82701     0.1509730518811
   629 -1152.046240113      1147.91596     -2299.96220     0.1487292804436
   630 -1152.043304981      1148.04195     -2300.08526     0.1463734987421
   631 -1152.059237336      1148.03763     -2300.09687     0.1443128431307
   632 -1152.054641978      1148.05651     -2300.11115     0.1431009903973
   633 -1152.041354599      1148.07885     -2300.12020     0.1427961676783
   634 -1152.037545980      1148.05146     -2300.08900     0.1429863646384
   635 -1152.035163042      1148.04886     -2300.08402     0.1431042801352
   636 -1152.032325843      1148.13105     -2300.16337     0.1427741263800
   637 -1152.030068571      1148.31372     -2300.34379     0.1419120525593
   638 -1152.020564595      1148.58898     -2300.60954     0.1404124947476
   639 -1152.009852708      1148.84333     -2300.85318     0.1382264082517
   640 -1152.022072976      1148.92290     -2300.94498     0.1362938704186
   641 -1152.018666752      1148.96256     -2300.98123     0.1349613554962
   642 -1152.004099801      1148.96200     -2300.96610     0.1337144805663
   643 -1152.003027738      1148.84213     -2300.84516     0.1324303032924
   644 -1152.006211881      1148.69027     -2300.69648     0.1314599126225
   645 -1152.009487384      1148.59036     -2300.59985     0.1299767470086
   646 -1152.016432815      1148.56602     -2300.58245     0.1278113267449
   647 -1152.019967524      1148.62897     -2300.64894     0.1261696947141
   648 -1152.014381419      1148.72984     -2300.74422     0.1253611011606
   649 -1152.027423071      1148.70244     -2300.72987     0.1260152752656
   650 -1152.034595491      1148.62002     -2300.65462     0.1277832175770
   651 -1152.022826606      1148.54146     -2300.56429     0.1295637564409
   652 -1152.016414292      1148.39506     -2300.41148     0.1306986940315
   653 -1152.009981373      1148.25245     -2300.26243     0.1310874889970
   654 -1152.000542465      1148.18851     -2300.18906     0.1306336202863
   655 -1151.996512386      1148.20812     -2300.20463     0.1290682987476
   656 -1151.997380565      1148.31482     -2300.31220     0.1263361932237
   657 -1151.989969604      1148.51560     -2300.50557     0.1228118851009
   658 -1151.983096055      1148.69197     -2300.67507     0.1191780767675
   659 -1151.990363713      1148.71827     -2300.70864     0.1157412211402
   660 -1151.984214764      1148.66857     -2300.65279     0.1120669654906
   661 -1151.978105798      1148.52571     -2300.50381     0.1080417117329
   662 -1151.973423798      1148.35262     -2300.32604     0.1042779973294
   663 -1151.967057261      1148.23449     -2300.20155     0.1013468992515
   664 -1151.968449284      1148.18398     -2300.15243     0.9944027372793E-01
   665 -1151.980023887      1148.20883     -2300.18886     0.9842365293326E-01
   666 -1151.987830734      1148.33914     -2300.32697     0.9825371473014E-01
   667 -1151.981984736      1148.52615     -2300.50813     0.9901133223959E-01
   668 -1151.987098367      1148.57276     -2300.55986     0.1004535556475
   669 -1151.989968806      1148.47745     -2300.46742     0.1020710671899
   670 -1151.987728736      1148.29389     -2300.28162     0.1038802360066
   671 -1151.984887518      1148.08479     -2300.06968     0.1058224677874
   672 -1151.979426217      1147.93590     -2299.91532     0.1077227163447
   673 -1151.981657007      1147.85931     -2299.84097     0.1101494726508
   674 -1151.997857135      1147.85227     -2299.85013     0.1137677453022
   675 -1152.019174004      1147.94391     -2299.96309     0.1186548657040
   676 -1152.024689847      1148.15318     -2300.17787     0.1245505027243
   677 -1152.018084294      1148.33506     -2300.35314     0.1303758872523
   678 -1152.027235150      1148.28224     -2300.30948     0.1345061011016
   679 -1152.036697549      1148.07384     -2300.11054     0.1314058582891
   680 -1152.034701229      1147.87088     -2299.90559     0.1287582245818
   681 -1152.023433772      1147.77482     -2299.79825     0.1282358382042
   682 -1152.016968927      1147.78525     -2299.80222     0.1302608944555
   683 -1152.024155796      1147.87773     -2299.90189     0.1346443974249
   684 -1152.041003186      1148.05848     -2300.09948     0.1405364644088
   685 -1152.049534060      1148.35733     -2300.40686     0.1467018291560
   686 -1152.032656711      1148.72647     -2300.75913     0.1518975141742
   687 -1152.025370617      1148.89079     -2300.91616     0.1555259129103
   688 -1152.046339908      1148.73929     -2300.78563     0.1581994149352
   689 -1152.050692776      1148.55035     -2300.60104     0.1606337446679
   690 -1152.037469995      1148.47016     -2300.50763     0.1627753710932
   691 -1152.026687991      1148.49267     -2300.51936     0.1645495545797
   692 -1152.029993988      1148.57635     -2300.60634     0.1668912250760
   693 -1152.046522249      1148.70426     -2300.75078     0.1706749488275
   694 -1152.065229228      1148.88614     -2300.95137     0.1754256968559
   695 -1152.070532083      1149.11255     -2301.18308     0.1801975987453
   696 -1152.059329292      1149.27234     -2301.33167     0.1842368399237
   697 -1152.067567456      1149.13960     -2301.20717     0.1867079706693
   698 -1152.080531177      1148.82699     -2300.90752     0.1873581109077
   699 -1152.069743468      1148.59239     -2300.66213     0.1868497319018
   700 -1152.052343741      1148.47505     -2300.52739     0.1858127607755
   701 -1152.044180134      1148.43492     -2300.47910     0.1850508862338
   702 -1152.048439892      1148.43603     -2300.48447     0.1838506868089
   703 -1152.061035226      1148.46474     -2300.52578     0.1778665006557
   704 -1152.070458526      1148.53001     -2300.60047     0.1699787045082
   705 -1152.058282619      1148.62946     -2300.68774     0.1631058327335
   706 -1152.044991641      1148.59080     -2300.63580     0.1585636327635
   707 -1152.059889855      1148.29962     -2300.35951     0.1566308312818
   708 -1152.059091930      1148.02941     -2300.08850     0.1560670776509
   709 -1152.041688833      1147.89705     -2299.93874     0.1555988871512
   710 -1152.026737140      1147.86687     -2299.89360     0.1548037973525
   711 -1152.023418452      1147.88052     -2299.90394     0.1541290656902
   712 -1152.034070488      1147.90438     -2299.93845     0.1537612174218
   713 -1152.049858595      1147.96496     -2300.01482     0.1533441430458
   714 -1152.049148719      1148.12020     -2300.16935     0.1528041999575
   715 -1152.029056060      1148.28959     -2300.31865     0.1524634062087
   716 -1152.032774002      1148.22480     -2300.25757     0.1525050425846
   717 -1152.042131108      1148.02929     -2300.07142     0.1526467849916
   718 -1152.027827880      1147.93286     -2299.96069     0.1525064175970
   719 -1152.006072688      1147.93919     -2299.94526     0.1521138653907
   720 -1151.994297972      1147.96938     -2299.96368     0.1517422622984
   721 -1152.000181421      1147.97362     -2299.97380     0.1513497411939
   722 -1152.015551446      1147.98983     -2300.00538     0.1505675657350
   723 -1152.022336684      1148.09280     -2300.11514     0.1491942137805
   724 -1152.010401721      1148.27282     -2300.28322     0.1474576747639
   725 -1151.995875992      1148.37278     -2300.36866     0.1455716635797
   726 -1152.005057723      1148.25971     -2300.26477     0.1434391294937
   727 -1152.008804554      1148.11821     -2300.12701     0.1410847565242
   728 -1151.993081925      1148.08825     -2300.08133     0.1385754614303
   729 -1151.978143886      1148.11520     -2300.09334     0.1362220348429
   730 -1151.977937651      1148.13479     -2300.11273     0.1342976512104
   731 -1151.986566104      1148.17633     -2300.16290     0.1328248363265
   732 -1151.990902275      1148.29994     -2300.29084     0.1317907994553
   733 -1151.990129640      1148.48436     -2300.47449     0.1313519006605
   734 -1151.986711368      1148.65860     -2300.64531     0.1316266529168
   735 -1151.982940410      1148.74271     -2300.72565     0.1323632601229
   736 -1151.998671330      1148.65520     -2300.65387     0.1333280870546
   737 -1151.997756979      1148.58317     -2300.58093     0.1349181811364
   738 -1151.986128057      1148.56124     -2300.54736     0.1375570179691
   739 -1151.985171744      1148.52709     -2300.51226     0.1411434753836
   740 -1151.994547488      1148.49833     -2300.49287     0.1452449004417
   741 -1152.004616028      1148.52914     -2300.53375     0.1491247277040
   742 -1152.013515961      1148.61518     -2300.62870     0.1522501952789
   743 -1152.023442164      1148.70860     -2300.73204     0.1548458298919
   744 -1152.019384455      1148.79380     -2300.81318     0.1567226965618
   745 -1152.025254884      1148.72452     -2300.74977     0.1575885583624
   746 -1152.035718361      1148.54051     -2300.57623     0.1574976436635
   747 -1152.028134879      1148.39785     -2300.42599     0.1570332498200
   748 -1152.021832370      1148.28266     -2300.30449     0.1568830207249
   749 -1152.022924143      1148.20997     -2300.23290     0.1574002719339
   750 -1152.027670840      1148.22192     -2300.24959     0.1581815440089
   751 -1152.033492722      1148.32658     -2300.36007     0.1580887541995
   752 -1152.042171040      1148.47518     -2300.51735     0.1568028579695
   753 -1152.039136577      1148.64093     -2300.68006     0.1548663664862
   754 -1152.029180879      1148.71587     -2300.74505     0.1530345178725
   755 -1152.032406315      1148.61303     -2300.64543     0.1516143479929
   756 -1152.015913173      1148.52289     -2300.53880     0.1501313904603
   757 -1151.994265643      1148.47807     -2300.47234     0.1480887126721
   758 -1151.984659209      1148.46611     -2300.45077     0.1458595813476
   759 -1151.991164832      1148.49633     -2300.48749     0.1444466055518
   760 -1152.006510320      1148.59302     -2300.59953     0.1434989410790
   761 -1152.019652085      1148.74970     -2300.76936     0.1426365272029
   762 -1152.023000589      1148.89941     -2300.92241     0.1420315228259
   763 -1152.017187931      1148.92846     -2300.94564     0.1418598097558
   764 -1152.030081473      1148.70819     -2300.73827     0.1420409247070
   765 -1152.033347837      1148.42799     -2300.46134     0.1422825191874
   766 -1152.024168570      1148.21495     -2300.23912     0.1427628839357
   767 -1152.018242720      1148.08546     -2300.10371     0.1436373554046
   768 -1152.022742299      1148.03708     -2300.05983     0.1442107704702
   769 -1152.033793226      1148.07623     -2300.11002     0.1437416698162
   770 -1152.042957009      1148.19090     -2300.23386     0.1425561131073
   771 -1152.051008041      1148.30800     -2300.35900     0.1416868630115
   772 -1152.045207618      1148.39473     -2300.43994     0.1417474661704
   773 -1152.029638949      1148.36404     -2300.39368     0.1427081021159
   774 -1152.044399108      1148.08312     -2300.12752     0.1443010396539
   775 -1152.048190193      1147.81190     -2299.86009     0.1459193589045
   776 -1152.040518946      1147.67032     -2299.71084     0.1471843106143
   777 -1152.039158317      1147.64923     -2299.68839     0.1481952311578
   778 -1152.046485268      1147.73783     -2299.78432     0.1492063452053
   779 -1152.054297105      1147.92571     -2299.98000     0.1504423215641
   780 -1152.061835137      1148.14170     -2300.20353     0.1521969465996
   781 -1152.067925899      1148.31418     -2300.38210     0.1545751086133
   782 -1152.050720781      1148.45404     -2300.50476     0.1569340393621
   783 -1152.044211932      1148.40221     -2300.44642     0.1581131973907
   784 -1152.050911587      1148.20348     -2300.25439     0.1579103046372
   785 -1152.037937877      1148.10007     -2300.13801     0.1573427268383
   786 -1152.023767518      1148.10757     -2300.13134     0.1568752654556
   787 -1152.019699019      1148.19730     -2300.21700     0.1566498951527
   788 -1152.020533705      1148.35777     -2300.37831     0.1561095700293
   789 -1152.021059721      1148.54151     -2300.56257     0.1541543047104
   790 -1152.026693238      1148.65364     -2300.68033     0.1523726952733
   791 -1152.016942488      1148.70670     -2300.72364     0.1509734241710
   792 -1152.001961065      1148.62051     -2300.62247     0.1506017134458
   793 -1152.016913083      1148.31477     -2300.33169     0.1518610154890
   794 -1152.015039153      1148.09438     -2300.10942     0.1544014050356
   795 -1152.008940591      1148.01971     -2300.02865     0.1581544402324
   796 -1152.015459041      1148.05567     -2300.07113     0.1631611644244
   797 -1152.032029790      1148.17734     -2300.20937     0.1695321277769
   798 -1152.047361063      1148.35631     -2300.40367     0.1763493989920
   799 -1152.060215261      1148.50843     -2300.56865     0.1808557112634
   800 -1152.058568161      1148.59974     -2300.65830     0.1830465757908
   801 -1152.045351347      1148.57422     -2300.61957     0.1848775429482
   802 -1152.057704878      1148.35488     -2300.41258     0.1830684974345
   803 -1152.048174187      1148.24773     -2300.29590     0.1787134875704
   804 -1152.029658792      1148.31467     -2300.34433     0.1728879825435
   805 -1152.020907497      1148.49935     -2300.52026     0.1661965058031
   806 -1152.021943890      1148.75315     -2300.77509     0.1622986461017
   807 -1152.023090573      1149.03337     -2301.05646     0.1603663477854
   808 -1152.019545888      1149.26152     -2301.28107     0.1561359011244
   809 -1152.005659353      1149.36414     -2301.36980     0.1503951514736
   810 -1151.993061578      1149.25185     -2301.24491     0.1459972754794
   811 -1152.004692946      1148.91616     -2300.92085     0.1432834058061
   812 -1151.996175264      1148.67017     -2300.66634     0.1406561793832
   813 -1151.985278759      1148.55496     -2300.54024     0.1368563915838
   814 -1151.987621734      1148.53301     -2300.52063     0.1348999336312
   815 -1152.000003418      1148.57177     -2300.57177     0.1355695846608
   816 -1152.011327342      1148.64084     -2300.65217     0.1352244021782
   817 -1152.019483086      1148.66405     -2300.68354     0.1350185456359
   818 -1152.023266818      1148.58700     -2300.61027     0.1358674218622
   819 -1152.008795132      1148.43450     -2300.44330     0.1374830102940
   820 -1152.012275973      1148.12071     -2300.13299     0.1387477754444
   821 -1152.010153959      1147.85131     -2299.86147     0.1372119643528
   822 -1151.998918170      1147.74437     -2299.74329     0.1328788564654
   823 -1151.992521840      1147.77898     -2299.77150     0.1281222067053
   824 -1151.990638987      1147.91168     -2299.90232     0.1235982895335
   825 -1151.987340246      1148.08225     -2300.06959     0.1193113484528
   826 -1151.989033524      1148.18393     -2300.17296     0.1155176809212
   827 -1151.997896847      1148.17905     -2300.17695     0.1126199333405
   828 -1151.979836696      1148.19623     -2300.17607     0.1105298186218
   829 -1151.967037918      1148.12207     -2300.08911     0.1085203238645
   830 -1151.980851705      1147.92549     -2299.90634     0.1066017742592
   831 -1151.981096994      1147.85209     -2299.83319     0.1055296185801
   832 -1151.975882010      1147.93081     -2299.90669     0.1051349857497
   833 -1151.971511600      1148.10767     -2300.07918     0.1050095134394
   834 -1151.968092887      1148.29506     -2300.26315     0.1051440896260
   835 -1151.976764800      1148.36831     -2300.34508     0.1060013689899
   836 -1152.002572048      1148.30014     -2300.30271     0.1080732450393
   837 -1152.010616057      1148.27405     -2300.28467     0.1112576292356
   838 -1151.990360295      1148.33845     -2300.32881     0.1150247216223
   839 -1151.997811702      1148.25878     -2300.25659     0.1183401408670
   840 -1152.019358278      1148.12382     -2300.14318     0.1214417004058
   841 -1152.024111084      1148.12753     -2300.15164     0.1251260003060
   842 -1152.020276236      1148.24561     -2300.26588     0.1292086964154
   843 -1152.015214556      1148.36850     -2300.38372     0.1334861969136
   844 -1152.023860833      1148.35923     -2300.38309     0.1380565603091
   845 -1152.052119066      1148.20627     -2300.25839     0.1430017043438
   846 -1152.067852996      1148.11650     -2300.18436     0.1481706558733
   847 -1152.050263151      1148.20683     -2300.25710     0.1533048089279
   848 -1152.041023409      1148.26312     -2300.30414     0.1577579804344
   849 -1152.071066630      1148.15519     -2300.22626     0.1613514196290
   850 -1152.077512642      1148.17778     -2300.25529     0.1641615065608
   851 -1152.064690213      1148.34769     -2300.41238     0.1657369172043
   852 -1152.047748458      1148.53439     -2300.58213     0.1659465243045
   853 -1152.045962113      1148.58975     -2300.63571     0.1654636569550
   854 -1152.062826890      1148.52158     -2300.58441     0.1644110298539
   855 -1152.066883133      1148.53658     -2300.60347     0.1626273456661
   856 -1152.039465147      1148.73487     -2300.77434     0.1605612186655
   857 -1152.018072453      1148.89805     -2300.91613     0.1587084683393
   858 -1152.042595661      1148.84074     -2300.88333     0.1571595836232
   859 -1152.044107736      1148.85526     -2300.89936     0.1559579441720
   860 -1152.027611885      1148.95505     -2300.98266     0.1546672393773
   861 -1152.011043113      1149.00826     -2301.01930     0.1532693097765
   862 -1152.014026953      1148.88918     -2300.90321     0.1522053896416
   863 -1152.035173840      1148.64765     -2300.68282     0.1511409102662
   864 -1152.046413143      1148.49295     -2300.53936     0.1494108682402
   865 -1152.032499834      1148.52828     -2300.56078     0.1472448427590
   866 -1152.011346601      1148.61072     -2300.62206     0.1457314060071
   867 -1152.036921732      1148.48278     -2300.51971     0.1456611735701
   868 -1152.048420668      1148.39435     -2300.44277     0.1467745793199
   869 -1152.036133822      1148.42646     -2300.46259     0.1483330472694
   870 -1152.016822479      1148.47243     -2300.48926     0.1495304991927
   871 -1152.012606455      1148.39350     -2300.40611     0.1497115497155
   872 -1152.026548288      1148.20797     -2300.23452     0.1485130960369
   873 -1152.034533213      1148.10304     -2300.13757     0.1461015707716
   874 -1152.028030867      1148.17979     -2300.20782     0.1431179683473
   875 -1151.999316012      1148.41243     -2300.41174     0.1402040895684
   876 -1151.999347380      1148.49818     -2300.49753     0.1369258387314
   877 -1152.023799314      1148.41783     -2300.44163     0.1329632619957
   878 -1152.017826315      1148.42779     -2300.44562     0.1293924632598
   879 -1151.992767613      1148.49441     -2300.48718     0.1264296715411
   880 -1151.974925537      1148.46367     -2300.43859     0.1238850247785
   881 -1151.982501700      1148.27011     -2300.25261     0.1214416513363
   882 -1151.992162534      1148.08800     -2300.08016     0.1187698476713
   883 -1151.996985392      1148.04382     -2300.04080     0.1159405478465
   884 -1151.989652265      1148.18481     -2300.17447     0.1135755042358
   885 -1151.972185603      1148.39529     -2300.36748     0.1115953932137
   886 -1152.001665466      1148.36373     -2300.36540     0.1092040028138
   887 -1152.018560863      1148.29442     -2300.31299     0.1069412806738
   888 -1152.000960938      1148.29682     -2300.29778     0.1050199823349
   889 -1151.986843597      1148.20161     -2300.18845     0.1033813707784
   890 -1151.994498821      1147.95724     -2299.95174     0.1016318880749
   891 -1152.000404632      1147.75018     -2299.75058     0.9931228993380E-01
   892 -1152.006897746      1147.67785     -2299.68475     0.9695104243379E-01
   893 -1152.015786105      1147.77847     -2299.79425     0.9632536110837E-01
   894 -1152.006411129      1148.05885     -2300.06526     0.9856665108363E-01
   895 -1152.003972521      1148.26749     -2300.27146     0.1022892905410
   896 -1152.032946675      1148.21684     -2300.24979     0.1056942448831
   897 -1152.022146660      1148.17034     -2300.19248     0.1089459676258
   898 -1152.003347887      1148.04603     -2300.04938     0.1126265183905
   899 -1152.000838571      1147.81010     -2299.81094     0.1165394646373
   900 -1151.998150455      1147.62930     -2299.62746     0.1204182271305
   901 -1152.001276112      1147.58000     -2299.58127     0.1246239582554
   902 -1152.016290241      1147.68586     -2299.70215     0.1299016957754
   903 -1152.025752136      1147.98021     -2300.00596     0.1366398817470
   904 -1152.011116383      1148.38321     -2300.39433     0.1423143029425
   905 -1152.032481603      1148.51685     -2300.54933     0.1439721022336
   906 -1152.042729496      1148.49171     -2300.53444     0.1459309351460
   907 -1152.030532487      1148.41642     -2300.44695     0.1486564525761
   908 -1152.023872788      1148.27408     -2300.29796     0.1506359834783
   909 -1152.014217925      1148.19921     -2300.21343     0.1513626083023
   910 -1152.009720876      1148.24722     -2300.25694     0.1551331795506
   911 -1152.018887765      1148.42058     -2300.43946     0.1623439138087
   912 -1152.034265677      1148.72520     -2300.75947     0.1691734835275
   913 -1152.030854802      1149.15469     -2301.18555     0.1740637416684
   914 -1152.013868718      1149.51369     -2301.52756     0.1788007938316
   915 -1152.027615812      1149.51335     -2301.54096     0.1840089460766
   916 -1152.036755450      1149.28644     -2301.32320     0.1889938908906
   917 -1152.033326345      1148.98891     -2301.02223     0.1930686363693
   918 -1152.018572532      1148.75701     -2300.77558     0.1952007818704
   919 -1152.006135127      1148.62718     -2300.63332     0.1953977895730
   920 -1152.005119336      1148.59790     -2300.60302     0.1953735747871
   921 -1152.015762768      1148.65931     -2300.67508     0.1960377725715
   922 -1152.033058267      1148.79401     -2300.82707     0.1952903656497
   923 -1152.047588000      1148.97556     -2301.02315     0.1911109197594
   924 -1152.049474314      1149.15292     -2301.20240     0.1844271829332
   925 -1152.038003823      1149.23312     -2301.27113     0.1785255943126
   926 -1152.029436566      1149.08923     -2301.11867     0.1760236459936
   927 -1152.049941047      1148.67827     -2300.72821     0.1757129109857
   928 -1152.045387745      1148.346137839     -2300.391525584
$end
