$coord
  -12.83202740465862      6.71970484876321     -0.00604270560291  o
  -10.80650798727938      5.57110381447790     -0.00385515016067  c
   -8.36198721303912      6.81363152092675     -0.00915063302213  c
   -6.14906506381547      5.45490310054745     -0.00654862707846  c
   -6.11526910792430      2.73212825935289      0.00161956659362  c
   -8.46333802894654      1.42389388922739      0.00716915357875  c
  -10.66123886447891      2.77371688261961      0.00448340852373  c
   -3.03107753284000      6.52192530982427     -0.01174381183957  s
   -2.00473442981972      3.33820867072170     -0.00282513434466  c
   -3.83381402100630      1.65017032864506      0.00341566499428  n
    0.60052906611173      2.71927302485167     -0.00256823529123  c
    1.41322631406529     -0.55092500298979      0.00674250393460  s
    2.43485920457642      4.36549965617530     -0.00863773806743  n
    4.78948512358530      3.27701439183559     -0.00695775318597  c
    4.69307877921703      0.35189760214647      0.00191174097957  c
    5.68509880274931     -0.36193175947410      1.68997508360961  h
    5.68292038093147     -0.37208822888283     -1.68310260229989  h
    6.78945728579956      4.38647328772838     -0.01166078683936  o
   -8.39328850396570      8.87904962985566     -0.01529396696507  h
  -13.79775143637138      1.06154887580883      0.01157913494903  br
   -8.45594638366518     -0.64076718549107      0.01358019946930  h
$user-defined bonds
$redundant
     number_of_atoms            21
     degrees_of_freedom         57
     internal_coordinates       57
     frozen_coordinates          0
# definitions of redundant internals
   1 k  1.0000000000000 stre   2    1           val=   2.32852
   2 k  0.7071067811867 bend   3    1    2      val=   0.48557
       -0.7071067811864 bend   7    1    2
   3 k  1.0000000000000 outp   1    7    3    2 val=  -0.00027
   4 k  1.0000000000000 stre  15   16           val=   2.08404
   5 k  1.0000000000000 stre  15   17           val=   2.08404
   6 k  0.0033684779242 bend  17   16   15      val=   1.21271
       -0.4899929393023 bend  12   16   15
       -0.4899923250890 bend  12   17   15
        0.5098064936650 bend  14   16   15
        0.5098043086923 bend  14   17   15
   7 k  0.0000052343576 bend  17   16   15      val=   0.00006
       -0.4578016551851 bend  12   16   15
        0.4577990925007 bend  12   17   15
       -0.5389055726533 bend  14   16   15
        0.5389048331117 bend  14   17   15
   8 k -0.8890581887141 bend  17   16   15      val=   2.76850
        0.2319126663847 bend  12   16   15
        0.2319170472155 bend  12   17   15
        0.2258358672461 bend  14   16   15
        0.2258421938586 bend  14   17   15
   9 k -0.0000003410091 bend  17   16   15      val=  -0.00001
       -0.5389042879970 bend  12   16   15
        0.5389061177870 bend  12   17   15
        0.4577999486345 bend  14   16   15
       -0.4578007990604 bend  14   17   15
  10 k  1.0000000000000 stre  14   18           val=   2.28710
  11 k  0.7071067811877 bend  13   18   14      val=   2.63225
       -0.7071067811854 bend  15   18   14
  12 k  1.0000000000000 outp  18   15   13   14 val=   0.00020
  13 k  1.0000000000000 stre   3   19           val=   2.06566
  14 k  0.7071067811924 bend   4   19    3      val=   3.17116
       -0.7071067811807 bend   2   19    3
  15 k  1.0000000000000 outp  19    2    4    3 val=  -0.00036
  16 k  1.0000000000000 stre   7   20           val=   3.57341
  17 k  0.7071067811875 bend   6   20    7      val=   2.07887
       -0.7071067811856 bend   2   20    7
  18 k  1.0000000000000 outp  20    2    6    7 val=   0.00058
  19 k  1.0000000000000 stre   6   21           val=   2.06468
  20 k  0.7071067811902 bend   7   21    6      val=   1.42070
       -0.7071067811829 bend   5   21    6
  21 k  1.0000000000000 outp  21    5    7    6 val=   0.00266
  22 k  1.0000000000000 stre  11   13           val=   2.46472
  23 k  1.0000000000000 stre  13   14           val=   2.59404
  24 k  1.0000000000000 stre  14   15           val=   2.92672
  25 k  1.0000000000000 stre  15   12           val=   3.40184
  26 k  1.0000000000000 stre  12   11           val=   3.36968
  27 k -0.5116672736017 bend  11   14   13      val=   7.01371
        0.1954395075848 bend  13   15   14
        0.1954395075848 bend  14   12   15
       -0.5116672736017 bend  15   11   12
        0.6324555320337 bend  12   13   11
  28 k  0.3717480344602 bend  11   14   13      val=   2.97651
       -0.6015009550075 bend  13   15   14
        0.6015009550075 bend  14   12   15
       -0.3717480344602 bend  15   11   12
  29 k -0.5116672736017 tors  14   15   12   11 val=   0.00161
        0.1954395075848 tors  15   12   11   13
        0.1954395075848 tors  12   11   13   14
       -0.5116672736017 tors  11   13   14   15
        0.6324555320337 tors  13   14   15   12
  30 k  0.3717480344602 tors  14   15   12   11 val=   0.00211
       -0.6015009550075 tors  15   12   11   13
        0.6015009550075 tors  12   11   13   14
       -0.3717480344602 tors  11   13   14   15
  31 k  0.5000000000000 tors  13   11    9    8 val=  90.00067
        0.5000000000000 tors  13   11    9   10
        0.5000000000000 tors  12   11    9    8
        0.5000000000000 tors  12   11    9   10
  32 k  0.7071067812597 bend   9   13   11      val=   3.70454
       -0.7071067811134 bend   9   12   11
  33 k  1.0000000000000 outp  13    9   12   11 val=  -0.00011
  34 k  1.0000000000000 stre   4    3           val=   2.59676
  35 k  1.0000000000000 stre   3    2           val=   2.74219
  36 k  1.0000000000000 stre   2    7           val=   2.80117
  37 k  1.0000000000000 stre   7    6           val=   2.57930
  38 k  1.0000000000000 stre   6    5           val=   2.68792
  39 k -0.2886751345948 bend   5    3    4      val=  -2.85567
       -0.2886751345948 bend   4    2    3
        0.5773502691896 bend   3    7    2
       -0.2886751345948 bend   2    6    7
       -0.2886751345948 bend   7    5    6
        0.5773502691896 bend   6    4    5
  40 k  0.5000000000000 bend   5    3    4      val=   1.49099
       -0.5000000000000 bend   4    2    3
        0.5000000000000 bend   2    6    7
       -0.5000000000000 bend   7    5    6
  41 k -0.4082482904639 bend   5    3    4      val=   1.48276
        0.4082482904639 bend   4    2    3
       -0.4082482904639 bend   3    7    2
        0.4082482904639 bend   2    6    7
       -0.4082482904639 bend   7    5    6
        0.4082482904639 bend   6    4    5
  42 k -0.2886751345948 tors   4    3    2    7 val=  -0.00196
       -0.2886751345948 tors   3    2    7    6
        0.5773502691896 tors   2    7    6    5
       -0.2886751345948 tors   7    6    5    4
       -0.2886751345948 tors   6    5    4    3
        0.5773502691896 tors   5    4    3    2
  43 k  0.5000000000000 tors   4    3    2    7 val=   0.00159
       -0.5000000000000 tors   3    2    7    6
        0.5000000000000 tors   7    6    5    4
       -0.5000000000000 tors   6    5    4    3
  44 k -0.4082482904639 tors   4    3    2    7 val=   0.00059
        0.4082482904639 tors   3    2    7    6
       -0.4082482904639 tors   2    7    6    5
        0.4082482904639 tors   7    6    5    4
       -0.4082482904639 tors   6    5    4    3
        0.4082482904639 tors   5    4    3    2
  45 k  0.7071067811865 tors  10    5    4    6 val= 180.00236
        0.7071067811865 tors   8    5    4    3
  46 k  1.0000000000000 stre   9   11           val=   2.67778
  47 k  0.7071067811928 bend  10   11    9      val=   1.35016
       -0.7071067811803 bend   8   11    9
  48 k  1.0000000000000 outp  11    8   10    9 val=   0.00119
  49 k  1.0000000000000 stre   4    5           val=   2.72300
  50 k  1.0000000000000 stre   5   10           val=   2.52501
  51 k  1.0000000000000 stre  10    9           val=   2.48898
  52 k  1.0000000000000 stre   9    8           val=   3.34507
  53 k  1.0000000000000 stre   8    4           val=   3.29551
  54 k -0.5116672736017 bend   4   10    5      val=   3.81852
        0.1954395075848 bend   5    9   10
        0.1954395075848 bend  10    8    9
       -0.5116672736017 bend   9    4    8
        0.6324555320337 bend   8    5    4
  55 k  0.3717480344602 bend   4   10    5      val=   6.07688
       -0.6015009550075 bend   5    9   10
        0.6015009550075 bend  10    8    9
       -0.3717480344602 bend   9    4    8
  56 k -0.5116672736017 tors  10    9    8    4 val=  -0.00007
        0.1954395075848 tors   9    8    4    5
        0.1954395075848 tors   8    4    5   10
       -0.5116672736017 tors   4    5   10    9
        0.6324555320337 tors   5   10    9    8
  57 k  0.3717480344602 tors  10    9    8    4 val=  -0.00009
       -0.6015009550075 tors   9    8    4    5
        0.6015009550075 tors   8    4    5   10
       -0.3717480344602 tors   4    5   10    9
        57 non zero eigenvalues  of BmBt
           1          10.007443363    1    0
         1
           2           5.606094250    2    0
         2
           3           5.292308384    3    0
         3
           4           4.945500012    4    0
         4
           5           4.451520439    5    0
         5
           6           4.090273320    6    0
         6
           7           4.000144130    7    0
         7
           8           3.905721709    8    0
         8
           9           3.645299107    9    0
         9
          10           3.554044109   10    0
        10
          11           3.463823976   11    0
        11
          12           3.328309118   12    0
        12
          13           3.303141573   13    0
        13
          14           3.275938615   14    0
        14
          15           3.050865815   15    0
        15
          16           2.943288516   16    0
        16
          17           2.817002874   17    0
        17
          18           2.634164107   18    0
        18
          19           2.598200087   19    0
        19
          20           1.958101805   20    0
        20
          21           1.887774020   21    0
        21
          22           1.838613256   22    0
        22
          23           1.761614628   23    0
        23
          24           1.669841694   24    0
        24
          25           1.503620294   25    0
        25
          26           1.374823910   26    0
        26
          27           1.277766468   27    0
        27
          28           1.221612488   28    0
        28
          29           1.099101229   29    0
        29
          30           0.985105561   30    0
        30
          31           0.870404730   31    0
        31
          32           0.782565040   32    0
        32
          33           0.776201039   33    0
        33
          34           0.723072016   34    0
        34
          35           0.706789603   35    0
        35
          36           0.596675159   36    0
        36
          37           0.489540926   37    0
        37
          38           0.418354999   38    0
        38
          39           0.408788703   39    0
        39
          40           0.378762511   40    0
        40
          41           0.321654904   41    0
        41
          42           0.310630337   42    0
        42
          43           0.309849052   43    0
        43
          44           0.301947773   44    0
        44
          45           0.271325611   45    0
        45
          46           0.264654652   46    0
        46
          47           0.245161207   47    0
        47
          48           0.208345323   48    0
        48
          49           0.165071198   49    0
        49
          50           0.128131328   50    0
        50
          51           0.078058951   51    0
        51
          52           0.069016093   52    0
        52
          53           0.065296779   53    0
        53
          54           0.050124190   54    0
        54
          55           0.037524935   55    0
        55
          56           0.010102039   56    0
        56
          57           0.007942553   57    0
        57
$end
