$dipgrad          cartesian dipole gradients
  -.20599754200044D+01  0.55116971523610D+00  -.59866199766378D-03
  0.98686462142842D+00  -.78273245437317D+00  0.54188600458983D-03
  -.18905729411441D-02  0.77710406335416D-03  -.39977869205302D+00
  0.16534386450095D+01  -.68795820881192D+00  0.11664506384172D-02
  -.91151857840965D+00  0.67299389631436D+00  -.70328178334209D-03
  0.16761996581919D-02  -.80573233807978D-03  0.24384332498574D+00
  -.13447544166787D+01  0.38622214013703D+00  -.44599870924727D-03
  -.24121357326793D+00  -.36818549247364D-01  -.53775956451360D-03
  0.13549347164459D-02  -.95129813014794D-03  -.26978838359812D+00
  0.89973095826873D+00  -.27433290730317D+00  0.21051119328802D-03
  -.11607520688874D+01  0.26950266059213D+00  -.10232991215027D-03
  0.28041005370413D-02  -.67605243134089D-03  -.15817999742236D-01
  -.17473665351839D+01  0.21797063659974D+00  0.46097008435293D-03
  0.10187337969002D+01  -.19559414298680D+00  -.68799889558726D-04
  -.19719889326138D-02  0.45882433084338D-03  -.38105390679665D-03
  0.10164232912517D+01  -.56218610789796D-03  -.70619661616941D-03
  -.91709619525227D-01  -.44538259852844D-01  0.40705390578728D-04
  -.39102397222394D-03  -.27343362507661D-04  -.44254918500488D-01
  0.68507461600444D+00  0.35382168396308D+00  -.15688438596493D-02
  0.17773030565647D+01  -.11624255754205D+00  -.12959296659284D-02
  -.58147102202801D-02  -.38174012790523D-03  -.17488908274042D+00
  -.10785093375225D+00  0.11181210948141D+00  -.22379109916760D-03
  -.44195560676646D+00  -.72212253485272D-01  0.60117741134978D-03
  0.12110544312067D-02  0.24255344641186D-03  0.27813436045503D-01
  -.33462728681728D+01  0.31139656355259D+00  0.11631829592310D-02
  -.25564233191749D+00  0.61176769287322D+00  -.19083306113109D-02
  0.27873990440028D-02  -.22644599438725D-02  -.69868466589035D-01
  0.25297322143440D+01  -.43605424077603D+00  -.40353376463543D-03
  0.44782824167646D+00  -.78386939503213D+00  0.15822993444851D-02
  -.30175950982651D-02  0.21548473206770D-02  -.16311833750937D+00
  0.42224050482283D+01  -.50886650739774D+00  -.10820403347746D-02
  -.56140674292874D-01  0.11982307734847D+01  -.33013295842960D-02
  -.23763741294798D-02  -.30270758685347D-02  0.10208945739642D+00
  -.18818137754385D+00  0.18007875965698D+00  -.47002289001487D-03
  0.50423770920848D+00  -.63627444356791D+00  0.13849192492338D-02
  -.12869201578693D-02  0.16027689514231D-02  -.69018747210926D-01
  -.37666188320599D+01  -.86144059651037D-01  0.25020828222349D-02
  -.95569030488116D-01  -.84167038629188D+00  0.18175476504539D-02
  0.25900148456209D-02  0.18054954870462D-02  -.25270038823308D+00
  0.37790586421187D+01  0.29563782921853D+00  -.31899470378817D-02
  -.45498447297019D+00  0.11028602904626D+01  -.23893898947072D-02
  -.12213670112487D-02  -.28952802263428D-02  0.21936540278979D+00
  0.17139706401667D+00  0.42944829411210D-01  -.19506481468317D-03
  0.20705867578491D+00  -.49351313625683D+00  0.15975656105384D-02
  -.63586239075279D-03  0.16935337251987D-02  0.84379663199964D-01
  -.10878928771157D+00  0.38680555093711D-01  -.51038353875316D-01
  0.16148347077354D-02  0.78374333101817D-01  0.23060864221885D-01
  -.75143536557842D-01  0.44372115312507D-01  0.12825605779791D-01
  -.10862816392521D+00  0.38931204886692D-01  0.50958772774494D-01
  0.20360260837683D-02  0.77968632537782D-01  -.23458062981494D-01
  0.75309692576893D-01  -.44818468337575D-01  0.13071125718101D-01
  -.24503396740042D+01  -.31794432309807D+00  0.22954088946408D-02
  -.75726097439726D+00  -.68447098425844D+00  0.13827694596688D-02
  0.37707995987569D-02  0.11315663146444D-02  -.37951845674172D+00
  -.15986854395559D-02  -.11312484466305D-01  0.11528800797801D-03
  0.18389148921330D-01  -.87406262746452D-01  0.61983368888117D-03
  0.69141278750525D-05  0.64834022155593D-03  0.12451542015976D+00
  -.82286955282612D+00  -.20907341787649D+00  0.10531722389316D-02
  -.44883344243411D+00  -.20239414360873D+00  0.67629372836545D-03
  0.20689749489020D-02  0.52119670892024D-03  -.95220909290318D-01
  0.95985268056232D-01  0.35823082519225D-02  -.33846143814735D-05
  -.48485737915416D-01  -.33961310130885D-01  0.45935212727002D-03
  0.16986692680733D-03  0.43910488374953D-03  0.10645200002632D+00
$end
