$energy      SCF               SCFKIN            SCFPOT
     1 -4011.732256122      4002.463009959     -8014.195266082
     2 -4011.732461955      4002.446264875     -8014.178726830
     3 -4011.732493354      4002.439706582     -8014.172199936
     4 -4011.732495504      4002.441108288     -8014.173603791
     5 -4011.732496243      4002.442389726     -8014.174885969
     6 -4011.732496373      4002.442789925     -8014.175286297
     7 -4011.732496595      4002.442634005     -8014.175130601
     8 -4011.732496583      4002.442244639     -8014.174741222
     9 -4011.732496631      4002.442061693     -8014.174558324
    10 -4011.732496633      4002.442047425     -8014.174544058
$end
