$hessapprox internal
  0.892341437538D+00  0.146720157209D-02  0.443261701636D+00  0.388750153766D-02
 -0.233993142842D-02  0.209396310124D+00  0.141939966148D-02  0.519266938671D-02
  0.244784225891D-02  0.398024676568D+00  0.123362297995D-02  0.515965109313D-02
  0.262318290137D-02 -0.215408968481D-01  0.397911031857D+00  0.230096621332D-01
  0.823947775072D-02 -0.291935046922D-02  0.464740708448D-02  0.472641202249D-02
  0.294052229894D+00  0.157590875531D-03 -0.646977746879D-04  0.114371302668D-02
  0.114397014629D-03  0.117015416095D-03 -0.175973559827D-03  0.342953326415D+00
  0.978667568207D-02 -0.903958165885D-02 -0.172223445126D-02  0.662770695442D-02
  0.662328437218D-02  0.249433583989D-01 -0.301993867469D-04  0.296277315182D+00
  0.289690834635D-03  0.817097645121D-04 -0.643603355510D-03  0.134008276711D-03
  0.129718389418D-03 -0.471411224681D-04 -0.139746462553D-04 -0.170934060298D-04
  0.346019104144D+00 -0.560677139337D-01 -0.356652786444D-03 -0.227292003067D-02
  0.113272924463D-01  0.111854795703D-01  0.727681156853D-02 -0.447070639506D-04
  0.635390813498D-02  0.279924931917D-03  0.102426878513D+01  0.202261155228D-01
  0.319770797398D-02  0.280710209786D-03  0.362821362901D-03  0.459191552840D-03
 -0.214172241903D-01 -0.306263512446D-04  0.869740616710D-02 -0.174119933252D-03
  0.110357623687D-01  0.439854897019D+00  0.611224607101D-03  0.170534327416D-04
  0.444101026118D-02 -0.383722936041D-03 -0.361728889347D-03 -0.555087724963D-04
  0.699303538771D-04  0.411941449185D-04 -0.738741954261D-04  0.286013391707D-03
 -0.621429071306D-04  0.180429087184D+00  0.736503188002D-02  0.249051032484D-02
  0.162229667277D-02 -0.957918261365D-02 -0.959282146536D-02 -0.161244642859D-02
  0.461578291208D-04  0.332404974498D-02  0.430488737286D-04  0.902176971197D-02
 -0.203256665223D-02 -0.623739159111D-04  0.427352181695D+00 -0.134469099960D-02
 -0.353554998810D-02  0.865359103057D-03 -0.142996258763D-02 -0.145189002285D-02
  0.179284917784D-01  0.510756946533D-04 -0.112359350290D-01  0.114440973512D-04
  0.203536549810D-02  0.670348957438D-02  0.282473051713D-04  0.215085207191D-03
  0.358177278608D+00  0.389631386399D-03  0.153427054880D-02 -0.237667162026D-01
 -0.364980702007D-02 -0.372200939897D-02 -0.267674549285D-03 -0.697863471312D-03
  0.211000037098D-02  0.224278529290D-03  0.250172964266D-02 -0.703018344838D-03
 -0.612344150096D-03 -0.184705056474D-02  0.111394764861D-03  0.675178279323D-01
 -0.110490000952D-01  0.487439948112D-02  0.796619211085D-04  0.139274704008D-02
  0.139582281707D-02 -0.176908892692D-01 -0.195603882455D-04  0.151313892346D-01
  0.122669721345D-04 -0.101456397751D-01 -0.520631501003D-02  0.624381948810D-04
  0.631311462600D-03  0.817970226627D-02 -0.302093158698D-03  0.488613054050D+00
  0.365190134252D-02  0.190859933241D-02 -0.309567385471D-03 -0.391246900951D-04
 -0.422110317058D-04  0.144275684049D-02  0.122422902787D-05 -0.118642121830D-02
  0.160688081084D-04  0.505265242124D-02 -0.193262905466D-02 -0.133285043291D-03
 -0.282717174404D-03 -0.191001738476D-03 -0.431009006924D-03  0.134265456297D-02
  0.207947696333D+00  0.361695246270D-02 -0.184083077124D-03  0.147232912067D-01
  0.306304333266D-02  0.314000041434D-02  0.152473204465D-02  0.166011923832D-03
 -0.230936708573D-02 -0.119217494257D-03  0.174981890002D-02 -0.967359984943D-03
  0.191167679880D-02  0.189491574281D-02 -0.507911008043D-03 -0.555044116822D-02
  0.103789929790D-02  0.909646124434D-04  0.211828961255D+00  0.161748554157D-02
  0.297193407136D-02  0.160535113552D-02 -0.120550333569D-01 -0.121110215012D-01
  0.112867944286D-02  0.571794022070D-04  0.419874968931D-02  0.134863762633D-03
  0.645128440830D-02 -0.277983019694D-03 -0.848746372872D-04 -0.548072850013D-02
 -0.292274490014D-03 -0.215610905785D-02  0.408644297642D-03  0.368757475602D-03
  0.299610445576D-02  0.425951619638D+00 -0.233670579037D-02  0.239450941890D-03
  0.105846733570D-02 -0.262899067854D-02 -0.262792502284D-02  0.444085746891D-02
  0.452436550234D-04 -0.805384544294D-03 -0.205310342616D-04  0.444722611452D-03
  0.157958684006D-02 -0.399178754611D-04 -0.813372043308D-03 -0.144737658861D-02
 -0.563415709255D-03  0.124951584337D-02 -0.131871941141D-04 -0.218760789253D-03
 -0.125045389468D-02  0.368680276863D+00 -0.181044038107D-03  0.378227895722D-03
 -0.101552221977D-01  0.259706393175D-02  0.261367856284D-02  0.406673863652D-02
 -0.488336055410D-03 -0.217441944251D-02  0.207161009376D-03  0.102120725705D-02
 -0.112889379326D-03 -0.231327621992D-04  0.158558392265D-02 -0.126845119404D-02
  0.674522344374D-02  0.116424789112D-02  0.378547305265D-03  0.735464361888D-02
  0.245353853897D-02 -0.657471893680D-03  0.638783867365D-01 -0.153727207517D-01
  0.952797286661D-02 -0.131717044454D-02 -0.105382008813D-01 -0.105350706950D-01
 -0.251507177268D-01 -0.634033728946D-05  0.271425971687D-01  0.340398393255D-04
 -0.928018672948D-02 -0.727054429201D-02 -0.601501120732D-03 -0.486625351849D-02
  0.115276063493D-01 -0.185423822658D-02 -0.167061088809D-01 -0.224372400909D-02
  0.438513958599D-03 -0.684139147694D-02  0.345527766758D-03  0.188258690161D-02
  0.730743433763D+00  0.293208154507D-01 -0.259752024891D-02  0.151997973136D-03
 -0.163867332041D-02 -0.152397707393D-02  0.228545552441D-02  0.138973524479D-04
 -0.931811518531D-02 -0.258747052467D-03  0.210938637537D-01 -0.322087658317D-02
 -0.276053724751D-03 -0.253722117693D-02 -0.373866665240D-02 -0.802460712485D-04
  0.835146214674D-02 -0.470894238836D-02 -0.386697685352D-02 -0.770753338807D-03
 -0.373620672190D-03 -0.305119827317D-02  0.132170705830D-01  0.591036433893D+00
  0.290932512988D-01  0.238158733154D-02  0.219724204722D-02 -0.834540193271D-02
 -0.829869946684D-02 -0.659330197279D-02  0.411611089907D-04  0.158177181457D-04
 -0.793742341427D-04  0.235034696969D-01 -0.754065161294D-02 -0.404265922289D-04
 -0.589067049800D-02  0.419999432728D-03 -0.206815162767D-02  0.370879420116D-02
  0.552770064960D-03  0.934712842303D-03 -0.464442070179D-02 -0.231086484475D-03
  0.837758382092D-03 -0.891179399289D-03 -0.113126768388D-01  0.346217190090D+00
  0.315920201862D-03  0.547266404168D-02 -0.420747416176D-03 -0.373588051747D-04
 -0.920935565952D-07 -0.241518854426D-01 -0.437086937276D-04  0.166500675845D-01
 -0.378940886569D-04 -0.285545922935D-02 -0.894033509660D-02 -0.594414358047D-04
 -0.105811142173D-02  0.964882857975D-02 -0.652219974621D-03 -0.115785101623D-01
 -0.223483598143D-03  0.676552578937D-03 -0.688567410061D-03  0.166092212899D-02
  0.150453472331D-02 -0.172254092591D-01  0.568603070136D-02 -0.102346027038D-02
  0.356098794674D+00 -0.128175390005D-01 -0.110751696329D-01 -0.535815900173D-03
 -0.141908092260D-03 -0.229132705842D-03  0.501056112790D-01  0.687373514520D-04
 -0.310078603900D-01  0.105530598737D-03 -0.292036181569D-02  0.208522799801D-01
 -0.599367100264D-04  0.282939549678D-02 -0.191441264535D-01  0.170493054011D-02
  0.209916054743D-01 -0.124057697173D-02 -0.191015570581D-02  0.103505224751D-02
 -0.356467976404D-02 -0.299098403013D-02  0.327540419317D-01 -0.579753917345D-02
  0.530381447561D-02  0.266404050296D-01  0.347399683325D+00  0.188521478951D-02
  0.797359851168D-02  0.313760324794D-02 -0.177692828632D-01 -0.178587161391D-01
 -0.579024484358D-02  0.974501203469D-04  0.122501808312D-01  0.218369590856D-03
  0.987810658677D-02 -0.456487349661D-02 -0.721343239118D-04 -0.833405969906D-02
  0.314448572128D-02 -0.376964125912D-02 -0.340914129158D-02  0.589373722254D-02
  0.539686882753D-02 -0.987783460038D-02 -0.136464805124D-02  0.430430137208D-02
 -0.192163641729D-01 -0.133063239534D-02 -0.569965874040D-02 -0.645769255958D-02
  0.105340777677D-01  0.413751663590D+00  0.337973568470D-03 -0.174024398627D-02
  0.202150534198D-03 -0.464610519299D-02 -0.470418064699D-02  0.135966686505D-01
  0.267594876135D-04 -0.753017667458D-02  0.118051542283D-03  0.403722864701D-02
  0.473328110445D-02 -0.193091835305D-04 -0.157235686408D-02 -0.531332755914D-02
 -0.324165241652D-03  0.650979541227D-02  0.133198054110D-02  0.125892839537D-02
 -0.232839360983D-02 -0.129913517729D-02  0.830578332631D-03  0.630604115371D-02
 -0.347181395120D-02 -0.880701904746D-03  0.696134876030D-02 -0.142627800389D-01
  0.345055427940D-03  0.390922970037D+00  0.424863365814D-03  0.202033184088D-04
  0.286223837996D-02 -0.205216157989D-03 -0.193626436127D-03 -0.338734602921D-04
  0.544306310207D-04  0.968199642426D-05 -0.439700241493D-04  0.233571819646D-03
 -0.673651882072D-04  0.359080249294D-03 -0.314088069502D-04  0.145850539966D-04
 -0.693400830501D-03  0.473682778252D-04 -0.769689282285D-04  0.102356332377D-02
 -0.234512286904D-04 -0.267013796328D-04 -0.316236802618D-03 -0.336858861966D-03
 -0.222340794788D-03 -0.428906418564D-04 -0.366289729924D-04 -0.302262157084D-04
  0.753615546759D-05  0.637230668238D-05  0.108931086478D-01  0.207146279459D-02
  0.103063896330D-02 -0.759387770566D-02  0.291841965143D-04 -0.886960686788D-05
  0.697290960216D-03 -0.206080123653D-03 -0.261062809272D-04  0.129712823870D-03
  0.292136964211D-02 -0.127196419094D-02 -0.524336518070D-03 -0.141336147212D-04
 -0.235475324522D-03  0.467896337313D-02  0.355263385284D-03 -0.594397413672D-05
 -0.850553563184D-03  0.664002969833D-03 -0.473575276719D-03  0.337840486548D-02
 -0.805605648980D-04 -0.250108083530D-02 -0.984967473582D-03 -0.366356291995D-04
  0.272194307002D-03  0.115695437197D-02  0.735542209443D-03 -0.382662285744D-03
  0.190729182723D-01 -0.104826315322D-02  0.855989968875D-05 -0.655203601431D-02
  0.282642384365D-03  0.255940904623D-03  0.382176431716D-03 -0.129959483950D-03
 -0.585376410755D-04  0.101614681289D-03 -0.419718790471D-03  0.211211539778D-03
 -0.787116327263D-03  0.241816861408D-04 -0.128187308904D-03  0.180246019604D-02
 -0.249980429007D-04  0.148188860728D-03 -0.216545076409D-02 -0.579631822060D-06
 -0.692631112072D-05  0.974954788834D-03  0.727544796190D-03  0.394149800626D-03
  0.633195403075D-04  0.177677887456D-03 -0.146136639939D-03 -0.685197107191D-04
 -0.662507697609D-04 -0.459160233050D-03  0.920250416685D-03  0.174545230051D-01
  0.114052761285D-01 -0.133915379692D-01 -0.644723201901D-03  0.445018249794D-02
  0.442228448605D-02  0.451130406723D-01  0.248145076883D-04 -0.373545932405D-01
 -0.222459713111D-05  0.107579296786D-01  0.160129361866D-01  0.100971156272D-03
  0.309779705624D-02 -0.194876803708D-01  0.213423228156D-02  0.251939538146D-01
 -0.195243291879D-02 -0.264825060795D-02  0.346643941934D-02 -0.241543500278D-02
 -0.338306796580D-02  0.412846931124D-01 -0.145009283192D-01 -0.761361113740D-03
  0.280494531110D-01 -0.530959018233D-01  0.151773218502D-01 -0.140551731146D-01
  0.421741059986D-04 -0.250302973641D-03 -0.231412524088D-03  0.368157956210D+00
 -0.397332015727D-02 -0.145357025133D-02  0.103664775631D-01 -0.830373312643D-03
 -0.773179838448D-03 -0.477467663939D-03  0.284159510038D-03  0.238167562399D-03
 -0.195250457054D-03 -0.459479224181D-02  0.227510741363D-02  0.733769615039D-03
 -0.284185730932D-03  0.193558353524D-03 -0.616658813479D-02 -0.494665531761D-03
 -0.571541669572D-04  0.753882975013D-03 -0.150491700450D-02  0.594932497325D-03
 -0.506103542431D-02 -0.610097473178D-04  0.412081728861D-02  0.139918971697D-02
  0.216328332332D-03 -0.747402930466D-03 -0.256400970268D-02 -0.141874704643D-02
  0.527021068331D-03 -0.237705878892D-02 -0.127994505246D-02  0.397467424019D-03
  0.127395404082D+00 -0.131614009626D-01  0.549812626171D-02  0.449114012725D-02
 -0.172480545774D-01 -0.173395278056D-01  0.307327329933D-02  0.151466464677D-03
  0.100084444074D-01  0.187036295665D-03 -0.906967373062D-03  0.202867092362D-02
  0.322276165542D-04 -0.671360880209D-02  0.503692728119D-03 -0.390507422057D-02
 -0.284455304771D-02  0.152609911326D-02  0.473497994820D-02 -0.964036263512D-02
 -0.211073198937D-02  0.267405092928D-02 -0.150760513591D-01  0.456347252267D-02
 -0.155805399490D-02 -0.263399173526D-02  0.246129412757D-02 -0.144992733856D-01
 -0.230538135213D-02  0.711614027498D-04  0.680561869950D-03 -0.276845464685D-03
  0.106551046605D-01 -0.189586945519D-02  0.647454615240D+00  0.347845451669D-01
  0.105042558159D-02  0.191091398275D-02 -0.226719552504D-02 -0.217344343576D-02
 -0.137348064022D-01  0.724749464891D-05  0.106016010675D-03 -0.178806902483D-03
  0.230817574650D-01 -0.101022270713D-01  0.967255887548D-04 -0.379354401081D-02
  0.239540418011D-02 -0.125915745136D-02  0.213446367509D-02 -0.221224773392D-02
 -0.290177913757D-03 -0.146959883541D-02  0.928723249138D-03 -0.220729432428D-03
  0.156159040129D-02 -0.111618640367D-01 -0.126713640657D-01 -0.293147339656D-02
  0.106879574604D-01 -0.343017088422D-02  0.108591606238D-02  0.242652147860D-04
 -0.144833325680D-02 -0.191777304867D-04  0.172359285048D-02  0.243984531052D-02
  0.372873841230D-02  0.492083551678D+00  0.449398766398D-01 -0.869175284109D-02
 -0.269696163870D-02  0.156162288995D-01  0.157186417913D-01 -0.588126215857D-02
 -0.161606918603D-03 -0.183122700288D-01 -0.176180017562D-03  0.211905606590D-01
 -0.613992749830D-02  0.368269643583D-03  0.380256166963D-02 -0.259055381133D-02
  0.286837364081D-02  0.101575766461D-01 -0.484854983964D-02 -0.232261183100D-02
  0.826707309012D-02  0.278466222228D-02 -0.983404677939D-03  0.255710134132D-01
 -0.152685546236D-01 -0.912746716412D-02  0.636062453363D-02 -0.528887105144D-02
  0.133160866830D-01 -0.771045287270D-03  0.174449265567D-03 -0.255037882691D-03
 -0.166278314705D-03 -0.226956754976D-01  0.131542966569D-02  0.210527491205D-01
 -0.148817446977D-01  0.413533793177D+00 -0.107613721662D-01  0.524148757746D-02
  0.397160805428D-02 -0.128213355746D-01 -0.128440275908D-01  0.247808748108D-02
  0.138382193047D-03  0.836786837823D-02  0.301236624704D-04 -0.202880999348D-03
  0.830501366421D-03 -0.802003552794D-04 -0.492716610615D-02  0.637594901700D-03
 -0.323138238760D-02 -0.258655705586D-02  0.299770971876D-02  0.215524223478D-02
 -0.695044211305D-02 -0.176043076159D-02  0.764721318411D-03 -0.127375478746D-01
  0.262934393968D-02 -0.810211512155D-03 -0.256067255472D-02  0.265218097841D-02
 -0.976924391018D-02 -0.900516283080D-03 -0.363791469700D-04 -0.650892367097D-03
 -0.734959674334D-04  0.921544933378D-02  0.405205739723D-03 -0.122921750571D-01
  0.247314841663D-02  0.162073825123D-01  0.677636844302D+00  0.528404215177D-02
  0.206162639978D-02 -0.311936055695D-03 -0.908282311450D-02 -0.907297436392D-02
  0.215570804609D-02  0.269784583318D-04  0.140260258674D-02 -0.435531202190D-05
  0.841962802144D-02 -0.626464050952D-03 -0.456057304124D-03 -0.445398105941D-02
 -0.107474438722D-02 -0.159620882385D-02  0.185986203949D-02  0.554900350583D-03
 -0.317779985354D-03 -0.519944418330D-02 -0.108134695104D-02  0.471875001944D-03
 -0.252962279068D-02 -0.284667561901D-02 -0.518162286173D-02  0.712204977283D-03
 -0.708087760447D-03 -0.709957884697D-02 -0.227621888383D-02 -0.274380781870D-03
 -0.637097503421D-03  0.498940966032D-03 -0.276348129104D-03  0.759687295232D-03
 -0.644806457567D-02 -0.308990540433D-02  0.333282588829D-02 -0.436618783702D-02
  0.555600118480D+00 -0.369825345503D-01 -0.295045872177D-03  0.375035301052D-02
 -0.123320544130D-02 -0.138222874078D-02  0.131757590343D-01  0.109728163511D-03
  0.238634302669D-02  0.256283877788D-03 -0.239622974450D-01  0.103975632821D-01
  0.665227571447D-03  0.264040071293D-02 -0.193626163658D-02 -0.166605609805D-03
 -0.318034831659D-02  0.190195863166D-03  0.434379914575D-02 -0.166140985530D-03
 -0.135501856883D-02  0.103847411902D-02 -0.533989697427D-02  0.125057702683D-01
  0.123331912906D-01  0.193046065113D-02 -0.935729929057D-02 -0.157305241844D-03
 -0.142444355737D-02  0.458688506428D-03  0.211053118876D-02 -0.101564237320D-02
  0.146249832365D-02 -0.382846582061D-02 -0.677267235541D-02  0.160733282276D-01
  0.205369431198D-01 -0.587374050664D-02  0.697226032613D-03  0.396306359420D+00
 -0.135288601680D-01  0.216079494063D-02 -0.109242744388D-02 -0.291584057982D-02
 -0.295480279711D-02 -0.763162142111D-03 -0.813193823114D-05  0.599631899853D-02
  0.931298292838D-04 -0.795206170821D-02  0.143874502463D-02 -0.197924303794D-03
 -0.523888126650D-03  0.162578146587D-02 -0.159965295268D-03 -0.397596997967D-02
  0.115083552950D-02  0.630440013281D-03 -0.178469939281D-02 -0.330247058913D-03
  0.106312335034D-02 -0.758649951932D-02  0.577672488926D-02  0.331434653416D-02
 -0.279672235266D-02  0.350631862694D-02 -0.352625053243D-02  0.809323175590D-03
 -0.998935866829D-04  0.658089207797D-03  0.205986082729D-03  0.828368865667D-02
 -0.117250909145D-02 -0.534153865611D-02  0.454390764938D-02  0.103653932482D-01
 -0.388959751291D-02 -0.802418658031D-04 -0.623147958881D-02  0.422302997687D+00
  0.198242676520D-01  0.338202547711D-02  0.486936913097D-02 -0.713445315523D-02
 -0.712102797285D-02 -0.120675625669D-01  0.866881557190D-04  0.578928663908D-02
 -0.276321671773D-04  0.151296102558D-01 -0.774702459882D-02  0.427164319398D-03
 -0.480020847218D-02  0.331444554010D-02 -0.249447341602D-02 -0.121271650882D-02
 -0.108136286392D-02  0.316744263016D-02 -0.397450638763D-02  0.166752409581D-03
  0.133122013210D-02 -0.707420923232D-02 -0.566781033767D-02 -0.905183524661D-02
 -0.504119195475D-02  0.120372312229D-01 -0.736567253751D-02  0.126095501796D-02
  0.260304685697D-03 -0.344241883127D-03 -0.544822070657D-03  0.890370822870D-02
  0.299188049608D-03 -0.287285383010D-02 -0.906169130219D-02 -0.216665245973D-02
 -0.277706442731D-02 -0.458458238799D-02  0.101049868521D-01  0.746501165436D-03
  0.411484929330D+00 -0.288917379613D-02 -0.109821108782D-02  0.885118461458D-02
  0.388562654413D-03  0.367278551112D-03 -0.188243873698D-02  0.560221195652D-03
  0.466641639513D-03 -0.978869360252D-04 -0.329839799585D-02  0.112484376645D-02
 -0.141335134784D-02 -0.225332734615D-03  0.575258609060D-03 -0.147005668808D-01
 -0.798515155861D-03  0.279254610026D-03 -0.753579692122D-02 -0.858125735750D-03
  0.765188730458D-03 -0.158583310096D-01  0.110348534168D-02  0.343460831268D-02
  0.670553713360D-03 -0.337486665852D-03  0.882182947802D-03 -0.166246828411D-02
 -0.723806920322D-03 -0.364580935092D-03 -0.388676240326D-02  0.418785824476D-03
  0.957436205822D-03  0.549808506232D-02 -0.737879213172D-03  0.100274252645D-02
 -0.776345738667D-03  0.906454577622D-03  0.162600175240D-02 -0.330836520146D-02
 -0.373870231923D-03 -0.885374097320D-03  0.437289660581D-01 -0.403088369649D-02
  0.193479256322D-02 -0.480843761550D-01 -0.151622339935D-02 -0.165375584886D-02
  0.376002319783D-02 -0.125840686801D-02  0.872868639634D-03  0.627052999598D-03
  0.153856149965D-02  0.102093325954D-03 -0.355209559114D-02 -0.969714621830D-03
 -0.112786439876D-02  0.258339753061D-01  0.223619661015D-03  0.347408555141D-03
 -0.953934141533D-02 -0.922295385528D-03 -0.105054439467D-02  0.164960296987D-01
  0.162440023983D-02 -0.385013788560D-03 -0.141194401211D-02  0.878517854421D-03
 -0.604040336295D-03 -0.188579320245D-02 -0.158479355407D-03 -0.248989721854D-02
  0.834364700885D-02  0.586106040640D-02 -0.430075479370D-03 -0.114749482557D-01
 -0.356885233163D-02 -0.132911774875D-02  0.234503371425D-02 -0.325176688361D-02
  0.458942960706D-03 -0.357068824204D-02  0.108201017272D-02 -0.379725625705D-02
 -0.169161971483D-01  0.634194516295D-01  0.117929984771D-02 -0.657217636893D-03
  0.102779090703D-01  0.463780301668D-02  0.469606154493D-02  0.234336825736D-02
  0.148945445058D-03 -0.297504671424D-02 -0.162130794857D-04 -0.715198006444D-04
 -0.236049618626D-03  0.643383112802D-03  0.248466575961D-02 -0.770172891247D-03
 -0.886335217506D-02  0.101923125172D-02  0.519163887616D-03  0.955750649313D-02
  0.355942474110D-02 -0.485378515356D-04  0.702920719968D-02  0.231977519120D-02
 -0.286993371603D-02  0.175483418340D-02  0.120972867891D-02 -0.270141045780D-02
  0.622075249825D-02  0.117282138856D-02  0.386480770870D-03 -0.777596198559D-03
 -0.826174163040D-03 -0.362191973835D-02  0.572002269058D-03  0.525284105363D-02
  0.187737791525D-03 -0.331493121298D-02  0.298972454550D-02  0.118715210872D-02
  0.215358212982D-02  0.100302359626D-02  0.283839305391D-02 -0.194487884850D-02
 -0.697953422751D-02  0.275858735858D-01 -0.106647213431D-02 -0.521589617693D-04
  0.171744501292D-02  0.532320976914D-02  0.520671381570D-02  0.102026817798D-02
  0.667552672062D-03 -0.191408955944D-02  0.225022894791D-03  0.337087417122D-03
 -0.888970094652D-03 -0.475183276456D-02  0.178626124617D-02 -0.416473473373D-03
 -0.261834609100D-01  0.250507178703D-03  0.122478628667D-02 -0.116533666921D-01
  0.322503375525D-02  0.189310005614D-03 -0.172569434472D-01  0.507143742735D-02
 -0.176545789327D-02  0.479650497977D-03  0.656762699194D-03 -0.382916594161D-03
  0.521368177491D-02  0.139773601358D-02 -0.197485570917D-02 -0.393440716109D-02
  0.375427442994D-02 -0.240269093114D-02  0.486280945097D-02  0.469719475195D-02
 -0.150850035111D-02 -0.515877083251D-02  0.267067586244D-02  0.334346035585D-02
 -0.672654512705D-03  0.210910023961D-02 -0.763629356378D-03  0.395933185232D-01
 -0.146328284412D-01  0.363851651302D-02  0.968690812378D-01  0.247644400985D-01
  0.920988804780D-03 -0.190788126273D-02 -0.206615932891D-02 -0.197284912780D-02
 -0.143234595727D-01 -0.551907954728D-04  0.314330509688D-02 -0.163906257634D-03
  0.153603798807D-01 -0.810329034668D-02 -0.429379200485D-03 -0.321552405894D-02
  0.317633457070D-02 -0.243224067466D-03 -0.565784798876D-03 -0.507422363882D-02
 -0.260005093473D-02 -0.176925188152D-02  0.889071610409D-03 -0.744135720384D-03
  0.218871602839D-03 -0.552250747530D-02 -0.105323631249D-01 -0.391430011759D-02
  0.126068222589D-01 -0.689729128550D-02  0.104015693422D-02 -0.284101263368D-03
 -0.137800342997D-02  0.638812771809D-03  0.618899828845D-02  0.245985871972D-02
  0.120450461947D-02 -0.110896104559D-01 -0.831474017142D-02  0.903883660457D-05
 -0.217109358862D-02  0.115076589762D-01  0.280422114790D-02 -0.826934932898D-02
  0.231981003640D-02  0.177684078424D-02 -0.116511057944D-02  0.952602835316D-03
  0.562801079010D+00  0.193879754146D-01 -0.120093149796D-01 -0.531758567487D-02
  0.102657592771D-01  0.102632406886D-01  0.277234892767D-01 -0.133902745685D-03
 -0.309406006322D-01  0.140229750305D-04  0.112523244229D-01  0.901232023029D-02
 -0.148934885769D-03  0.431149351187D-02 -0.134465197128D-01  0.371856398560D-02
  0.194264976990D-01 -0.130369350069D-02 -0.326652361284D-02  0.600948906944D-02
 -0.312943997810D-03 -0.143095959783D-02  0.359352837134D-01 -0.133679257486D-01
 -0.155337630373D-02  0.203995200674D-01 -0.369178388773D-01  0.166250347955D-01
 -0.896919651412D-02 -0.114233047562D-03  0.601613271359D-03  0.274967604852D-03
 -0.474828679797D-01 -0.474530576377D-03  0.149847875335D-01 -0.268318379098D-02
 -0.287697409812D-01  0.128993565887D-01  0.246117326362D-02  0.574832133920D-02
  0.886972495543D-02  0.583413505177D-02 -0.205680295575D-03  0.422012686223D-02
 -0.375108518953D-02 -0.186193562271D-02  0.199366339538D-02  0.387691305335D+00
 -0.111592206104D-02  0.645678502686D-03 -0.742424602511D-02 -0.175571834744D-02
 -0.182874652803D-02 -0.347230540747D-03  0.389614964637D-04  0.123330917137D-02
  0.980239542109D-04  0.655335108921D-03 -0.955210109349D-04 -0.176521333225D-02
 -0.112952234786D-02  0.109596672891D-03 -0.558329315515D-03 -0.350314491695D-03
 -0.263304361599D-04 -0.889532668835D-02 -0.133485596781D-02 -0.130282609197D-03
 -0.781237737619D-02 -0.764065313058D-04  0.784036389228D-03 -0.111798749669D-02
 -0.343774817679D-03  0.110523835252D-02 -0.237933749832D-02 -0.362316999814D-03
 -0.848668888406D-03 -0.226895349832D-03  0.170923727536D-02  0.124207826503D-02
  0.422511633420D-03 -0.214335681197D-02 -0.609237271933D-03  0.112989356852D-02
 -0.153701197143D-02 -0.982565324076D-04 -0.133851964310D-02  0.961133626739D-05
 -0.195087506244D-02  0.106145042075D-01  0.231267868848D-02 -0.562046430090D-02
  0.186737176362D-01  0.872284974045D-03  0.197162641687D-02  0.871199222327D-01
  0.229837490660D-02  0.111313132959D-02  0.150363770483D-02 -0.590214300069D-02
 -0.593331128967D-02  0.260225464914D-02  0.476274224450D-04  0.163845157616D-03
  0.723035557451D-04  0.465018106099D-02  0.237444306325D-03  0.107764538907D-04
 -0.271452364869D-02 -0.100708320676D-02 -0.158575370913D-02  0.160347505449D-02
  0.154002642809D-02  0.183014771238D-02 -0.330326613366D-02 -0.665732664088D-03
  0.114138021915D-02 -0.198615765649D-02 -0.180101303056D-02 -0.230001689392D-02
  0.847786822822D-03 -0.204115581329D-02 -0.330305315497D-02 -0.163151878022D-02
  0.289002977362D-04  0.309509157923D-03 -0.979754187685D-04 -0.136719604418D-02
 -0.757862892656D-03 -0.408932641475D-02 -0.108203134083D-02  0.201911158181D-02
 -0.241383407092D-02 -0.254565039507D-02  0.990352531294D-04 -0.340126656353D-03
 -0.178323319610D-02 -0.233038797393D-03 -0.120350261017D-02  0.210146621117D-02
  0.220410401460D-02 -0.158439831412D-02  0.437955247851D-03 -0.721320712873D-03
  0.520188503740D+00  0.155902095197D-02  0.167581545917D-02 -0.604508673394D-03
 -0.409368513607D-02 -0.405523112909D-02 -0.300978856076D-02  0.183992600590D-05
  0.373268018148D-02 -0.685382023367D-04  0.259949957012D-02 -0.146028126353D-02
 -0.351555347702D-03 -0.214101341579D-02  0.107320699557D-02 -0.788292195081D-03
 -0.134432272837D-02 -0.128405862792D-02 -0.115700181768D-02 -0.251909430073D-02
 -0.310800684320D-03 -0.212374106931D-03 -0.335649494752D-02  0.388541419079D-03
 -0.281119171885D-02 -0.178822306196D-02  0.439268418098D-02 -0.556360010292D-02
 -0.882489788978D-04 -0.226496736775D-03 -0.903266602516D-03  0.436612855819D-03
  0.497123505747D-02  0.138349185943D-02 -0.369046708729D-02 -0.167496381402D-02
  0.365946742819D-02 -0.303760098350D-02 -0.146125294266D-02  0.212143997723D-03
 -0.560184232775D-03 -0.318221478238D-02  0.161741298754D-02  0.664616329480D-03
  0.840888300407D-05  0.147098250940D-02 -0.548560289185D-03  0.516100595743D-02
  0.172576168005D-03 -0.124393063822D-02  0.681847206852D+00 -0.283794302898D-02
  0.466234147463D-02 -0.408370751187D-02 -0.978651012067D-02 -0.976548174198D-02
 -0.746441442338D-02 -0.471730920148D-04  0.109239308886D-01 -0.527154002555D-05
  0.175764386543D-02 -0.274974050628D-02 -0.982377442776D-03 -0.472894849516D-02
  0.331587828992D-02 -0.587370935686D-03 -0.493878949288D-02 -0.179260384622D-02
 -0.228142054771D-02 -0.601425823158D-02 -0.697662612855D-03  0.578170574176D-03
 -0.111563271817D-01  0.352222302588D-02 -0.419846888378D-02 -0.550992926712D-02
  0.115264011118D-01 -0.129002246402D-01  0.502766977569D-03 -0.592238281740D-03
 -0.610974389440D-03  0.120813683949D-02  0.148764963599D-01  0.866638778638D-03
 -0.101351851486D-01 -0.149075609598D-02  0.121933093587D-01 -0.812228708272D-02
 -0.316225214279D-02 -0.206568761469D-02 -0.268469829495D-02 -0.618103532900D-02
  0.248835467413D-02  0.386189248332D-02  0.237029380007D-03  0.511029968085D-02
 -0.220239519529D-03  0.151973339457D-01  0.998325079445D-03 -0.270365155521D-02
 -0.165609002782D-02  0.726166033541D+00 -0.183733988784D-01 -0.106691360724D-02
  0.282700947808D-02 -0.907238215138D-02 -0.915494637606D-02  0.225615731996D-01
  0.131835581825D-03 -0.552276492000D-02  0.117309991680D-03 -0.571252850922D-02
  0.104352574838D-01  0.483695664387D-04 -0.184395937330D-02 -0.716176737196D-02
 -0.112096514989D-02  0.552514643564D-02 -0.388819032966D-03  0.137596195198D-02
 -0.440904267921D-02 -0.282356626696D-02 -0.527961248912D-03  0.347427299932D-02
  0.228428309395D-02  0.308509591044D-02  0.877446928063D-02 -0.198267307658D-01
 -0.395612702847D-02 -0.654108434547D-02  0.510133001423D-04  0.198298660668D-03
 -0.286626970381D-03 -0.133801107895D-01 -0.923438673886D-03 -0.877043128332D-02
  0.861141623561D-02  0.133386856867D-01 -0.686207405239D-02 -0.349163675961D-02
 -0.947822364811D-02 -0.250887039499D-02  0.460776172209D-02  0.120964378795D-03
 -0.280319181936D-02  0.106720096762D-02  0.113226737859D-02  0.757882780464D-02
 -0.415995821368D-02 -0.743996010776D-03 -0.277131511594D-02 -0.262625777291D-03
 -0.128016726452D-02  0.403234724178D+00 -0.729230734604D-02 -0.149265781246D-02
 -0.115059807405D-02  0.286120800545D-02  0.281758101375D-02  0.261275076744D-02
 -0.340489786294D-04 -0.154714729243D-02  0.100707392673D-03 -0.659238110364D-02
  0.267376354046D-02  0.881679014797D-04  0.182205234343D-02 -0.575196122110D-03
  0.752597444375D-03 -0.181928696027D-03  0.320708103023D-03  0.771551766224D-03
  0.143653814063D-02  0.274545433978D-03  0.762917052413D-03  0.161841224391D-02
  0.301986399045D-02  0.377338027192D-02  0.108113987151D-02 -0.320498859540D-02
  0.262116088211D-02 -0.242477077590D-03  0.757999625078D-04  0.111605721970D-02
 -0.112703669376D-03 -0.202245720490D-02 -0.169860189543D-02  0.105614819754D-02
  0.370581343414D-02  0.662010322646D-03  0.120748198697D-02  0.161260621492D-02
 -0.334468582598D-02 -0.691096987269D-03  0.311152807070D-02 -0.125200330884D-02
  0.919527645362D-03  0.266436847254D-03  0.567188365368D-03  0.293035461602D-02
 -0.194502219056D-02  0.249064672361D-03  0.591485985863D-03  0.103937405306D-02
  0.178805691606D-02 -0.851096088035D-03  0.455543226191D+00 -0.180667135304D-01
  0.275806096025D-02 -0.334562787098D-02 -0.671989080167D-02 -0.667083588767D-02
  0.871544028001D-02  0.145917404412D-04  0.382679093741D-02 -0.112957366721D-03
 -0.650318882729D-02  0.438619205093D-02 -0.109680102121D-02 -0.174646876303D-02
 -0.152528400636D-02 -0.487878802078D-03 -0.123648797066D-02  0.199510532639D-02
 -0.488324377099D-02 -0.371522112022D-02 -0.176469795739D-02 -0.246887668175D-02
 -0.483228381084D-02  0.451329514246D-02  0.255636876088D-02  0.999978616560D-03
 -0.373256946338D-02 -0.548757346346D-02 -0.159466755465D-02 -0.682823149555D-03
 -0.198944954253D-02  0.125968119828D-02  0.263572553607D-02  0.296452035696D-02
 -0.865325385577D-02  0.539215481704D-02  0.140565326713D-01 -0.618088467511D-02
 -0.594951279372D-03 -0.106242403576D-01 -0.273883656901D-02 -0.716192387292D-03
  0.498437458024D-02  0.253248394074D-02 -0.214636875705D-02  0.437353511520D-02
  0.492494664947D-02  0.821915829681D-02  0.176197830780D-02 -0.121542986412D-02
 -0.461720035802D-05 -0.149983137620D-02 -0.827669084904D-02  0.421435957601D-04
  0.422546733197D+00  0.174414160923D-01  0.124639079498D-02  0.109926234534D-02
 -0.229414339941D-03 -0.256052727956D-03 -0.874148133846D-02 -0.170717746967D-04
  0.637430241406D-03  0.870550347631D-04  0.112536719431D-01 -0.613310592009D-02
  0.331203606876D-03 -0.154954066943D-02  0.220454638540D-02 -0.607513124524D-03
  0.372622477731D-03  0.296915077938D-02  0.298729518136D-02 -0.151752486611D-03
  0.944480424753D-03  0.239665604750D-02 -0.233176771357D-02 -0.608587819155D-02
 -0.455872064358D-02 -0.297334610833D-02  0.667066607701D-02  0.180165293866D-02
  0.190372415631D-02  0.219810900671D-03  0.111059030125D-02 -0.364290009915D-03
  0.231218523530D-02 -0.174465962497D-02  0.283326214107D-02 -0.721717660337D-02
 -0.936279105471D-02  0.299025003245D-02 -0.114545844971D-02  0.823693960533D-02
  0.198472964615D-02 -0.360184301099D-02 -0.233168197221D-02 -0.492424596170D-03
  0.237809555294D-02  0.167577008790D-04 -0.795800632375D-02 -0.115849825768D-02
 -0.105727955233D-02  0.421252193016D-03 -0.176624660634D-02 -0.251233442145D-02
  0.535004574913D-02  0.124552196628D-02  0.268486225820D-02  0.436497299004D+00
 -0.130030804083D-02 -0.149996868098D-02  0.189003415565D-01 -0.127057028143D-02
 -0.112341587257D-02 -0.356444394270D-03  0.157732159911D-03 -0.152567270473D-03
 -0.369614340532D-03 -0.362684101560D-02  0.195696192532D-02  0.365484761409D-02
  0.113799683823D-04  0.179757375812D-03  0.232664135228D-03 -0.961154661581D-04
 -0.488597318764D-03  0.114676890957D-01 -0.115129609536D-02  0.431288843114D-03
  0.460679820128D-02 -0.194159980757D-02  0.266296806321D-02  0.163070982683D-02
  0.195117770746D-03 -0.136437181866D-02 -0.171444142382D-02 -0.122245324066D-02
  0.189143277904D-02 -0.163963586035D-02 -0.402653560921D-02  0.122560753365D-03
  0.250579882240D-02 -0.109863558068D-02  0.276222494309D-02  0.199036005758D-02
  0.569428372218D-03 -0.749177412430D-03 -0.102452800082D-02 -0.165958573891D-02
  0.226798860245D-02 -0.129028660251D-01 -0.124930470251D-01  0.414453775125D-02
 -0.326372101383D-01  0.545151615991D-03 -0.145724849703D-02 -0.113341294373D-01
 -0.595735927362D-03  0.128875275887D-03 -0.249649395188D-02 -0.468139690122D-03
 -0.146200859549D-02 -0.139532915406D-02 -0.179740526972D-03  0.433642515460D-01
 -0.859621353810D-03 -0.469041870806D-03  0.122754399280D-01 -0.560469851598D-02
 -0.557636859342D-02 -0.423133748038D-02  0.384815011129D-03  0.326847027254D-02
 -0.344077778648D-03 -0.197875934159D-02  0.108880673529D-02  0.159491733805D-02
 -0.271393423798D-02  0.137810053548D-02 -0.518586521802D-04 -0.137248367324D-02
 -0.897720241408D-03 -0.494152561552D-02 -0.450189732389D-02  0.603733179701D-03
 -0.144125082915D-01 -0.396026608535D-02  0.479921604433D-02 -0.101318401100D-02
 -0.166808211060D-02  0.294017278535D-02 -0.766010818137D-02 -0.189473142591D-02
  0.102975432862D-02 -0.305571987707D-02 -0.242959764427D-02  0.458396943686D-02
  0.489998027613D-02 -0.562730628147D-02  0.133024517434D-02  0.397988393858D-02
 -0.228808357724D-02 -0.175966837133D-02 -0.205919960286D-02 -0.222066335836D-02
 -0.138121077561D-02  0.644403580356D-02 -0.155882978966D-01 -0.940183112761D-02
 -0.627270839002D-02  0.121929810320D-02  0.255545424707D-02  0.310790447747D-02
 -0.235450156132D-02 -0.786408121281D-04 -0.234588134056D-02 -0.595008430416D-03
 -0.122838140107D-02  0.154607403703D-02 -0.290689102848D-02  0.554475912505D-02
  0.302336117541D-01
$end
