$hessian (projected)
 1  1   0.6063516328  -0.2905183458   0.0005286452  -0.5169416130   0.2370404378
 1  2  -0.0004521301  -0.0864348573   0.0206749936   0.0000061606   0.0094410644
 1  3  -0.0173484745   0.0000479715  -0.0079318424   0.0069912372  -0.0000151785
 1  4   0.0050333332  -0.0013052468   0.0000025215  -0.0166831555   0.0439757241
 1  5  -0.0001086587  -0.0031745645  -0.0024547764   0.0000089577  -0.0111763585
 1  6   0.0022197771   0.0000001179   0.0078662940   0.0009170787  -0.0000077624
 1  7   0.0107703192  -0.0008556815  -0.0000043029  -0.0009418390   0.0016516308
 1  8  -0.0000032622  -0.0065706555  -0.0002166423   0.0000051137   0.0056794373
 1  9  -0.0014159749   0.0000003891  -0.0000928696   0.0007842372  -0.0000017861
 1 10  -0.0002643516  -0.0000266945  -0.0000295617  -0.0002643375  -0.0000265396
 1 11   0.0000301539  -0.0032872842  -0.0008161303   0.0000050530   0.0025735929
 1 12   0.0004237122  -0.0000057457   0.0065443318  -0.0003037181  -0.0000041251
 1 13  -0.0004962769   0.0006093958  -0.0000025708
 2  1  -0.2905183458   0.2584218769  -0.0005035833   0.2369850099  -0.2282061313
 2  2   0.0003302243  -0.0003182778   0.0253140759  -0.0000173135  -0.0019990626
 2  3  -0.0001155070   0.0000155624   0.0080774733   0.0001047502  -0.0000046724
 2  4  -0.0144034893  -0.0069343093   0.0000393255   0.0567649823  -0.0532409376
 2  5   0.0001813683  -0.0023709712   0.0004152168   0.0000002028   0.0085655207
 2  6  -0.0017218731  -0.0000012446  -0.0065471612   0.0016230424   0.0000005247
 2  7  -0.0071133801   0.0012963211  -0.0000015610   0.0003840060  -0.0008576092
 2  8   0.0000019969   0.0044240383   0.0003054721  -0.0000036390  -0.0035148284
 2  9   0.0009798599  -0.0000005919   0.0000246932  -0.0003860384   0.0000012178
 2 10   0.0001386501   0.0000202629   0.0000168116   0.0001384875   0.0000201934
 2 11  -0.0000172164   0.0020223596   0.0005130973  -0.0000031447   0.0031087052
 2 12   0.0029396570  -0.0000220354   0.0038216661   0.0006684443  -0.0000096347
 2 13   0.0023299242  -0.0011598645  -0.0000025975
 3  1   0.0005286452  -0.0005035833   0.0334442871  -0.0004501634   0.0003282200
 3  2  -0.0728801467   0.0000701898  -0.0000287204   0.0198546153   0.0000022364
 3  3   0.0000253613   0.0046581107  -0.0000180995  -0.0000036105   0.0004079266
 3  4   0.0000416094   0.0000305936   0.0027444410  -0.0001484854   0.0001891277
 3  5   0.0194195472   0.0000090191  -0.0000000993  -0.0001711936  -0.0000178187
 3  6   0.0000024661  -0.0003401552   0.0000140993  -0.0000042273   0.0004267989
 3  7   0.0000132718  -0.0000052977  -0.0006764900  -0.0000004545   0.0000021329
 3  8   0.0000885886  -0.0000089743  -0.0000005254   0.0000625756   0.0000069410
 3  9  -0.0000019975  -0.0000268824   0.0000000989   0.0000010488   0.0001160328
 3 10   0.0000263381  -0.0000085002  -0.0000059846  -0.0000267891   0.0000084253
 3 11  -0.0000058270  -0.0000039759  -0.0000014354  -0.0000113727  -0.0000130761
 3 12  -0.0000204201  -0.0038416053  -0.0000169345  -0.0000076118  -0.0017869119
 3 13  -0.0000076777  -0.0000013469  -0.0014763544
 4  1  -0.5169416130   0.2369850099  -0.0004501634   0.8522057570  -0.1505010975
 4  2   0.0000634518  -0.1892801051  -0.0869353211   0.0003338472  -0.0552789055
 4  3   0.0190844499  -0.0000216987  -0.0012829442  -0.0155661087   0.0000425397
 4  4   0.0179145166   0.0295933601  -0.0001013022  -0.0914587879  -0.0072328120
 4  5   0.0000321712   0.0094325286   0.0077779005  -0.0000266704   0.0043247017
 4  6  -0.0024867078   0.0000059429  -0.0024881393  -0.0025072446   0.0000083441
 4  7  -0.0069869526   0.0000588641   0.0000050596   0.0007689890  -0.0012822736
 4  8   0.0000021475   0.0039622613   0.0000702855  -0.0000029262  -0.0036532757
 4  9   0.0007830519   0.0000001745   0.0000331195  -0.0005715375   0.0000011211
 4 10   0.0001918891   0.0000244777   0.0000205497   0.0001919392   0.0000243356
 4 11  -0.0000210163   0.0021131422   0.0005329791  -0.0000031619   0.0044596056
 4 12   0.0055265632  -0.0000146350  -0.0240263924  -0.0351432043   0.0001227167
 4 13  -0.0042013339   0.0017650294   0.0000035079
 5  1   0.2370404378  -0.2282061313   0.0003282200  -0.1505010975   0.5934806978
 5  2  -0.0011176752  -0.0548250805  -0.1642953713   0.0003286365  -0.0105232128
 5  3   0.0343540725  -0.0001040229  -0.0230737875  -0.0162058036   0.0000482463
 5  4   0.0496213404  -0.0079137206  -0.0000044869  -0.0271713664  -0.1819877057
 5  5   0.0003533971   0.0136298527   0.0040427272  -0.0000091070  -0.0131502417
 5  6   0.0000457362   0.0000126742   0.0131749757  -0.0040475578  -0.0000022942
 5  7   0.0087034045  -0.0031795795   0.0000093002  -0.0001164974   0.0007023775
 5  8  -0.0000035070  -0.0055722259  -0.0003450218   0.0000043657   0.0038957704
 5  9  -0.0014535333   0.0000019145  -0.0000316888   0.0003555635  -0.0000020055
 5 10  -0.0001050633  -0.0000349998  -0.0000135251  -0.0001046829  -0.0000350443
 5 11   0.0000139332  -0.0021592937  -0.0004549046   0.0000034233  -0.0288915177
 5 12  -0.0133469717   0.0000749662  -0.0076756894  -0.0143051916   0.0000587058
 5 13  -0.0021643361   0.0028303623   0.0000188405
 6  1  -0.0004521301   0.0003302243  -0.0728801467   0.0000634518  -0.0011176752
 6  2   0.1973687481   0.0002350900   0.0003454240  -0.0671588443   0.0000679878
 6  3  -0.0001215745  -0.0020209823   0.0000663593   0.0000405512  -0.0058458974
 6  4  -0.0001626160   0.0000096509   0.0016250984   0.0000958106   0.0003394941
 6  5  -0.0741004163  -0.0000448679  -0.0000065028   0.0037652263   0.0000369244
 6  6   0.0000059251   0.0013967017  -0.0000386115   0.0000081179  -0.0019484291
 6  7  -0.0000198041   0.0000146401   0.0017148208  -0.0000003357  -0.0000016748
 6  8  -0.0002660586   0.0000134365   0.0000003387  -0.0001915119  -0.0000087548
 6  9   0.0000039627   0.0000528777  -0.0000000836  -0.0000014390  -0.0002770410
 6 10  -0.0000603767   0.0000241256   0.0000133754   0.0000607566  -0.0000238375
 6 11   0.0000134512   0.0000048318   0.0000009060   0.0000477941   0.0000872811
 6 12   0.0000526330   0.0054867509   0.0000410136   0.0000784359   0.0044388174
 6 13   0.0000146369   0.0000182741   0.0087656651
 7  1  -0.0864348573  -0.0003182778   0.0000701898  -0.1892801051  -0.0548250805
 7  2   0.0002350900   0.6821603794  -0.0858279639  -0.0001086736  -0.3196046497
 7  3   0.1329535928  -0.0002269244   0.0101169080   0.0410975191  -0.0001230511
 7  4  -0.0255474432  -0.0061841000   0.0000338157   0.0136365274  -0.0318721241
 7  5   0.0000932499  -0.0367870689  -0.0025603343   0.0000342818  -0.0102596943
 7  6   0.0020204660   0.0000004240   0.0062222903  -0.0019953492   0.0000027929
 7  7   0.0098302314   0.0012272156  -0.0000083908  -0.0013231584   0.0018359888
 7  8  -0.0000040837  -0.0048544338  -0.0005796393   0.0000049711   0.0046137583
 7  9  -0.0009653038  -0.0000003037  -0.0000853582   0.0007074799  -0.0000020894
 7 10  -0.0002445010  -0.0000035071  -0.0000214242  -0.0002443602  -0.0000034001
 7 11   0.0000218433  -0.0026484482  -0.0006890811   0.0000040237  -0.0535715414
 7 12   0.0019963459   0.0000071148   0.0042946049   0.0039435298  -0.0000121300
 7 13   0.0000109198   0.0000420232  -0.0000007259
 8  1   0.0206749936   0.0253140759  -0.0000287204  -0.0869353211  -0.1642953713
 8  2   0.0003454240  -0.0858279639   0.7285956021  -0.0018139315   0.1573982049
 8  3  -0.2089127894   0.0003749590   0.0266058724  -0.0245909645   0.0000761161
 8  4   0.0059588906  -0.0010028569   0.0000009732  -0.0250494516  -0.0147068193
 8  5   0.0000849030  -0.0086492937   0.0157933171  -0.0000310014  -0.0036096157
 8  6  -0.0056764097   0.0000226898   0.0002136067  -0.0051073315   0.0000211178
 8  7  -0.0012638547   0.0014434892   0.0000015076  -0.0005524640   0.0000835109
 8  8  -0.0000004945   0.0002386213   0.0007026722  -0.0000019848   0.0003348621
 8  9   0.0001934803  -0.0000006268  -0.0001348223   0.0002010477  -0.0000019195
 8 10  -0.0000389109   0.0000214207   0.0000047405  -0.0000384144   0.0000214057
 8 11  -0.0000047229  -0.0001863634  -0.0000550015   0.0000004364   0.0031150692
 8 12  -0.3435934917   0.0009330600  -0.0026192904  -0.0051559250   0.0000225046
 8 13   0.0003656453   0.0007269389  -0.0000050301
 9  1   0.0000061606  -0.0000173135   0.0198546153   0.0003338472   0.0003286365
 9  2  -0.0671588443  -0.0001086736  -0.0018139315   0.1038271725  -0.0002996817
 9  3   0.0003897101  -0.0500339034  -0.0000824959   0.0000670756   0.0064718378
 9  4   0.0000017038   0.0000104813   0.0008803481   0.0000702364   0.0000856747
 9  5   0.0076735906   0.0000529069  -0.0000349982   0.0035456297   0.0000181643
 9  6   0.0000191096   0.0010717201  -0.0000035928   0.0000225411   0.0019573079
 9  7  -0.0000015055   0.0000000166   0.0017265817   0.0000025381  -0.0000013499
 9  8  -0.0000591391   0.0000022985  -0.0000014930   0.0000783429  -0.0000036230
 9  9   0.0000003296   0.0000791439   0.0000001748  -0.0000023507  -0.0004291574
 9 10  -0.0000839812  -0.0000009786   0.0000216598   0.0000845849   0.0000010135
 9 11   0.0000216445   0.0000020561   0.0000003428   0.0000482355   0.0000046528
 9 12   0.0009337512  -0.0306062207   0.0000061310   0.0000183988   0.0018249351
 9 13  -0.0000019019  -0.0000046660  -0.0007955004
10  1   0.0094410644  -0.0019990626   0.0000022364  -0.0552789055  -0.0105232128
10  2   0.0000679878  -0.3196046497   0.1573982049  -0.0002996817   0.6591630627
10  3  -0.1375834571   0.0000716843  -0.0977448181  -0.0191436399   0.0000729485
10  4   0.0136903893  -0.0210576638   0.0000599745  -0.0092824271   0.0095287463
10  5  -0.0000226516  -0.1512206607  -0.0204011889   0.0001362680  -0.0336660925
10  6   0.0262148950  -0.0000585952  -0.0135328107   0.0237786084  -0.0000529679
10  7  -0.0011486696   0.0010082828  -0.0000027292   0.0005052224  -0.0021942080
10  8   0.0000056670   0.0008460917  -0.0003967490   0.0000006944  -0.0010805758
10  9   0.0001404800   0.0000004017  -0.0003656532  -0.0001266691   0.0000007377
10 10  -0.0000077268  -0.0000344420   0.0000373963  -0.0000080721  -0.0000347735
10 11  -0.0000372327   0.0006114779   0.0000650501  -0.0000006273   0.0039868987
10 12  -0.0024111242   0.0000065546  -0.0010683128   0.0002402257  -0.0000007771
10 13  -0.0042348324  -0.0024683024   0.0000127112
11  1  -0.0173484745  -0.0001155070   0.0000253613   0.0190844499   0.0343540725
11  2  -0.0001215745   0.1329535928  -0.2089127894   0.0003897101  -0.1375834571
11  3   0.5905219473  -0.0013066660  -0.0136511788  -0.2422128493   0.0005236325
11  4  -0.0303570491  -0.0262708719   0.0001153017   0.0129261568  -0.0150080915
11  5   0.0000357803  -0.0604137197  -0.0790455006   0.0001820488  -0.0093497262
11  6   0.0035810527  -0.0000101944   0.0665274466  -0.0357939833   0.0001102520
11  7   0.0193995695  -0.0100345840   0.0000168677  -0.0005747939   0.0028564746
11  8  -0.0000068256  -0.0113761822  -0.0011134499   0.0000105040   0.0078367738
11  9  -0.0035735943   0.0000056633   0.0000296549   0.0009320849  -0.0000008790
11 10  -0.0000827853  -0.0000383525  -0.0000547600  -0.0000840125  -0.0000386137
11 11   0.0000552029  -0.0040176570  -0.0004859599   0.0000045560   0.0271122159
11 12  -0.0100231691   0.0000145071   0.0000625096   0.0000953214   0.0000014072
11 13  -0.0010933335   0.0003263630   0.0000101044
12  1   0.0000479715   0.0000155624   0.0046581107  -0.0000216987  -0.0001040229
12  2  -0.0020209823  -0.0002269244   0.0003749590  -0.0500339034   0.0000716843
12  3  -0.0013066660   0.1238175951   0.0000594219   0.0005265767  -0.0692856726
12  4   0.0000854222   0.0001068823   0.0050793012  -0.0000317912   0.0000424631
12  5   0.0001743378   0.0002557455   0.0001566950  -0.0303086768   0.0000487337
12  6  -0.0000326854  -0.0019229297  -0.0001816945   0.0001377852   0.0150948043
12  7  -0.0000575042   0.0000278419  -0.0005467054   0.0000013444  -0.0000065573
12  8   0.0000763256   0.0000331729   0.0000035020  -0.0000328527  -0.0000223349
12  9   0.0000110920   0.0001359068   0.0000005025  -0.0000011008   0.0005158463
12 10   0.0002160800   0.0000877819  -0.0000036264  -0.0002155822  -0.0000875047
12 11  -0.0000030295   0.0000114412   0.0000013389   0.0000772077  -0.0000829359
12 12   0.0000350943   0.0010606569   0.0000004371  -0.0000004153   0.0000175322
12 13   0.0000085086   0.0000113777   0.0034507542
13  1  -0.0079318424   0.0080774733  -0.0000180995  -0.0012829442  -0.0230737875
13  2   0.0000663593   0.0101169080   0.0266058724  -0.0000824959  -0.0977448181
13  3  -0.0136511788   0.0000594219   0.8071595879   0.0160942413  -0.0004858014
13  4  -0.2277188018  -0.1147955963   0.0004674603  -0.0595936634   0.0268301087
13  5  -0.0000369795  -0.0118906195  -0.0075590497   0.0000302991  -0.1371231652
13  6  -0.0228469282   0.0001641172  -0.2942646372   0.1070787913  -0.0001734604
13  7   0.0348809514  -0.0111970803   0.0000175104  -0.0044558506   0.0052539198
13  8  -0.0000141079  -0.0185544713   0.0000181886   0.0000116041   0.0131399015
13  9  -0.0060692342   0.0000084911  -0.0007397160   0.0024567432  -0.0000064503
13 10  -0.0002471808  -0.0000166578  -0.0000124228  -0.0002473976  -0.0000167025
13 11   0.0000128591  -0.0063955117  -0.0003445480   0.0000059189  -0.0040505200
13 12   0.0024469792   0.0000001241   0.0017163684   0.0016650561  -0.0000035600
13 13   0.0052274227   0.0030433894  -0.0000107877
14  1   0.0069912372   0.0001047502  -0.0000036105  -0.0155661087  -0.0162058036
14  2   0.0000405512   0.0410975191  -0.0245909645   0.0000670756  -0.0191436399
14  3  -0.2422128493   0.0005265767   0.0160942413   0.6193875784  -0.0014341160
14  4  -0.0866742174  -0.1750175828   0.0004163961  -0.0059343162   0.0265540178
14  5  -0.0000568058  -0.0359099064  -0.0173199991   0.0000811426   0.0013046236
14  6  -0.0044862668   0.0000452930   0.1319148205  -0.1598672702   0.0002074140
14  7  -0.0179010378  -0.0001006313   0.0000355328   0.0002466492  -0.0015789796
14  8   0.0000013819   0.0069309722   0.0013766837  -0.0000111780  -0.0060343419
14  9   0.0020259959  -0.0000047210   0.0003104363  -0.0008299259   0.0000044311
14 10   0.0002416630   0.0000765828   0.0000054237   0.0002405959   0.0000760509
14 11  -0.0000063867   0.0029217788   0.0006062688  -0.0000030232  -0.0000875062
14 12   0.0018238476   0.0000166016   0.0062011274   0.0014468095   0.0000060183
14 13  -0.0272445902  -0.0112683126   0.0000660026
15  1  -0.0000151785  -0.0000046724   0.0004079266   0.0000425397   0.0000482463
15  2  -0.0058458974  -0.0001230511   0.0000761161   0.0064718378   0.0000729485
15  3   0.0005236325  -0.0692856726  -0.0004858014  -0.0014341160   0.1473311019
15  4   0.0003812126   0.0004353053  -0.0579003681   0.0000597821  -0.0000796049
15  5   0.0065722050   0.0001166134   0.0000628868   0.0017856900   0.0000900423
15  6   0.0000597051   0.0108036214  -0.0002454195   0.0002227167  -0.0632181119
15  7   0.0000372434   0.0000317249   0.0080651503   0.0000014132  -0.0000011349
15  8  -0.0008738478  -0.0000098074  -0.0000068914  -0.0008638609   0.0000092990
15  9  -0.0000051071  -0.0009385433   0.0000000762   0.0000032829   0.0007881536
15 10   0.0001779638   0.0000877496  -0.0000208263  -0.0001791375  -0.0000883134
15 11  -0.0000200478  -0.0000045592  -0.0000008541   0.0002664925   0.0000076819
15 12   0.0000137342   0.0070592975  -0.0000171901   0.0000095639   0.0050480379
15 13   0.0000833286   0.0000460298   0.0043676616
16  1   0.0050333332  -0.0144034893   0.0000416094   0.0179145166   0.0496213404
16  2  -0.0001626160  -0.0255474432   0.0059588906   0.0000017038   0.0136903893
16  3  -0.0303570491   0.0000854222  -0.2277188018  -0.0866742174   0.0003812126
16  4   0.7179635534  -0.0556283398  -0.0002231306  -0.3437110350   0.1373361154
16  5  -0.0002270514  -0.0049865574  -0.0033773004   0.0000151125   0.0248322792
16  6   0.0079073747  -0.0000353503  -0.0764087353  -0.0120373548   0.0000829046
16  7  -0.0158853700   0.0021434211   0.0000044739   0.0014188991  -0.0022258393
16  8   0.0000062932   0.0077963627   0.0003975153  -0.0000066423  -0.0062216665
16  9   0.0025007327  -0.0000036627   0.0002848231  -0.0010001057   0.0000029296
16 10   0.0001919904   0.0000452845   0.0000129394   0.0001920173   0.0000453206
16 11  -0.0000134692   0.0031591962   0.0004129770  -0.0000035715  -0.0007396472
16 12  -0.0007098820   0.0000022707  -0.0377288666   0.0002706342   0.0000261023
16 13  -0.0535292375  -0.0002260289   0.0000125199
17  1  -0.0013052468  -0.0069343093   0.0000305936   0.0295933601  -0.0079137206
17  2   0.0000096509  -0.0061841000  -0.0010028569   0.0000104813  -0.0210576638
17  3  -0.0262708719   0.0001068823  -0.1147955963  -0.1750175828   0.0004353053
17  4  -0.0556283398   0.7599702259  -0.0019098294   0.1754741981  -0.2155905917
17  5   0.0003827215  -0.0027976905  -0.0052047074   0.0000255680   0.0100338956
17  6   0.0002518520   0.0000146791   0.0093343793   0.0168598846  -0.0000740833
17  7  -0.0027842880   0.0019816655   0.0000015820  -0.0000226918  -0.0001994528
17  8   0.0000011268   0.0020851506   0.0000923674  -0.0000027824  -0.0012212155
17  9   0.0006141684  -0.0000032722   0.0000553227  -0.0001265199   0.0000006442
17 10   0.0000300341   0.0000028346   0.0000047138   0.0000302294   0.0000033384
17 11  -0.0000047732   0.0007333972   0.0001141561  -0.0000005173   0.0001278427
17 12   0.0007579310  -0.0000029485  -0.0205058535   0.0038481464   0.0000116784
17 13  -0.0011951240  -0.3462359572   0.0009625794
18  1   0.0000025215   0.0000393255   0.0027444410  -0.0001013022  -0.0000044869
18  2   0.0016250984   0.0000338157   0.0000009732   0.0008803481   0.0000599745
18  3   0.0001153017   0.0050793012   0.0004674603   0.0004163961  -0.0579003681
18  4  -0.0002231306  -0.0019098294   0.1280632778  -0.0003401767   0.0004094851
18  5  -0.0524083235   0.0000134924   0.0000261934   0.0027219493  -0.0000418855
18  6   0.0000163729   0.0072779623   0.0000161847  -0.0000597058  -0.0054886405
18  7   0.0000198941  -0.0000019404   0.0018478202  -0.0000008164   0.0000022227
18  8   0.0001037215  -0.0000115704  -0.0000016717  -0.0003673159   0.0000071089
18  9  -0.0000058332  -0.0007546832  -0.0000002909   0.0000012981   0.0000794081
18 10  -0.0000339978  -0.0000896902  -0.0000000726   0.0000335517   0.0000896028
18 11  -0.0000006580  -0.0000040029  -0.0000000083   0.0001258300   0.0000002339
18 12  -0.0000024544  -0.0002222967   0.0000874599  -0.0000017116   0.0034140930
18 13   0.0000154757   0.0009601602  -0.0368208923
19  1  -0.0166831555   0.0567649823  -0.0001484854  -0.0914587879  -0.0271713664
19  2   0.0000958106   0.0136365274  -0.0250494516   0.0000702364  -0.0092824271
19  3   0.0129261568  -0.0000317912  -0.0595936634  -0.0059343162   0.0000597821
19  4  -0.3437110350   0.1754741981  -0.0003401767   0.6139054171  -0.1374103943
19  5   0.0000807096   0.0031134414   0.0039040822  -0.0000133402  -0.0062530940
19  6  -0.0026889402   0.0000125241   0.0101625412  -0.0033572688   0.0000057602
19  7   0.0013192106  -0.0009255662   0.0000016614  -0.0002735523   0.0001149143
19  8  -0.0000007403   0.0001232309   0.0002178300  -0.0000005782  -0.0003917800
19  9  -0.0003316922   0.0000014155  -0.0001208570   0.0001119793  -0.0000003686
19 10   0.0000458245  -0.0000215300   0.0000220415   0.0000457802  -0.0000216419
19 11  -0.0000220022   0.0004508630   0.0003199885  -0.0000010759  -0.0037897199
19 12  -0.0023559685   0.0000114156  -0.1146498982  -0.0410672402   0.0001858264
19 13   0.0034051341  -0.0034987551   0.0000113754
20  1   0.0439757241  -0.0532409376   0.0001891277  -0.0072328120  -0.1819877057
20  2   0.0003394941  -0.0318721241  -0.0147068193   0.0000856747   0.0095287463
20  3  -0.0150080915   0.0000424631   0.0268301087   0.0265540178  -0.0000796049
20  4   0.1373361154  -0.2155905917   0.0004094851  -0.1374103943   0.5209868873
20  5  -0.0011994075  -0.0062757987  -0.0015551203   0.0000063620   0.0194574541
20  6  -0.0000638886  -0.0000119644  -0.0253800572   0.0003105377   0.0000288387
20  7  -0.0147627574   0.0023268211   0.0000000357   0.0009743212  -0.0019247008
20  8   0.0000063515   0.0085397301   0.0006059159  -0.0000073626  -0.0068471230
20  9   0.0022185870  -0.0000016231   0.0001314482  -0.0008488929   0.0000028980
20 10   0.0002545754   0.0000359981   0.0000319482   0.0002544507   0.0000357602
20 11  -0.0000324798   0.0038310124   0.0008273388  -0.0000053712  -0.0006252541
20 12  -0.0006245140   0.0000126816  -0.0481406065  -0.0568762442   0.0001500568
20 13   0.0274332406  -0.0114743573   0.0000323964
21  1  -0.0001086587   0.0001813683   0.0194195472   0.0000321712   0.0003533971
21  2  -0.0741004163   0.0000932499   0.0000849030   0.0076735906  -0.0000226516
21  3   0.0000357803   0.0001743378  -0.0000369795  -0.0000568058   0.0065722050
21  4  -0.0002270514   0.0003827215  -0.0524083235   0.0000807096  -0.0011994075
21  5   0.0995217043   0.0000162859   0.0000006219  -0.0004814465  -0.0000535256
21  6   0.0000023320   0.0001018646   0.0000722388   0.0000139834   0.0041344260
21  7   0.0000424827  -0.0000081364  -0.0006471161  -0.0000026972   0.0000059015
21  8   0.0000535852  -0.0000253092  -0.0000017318   0.0000442909   0.0000204364
21  9  -0.0000062542   0.0000308780  -0.0000002298   0.0000027009   0.0000557164
21 10   0.0000154574   0.0000000667  -0.0000028332  -0.0000170287  -0.0000002569
21 11  -0.0000026125  -0.0000114919  -0.0000025156  -0.0000118386   0.0000064757
21 12   0.0000136883   0.0034247277   0.0002089279   0.0001447812  -0.0187267465
21 13  -0.0000828119   0.0000528620   0.0051744597
22  1  -0.0031745645  -0.0023709712   0.0000090191   0.0094325286   0.0136298527
22  2  -0.0000448679  -0.0367870689  -0.0086492937   0.0000529069  -0.1512206607
22  3  -0.0604137197   0.0002557455  -0.0118906195  -0.0359099064   0.0001166134
22  4  -0.0049865574  -0.0027976905   0.0000134924   0.0031134414  -0.0062757987
22  5   0.0000162859   0.2649733718   0.0323614367  -0.0002433462  -0.0469085593
22  6   0.0401755560  -0.0001101983  -0.0151990046   0.0017147124   0.0000153705
22  7  -0.0082834338   0.0302148538  -0.0000849431  -0.0013799462  -0.0016836299
22  8   0.0000068691   0.0040545982   0.0002662508  -0.0000043171  -0.0027657743
22  9   0.0009816210  -0.0000015805   0.0000117501  -0.0004137303   0.0000019268
22 10  -0.0002549786  -0.0000790276   0.0000603488  -0.0002553060  -0.0000794043
22 11  -0.0000596152   0.0007497810  -0.0002573129   0.0000000395   0.0012454825
22 12  -0.0002529585  -0.0000015899  -0.0000255920  -0.0001723283   0.0000012108
22 13  -0.0004488875   0.0000114887   0.0000006294
23  1  -0.0024547764   0.0004152168  -0.0000000993   0.0077779005   0.0040427272
23  2  -0.0000065028  -0.0025603343   0.0157933171  -0.0000349982  -0.0204011889
23  3  -0.0790455006   0.0001566950  -0.0075590497  -0.0173199991   0.0000628868
23  4  -0.0033773004  -0.0052047074   0.0000261934   0.0039040822  -0.0015551203
23  5   0.0000006219   0.0323614367   0.2872101770  -0.0007823349   0.0112724865
23  6  -0.1238657956   0.0002719848  -0.0256528267  -0.0701468598   0.0002799834
23  7   0.0133315714  -0.0124336582   0.0000323612  -0.0022175312   0.0014357527
23  8   0.0000009594  -0.0046637799   0.0002587225  -0.0000018118   0.0038635812
23  9  -0.0008764388  -0.0000028395  -0.0011830780   0.0010920796   0.0000009930
23 10  -0.0001056446   0.0000531704  -0.0000173371  -0.0001069153   0.0000533424
23 11   0.0000169532  -0.0016198184  -0.0001591866   0.0000016004  -0.0002228674
23 12   0.0002229295  -0.0000075476   0.0001254554   0.0002043508  -0.0000004921
23 13  -0.0005114026  -0.0001745198   0.0000027307
24  1   0.0000089577   0.0000002028  -0.0001711936  -0.0000266704  -0.0000091070
24  2   0.0037652263   0.0000342818  -0.0000310014   0.0035456297   0.0001362680
24  3   0.0001820488  -0.0303086768   0.0000302991   0.0000811426   0.0017856900
24  4   0.0000151125   0.0000255680   0.0027219493  -0.0000133402   0.0000063620
24  5  -0.0004814465  -0.0002433462  -0.0007823349   0.0325089401  -0.0000242790
24  6   0.0002535032  -0.0297894346   0.0000989165   0.0002628759   0.0173772133
24  7  -0.0000333097   0.0000219325   0.0009938274   0.0000084263   0.0000011615
24  8   0.0011850948   0.0000095625  -0.0000049754  -0.0013132805  -0.0000089474
24  9  -0.0000005367  -0.0009049197   0.0000041632   0.0000003352   0.0010890534
24 10   0.0002092460  -0.0000130192  -0.0000420770  -0.0002083073   0.0000126132
24 11  -0.0000416217   0.0000031310  -0.0000003736   0.0000101091  -0.0000014429
24 12  -0.0000072675  -0.0023161368  -0.0000010378  -0.0000016364  -0.0002096769
24 13   0.0000023162   0.0000025062   0.0005957307
25  1  -0.0111763585   0.0085655207  -0.0000178187   0.0043247017  -0.0131502417
25  2   0.0000369244  -0.0102596943  -0.0036096157   0.0000181643  -0.0336660925
25  3  -0.0093497262   0.0000487337  -0.1371231652   0.0013046236   0.0000900423
25  4   0.0248322792   0.0100338956  -0.0000418855  -0.0062530940   0.0194574541
25  5  -0.0000535256  -0.0469085593   0.0112724865  -0.0000242790   0.7872041939
25  6   0.0618604788  -0.0006135926  -0.2162490341  -0.1514607485   0.0005539273
25  7  -0.2800283334   0.0704684692  -0.0000689309  -0.0113576874   0.0181938002
25  8  -0.0000452483  -0.0723172568  -0.0126293447   0.0000864428   0.0261627882
25  9  -0.0100238156   0.0000165560  -0.0003054624   0.0039266646  -0.0000105057
25 10  -0.0006184283  -0.0002004343  -0.0001127526  -0.0006191060  -0.0002005550
25 11   0.0001144674  -0.0121186121  -0.0021986109   0.0000148238  -0.0001402610
25 12   0.0003153021  -0.0000010896  -0.0032042982  -0.0018184552   0.0000073795
25 13  -0.0001785194  -0.0007571474   0.0000021670
26  1   0.0022197771  -0.0017218731   0.0000024661  -0.0024867078   0.0000457362
26  2   0.0000059251   0.0020204660  -0.0056764097   0.0000191096   0.0262148950
26  3   0.0035810527  -0.0000326854  -0.0228469282  -0.0044862668   0.0000597051
26  4   0.0079073747   0.0002518520   0.0000163729  -0.0026889402  -0.0000638886
26  5   0.0000023320   0.0401755560  -0.1238657956   0.0002535032   0.0618604788
26  6   0.4984186924  -0.0011951097  -0.1871332389  -0.2452772119   0.0006712205
26  7   0.0833145445  -0.1054085473   0.0000947120   0.0287211163  -0.0143487843
26  8   0.0000423033  -0.0377306689   0.0090022180   0.0000078816   0.0032304818
26  9  -0.0058756998   0.0000390249   0.0015977890  -0.0033099510   0.0000153193
26 10   0.0006914151   0.0001432490  -0.0002658517   0.0006878335   0.0001410670
26 11   0.0002619165  -0.0055867761  -0.0002053099   0.0000022545   0.0008545827
26 12  -0.0006360307   0.0000005019  -0.0003445880  -0.0005434850  -0.0000004005
26 13  -0.0006784623  -0.0001646135  -0.0000005015
27  1   0.0000001179  -0.0000012446  -0.0003401552   0.0000059429   0.0000126742
27  2   0.0013967017   0.0000004240   0.0000226898   0.0010717201  -0.0000585952
27  3  -0.0000101944  -0.0019229297   0.0001641172   0.0000452930   0.0108036214
27  4  -0.0000353503   0.0000146791   0.0072779623   0.0000125241  -0.0000119644
27  5   0.0001018646  -0.0001101983   0.0002719848  -0.0297894346  -0.0006135926
27  6  -0.0011951097   0.1117814371   0.0006597577   0.0006481443  -0.0612648963
27  7  -0.0001080222   0.0001017867  -0.0554605504  -0.0000757228   0.0000491041
27  8   0.0056076072   0.0001596767  -0.0000078129   0.0034029861  -0.0000191700
27  9   0.0000480669   0.0081096964  -0.0000029573   0.0000143406   0.0022124788
27 10   0.0006646311   0.0006322393  -0.0003707870  -0.0006685078  -0.0006350069
27 11  -0.0003677563   0.0000231388  -0.0000008429  -0.0008404918  -0.0000026742
27 12   0.0000008612  -0.0002864041   0.0000025669   0.0000006897  -0.0006860826
27 13   0.0000018934  -0.0000003778  -0.0004365880
28  1   0.0078662940  -0.0065471612   0.0000140993  -0.0024881393   0.0131749757
28  2  -0.0000386115   0.0062222903   0.0002136067  -0.0000035928  -0.0135328107
28  3   0.0665274466  -0.0001816945  -0.2942646372   0.1319148205  -0.0002454195
28  4  -0.0764087353   0.0093343793   0.0000161847   0.0101625412  -0.0253800572
28  5   0.0000722388  -0.0151990046  -0.0256528267   0.0000989165  -0.2162490341
28  6  -0.1871332389   0.0006597577   0.6659959088   0.0395322610  -0.0004807504
28  7  -0.0958039710  -0.0217174802   0.0001173008   0.0067717671  -0.0081128231
28  8   0.0000204010   0.0242476553   0.0065234362  -0.0000316485  -0.0208017619
28  9   0.0073330221  -0.0000055206   0.0012513026  -0.0038229865   0.0000099230
28 10   0.0004875155   0.0001030755   0.0000434203   0.0004879468   0.0001028856
28 11  -0.0000447445   0.0089305986   0.0011119708  -0.0000106769  -0.0004867591
28 12   0.0000077893   0.0000006434  -0.0001089797   0.0010883245  -0.0000021438
28 13   0.0029200127   0.0013985800  -0.0000080826
29  1   0.0009170787   0.0016230424  -0.0000042273  -0.0025072446  -0.0040475578
29  2   0.0000081179  -0.0019953492  -0.0051073315   0.0000225411   0.0237786084
29  3  -0.0357939833   0.0001377852   0.1070787913  -0.1598672702   0.0002227167
29  4  -0.0120373548   0.0168598846  -0.0000597058  -0.0033572688   0.0003105377
29  5   0.0000139834   0.0017147124  -0.0701468598   0.0002628759  -0.1514607485
29  6  -0.2452772119   0.0006481443   0.0395322610   0.4896574092  -0.0011985604
29  7  -0.0161583741   0.0073449464  -0.0000477281   0.0033513507  -0.0012607049
29  8   0.0000002826   0.0088566665   0.0025216067   0.0000057973  -0.0033330645
29  9   0.0006237433   0.0000113729  -0.0003396518  -0.0002087148  -0.0000028706
29 10   0.0003537104   0.0001619876   0.0000238902   0.0003557495   0.0001620558
29 11  -0.0000253574   0.0024296176   0.0011221077  -0.0000089041   0.0017878748
29 12  -0.0003041396   0.0000010020  -0.0005974748   0.0003402681   0.0000033267
29 13   0.0016301097   0.0012861841  -0.0000144826
30  1  -0.0000077624   0.0000005247   0.0004267989   0.0000083441  -0.0000022942
30  2  -0.0019484291   0.0000027929   0.0000211178   0.0019573079  -0.0000529679
30  3   0.0001102520   0.0150948043  -0.0001734604   0.0002074140  -0.0632181119
30  4   0.0000829046  -0.0000740833  -0.0054886405   0.0000057602   0.0000288387
30  5   0.0041344260   0.0000153705   0.0002799834   0.0173772133   0.0005539273
30  6   0.0006712205  -0.0612648963  -0.0004807504  -0.0011985604   0.0992271942
30  7   0.0001011688  -0.0000434966  -0.0119100935  -0.0000146061   0.0000068196
30  8  -0.0005364364  -0.0000377433   0.0000073689   0.0063231514   0.0000252225
30  9   0.0000042671   0.0035711781  -0.0000006408  -0.0000007333  -0.0012431346
30 10  -0.0003391698  -0.0000347979  -0.0000015242   0.0003364100   0.0000336529
30 11  -0.0000020256  -0.0000137088  -0.0000077031  -0.0012319125  -0.0000048264
30 12   0.0000021501   0.0004373861   0.0000029018   0.0000024359   0.0013751929
30 13  -0.0000091664  -0.0000143767  -0.0030794485
31  1   0.0107703192  -0.0071133801   0.0000132718  -0.0069869526   0.0087034045
31  2  -0.0000198041   0.0098302314  -0.0012638547  -0.0000015055  -0.0011486696
31  3   0.0193995695  -0.0000575042   0.0348809514  -0.0179010378   0.0000372434
31  4  -0.0158853700  -0.0027842880   0.0000198941   0.0013192106  -0.0147627574
31  5   0.0000424827  -0.0082834338   0.0133315714  -0.0000333097  -0.2800283334
31  6   0.0833145445  -0.0001080222  -0.0958039710  -0.0161583741   0.0001011688
31  7   0.8104203788   0.0965761818  -0.0007013301  -0.0488337994   0.0018963971
31  8   0.0000042050  -0.2933032759  -0.1747303257   0.0006635040  -0.1099348737
31  9  -0.0129994952   0.0001084420  -0.0234567685   0.0155899774  -0.0000308893
31 10  -0.0035632523  -0.0015833573   0.0015709103  -0.0035634038  -0.0015922406
31 11  -0.0015566419   0.0200245495   0.0100701420  -0.0000417797   0.0004429973
31 12  -0.0003309668   0.0000004307   0.0031128308   0.0018512373  -0.0000093462
31 13  -0.0000093652   0.0004870524  -0.0000014201
32  1  -0.0008556815   0.0012963211  -0.0000052977   0.0000588641  -0.0031795795
32  2   0.0000146401   0.0012272156   0.0014434892   0.0000000166   0.0010082828
32  3  -0.0100345840   0.0000278419  -0.0111970803  -0.0001006313   0.0000317249
32  4   0.0021434211   0.0019816655  -0.0000019404  -0.0009255662   0.0023268211
32  5  -0.0000081364   0.0302148538  -0.0124336582   0.0000219325   0.0704684692
32  6  -0.1054085473   0.0001017867  -0.0217174802   0.0073449464  -0.0000434966
32  7   0.0965761818   0.4857507194  -0.0010642093   0.0218301459  -0.1139075472
32  8   0.0002254614  -0.1880954388  -0.2611312827   0.0007152817  -0.0458663360
32  9   0.0140435845  -0.0000233659   0.0275835846  -0.0000498806  -0.0000183515
32 10  -0.0030438967  -0.0042675230  -0.0003755459  -0.0030329298  -0.0042626194
32 11   0.0004071730   0.0245713472   0.0009155989  -0.0000049568  -0.0001348117
32 12   0.0002051210  -0.0000021951  -0.0007550486  -0.0003769309   0.0000004328
32 13  -0.0000580964  -0.0001554829   0.0000012040
33  1  -0.0000043029  -0.0000015610  -0.0006764900   0.0000050596   0.0000093002
33  2   0.0017148208  -0.0000083908   0.0000015076   0.0017265817  -0.0000027292
33  3   0.0000168677  -0.0005467054   0.0000175104   0.0000355328   0.0080651503
33  4   0.0000044739   0.0000015820   0.0018478202   0.0000016614   0.0000000357
33  5  -0.0006471161  -0.0000849431   0.0000323612   0.0009938274  -0.0000689309
33  6   0.0000947120  -0.0554605504   0.0001173008  -0.0000477281  -0.0119100935
33  7  -0.0007013301  -0.0010642093   0.1459648863  -0.0000548041   0.0002393146
33  8  -0.0323443992   0.0007017720   0.0007099908  -0.0585040447   0.0002047210
33  9  -0.0000513211  -0.0051282109  -0.0000681827  -0.0000117920  -0.0004830872
33 10  -0.0017886813  -0.0004380620   0.0003336251   0.0018121043   0.0004677743
33 11   0.0003281199  -0.0000826193   0.0000078215   0.0053258686  -0.0000002299
33 12  -0.0000020599  -0.0005551128   0.0000001763  -0.0000009281  -0.0002713783
33 13   0.0000003647   0.0000008612   0.0002264882
34  1  -0.0009418390   0.0003840060  -0.0000004545   0.0007689890  -0.0001164974
34  2  -0.0000003357  -0.0013231584  -0.0005524640   0.0000025381   0.0005052224
34  3  -0.0005747939   0.0000013444  -0.0044558506   0.0002466492   0.0000014132
34  4   0.0014188991  -0.0000226918  -0.0000008164  -0.0002735523   0.0009743212
34  5  -0.0000026972  -0.0013799462  -0.0022175312   0.0000084263  -0.0113576874
34  6   0.0287211163  -0.0000757228   0.0067717671   0.0033513507  -0.0000146061
34  7  -0.0488337994   0.0218301459  -0.0000548041   0.2482310731   0.0274665552
34  8  -0.0002151952   0.0056785759  -0.0012044135   0.0000125801  -0.0270289013
34  9  -0.0242461503   0.0000868534  -0.1383414135  -0.0348787934   0.0001657507
34 10  -0.0162654449  -0.0086165090   0.0018693361  -0.0162480728  -0.0086177201
34 11  -0.0017886661   0.0032017903  -0.0017948590   0.0000051180   0.0000693508
34 12  -0.0000084597   0.0000000590  -0.0000871363  -0.0000704347  -0.0000003586
34 13  -0.0001088655  -0.0000528265   0.0000002373
35  1   0.0016516308  -0.0008576092   0.0000021329  -0.0012822736   0.0007023775
35  2  -0.0000016748   0.0018359888   0.0000835109  -0.0000013499  -0.0021942080
35  3   0.0028564746  -0.0000065573   0.0052539198  -0.0015789796  -0.0000011349
35  4  -0.0022258393  -0.0001994528   0.0000022227   0.0001149143  -0.0019247008
35  5   0.0000059015  -0.0016836299   0.0014357527   0.0000011615   0.0181938002
35  6  -0.0143487843   0.0000491041  -0.0081128231  -0.0012607049   0.0000068196
35  7   0.0018963971  -0.1139075472   0.0002393146   0.0274665552   0.2573740931
35  8  -0.0006758038  -0.0269098887  -0.0612817139   0.0002616772  -0.0065589726
35  9  -0.0177121300   0.0000376877  -0.0162807823  -0.0523481861   0.0000524967
35 10   0.0072540301   0.0043960215  -0.0020145225   0.0073450636   0.0044502463
35 11   0.0020133963  -0.0062678691  -0.0062330621   0.0000315279   0.0000177906
35 12  -0.0000089456   0.0000004249   0.0004267903   0.0002657283  -0.0000024394
35 13   0.0000594058   0.0000976116  -0.0000003849
36  1  -0.0000032622   0.0000019969   0.0000885886   0.0000021475  -0.0000035070
36  2  -0.0002660586  -0.0000040837  -0.0000004945  -0.0000591391   0.0000056670
36  3  -0.0000068256   0.0000763256  -0.0000141079   0.0000013819  -0.0008738478
36  4   0.0000062932   0.0000011268   0.0001037215  -0.0000007403   0.0000063515
36  5   0.0000535852   0.0000068691   0.0000009594   0.0011850948  -0.0000452483
36  6   0.0000423033   0.0056076072   0.0000204010   0.0000002826  -0.0005364364
36  7   0.0000042050   0.0002254614  -0.0323443992  -0.0002151952  -0.0006758038
36  8   0.0364540387   0.0000922553   0.0002438346   0.0198775258   0.0000316859
36  9   0.0000513355  -0.0060501366   0.0001100623   0.0000649621  -0.0377249955
36 10  -0.0145912208  -0.0069563719   0.0058788323   0.0145763475   0.0069754854
36 11   0.0058077501   0.0000192768   0.0000283089   0.0026200494  -0.0000001036
36 12   0.0000002472   0.0001209165  -0.0000010146  -0.0000006100  -0.0000174716
36 13  -0.0000002342  -0.0000004245  -0.0000015509
37  1  -0.0065706555   0.0044240383  -0.0000089743   0.0039622613  -0.0055722259
37  2   0.0000134365  -0.0048544338   0.0002386213   0.0000022985   0.0008460917
37  3  -0.0113761822   0.0000331729  -0.0185544713   0.0069309722  -0.0000098074
37  4   0.0077963627   0.0020851506  -0.0000115704   0.0001232309   0.0085397301
37  5  -0.0000253092   0.0040545982  -0.0046637799   0.0000095625  -0.0723172568
37  6  -0.0377306689   0.0001596767   0.0242476553   0.0088566665  -0.0000377433
37  7  -0.2933032759  -0.1880954388   0.0007017720   0.0056785759  -0.0269098887
37  8   0.0000922553   0.6758240814   0.1169931394  -0.0007327023  -0.1949663162
37  9   0.1078820870  -0.0002487677  -0.0199123807   0.0175443665  -0.0000268025
37 10   0.0017816160   0.0031858703   0.0006024362   0.0017812224   0.0031868280
37 11  -0.0006249872  -0.1127892546  -0.0040645437   0.0001047074  -0.0002848962
37 12   0.0003431868  -0.0000008582  -0.0025801955  -0.0014215328   0.0000070676
37 13   0.0000374407  -0.0003763963   0.0000011369
38  1  -0.0002166423   0.0003054721  -0.0000005254   0.0000702855  -0.0003450218
38  2   0.0000003387  -0.0005796393   0.0007026722  -0.0000014930  -0.0003967490
38  3  -0.0011134499   0.0000035020   0.0000181886   0.0013766837  -0.0000068914
38  4   0.0003975153   0.0000923674  -0.0000016717   0.0002178300   0.0006059159
38  5  -0.0000017318   0.0002662508   0.0002587225  -0.0000049754  -0.0126293447
38  6   0.0090022180  -0.0000078129   0.0065234362   0.0025216067   0.0000073689
38  7  -0.1747303257  -0.2611312827   0.0007099908  -0.0012044135  -0.0612817139
38  8   0.0002438346   0.1169931394   0.4698520898  -0.0012725471   0.0704809604
38  9  -0.1556931749   0.0002096050   0.0151246204  -0.0292137469   0.0001334088
38 10   0.0001594609  -0.0038193413  -0.0000303416   0.0001613164  -0.0037975039
38 11   0.0000482806  -0.0206647984   0.0316375901  -0.0000286330  -0.0000687772
38 12  -0.0000166139   0.0000004327  -0.0000116734   0.0000209721   0.0000002787
38 13   0.0000893596   0.0000355387  -0.0000004176
39  1   0.0000051137  -0.0000036390   0.0000625756  -0.0000029262   0.0000043657
39  2  -0.0001915119   0.0000049711  -0.0000019848   0.0000783429   0.0000006944
39  3   0.0000105040  -0.0000328527   0.0000116041  -0.0000111780  -0.0008638609
39  4  -0.0000066423  -0.0000027824  -0.0003673159  -0.0000005782  -0.0000073626
39  5   0.0000442909  -0.0000043171  -0.0000018118  -0.0013132805   0.0000864428
39  6   0.0000078816   0.0034029861  -0.0000316485   0.0000057973   0.0063231514
39  7   0.0006635040   0.0007152817  -0.0585040447   0.0000125801   0.0002616772
39  8   0.0198775258  -0.0007327023  -0.0012725471   0.0667243865  -0.0001344230
39  9   0.0001838884  -0.0704114691  -0.0000203126   0.0001332213   0.0187424641
39 10  -0.0003245757  -0.0036590537  -0.0007961862   0.0003202149   0.0036726177
39 11  -0.0008179534   0.0001512489  -0.0000361186   0.0179255368   0.0000004936
39 12   0.0000001894   0.0001137662   0.0000015629   0.0000011233   0.0000799713
39 13  -0.0000003043  -0.0000000697  -0.0000765223
40  1   0.0056794373  -0.0035148284   0.0000069410  -0.0036532757   0.0038957704
40  2  -0.0000087548   0.0046137583   0.0003348621  -0.0000036230  -0.0010805758
40  3   0.0078367738  -0.0000223349   0.0131399015  -0.0060343419   0.0000092990
40  4  -0.0062216665  -0.0012212155   0.0000071089  -0.0003917800  -0.0068471230
40  5   0.0000204364  -0.0027657743   0.0038635812  -0.0000089474   0.0261627882
40  6   0.0032304818  -0.0000191700  -0.0208017619  -0.0033330645   0.0000252225
40  7  -0.1099348737  -0.0458663360   0.0002047210  -0.0270289013  -0.0065589726
40  8   0.0000316859  -0.1949663162   0.0704809604  -0.0001344230   0.9511467684
40  9   0.2186498256  -0.0011162309  -0.0599986216   0.0225131566  -0.0000877889
40 10  -0.0009971572   0.0138821174   0.0005979987  -0.0010006264   0.0138420295
40 11  -0.0006767979  -0.5741802030  -0.2863813513   0.0011822965   0.0001980522
40 12  -0.0002596810   0.0000007414   0.0021000330   0.0011812634  -0.0000073806
40 13  -0.0000192052   0.0003060919  -0.0000010000
41  1  -0.0014159749   0.0009798599  -0.0000019975   0.0007830519  -0.0014535333
41  2   0.0000039627  -0.0009653038   0.0001934803   0.0000003296   0.0001404800
41  3  -0.0035735943   0.0000110920  -0.0060692342   0.0020259959  -0.0000051071
41  4   0.0025007327   0.0006141684  -0.0000058332  -0.0003316922   0.0022185870
41  5  -0.0000062542   0.0009816210  -0.0008764388  -0.0000005367  -0.0100238156
41  6  -0.0058756998   0.0000480669   0.0073330221   0.0006237433   0.0000042671
41  7  -0.0129994952   0.0140435845  -0.0000513211  -0.0242461503  -0.0177121300
41  8   0.0000513355   0.1078820870  -0.1556931749   0.0001838884   0.2186498256
41  9   0.5782288222  -0.0011867124   0.0063314071  -0.1260029075   0.0001121621
41 10   0.0016244531  -0.0081165757  -0.0026587670   0.0016153433  -0.0082700036
41 11   0.0027208288  -0.2912124316  -0.2709829465   0.0007795715  -0.0000345052
41 12   0.0000330208  -0.0000001315  -0.0004855983  -0.0003044455   0.0000007708
41 13  -0.0000578226  -0.0000998125   0.0000003853
42  1   0.0000003891  -0.0000005919  -0.0000268824   0.0000001745   0.0000019145
42  2   0.0000528777  -0.0000003037  -0.0000006268   0.0000791439   0.0000004017
42  3   0.0000056633   0.0001359068   0.0000084911  -0.0000047210  -0.0009385433
42  4  -0.0000036627  -0.0000032722  -0.0007546832   0.0000014155  -0.0000016231
42  5   0.0000308780  -0.0000015805  -0.0000028395  -0.0009049197   0.0000165560
42  6   0.0000390249   0.0081096964  -0.0000055206   0.0000113729   0.0035711781
42  7   0.0001084420  -0.0000233659  -0.0051282109   0.0000868534   0.0000376877
42  8  -0.0060501366  -0.0002487677   0.0002096050  -0.0704114691  -0.0011162309
42  9  -0.0011867124   0.2285400643  -0.0000350941   0.0000993711  -0.0864332826
42 10   0.0021116016   0.0280768341   0.0024361671  -0.0021170603  -0.0280298084
42 11   0.0025926383   0.0011938560   0.0007716215  -0.0749806186  -0.0000000362
42 12   0.0000000452  -0.0000151697  -0.0000001451   0.0000002982   0.0000833619
42 13   0.0000002210   0.0000001230   0.0000120036
43  1  -0.0000928696   0.0000246932   0.0000000989   0.0000331195  -0.0000316888
43  2  -0.0000000836  -0.0000853582  -0.0001348223   0.0000001748  -0.0003656532
43  3   0.0000296549   0.0000005025  -0.0007397160   0.0003104363   0.0000000762
43  4   0.0002848231   0.0000553227  -0.0000002909  -0.0001208570   0.0001314482
43  5  -0.0000002298   0.0000117501  -0.0011830780   0.0000041632  -0.0003054624
43  6   0.0015977890  -0.0000029573   0.0012513026  -0.0003396518  -0.0000006408
43  7  -0.0234567685   0.0275835846  -0.0000681827  -0.1383414135  -0.0162807823
43  8   0.0001100623  -0.0199123807   0.0151246204  -0.0000203126  -0.0599986216
43  9   0.0063314071  -0.0000350941   0.4496114133  -0.0847755868   0.0003200462
43 10  -0.0987925148   0.0460816264  -0.1051032930  -0.0985184288   0.0466076538
43 11   0.1046539347  -0.0104107744  -0.0410931911   0.0001415052   0.0000003326
43 12   0.0000085376  -0.0000000110  -0.0000038430  -0.0000225135   0.0000004219
43 13  -0.0000480795  -0.0000254597   0.0000001102
44  1   0.0007842372  -0.0003860384   0.0000010488  -0.0005715375   0.0003555635
44  2  -0.0000014390   0.0007074799   0.0002010477  -0.0000023507  -0.0001266691
44  3   0.0009320849  -0.0000011008   0.0024567432  -0.0008299259   0.0000032829
44  4  -0.0010001057  -0.0001265199   0.0000012981   0.0001119793  -0.0008488929
44  5   0.0000027009  -0.0004137303   0.0010920796   0.0000003352   0.0039266646
44  6  -0.0033099510   0.0000143406  -0.0038229865  -0.0002087148  -0.0000007333
44  7   0.0155899774  -0.0000498806  -0.0000117920  -0.0348787934  -0.0523481861
44  8   0.0000649621   0.0175443665  -0.0292137469   0.0001332213   0.0225131566
44  9  -0.1260029075   0.0000993711  -0.0847755868   0.3962559582   0.0005153223
44 10   0.0463845740  -0.0737571300   0.0789213412   0.0469368230  -0.0747199790
44 11  -0.0799272439  -0.0316452995  -0.0372124717   0.0001880767  -0.0000012967
44 12  -0.0000268016   0.0000001960   0.0002199450   0.0001447472  -0.0000005666
44 13   0.0000600586   0.0000596650  -0.0000002708
45  1  -0.0000017861   0.0000012178   0.0001160328   0.0000011211  -0.0000020055
45  2  -0.0002770410  -0.0000020894  -0.0000019195  -0.0004291574   0.0000007377
45  3  -0.0000008790   0.0005158463  -0.0000064503   0.0000044311   0.0007881536
45  4   0.0000029296   0.0000006442   0.0000794081  -0.0000003686   0.0000028980
45  5   0.0000557164   0.0000019268   0.0000009930   0.0010890534  -0.0000105057
45  6   0.0000153193   0.0022124788   0.0000099230  -0.0000028706  -0.0012431346
45  7  -0.0000308893  -0.0000183515  -0.0004830872   0.0001657507   0.0000524967
45  8  -0.0377249955  -0.0000268025   0.0001334088   0.0187424641  -0.0000877889
45  9   0.0001121621  -0.0864332826   0.0003200462   0.0005153223   0.5484453803
45 10  -0.1091527966   0.0805526759  -0.2319735877   0.1087011188  -0.0815580047
45 11  -0.2312825997   0.0001167270   0.0001931220   0.0177981083   0.0000000072
45 12   0.0000001328   0.0000337365  -0.0000006323  -0.0000005582  -0.0000197454
45 13  -0.0000001784  -0.0000002353  -0.0000097473
46  1  -0.0002643516   0.0001386501   0.0000263381   0.0001918891  -0.0001050633
46  2  -0.0000603767  -0.0002445010  -0.0000389109  -0.0000839812  -0.0000077268
46  3  -0.0000827853   0.0002160800  -0.0002471808   0.0002416630   0.0001779638
46  4   0.0001919904   0.0000300341  -0.0000339978   0.0000458245   0.0002545754
46  5   0.0000154574  -0.0002549786  -0.0001056446   0.0002092460  -0.0006184283
46  6   0.0006914151   0.0006646311   0.0004875155   0.0003537104  -0.0003391698
46  7  -0.0035632523  -0.0030438967  -0.0017886813  -0.0162654449   0.0072540301
46  8  -0.0145912208   0.0017816160   0.0001594609  -0.0003245757  -0.0009971572
46  9   0.0016244531   0.0021116016  -0.0987925148   0.0463845740  -0.1091527966
46 10   0.1102035674  -0.0474263462   0.1115641353   0.0081104001  -0.0051804818
46 11   0.0115739963   0.0003368113  -0.0010989856  -0.0001782072  -0.0000106298
46 12   0.0000111563  -0.0000038586  -0.0000933393  -0.0000512661  -0.0000009882
46 13   0.0000098912  -0.0000103420  -0.0000015957
47  1  -0.0000266945   0.0000202629  -0.0000085002   0.0000244777  -0.0000349998
47  2   0.0000241256  -0.0000035071   0.0000214207  -0.0000009786  -0.0000344420
47  3  -0.0000383525   0.0000877819  -0.0000166578   0.0000765828   0.0000877496
47  4   0.0000452845   0.0000028346  -0.0000896902  -0.0000215300   0.0000359981
47  5   0.0000000667  -0.0000790276   0.0000531704  -0.0000130192  -0.0002004343
47  6   0.0001432490   0.0006322393   0.0001030755   0.0001619876  -0.0000347979
47  7  -0.0015833573  -0.0042675230  -0.0004380620  -0.0086165090   0.0043960215
47  8  -0.0069563719   0.0031858703  -0.0038193413  -0.0036590537   0.0138821174
47  9  -0.0081165757   0.0280768341   0.0460816264  -0.0737571300   0.0805526759
47 10  -0.0474263462   0.0783986609  -0.0837820480  -0.0052624536   0.0047765855
47 11  -0.0101091483  -0.0000521830   0.0019461925  -0.0043618873  -0.0000023504
47 12  -0.0000000663  -0.0000208179  -0.0000008996  -0.0000009831   0.0000047606
47 13   0.0000039404   0.0000020053   0.0000081415
48  1  -0.0000295617   0.0000168116  -0.0000059846   0.0000205497  -0.0000135251
48  2   0.0000133754  -0.0000214242   0.0000047405   0.0000216598   0.0000373963
48  3  -0.0000547600  -0.0000036264  -0.0000124228   0.0000054237  -0.0000208263
48  4   0.0000129394   0.0000047138  -0.0000000726   0.0000220415   0.0000319482
48  5  -0.0000028332   0.0000603488  -0.0000173371  -0.0000420770  -0.0001127526
48  6  -0.0002658517  -0.0003707870   0.0000434203   0.0000238902  -0.0000015242
48  7   0.0015709103  -0.0003755459   0.0003336251   0.0018693361  -0.0020145225
48  8   0.0058788323   0.0006024362  -0.0000303416  -0.0007961862   0.0005979987
48  9  -0.0026587670   0.0024361671  -0.1051032930   0.0789213412  -0.2319735877
48 10   0.1115641353  -0.0837820480   0.2421062289  -0.0115762687   0.0099771269
48 11  -0.0183601497   0.0004699362   0.0002348990   0.0007898579  -0.0000017002
48 12   0.0000006476  -0.0000026165  -0.0000160999  -0.0000084815  -0.0000004959
48 13   0.0000020742  -0.0000003622   0.0000010208
49  1  -0.0002643375   0.0001384875  -0.0000267891   0.0001919392  -0.0001046829
49  2   0.0000607566  -0.0002443602  -0.0000384144   0.0000845849  -0.0000080721
49  3  -0.0000840125  -0.0002155822  -0.0002473976   0.0002405959  -0.0001791375
49  4   0.0001920173   0.0000302294   0.0000335517   0.0000457802   0.0002544507
49  5  -0.0000170287  -0.0002553060  -0.0001069153  -0.0002083073  -0.0006191060
49  6   0.0006878335  -0.0006685078   0.0004879468   0.0003557495   0.0003364100
49  7  -0.0035634038  -0.0030329298   0.0018121043  -0.0162480728   0.0073450636
49  8   0.0145763475   0.0017812224   0.0001613164   0.0003202149  -0.0010006264
49  9   0.0016153433  -0.0021170603  -0.0985184288   0.0469368230   0.1087011188
49 10   0.0081104001  -0.0052624536  -0.0115762687   0.1099173034  -0.0479879628
49 11  -0.1111087756   0.0003365725  -0.0010981833   0.0001856158  -0.0000106221
49 12   0.0000111782   0.0000038017  -0.0000933379  -0.0000511848   0.0000013029
49 13   0.0000098895  -0.0000103315   0.0000016482
50  1  -0.0000265396   0.0000201934   0.0000084253   0.0000243356  -0.0000350443
50  2  -0.0000238375  -0.0000034001   0.0000214057   0.0000010135  -0.0000347735
50  3  -0.0000386137  -0.0000875047  -0.0000167025   0.0000760509  -0.0000883134
50  4   0.0000453206   0.0000033384   0.0000896028  -0.0000216419   0.0000357602
50  5  -0.0000002569  -0.0000794043   0.0000533424   0.0000126132  -0.0002005550
50  6   0.0001410670  -0.0006350069   0.0001028856   0.0001620558   0.0000336529
50  7  -0.0015922406  -0.0042626194   0.0004677743  -0.0086177201   0.0044502463
50  8   0.0069754854   0.0031868280  -0.0037975039   0.0036726177   0.0138420295
50  9  -0.0082700036  -0.0280298084   0.0466076538  -0.0747199790  -0.0815580047
50 10  -0.0051804818   0.0047765855   0.0099771269  -0.0479879628   0.0794118882
50 11   0.0848218334  -0.0000484515   0.0019709384   0.0043547616  -0.0000023112
50 12   0.0000000563   0.0000208081  -0.0000007890  -0.0000011253  -0.0000048285
50 13   0.0000039209   0.0000019609  -0.0000081541
51  1   0.0000301539  -0.0000172164  -0.0000058270  -0.0000210163   0.0000139332
51  2   0.0000134512   0.0000218433  -0.0000047229   0.0000216445  -0.0000372327
51  3   0.0000552029  -0.0000030295   0.0000128591  -0.0000063867  -0.0000200478
51  4  -0.0000134692  -0.0000047732  -0.0000006580  -0.0000220022  -0.0000324798
51  5  -0.0000026125  -0.0000596152   0.0000169532  -0.0000416217   0.0001144674
51  6   0.0002619165  -0.0003677563  -0.0000447445  -0.0000253574  -0.0000020256
51  7  -0.0015566419   0.0004071730   0.0003281199  -0.0017886661   0.0020133963
51  8   0.0058077501  -0.0006249872   0.0000482806  -0.0008179534  -0.0006767979
51  9   0.0027208288   0.0025926383   0.1046539347  -0.0799272439  -0.2312825997
51 10   0.0115739963  -0.0101091483  -0.0183601497  -0.1111087756   0.0848218334
51 11   0.2413780614  -0.0004691623  -0.0002403643   0.0007653344   0.0000017204
51 12  -0.0000006878  -0.0000027312   0.0000162507   0.0000085014  -0.0000010462
51 13  -0.0000021145   0.0000003613   0.0000010590
52  1  -0.0032872842   0.0020223596  -0.0000039759   0.0021131422  -0.0021592937
52  2   0.0000048318  -0.0026484482  -0.0001863634   0.0000020561   0.0006114779
52  3  -0.0040176570   0.0000114412  -0.0063955117   0.0029217788  -0.0000045592
52  4   0.0031591962   0.0007333972  -0.0000040029   0.0004508630   0.0038310124
52  5  -0.0000114919   0.0007497810  -0.0016198184   0.0000031310  -0.0121186121
52  6  -0.0055867761   0.0000231388   0.0089305986   0.0024296176  -0.0000137088
52  7   0.0200245495   0.0245713472  -0.0000826193   0.0032017903  -0.0062678691
52  8   0.0000192768  -0.1127892546  -0.0206647984   0.0001512489  -0.5741802030
52  9  -0.2912124316   0.0011938560  -0.0104107744  -0.0316452995   0.0001167270
52 10   0.0003368113  -0.0000521830   0.0004699362   0.0003365725  -0.0000484515
52 11  -0.0004691623   0.6832719848   0.3276721356  -0.0014118591  -0.0001272781
52 12   0.0001490499  -0.0000004603  -0.0012807968  -0.0007057657   0.0000056664
52 13   0.0000513960  -0.0001639910   0.0000005294
53  1  -0.0008161303   0.0005130973  -0.0000014354   0.0005329791  -0.0004549046
53  2   0.0000009060  -0.0006890811  -0.0000550015   0.0000003428   0.0000650501
53  3  -0.0004859599   0.0000013389  -0.0003445480   0.0006062688  -0.0000008541
53  4   0.0004129770   0.0001141561  -0.0000000083   0.0003199885   0.0008273388
53  5  -0.0000025156  -0.0002573129  -0.0001591866  -0.0000003736  -0.0021986109
53  6  -0.0002053099  -0.0000008429   0.0011119708   0.0011221077  -0.0000077031
53  7   0.0100701420   0.0009155989   0.0000078215  -0.0017948590  -0.0062330621
53  8   0.0000283089  -0.0040645437   0.0316375901  -0.0000361186  -0.2863813513
53  9  -0.2709829465   0.0007716215  -0.0410931911  -0.0372124717   0.0001931220
53 10  -0.0010989856   0.0019461925   0.0002348990  -0.0010981833   0.0019709384
53 11  -0.0002403643   0.3276721356   0.2762853819  -0.0009504366  -0.0000514563
53 12   0.0000510311  -0.0000003008  -0.0003552321  -0.0001766090   0.0000025158
53 13   0.0000582426  -0.0000242498   0.0000000768
54  1   0.0000050530  -0.0000031447  -0.0000113727  -0.0000031619   0.0000034233
54  2   0.0000477941   0.0000040237   0.0000004364   0.0000482355  -0.0000006273
54  3   0.0000045560   0.0000772077   0.0000059189  -0.0000030232   0.0002664925
54  4  -0.0000035715  -0.0000005173   0.0001258300  -0.0000010759  -0.0000053712
54  5  -0.0000118386   0.0000000395   0.0000016004   0.0000101091   0.0000148238
54  6   0.0000022545  -0.0008404918  -0.0000106769  -0.0000089041  -0.0012319125
54  7  -0.0000417797  -0.0000049568   0.0053258686   0.0000051180   0.0000315279
54  8   0.0026200494   0.0001047074  -0.0000286330   0.0179255368   0.0011822965
54  9   0.0007795715  -0.0749806186   0.0001415052   0.0001880767   0.0177981083
54 10  -0.0001782072  -0.0043618873   0.0007898579   0.0001856158   0.0043547616
54 11   0.0007653344  -0.0014118591  -0.0009504366   0.0313194713   0.0000002589
54 12  -0.0000003632  -0.0000430371   0.0000017463   0.0000007925  -0.0000053886
54 13  -0.0000001475   0.0000002365   0.0000047645
55  1   0.0025735929   0.0031087052  -0.0000130761   0.0044596056  -0.0288915177
55  2   0.0000872811  -0.0535715414   0.0031150692   0.0000046528   0.0039868987
55  3   0.0271122159  -0.0000829359  -0.0040505200  -0.0000875062   0.0000076819
55  4  -0.0007396472   0.0001278427   0.0000002339  -0.0037897199  -0.0006252541
55  5   0.0000064757   0.0012454825  -0.0002228674  -0.0000014429  -0.0001402610
55  6   0.0008545827  -0.0000026742  -0.0004867591   0.0017878748  -0.0000048264
55  7   0.0004429973  -0.0001348117  -0.0000002299   0.0000693508   0.0000177906
55  8  -0.0000001036  -0.0002848962  -0.0000687772   0.0000004936   0.0001980522
55  9  -0.0000345052  -0.0000000362   0.0000003326  -0.0000012967   0.0000000072
55 10  -0.0000106298  -0.0000023504  -0.0000017002  -0.0000106221  -0.0000023112
55 11   0.0000017204  -0.0001272781  -0.0000514563   0.0000002589   0.0510754189
55 12  -0.0045031325  -0.0000061252  -0.0008359634  -0.0015431530   0.0000048056
55 13  -0.0000038934   0.0000448584  -0.0000004604
56  1   0.0004237122   0.0029396570  -0.0000204201   0.0055265632  -0.0133469717
56  2   0.0000526330   0.0019963459  -0.3435934917   0.0009337512  -0.0024111242
56  3  -0.0100231691   0.0000350943   0.0024469792   0.0018238476   0.0000137342
56  4  -0.0007098820   0.0007579310  -0.0000024544  -0.0023559685  -0.0006245140
56  5   0.0000136883  -0.0002529585   0.0002229295  -0.0000072675   0.0003153021
56  6  -0.0006360307   0.0000008612   0.0000077893  -0.0003041396   0.0000021501
56  7  -0.0003309668   0.0002051210  -0.0000020599  -0.0000084597  -0.0000089456
56  8   0.0000002472   0.0003431868  -0.0000166139   0.0000001894  -0.0002596810
56  9   0.0000330208   0.0000000452   0.0000085376  -0.0000268016   0.0000001328
56 10   0.0000111563  -0.0000000663   0.0000006476   0.0000111782   0.0000000563
56 11  -0.0000006878   0.0001490499   0.0000510311  -0.0000003632  -0.0045031325
56 12   0.3632206970  -0.0010196456  -0.0003812825  -0.0005648092   0.0000008343
56 13  -0.0000263449  -0.0001087380  -0.0000011102
57  1  -0.0000057457  -0.0000220354  -0.0038416053  -0.0000146350   0.0000749662
57  2   0.0054867509   0.0000071148   0.0009330600  -0.0306062207   0.0000065546
57  3   0.0000145071   0.0010606569   0.0000001241   0.0000166016   0.0070592975
57  4   0.0000022707  -0.0000029485  -0.0002222967   0.0000114156   0.0000126816
57  5   0.0034247277  -0.0000015899  -0.0000075476  -0.0023161368  -0.0000010896
57  6   0.0000005019  -0.0002864041   0.0000006434   0.0000010020   0.0004373861
57  7   0.0000004307  -0.0000021951  -0.0005551128   0.0000000590   0.0000004249
57  8   0.0001209165  -0.0000008582   0.0000004327   0.0001137662   0.0000007414
57  9  -0.0000001315  -0.0000151697  -0.0000000110   0.0000001960   0.0000337365
57 10  -0.0000038586  -0.0000208179  -0.0000026165   0.0000038017   0.0000208081
57 11  -0.0000027312  -0.0000004603  -0.0000003008  -0.0000430371  -0.0000061252
57 12  -0.0010196456   0.0209631185   0.0000014666   0.0000016665  -0.0003164884
57 13  -0.0000002492  -0.0000012262  -0.0004925374
58  1   0.0065443318   0.0038216661  -0.0000169345  -0.0240263924  -0.0076756894
58  2   0.0000410136   0.0042946049  -0.0026192904   0.0000061310  -0.0010683128
58  3   0.0000625096   0.0000004371   0.0017163684   0.0062011274  -0.0000171901
58  4  -0.0377288666  -0.0205058535   0.0000874599  -0.1146498982  -0.0481406065
58  5   0.0002089279  -0.0000255920   0.0001254554  -0.0000010378  -0.0032042982
58  6  -0.0003445880   0.0000025669  -0.0001089797  -0.0005974748   0.0000029018
58  7   0.0031128308  -0.0007550486   0.0000001763  -0.0000871363   0.0004267903
58  8  -0.0000010146  -0.0025801955  -0.0000116734   0.0000015629   0.0021000330
58  9  -0.0004855983  -0.0000001451  -0.0000038430   0.0002199450  -0.0000006323
58 10  -0.0000933393  -0.0000008996  -0.0000160999  -0.0000933379  -0.0000007890
58 11   0.0000162507  -0.0012807968  -0.0003552321   0.0000017463  -0.0008359634
58 12  -0.0003812825   0.0000014666   0.1676044498   0.0714552504  -0.0003166266
58 13   0.0004143336  -0.0004387182  -0.0000009602
59  1  -0.0003037181   0.0006684443  -0.0000076118  -0.0351432043  -0.0143051916
59  2   0.0000784359   0.0039435298  -0.0051559250   0.0000183988   0.0002402257
59  3   0.0000953214  -0.0000004153   0.0016650561   0.0014468095   0.0000095639
59  4   0.0002706342   0.0038481464  -0.0000017116  -0.0410672402  -0.0568762442
59  5   0.0001447812  -0.0001723283   0.0002043508  -0.0000016364  -0.0018184552
59  6  -0.0005434850   0.0000006897   0.0010883245   0.0003402681   0.0000024359
59  7   0.0018512373  -0.0003769309  -0.0000009281  -0.0000704347   0.0002657283
59  8  -0.0000006100  -0.0014215328   0.0000209721   0.0000011233   0.0011812634
59  9  -0.0003044455   0.0000002982  -0.0000225135   0.0001447472  -0.0000005582
59 10  -0.0000512661  -0.0000009831  -0.0000084815  -0.0000511848  -0.0000011253
59 11   0.0000085014  -0.0007057657  -0.0001766090   0.0000007925  -0.0015431530
59 12  -0.0005648092   0.0000016665   0.0714552504   0.0703090100  -0.0002304873
59 13   0.0006752752   0.0009619506  -0.0000142471
60  1  -0.0000041251  -0.0000096347  -0.0017869119   0.0001227167   0.0000587058
60  2   0.0044388174  -0.0000121300   0.0000225046   0.0018249351  -0.0000007771
60  3   0.0000014072   0.0000175322  -0.0000035600   0.0000060183   0.0050480379
60  4   0.0000261023   0.0000116784   0.0034140930   0.0001858264   0.0001500568
60  5  -0.0187267465   0.0000012108  -0.0000004921  -0.0002096769   0.0000073795
60  6  -0.0000004005  -0.0006860826  -0.0000021438   0.0000033267   0.0013751929
60  7  -0.0000093462   0.0000004328  -0.0002713783  -0.0000003586  -0.0000024394
60  8  -0.0000174716   0.0000070676   0.0000002787   0.0000799713  -0.0000073806
60  9   0.0000007708   0.0000833619   0.0000004219  -0.0000005666  -0.0000197454
60 10  -0.0000009882   0.0000047606  -0.0000004959   0.0000013029  -0.0000048285
60 11  -0.0000010462   0.0000056664   0.0000025158  -0.0000053886   0.0000048056
60 12   0.0000008343  -0.0003164884  -0.0003166266  -0.0002304873   0.0094439662
60 13  -0.0000050637  -0.0000144416  -0.0036844757
61  1  -0.0004962769   0.0023299242  -0.0000076777  -0.0042013339  -0.0021643361
61  2   0.0000146369   0.0000109198   0.0003656453  -0.0000019019  -0.0042348324
61  3  -0.0010933335   0.0000085086   0.0052274227  -0.0272445902   0.0000833286
61  4  -0.0535292375  -0.0011951240   0.0000154757   0.0034051341   0.0274332406
61  5  -0.0000828119  -0.0004488875  -0.0005114026   0.0000023162  -0.0001785194
61  6  -0.0006784623   0.0000018934   0.0029200127   0.0016301097  -0.0000091664
61  7  -0.0000093652  -0.0000580964   0.0000003647  -0.0001088655   0.0000594058
61  8  -0.0000002342   0.0000374407   0.0000893596  -0.0000003043  -0.0000192052
61  9  -0.0000578226   0.0000002210  -0.0000480795   0.0000600586  -0.0000001784
61 10   0.0000098912   0.0000039404   0.0000020742   0.0000098895   0.0000039209
61 11  -0.0000021145   0.0000513960   0.0000582426  -0.0000001475  -0.0000038934
61 12  -0.0000263449  -0.0000002492   0.0004143336   0.0006752752  -0.0000050637
61 13   0.0511920560   0.0003203897  -0.0000189694
62  1   0.0006093958  -0.0011598645  -0.0000013469   0.0017650294   0.0028303623
62  2   0.0000182741   0.0000420232   0.0007269389  -0.0000046660  -0.0024683024
62  3   0.0003263630   0.0000113777   0.0030433894  -0.0112683126   0.0000460298
62  4  -0.0002260289  -0.3462359572   0.0009601602  -0.0034987551  -0.0114743573
62  5   0.0000528620   0.0000114887  -0.0001745198   0.0000025062  -0.0007571474
62  6  -0.0001646135  -0.0000003778   0.0013985800   0.0012861841  -0.0000143767
62  7   0.0004870524  -0.0001554829   0.0000008612  -0.0000528265   0.0000976116
62  8  -0.0000004245  -0.0003763963   0.0000355387  -0.0000000697   0.0003060919
62  9  -0.0000998125   0.0000001230  -0.0000254597   0.0000596650  -0.0000002353
62 10  -0.0000103420   0.0000020053  -0.0000003622  -0.0000103315   0.0000019609
62 11   0.0000003613  -0.0001639910  -0.0000242498   0.0000002365   0.0000448584
62 12  -0.0001087380  -0.0000012262  -0.0004387182   0.0009619506  -0.0000144416
62 13   0.0003203897   0.3645373278  -0.0010552651
63  1  -0.0000025708  -0.0000025975  -0.0014763544   0.0000035079   0.0000188405
63  2   0.0087656651  -0.0000007259  -0.0000050301  -0.0007955004   0.0000127112
63  3   0.0000101044   0.0034507542  -0.0000107877   0.0000660026   0.0043676616
63  4   0.0000125199   0.0009625794  -0.0368208923   0.0000113754   0.0000323964
63  5   0.0051744597   0.0000006294   0.0000027307   0.0005957307   0.0000021670
63  6  -0.0000005015  -0.0004365880  -0.0000080826  -0.0000144826  -0.0030794485
63  7  -0.0000014201   0.0000012040   0.0002264882   0.0000002373  -0.0000003849
63  8  -0.0000015509   0.0000011369  -0.0000004176  -0.0000765223  -0.0000010000
63  9   0.0000003853   0.0000120036   0.0000001102  -0.0000002708  -0.0000097473
63 10  -0.0000015957   0.0000081415   0.0000010208   0.0000016482  -0.0000081541
63 11   0.0000010590   0.0000005294   0.0000000768   0.0000047645  -0.0000004604
63 12  -0.0000011102  -0.0004925374  -0.0000009602  -0.0000142471  -0.0036844757
63 13  -0.0000189694  -0.0010552651   0.0242740099
$end
