$coord
    0.10251503527680      0.01993499280626      0.16427596060130      ti
    0.85166590110670     -2.63063022103653      3.06489551511109      o
   -2.26999420267569     -1.21096264051533     -3.30477352213719      o
   -2.29200525154248      0.25337796215740     -4.38302506197446      h
   -0.75288406486238      2.52984689142077      2.48862091864019      o
   -2.32935871114773      3.69385332958513      2.93045832241416      h
    2.11578264066148      1.17383578433986     -2.68839629233542      o
    0.89994196289497      0.48265697701110     -3.71802778619013      h
   -0.27038065844425     -3.18815277671025      4.34257876677627      h
$redundant
     number_of_atoms             9
     degrees_of_freedom         21
     internal_coordinates       21
     frozen_coordinates          0
# definitions of redundant internals
   1 k  1.0000000000000 tors    4    3    1    2 val=  60.31693
        1.0000000000000 tors    4    3    1    5
        1.0000000000000 tors    4    3    1    7
   2 k  1.0000000000000 stre    3    4           val=   1.84773
   3 k  1.0000000000000 bend    1    4    3      val= 101.26467
   4 k  1.0000000000000 tors    6    5    1    2 val=  89.34080
        1.0000000000000 tors    6    5    1    3
        1.0000000000000 tors    6    5    1    7
   5 k  1.0000000000000 stre    5    6           val=   1.82354
   6 k  1.0000000000000 bend    1    6    5      val= 126.45736
   7 k  1.0000000000000 tors    8    7    1    2 val= 103.65112
        1.0000000000000 tors    8    7    1    3
        1.0000000000000 tors    8    7    1    5
   8 k  1.0000000000000 stre    7    8           val=   1.92098
   9 k  1.0000000000000 bend    1    8    7      val= 100.11568
  10 k  1.0000000000000 tors    9    2    1    3 val=  55.39890
        1.0000000000000 tors    9    2    1    5
        1.0000000000000 tors    9    2    1    7
  11 k  1.0000000000000 stre    2    9           val=   1.83988
  12 k  1.0000000000000 bend    1    9    2      val= 117.26178
  13 k  1.0000000000000 stre    1    5           val=   3.29460
  14 k  1.0000000000000 stre    1    2           val=   3.39284
  15 k  1.0000000000000 stre    1    7           val=   3.48510
  16 k  1.0000000000000 stre    1    3           val=   3.67058
  17 k  0.2532001462440 bend    2    5    1      val=   1.61847
        0.3188056147253 bend    7    5    1
        0.6306439940003 bend    7    2    1
       -0.4705268184949 bend    3    5    1
       -0.3363719116922 bend    3    2    1
       -0.3193732438614 bend    3    7    1
  18 k  0.5278192981311 bend    2    5    1      val=   3.82829
       -0.3261079499504 bend    7    5    1
       -0.0150433426736 bend    7    2    1
        0.1275880451361 bend    3    5    1
        0.4671180718832 bend    3    2    1
       -0.6167301589830 bend    3    7    1
  19 k  0.3459570567615 bend    2    5    1      val=  13.15936
        0.5392418628728 bend    7    5    1
       -0.3586102059547 bend    7    2    1
        0.4998562502985 bend    3    5    1
       -0.4170339345268 bend    3    2    1
       -0.1927617049059 bend    3    7    1
  20 k  0.3279892364557 bend    2    5    1      val=   7.00042
       -0.6158937285250 bend    7    5    1
        0.2756987515802 bend    7    2    1
        0.3110686532943 bend    3    5    1
       -0.5150984691809 bend    3    2    1
        0.2738576898593 bend    3    7    1
  21 k  0.5841395710078 bend    2    5    1      val=   0.57048
        0.0048138007577 bend    7    5    1
       -0.4349899010275 bend    7    2    1
       -0.5520065647974 bend    3    5    1
        0.0157051154494 bend    3    2    1
        0.4056891379842 bend    3    7    1
        21 non zero eigenvalues  of BmBt
           1           4.401665111    1    0
         1
           2           3.610793181    2    0
         2
           3           2.958009891    3    0
         3
           4           2.828118391    4    0
         4
           5           2.594457751    5    0
         5
           6           2.391348305    6    0
         6
           7           2.183399011    7    0
         7
           8           2.115014407    8    0
         8
           9           2.049752777    9    0
         9
          10           1.840975969   10    0
        10
          11           1.775979469   11    0
        11
          12           1.362354988   12    0
        12
          13           0.754095629   13    0
        13
          14           0.654406147   14    0
        14
          15           0.575867090   15    0
        15
          16           0.252265985   16    0
        16
          17           0.134589636   17    0
        17
          18           0.116675864   18    0
        18
          19           0.109591298   19    0
        19
          20           0.090308867   20    0
        20
          21           0.077881871   21    0
        21
$user-defined bonds
$end
