$coord
    0.06422820077713     -0.08545927388010     -0.15372468556753      ti
    0.95817675396684     -2.50147980395279      2.05423019426038       o
   -2.96902223772320     -1.19755951260365     -1.89607069940419       o
   -3.46117797642922      0.34583896855201     -2.78477564052037       h
   -0.80655382180431      2.34065220476959      1.89812577657371       o
    0.27824403169654      3.65812580091640      2.54061565421963       h
    2.67771963153059      1.56541322368594     -1.76313696972329       o
    4.17853389017213      0.80770787755366     -0.83382975086115       h
   -0.31343186612655     -3.04743642360729      3.26670437036783       h
$end
