$energy      SCF               SCFKIN            SCFPOT
     1 -331.3010729347      327.3772668077     -658.6783397423
     2 -331.3199169882      327.1396631176     -658.4595801058
     3 -331.3357300724      326.8010058709     -658.1367359433
     4 -331.3395683544      326.5975836330     -657.9371519874
     5 -331.3404196186      326.5409606460     -657.8813802646
     6 -331.3412738314      326.5158112129     -657.8570850443
     7 -331.3416464885      326.5434227331     -657.8850692216
     8 -331.3417397310      326.5881943099     -657.9299340409
     9 -331.3417452503      326.5872895005     -657.9290347508
    10 -331.3417470722      326.5881283191     -657.9298753912
    11 -331.3417472756      326.5864501530     -657.9281974286
    12 -331.3417474022      326.5862731924     -657.9280205946
    13 -331.6498150045      329.3047945426     -660.9546095471
    14 -331.6522436407      329.6008021154     -661.2530457561
    15 -331.6523366899      329.6573561935     -661.3096928834
    16 -331.6524009873      329.7041772661     -661.3565782534
    17 -331.6524054370      329.7109817848     -661.3633872219
    18 -331.6524071235      329.7097755769     -661.3621827004
    19 -331.6524074892      329.7109275083     -661.3633349975
    20 -331.6524076623      329.7109306919     -661.3633383542
    21 -331.6524076821      329.7109017763     -661.3633094585
$end
