$coord
  -12.81326361794053      6.80434797172474      0.00592154665377  o
  -10.86850842599756      5.50473282064000      0.00248321042474  c
   -8.33158310295922      6.66257168983890      0.00818714335912  c
   -6.09648816202437      5.18991266004274      0.00442540613228  c
   -6.19582695424898      2.53006865367314     -0.00518859766359  c
   -8.59681158295534      1.36928577012574     -0.01080392940822  c
  -10.80232368941682      2.77096700783274     -0.00720334382939  c
   -3.01574051979508      6.21970728497932      0.00989253700798  s
   -2.04088203017231      3.03325119397280     -0.00089535462289  c
   -3.85743954036912      1.35819213514773     -0.00794890515129  n
    0.62814140344329      2.55118633819433     -0.00110950963378  c
    1.62172811598284     -0.65347050321286     -0.01192291806861  s
    2.37112900307174      4.30961576679482      0.00601400668477  n
    4.77842889544723      3.37421045333102      0.00378699697799  c
    4.85153858220043      0.44331398203393     -0.00654966328815  c
    5.88164244263175     -0.23422141886030      1.67679113111655  h
    5.88319214164001     -0.22229299119026     -1.69369434140523  h
    6.72982503196185      4.59495366927855      0.00895577128424  o
   -8.16626259322375     10.16649455948367      0.02066050924497  br
   -8.66873928336418     -0.69892500734559     -0.01827649339807  h
  -12.64716088992465      1.83818228087613     -0.01170120803111  h
$user-defined bonds
$redundant
     number_of_atoms            21
     degrees_of_freedom         57
     internal_coordinates       57
     frozen_coordinates          0
# definitions of redundant internals
   1 k  1.0000000000000 stre   2    1           val=   2.33903
   2 k  0.7071067811866 bend   3    1    2      val=  -1.71296
       -0.7071067811865 bend   7    1    2
   3 k  1.0000000000000 outp   1    7    3    2 val=   0.00068
   4 k  1.0000000000000 stre  15   16           val=   2.08658
   5 k  1.0000000000000 stre  15   17           val=   2.08658
   6 k  0.0044262308481 bend  17   16   15      val=   1.47230
       -0.4901047098907 bend  12   16   15
       -0.4901228188991 bend  12   17   15
        0.5096900855702 bend  14   16   15
        0.5096797238358 bend  14   17   15
   7 k  0.0000217345268 bend  17   16   15      val=   0.00060
        0.4581882837683 bend  12   16   15
       -0.4581802638547 bend  12   17   15
        0.5385689911376 bend  14   16   15
       -0.5385886962647 bend  14   17   15
   8 k -0.8890464733354 bend  17   16   15      val=   2.96119
        0.2314217137708 bend  12   16   15
        0.2313930104180 bend  12   17   15
        0.2263901627153 bend  14   16   15
        0.2263738668677 bend  14   17   15
   9 k -0.0000058345837 bend  17   16   15      val=   0.00033
       -0.5385782085219 bend  12   16   15
        0.5385794789932 bend  12   17   15
        0.4581898206829 bend  14   16   15
       -0.4581787274649 bend  14   17   15
  10 k  1.0000000000000 stre  14   18           val=   2.30178
  11 k  0.7071067811878 bend  13   18   14      val=   3.06785
       -0.7071067811853 bend  15   18   14
  12 k  1.0000000000000 outp  18   15   13   14 val=   0.00069
  13 k  1.0000000000000 stre   3   19           val=   3.50784
  14 k  0.7071067812714 bend   4   19    3      val=   1.72282
       -0.7071067811017 bend   2   19    3
  15 k  1.0000000000000 outp  19    2    4    3 val=   0.00026
  16 k  1.0000000000000 stre   6   20           val=   2.06947
  17 k  0.7071067811915 bend   7   20    6      val=   1.32583
       -0.7071067811816 bend   5   20    6
  18 k  1.0000000000000 outp  20    5    7    6 val=  -0.00243
  19 k  1.0000000000000 stre   7   21           val=   2.06725
  20 k  0.7071067811878 bend   6   21    7      val=   2.65242
       -0.7071067811853 bend   2   21    7
  21 k  1.0000000000000 outp  21    2    6    7 val=   0.00050
  22 k  1.0000000000000 stre  11   13           val=   2.47591
  23 k  1.0000000000000 stre  13   14           val=   2.58265
  24 k  1.0000000000000 stre  14   15           val=   2.93183
  25 k  1.0000000000000 stre  15   12           val=   3.41096
  26 k  1.0000000000000 stre  12   11           val=   3.35517
  27 k -0.5116672736017 bend  11   14   13      val=   6.98440
        0.1954395075848 bend  13   15   14
        0.1954395075848 bend  14   12   15
       -0.5116672736017 bend  15   11   12
        0.6324555320337 bend  12   13   11
  28 k  0.3717480344602 bend  11   14   13      val=   3.13403
       -0.6015009550075 bend  13   15   14
        0.6015009550075 bend  14   12   15
       -0.3717480344602 bend  15   11   12
  29 k -0.5116672736017 tors  14   15   12   11 val=   0.00078
        0.1954395075848 tors  15   12   11   13
        0.1954395075848 tors  12   11   13   14
       -0.5116672736017 tors  11   13   14   15
        0.6324555320337 tors  13   14   15   12
  30 k  0.3717480344602 tors  14   15   12   11 val=   0.00303
       -0.6015009550075 tors  15   12   11   13
        0.6015009550075 tors  12   11   13   14
       -0.3717480344602 tors  11   13   14   15
  31 k  0.5000000000000 tors  13   11    9    8 val=  89.99709
        0.5000000000000 tors  13   11    9   10
        0.5000000000000 tors  12   11    9    8
        0.5000000000000 tors  12   11    9   10
  32 k  0.7071067813567 bend   9   13   11      val=   3.52267
       -0.7071067810164 bend   9   12   11
  33 k  1.0000000000000 outp  13    9   12   11 val=  -0.00214
  34 k  1.0000000000000 stre   4    3           val=   2.67664
  35 k  1.0000000000000 stre   3    2           val=   2.78866
  36 k  1.0000000000000 stre   2    7           val=   2.73458
  37 k  1.0000000000000 stre   7    6           val=   2.61324
  38 k  1.0000000000000 stre   6    5           val=   2.66687
  39 k -0.2886751345948 bend   5    3    4      val=  -3.34270
       -0.2886751345948 bend   4    2    3
        0.5773502691896 bend   3    7    2
       -0.2886751345948 bend   2    6    7
       -0.2886751345948 bend   7    5    6
        0.5773502691896 bend   6    4    5
  40 k  0.5000000000000 bend   5    3    4      val=   0.30435
       -0.5000000000000 bend   4    2    3
        0.5000000000000 bend   2    6    7
       -0.5000000000000 bend   7    5    6
  41 k -0.4082482904639 bend   5    3    4      val=   1.28444
        0.4082482904639 bend   4    2    3
       -0.4082482904639 bend   3    7    2
        0.4082482904639 bend   2    6    7
       -0.4082482904639 bend   7    5    6
        0.4082482904639 bend   6    4    5
  42 k -0.2886751345948 tors   4    3    2    7 val=   0.00139
       -0.2886751345948 tors   3    2    7    6
        0.5773502691896 tors   2    7    6    5
       -0.2886751345948 tors   7    6    5    4
       -0.2886751345948 tors   6    5    4    3
        0.5773502691896 tors   5    4    3    2
  43 k  0.5000000000000 tors   4    3    2    7 val=   0.00123
       -0.5000000000000 tors   3    2    7    6
        0.5000000000000 tors   7    6    5    4
       -0.5000000000000 tors   6    5    4    3
  44 k -0.4082482904639 tors   4    3    2    7 val=   0.00245
        0.4082482904639 tors   3    2    7    6
       -0.4082482904639 tors   2    7    6    5
        0.4082482904639 tors   7    6    5    4
       -0.4082482904639 tors   6    5    4    3
        0.4082482904639 tors   5    4    3    2
  45 k  0.7071067811865 tors  10    5    4    6 val= 179.99739
        0.7071067811865 tors   8    5    4    3
  46 k  1.0000000000000 stre   9   11           val=   2.71221
  47 k  0.7071067812016 bend  10   11    9      val=   4.91678
       -0.7071067811715 bend   8   11    9
  48 k  1.0000000000000 outp  11    8   10    9 val=  -0.00167
  49 k  1.0000000000000 stre   4    5           val=   2.66172
  50 k  1.0000000000000 stre   5   10           val=   2.61560
  51 k  1.0000000000000 stre  10    9           val=   2.47098
  52 k  1.0000000000000 stre   9    8           val=   3.33226
  53 k  1.0000000000000 stre   8    4           val=   3.24831
  54 k -0.5116672736017 bend   4   10    5      val=   5.04913
        0.1954395075848 bend   5    9   10
        0.1954395075848 bend  10    8    9
       -0.5116672736017 bend   9    4    8
        0.6324555320337 bend   8    5    4
  55 k  0.3717480344602 bend   4   10    5      val=   6.49086
       -0.6015009550075 bend   5    9   10
        0.6015009550075 bend  10    8    9
       -0.3717480344602 bend   9    4    8
  56 k -0.5116672736017 tors  10    9    8    4 val=   0.00070
        0.1954395075848 tors   9    8    4    5
        0.1954395075848 tors   8    4    5   10
       -0.5116672736017 tors   4    5   10    9
        0.6324555320337 tors   5   10    9    8
  57 k  0.3717480344602 tors  10    9    8    4 val=   0.00189
       -0.6015009550075 tors   9    8    4    5
        0.6015009550075 tors   8    4    5   10
       -0.3717480344602 tors   4    5   10    9
        57 non zero eigenvalues  of BmBt
           1          10.074492295    1    0
         1
           2           5.603041151    2    0
         2
           3           5.180060791    3    0
         3
           4           5.008778544    4    0
         4
           5           4.380568348    5    0
         5
           6           4.087768200    6    0
         6
           7           4.066293380    7    0
         7
           8           3.974914978    8    0
         8
           9           3.645656827    9    0
         9
          10           3.465476081   10    0
        10
          11           3.395082618   11    0
        11
          12           3.346654990   12    0
        12
          13           3.329960033   13    0
        13
          14           3.281661205   14    0
        14
          15           3.101140489   15    0
        15
          16           2.945515483   16    0
        16
          17           2.824092630   17    0
        17
          18           2.636780611   18    0
        18
          19           2.597707521   19    0
        19
          20           1.951702431   20    0
        20
          21           1.882383797   21    0
        21
          22           1.835812679   22    0
        22
          23           1.761165611   23    0
        23
          24           1.658823033   24    0
        24
          25           1.567386589   25    0
        25
          26           1.363359778   26    0
        26
          27           1.233786042   27    0
        27
          28           1.168446800   28    0
        28
          29           1.087324393   29    0
        29
          30           0.973494889   30    0
        30
          31           0.869895094   31    0
        31
          32           0.843454771   32    0
        32
          33           0.768734700   33    0
        33
          34           0.751852674   34    0
        34
          35           0.700027017   35    0
        35
          36           0.596641552   36    0
        36
          37           0.483331194   37    0
        37
          38           0.449642485   38    0
        38
          39           0.378645393   39    0
        39
          40           0.362338796   40    0
        40
          41           0.358103007   41    0
        41
          42           0.316913229   42    0
        42
          43           0.301640887   43    0
        43
          44           0.294064052   44    0
        44
          45           0.264734361   45    0
        45
          46           0.264482298   46    0
        46
          47           0.249580959   47    0
        47
          48           0.204287204   48    0
        48
          49           0.164231971   49    0
        49
          50           0.117748109   50    0
        50
          51           0.091928540   51    0
        51
          52           0.068994898   52    0
        52
          53           0.062147508   53    0
        53
          54           0.047897226   54    0
        54
          55           0.038083900   55    0
        55
          56           0.010097148   56    0
        56
          57           0.008297002   57    0
        57
$end
