$coord
    0.20874994188879     -0.09182138016440      0.25609429556423      ti
    1.37367712951104     -2.28816458741737      1.93827283034407      o
   -2.88579321363154     -0.86501019837483     -2.26284047726409      o
   -2.91240039982169      0.52453392445534     -3.44004720426154      h
   -1.32471906988866      2.40624979418073      2.07065093950572      o
   -1.37686158662292      2.50013080724021      3.88324792616529      h
    2.39742629945900      0.98849342622264     -2.21157201298992      o
    4.33249684523904      0.19705815342371     -2.13083111306182      h
   -2.98860235034177     -2.69263857323557     -3.09363903595720      h
$redundant
     number_of_atoms             9
     degrees_of_freedom         21
     internal_coordinates       21
     frozen_coordinates          0
# definitions of redundant internals
   1 k  1.0000000000000 stre    8    7           val=   2.05553
   2 k  1.0000000000000 linc    8    1    7    5 val=  10.07624
   3 k  1.0000000000000 linp    8    1    7    5 val=   5.17524
   4 k  1.0000000000000 tors    4    3    1    2 val= 108.91493
        1.0000000000000 tors    4    3    1    5
   5 k  1.0000000000000 stre    3    4           val=   1.86024
   6 k  1.0000000000000 bend    1    4    3      val= 103.45039
   7 k  1.0000000000000 tors    6    5    1    2 val= 209.02717
        1.0000000000000 tors    6    5    1    3
   8 k  1.0000000000000 stre    5    6           val=   1.79106
   9 k  1.0000000000000 bend    1    6    5      val= 110.56304
  10 k  1.0000000000000 stre    1    7           val=   3.25990
  11 k -0.7444750486833 bend    2    7    1      val=   2.46263
        0.4669380047044 bend    5    7    1
        0.4772062464498 bend    3    7    1
  12 k  0.0138889143221 bend    2    7    1      val=   3.04841
        0.7254314046565 bend    5    7    1
       -0.6881543251314 bend    3    7    1
  13 k  1.0000000000000 tors    9    2    1    3 val= 196.47291
        1.0000000000000 tors    9    2    1    5
  14 k  1.0000000000000 stre    2    9           val=   1.79886
  15 k  1.0000000000000 bend    1    9    2      val= 117.95690
  16 k  1.0000000000000 stre    1    2           val=   3.45540
  17 k  1.0000000000000 stre    1    5           val=   3.50191
  18 k  1.0000000000000 stre    1    3           val=   3.70875
  19 k  0.9185082420781 bend    5    2    1      val=  93.50372
        0.3809371129801 bend    3    2    1
       -0.1059694540379 bend    3    5    1
  20 k -0.3525126712783 bend    5    2    1      val=  56.31548
        0.9103170126873 bend    3    2    1
        0.2169279903571 bend    3    5    1
  21 k  0.1791017192071 bend    5    2    1      val=  72.85665
       -0.1618945717636 bend    3    2    1
        0.9704188383428 bend    3    5    1
        21 non zero eigenvalues  of BmBt
           1           3.509635771    1    0
         1
           2           3.163101953    2    0
         2
           3           2.760666035    3    0
         3
           4           2.262648495    4    0
         4
           5           2.172219130    5    0
         5
           6           2.123858432    6    0
         6
           7           2.022130650    7    0
         7
           8           1.899378915    8    0
         8
           9           1.672939853    9    0
         9
          10           1.431925012   10    0
        10
          11           1.120327679   11    0
        11
          12           0.958710185   12    0
        12
          13           0.873806573   13    0
        13
          14           0.560392470   14    0
        14
          15           0.521442942   15    0
        15
          16           0.279075160   16    0
        16
          17           0.128888407   17    0
        17
          18           0.103971123   18    0
        18
          19           0.080243405   19    0
        19
          20           0.073497518   20    0
        20
          21           0.060906631   21    0
        21
$user-defined bonds
$end
