$energy      SCF               SCFKIN            SCFPOT
     1 -1152.074609011      1148.17822     -2300.25283     0.1687744339179
     2 -1152.079976145      1148.14139     -2300.22137     0.1694187051515
     3 -1152.084084740      1148.17062     -2300.25470     0.1691306063642
     4 -1152.081548629      1148.26503     -2300.34658     0.1680653040326
     5 -1152.074143721      1148.35054     -2300.42468     0.1666550775340
     6 -1152.084322203      1148.29578     -2300.38010     0.1652913782460
     7 -1152.089571266      1148.19361     -2300.28318     0.1637989536622
     8 -1152.079657853      1148.11518     -2300.19484     0.1616030477504
     9 -1152.073247942      1148.01870     -2300.09194     0.1589254645993
    10 -1152.074933558      1147.91081     -2299.98575     0.1563567998771
    11 -1152.078626437      1147.84630     -2299.92493     0.1539117267463
    12 -1152.081308162      1147.85590     -2299.93720     0.1511174005260
    13 -1152.077719610      1147.93748     -2300.01520     0.1477352389469
    14 -1152.068638348      1148.01979     -2300.08842     0.1439528744443
    15 -1152.074240568      1147.97409     -2300.04833     0.1401313837847
    16 -1152.075455138      1147.87452     -2299.94998     0.1364679087287
    17 -1152.063396630      1147.78949     -2299.85288     0.1327918538331
    18 -1152.054607392      1147.68897     -2299.74357     0.1293778938600
    19 -1152.052183076      1147.59338     -2299.64557     0.1262964380635
    20 -1152.051796456      1147.55311     -2299.60491     0.1232358959961
    21 -1152.052525326      1147.58855     -2299.64107     0.1197901134724
    22 -1152.049268223      1147.69927     -2299.74854     0.1158361982524
    23 -1152.036415906      1147.84026     -2299.87667     0.1116042568179
    24 -1152.035206820      1147.86440     -2299.89961     0.1076732436456
    25 -1152.038198495      1147.78218     -2299.82038     0.1043641657932
    26 -1152.029785552      1147.68883     -2299.71861     0.1012950957927
    27 -1152.021538943      1147.58816     -2299.60970     0.9823570158391E-01
    28 -1152.016562397      1147.51284     -2299.52940     0.9499314012508E-01
    29 -1152.013887693      1147.49977     -2299.51365     0.9133504274609E-01
    30 -1152.015447077      1147.55553     -2299.57097     0.8723010039959E-01
    31 -1152.016269022      1147.68340     -2299.69967     0.8287732940760E-01
    32 -1152.005456349      1147.86549     -2299.87095     0.7862706252206E-01
    33 -1152.000834572      1147.95610     -2299.95693     0.7488939050346E-01
    34 -1152.007873281      1147.89449     -2299.90236     0.7186113649576E-01
    35 -1152.005108541      1147.79480     -2299.79991     0.6918035448672E-01
    36 -1151.997604654      1147.69980     -2299.69740     0.6650614459644E-01
    37 -1151.990155082      1147.64664     -2299.63679     0.6372148944002E-01
    38 -1151.986289454      1147.65413     -2299.64042     0.6075434981428E-01
    39 -1151.990516414      1147.71733     -2299.70785     0.5768970445133E-01
    40 -1151.997530199      1147.84844     -2299.84597     0.5466586984978E-01
    41 -1151.991355702      1148.06035     -2300.05170     0.5182911296703E-01
    42 -1151.979941892      1148.23012     -2300.21006     0.4949425599693E-01
    43 -1151.985733707      1148.20789     -2300.19362     0.4791413967455E-01
    44 -1151.986656273      1148.10033     -2300.08699     0.4681711512082E-01
    45 -1151.978380978      1148.00016     -2299.97854     0.4577696542386E-01
    46 -1151.967486025      1147.94851     -2299.91599     0.4480026404808E-01
    47 -1151.962063804      1147.94590     -2299.90796     0.4416586702384E-01
    48 -1151.968171023      1147.98145     -2299.94962     0.4392802861048E-01
    49 -1151.979514934      1148.07980     -2300.05931     0.4372025809775E-01
    50 -1151.977238750      1148.27556     -2300.25279     0.4335656855489E-01
    51 -1151.960847287      1148.46702     -2300.42787     0.4317535200456E-01
    52 -1151.967711687      1148.42662     -2300.39433     0.4370135712012E-01
    53 -1151.976739615      1148.24593     -2300.22267     0.4471539702034E-01
    54 -1151.970928763      1148.07908     -2300.05001     0.4578701805738E-01
    55 -1151.959506739      1147.97917     -2299.93868     0.4648774462953E-01
    56 -1151.955661390      1147.93313     -2299.88879     0.4653589283456E-01
    57 -1151.964834126      1147.93279     -2299.89763     0.4580963977453E-01
    58 -1151.976643984      1148.01423     -2299.99088     0.4440488030639E-01
    59 -1151.969572486      1148.20896     -2300.17853     0.4268139339269E-01
    60 -1151.950290598      1148.36681     -2300.31710     0.4134569674068E-01
    61 -1151.962683097      1148.23742     -2300.20011     0.4101401594354E-01
    62 -1151.971413498      1148.00090     -2299.97231     0.4130505318438E-01
    63 -1151.961063463      1147.80908     -2299.77015     0.4158177681488E-01
    64 -1151.946609896      1147.70933     -2299.65594     0.4149278619602E-01
    65 -1151.943799965      1147.66725     -2299.61105     0.4105901474081E-01
    66 -1151.955112470      1147.67841     -2299.63352     0.4029701857059E-01
    67 -1151.966728832      1147.78324     -2299.74997     0.3916330871918E-01
    68 -1151.956804673      1148.00373     -2299.96054     0.3781886692571E-01
    69 -1151.936796737      1148.15374     -2300.09053     0.3693761336864E-01
    70 -1151.954934947      1147.97273     -2299.92767     0.3709002459432E-01
    71 -1151.965041735      1147.72486     -2299.68990     0.3770789012482E-01
    72 -1151.952237226      1147.53197     -2299.48421     0.3833095182282E-01
    73 -1151.936980710      1147.45326     -2299.39024     0.3856763647806E-01
    74 -1151.937054679      1147.43349     -2299.37054     0.3853502768265E-01
    75 -1151.951241615      1147.47502     -2299.42626     0.3828732624399E-01
    76 -1151.964718853      1147.61666     -2299.58138     0.3775612029494E-01
    77 -1151.957616961      1147.87630     -2299.83392     0.3704701904054E-01
    78 -1151.935610492      1148.07660     -2300.01221     0.3674978788450E-01
    79 -1151.955389572      1147.91954     -2299.87493     0.3739148280211E-01
    80 -1151.970194231      1147.67216     -2299.64235     0.3833400676243E-01
    81 -1151.956332539      1147.50267     -2299.45901     0.3924137526446E-01
    82 -1151.939699789      1147.45772     -2299.39742     0.3970103305104E-01
    83 -1151.939754781      1147.46944     -2299.40920     0.3993981853932E-01
    84 -1151.953254187      1147.54117     -2299.49443     0.4006768872279E-01
    85 -1151.967259838      1147.70811     -2299.67537     0.4003898961313E-01
    86 -1151.967081582      1147.97453     -2299.94161     0.3987346589341E-01
    87 -1151.945492380      1148.22544     -2300.17093     0.3992890376153E-01
    88 -1151.953702882      1148.16720     -2300.12091     0.4071608827395E-01
    89 -1151.978153643      1147.89535     -2299.87351     0.4192898988438E-01
    90 -1151.968660999      1147.73296     -2299.70162     0.4303968614998E-01
    91 -1151.951898201      1147.68250     -2299.63440     0.4393780299831E-01
    92 -1151.949528881      1147.68959     -2299.63912     0.4477555204957E-01
    93 -1151.959250534      1147.75751     -2299.71676     0.4568437046708E-01
    94 -1151.971896655      1147.90421     -2299.87610     0.4664092742045E-01
    95 -1151.981089486      1148.11012     -2300.09121     0.4761553384062E-01
    96 -1151.973788175      1148.32772     -2300.30150     0.4877737751063E-01
    97 -1151.960272819      1148.40298     -2300.36325     0.5056886234734E-01
    98 -1151.989812674      1148.14784     -2300.13765     0.5323595364878E-01
    99 -1151.993622740      1147.93912     -2299.93274     0.5584449291316E-01
   100 -1151.979455140      1147.82504     -2299.80450     0.5874500391746E-01
   101 -1151.973346214      1147.78924     -2299.76259     0.6145964335840E-01
   102 -1151.977441862      1147.82141     -2299.79885     0.6408297470873E-01
   103 -1151.987340700      1147.91465     -2299.90199     0.6670634029639E-01
   104 -1152.002964310      1148.03376     -2300.03672     0.6926700993914E-01
   105 -1152.013007572      1148.16892     -2300.18193     0.7178500449425E-01
   106 -1151.990319540      1148.32191     -2300.31223     0.7457124697562E-01
   107 -1152.002154444      1148.17874     -2300.18089     0.7827474665194E-01
   108 -1152.023754400      1147.87992     -2299.90367     0.8228973756537E-01
   109 -1152.015093790      1147.69468     -2299.70978     0.8636781650674E-01
   110 -1152.004973118      1147.62035     -2299.62532     0.9001519859576E-01
   111 -1152.002578529      1147.63228     -2299.63486     0.9323456259022E-01
   112 -1152.008228040      1147.69768     -2299.70591     0.9632792546732E-01
   113 -1152.025216933      1147.76825     -2299.79346     0.9935298133319E-01
   114 -1152.045024505      1147.84895     -2299.89397     0.1022337491356
   115 -1152.028995399      1148.02206     -2300.05105     0.1050727021971
   116 -1152.011738375      1148.04946     -2300.06119     0.1085371086887
   117 -1152.048029604      1147.72511     -2299.77314     0.1127773278547
   118 -1152.050361954      1147.53592     -2299.58628     0.1160077309190
   119 -1152.036553579      1147.45592     -2299.49247     0.1193433309684
   120 -1152.024724949      1147.48830     -2299.51302     0.1219418084145
   121 -1152.023600534      1147.55693     -2299.58053     0.1243281941648
   122 -1152.039523361      1147.59786     -2299.63738     0.1267090369445
   123 -1152.063902753      1147.63979     -2299.70370     0.1286993858869
   124 -1152.065094373      1147.80363     -2299.86873     0.1302027924810
   125 -1152.023243044      1148.04174     -2300.06498     0.1314847343624
   126 -1152.052089039      1147.86215     -2299.91424     0.1334005893348
   127 -1152.072501594      1147.60630     -2299.67880     0.1353358933036
   128 -1152.057505610      1147.53758     -2299.59508     0.1366298641559
   129 -1152.039160946      1147.59140     -2299.63056     0.1371098641301
   130 -1152.032754694      1147.66687     -2299.69962     0.1374698096786
   131 -1152.044962496      1147.69872     -2299.74369     0.1383176560221
   132 -1152.066479352      1147.72232     -2299.78880     0.1388784911764
   133 -1152.078883145      1147.84999     -2299.92887     0.1386819796873
   134 -1152.046949719      1148.12465     -2300.17160     0.1378348886458
   135 -1152.037865794      1148.17461     -2300.21248     0.1371813011018
   136 -1152.078118426      1147.89439     -2299.97251     0.1370256009460
   137 -1152.072548683      1147.79750     -2299.87005     0.1365618631202
   138 -1152.047368960      1147.82048     -2299.86785     0.1352205401263
   139 -1152.030507621      1147.86279     -2299.89330     0.1334468860988
   140 -1152.033855476      1147.84363     -2299.87749     0.1325403919721
   141 -1152.048981410      1147.81174     -2299.86072     0.1323300383575
   142 -1152.066312887      1147.84675     -2299.91306     0.1313348850807
   143 -1152.067502741      1148.02069     -2300.08820     0.1294284251868
   144 -1152.026766001      1148.30851     -2300.33528     0.1271966962911
   145 -1152.046249129      1148.22867     -2300.27492     0.1255694323801
   146 -1152.071312867      1148.00026     -2300.07157     0.1246815271216
   147 -1152.047809144      1147.91431     -2299.96212     0.1230070377752
   148 -1152.022449609      1147.88998     -2299.91243     0.1207502076479
   149 -1152.015814924      1147.82505     -2299.84087     0.1188449418321
   150 -1152.021962197      1147.75888     -2299.78084     0.1181662447808
   151 -1152.035448436      1147.74223     -2299.77768     0.1175768877020
   152 -1152.054327753      1147.81118     -2299.86551     0.1161782287672
   153 -1152.051347611      1148.03777     -2300.08912     0.1141644489669
   154 -1152.002686734      1148.34854     -2300.35123     0.1120499684629
   155 -1152.042214882      1148.15997     -2300.20219     0.1107588286676
   156 -1152.051762891      1147.91914     -2299.97090     0.1096092264100
   157 -1152.026537619      1147.78663     -2299.81316     0.1079461397679
   158 -1152.008607808      1147.67624     -2299.68484     0.1059911450326
   159 -1152.001988510      1147.58993     -2299.59192     0.1044954992812
   160 -1152.005412048      1147.55174     -2299.55715     0.1038268860075
   161 -1152.021272102      1147.56851     -2299.58978     0.1033074882445
   162 -1152.044069604      1147.67271     -2299.71678     0.1022984263121
   163 -1152.039298974      1147.95081     -2299.99011     0.1007254821935
   164 -1151.986581398      1148.28692     -2300.27350     0.9913368046412E-01
   165 -1152.030444631      1148.05215     -2300.08259     0.9856047146030E-01
   166 -1152.040607130      1147.75581     -2299.79642     0.9821373388779E-01
   167 -1152.017906997      1147.57693     -2299.59484     0.9727718655342E-01
   168 -1151.997367165      1147.48276     -2299.48013     0.9574607236308E-01
   169 -1151.988177994      1147.44810     -2299.43628     0.9454816610843E-01
   170 -1151.993833607      1147.45846     -2299.45230     0.9449171654575E-01
   171 -1152.011610465      1147.51470     -2299.52631     0.9499085501985E-01
   172 -1152.036206907      1147.66044     -2299.69665     0.9508569206119E-01
   173 -1152.036046148      1147.94412     -2299.98016     0.9448648914840E-01
   174 -1151.980086773      1148.30592     -2300.28600     0.9375518388046E-01
   175 -1152.021433700      1148.07461     -2300.09604     0.9417510061997E-01
   176 -1152.041967581      1147.73102     -2299.77299     0.9484583244722E-01
   177 -1152.016470543      1147.56999     -2299.58646     0.9457691357502E-01
   178 -1151.993013875      1147.52379     -2299.51680     0.9317245005835E-01
   179 -1151.984931970      1147.53215     -2299.51709     0.9194780182732E-01
   180 -1151.990724885      1147.57898     -2299.56971     0.9246236796053E-01
   181 -1152.005531549      1147.64448     -2299.65002     0.9388354264315E-01
   182 -1152.030784802      1147.77421     -2299.80499     0.9501717255382E-01
   183 -1152.042130390      1147.98741     -2300.02954     0.9510004783990E-01
   184 -1151.992219782      1148.34479     -2300.33701     0.9467718934112E-01
   185 -1152.008916666      1148.23634     -2300.24525     0.9510347911131E-01
   186 -1152.045433248      1147.87623     -2299.92166     0.9589254709918E-01
   187 -1152.023008886      1147.69235     -2299.71536     0.9578682226260E-01
   188 -1151.997158455      1147.64368     -2299.64084     0.9418579651890E-01
   189 -1151.984513561      1147.64881     -2299.63333     0.9229319245628E-01
   190 -1151.984623500      1147.67611     -2299.66073     0.9240159315391E-01
   191 -1151.996203816      1147.69469     -2299.69090     0.9429328313795E-01
   192 -1152.013953959      1147.72170     -2299.73565     0.9582860906853E-01
   193 -1152.042737385      1147.83090     -2299.87363     0.9667875106801E-01
   194 -1152.035882538      1148.08746     -2300.12334     0.9627737386305E-01
   195 -1151.972742880      1148.42100     -2300.39374     0.9561042943361E-01
   196 -1152.035295633      1148.08388     -2300.11918     0.9612201001275E-01
   197 -1152.041490932      1147.79951     -2299.84100     0.9647448148970E-01
   198 -1152.011981481      1147.68769     -2299.69967     0.9563433598174E-01
   199 -1151.990029680      1147.64727     -2299.63730     0.9362706293665E-01
   200 -1151.982071706      1147.62754     -2299.60961     0.9227232795076E-01
   201 -1151.987243120      1147.62121     -2299.60846     0.9329753419843E-01
   202 -1152.004023739      1147.63371     -2299.63773     0.9527156570592E-01
   203 -1152.026172051      1147.68187     -2299.70805     0.9628783879749E-01
   204 -1152.047611527      1147.85506     -2299.90268     0.9632327613013E-01
   205 -1152.009370521      1148.21094     -2300.22031     0.9558308580553E-01
   206 -1151.990408176      1148.30474     -2300.29515     0.9534544288000E-01
   207 -1152.046811600      1147.90167     -2299.94849     0.9605360912483E-01
   208 -1152.042018753      1147.75467     -2299.79669     0.9627895184782E-01
   209 -1152.014405956      1147.63220     -2299.64661     0.9582905208113E-01
   210 -1151.992414524      1147.58315     -2299.57556     0.9434942933633E-01
   211 -1151.983760709      1147.56493     -2299.54869     0.9318409106483E-01
   212 -1151.988264477      1147.56730     -2299.55557     0.9386129387382E-01
   213 -1152.004735003      1147.59428     -2299.59902     0.9537501011544E-01
   214 -1152.027929275      1147.65794     -2299.68587     0.9616845248017E-01
   215 -1152.047630263      1147.84446     -2299.89209     0.9607178921381E-01
   216 -1152.005549634      1148.21220     -2300.21775     0.9535897867059E-01
   217 -1151.994133261      1148.26535     -2300.25949     0.9526780260306E-01
   218 -1152.047559520      1147.85997     -2299.90753     0.9605339717613E-01
   219 -1152.036837597      1147.69197     -2299.72881     0.9628374089905E-01
   220 -1152.009219943      1147.60083     -2299.61005     0.9567778649705E-01
   221 -1151.990283902      1147.57067     -2299.56096     0.9422057502179E-01
   222 -1151.984361356      1147.56843     -2299.55279     0.9337091498559E-01
   223 -1151.991230125      1147.58339     -2299.57462     0.9423506902551E-01
   224 -1152.010435353      1147.62154     -2299.63197     0.9551503246252E-01
   225 -1152.036111289      1147.70703     -2299.74314     0.9597074486036E-01
   226 -1152.044435328      1147.94101     -2299.98544     0.9552703483717E-01
   227 -1151.982879386      1148.32608     -2300.30896     0.9470319617659E-01
   228 -1152.019404278      1148.14332     -2300.16272     0.9488189332802E-01
   229 -1152.046294611      1147.80100     -2299.84729     0.9540365531426E-01
   230 -1152.018929917      1147.64896     -2299.66789     0.9511604761740E-01
   231 -1151.993239474      1147.60375     -2299.59699     0.9360538905401E-01
   232 -1151.981670336      1147.59444     -2299.57611     0.9194345371754E-01
   233 -1151.984070911      1147.60069     -2299.58476     0.9217890358309E-01
   234 -1151.998468577      1147.62324     -2299.62171     0.9352689594144E-01
   235 -1152.023992469      1147.68352     -2299.70751     0.9427643563926E-01
   236 -1152.045452208      1147.83046     -2299.87592     0.9397975274889E-01
   237 -1152.012974116      1148.18961     -2300.20258     0.9292795613849E-01
   238 -1151.980180754      1148.34553     -2300.32571     0.9229356335838E-01
   239 -1152.043715955      1147.92703     -2299.97075     0.9271623399134E-01
   240 -1152.029587438      1147.70849     -2299.73808     0.9266311246656E-01
   241 -1152.000176816      1147.62990     -2299.63008     0.9145472034901E-01
   242 -1151.982495145      1147.60421     -2299.58671     0.8938211143413E-01
   243 -1151.978573632      1147.59959     -2299.57817     0.8842140709498E-01
   244 -1151.988044609      1147.61063     -2299.59868     0.8955116534548E-01
   245 -1152.009648926      1147.64788     -2299.65753     0.9065956256937E-01
   246 -1152.035007697      1147.74064     -2299.77565     0.9072359464085E-01
   247 -1152.034728072      1148.00823     -2300.04296     0.8984452427383E-01
   248 -1151.968929159      1148.37131     -2300.34024     0.8880469869260E-01
   249 -1152.025672478      1148.07426     -2300.09993     0.8898178718678E-01
   250 -1152.037960886      1147.76560     -2299.80356     0.8925884444324E-01
   251 -1152.007635861      1147.63496     -2299.64260     0.8850761042640E-01
   252 -1151.983617313      1147.59187     -2299.57549     0.8646185543374E-01
   253 -1151.973951417      1147.57877     -2299.55272     0.8461555264686E-01
   254 -1151.978061441      1147.58195     -2299.56002     0.8503249924840E-01
   255 -1151.994176379      1147.60369     -2299.59787     0.8634764175216E-01
   256 -1152.014418585      1147.64836     -2299.66278     0.8693048055977E-01
   257 -1152.039338347      1147.81644     -2299.85578     0.8659073759803E-01
   258 -1152.007543634      1148.15662     -2300.16416     0.8557148448375E-01
   259 -1151.972666603      1148.32305     -2300.29571     0.8495024049964E-01
   260 -1152.036964374      1147.90542     -2299.94239     0.8544190970732E-01
   261 -1152.023776224      1147.68238     -2299.70615     0.8545109268921E-01
   262 -1151.993859971      1147.60064     -2299.59450     0.8424560762371E-01
   263 -1151.975480424      1147.57400     -2299.54948     0.8212641123339E-01
   264 -1151.970969109      1147.56924     -2299.54021     0.8108498521319E-01
   265 -1151.979961908      1147.58052     -2299.56048     0.8220897863323E-01
   266 -1152.001160160      1147.61755     -2299.61871     0.8344976646613E-01
   267 -1152.026734353      1147.70591     -2299.73264     0.8366534543659E-01
   268 -1152.030863577      1147.96294     -2299.99381     0.8290418981062E-01
   269 -1151.964874933      1148.34638     -2300.31126     0.8190930685218E-01
   270 -1152.014913547      1148.09406     -2300.10898     0.8211549892127E-01
   271 -1152.033328149      1147.77100     -2299.80433     0.8257099023291E-01
   272 -1152.003404972      1147.63168     -2299.63508     0.8207659375853E-01
   273 -1151.978373774      1147.58824     -2299.56661     0.8026839035073E-01
   274 -1151.967793328      1147.57726     -2299.54505     0.7851149627304E-01
   275 -1151.971089355      1147.58281     -2299.55390     0.7891735769662E-01
   276 -1151.986380413      1147.60622     -2299.59260     0.8038278823900E-01
   277 -1152.003118790      1147.64039     -2299.64351     0.8107959894624E-01
   278 -1152.033354280      1147.80129     -2299.83464     0.8104397473127E-01
   279 -1152.013623169      1148.10237     -2300.11600     0.8022026192248E-01
   280 -1151.957793541      1148.37849     -2300.33629     0.7954846759356E-01
   281 -1152.028912152      1147.96975     -2299.99866     0.8021961235741E-01
   282 -1152.023335763      1147.71324     -2299.73657     0.8063169557171E-01
   283 -1151.992705140      1147.61779     -2299.61049     0.7991611242341E-01
   284 -1151.972466657      1147.58751     -2299.55998     0.7814590303798E-01
   285 -1151.966365617      1147.58207     -2299.54843     0.7709659080342E-01
   286 -1151.973956390      1147.59219     -2299.56614     0.7815534530126E-01
   287 -1151.993824952      1147.62493     -2299.61876     0.7953765236931E-01
   288 -1152.018618058      1147.69713     -2299.71575     0.7994165769155E-01
   289 -1152.031684686      1147.92047     -2299.95216     0.7939517017662E-01
   290 -1151.972468730      1148.31361     -2300.28608     0.7845935693525E-01
   291 -1151.997868578      1148.18916     -2300.18703     0.7860654656712E-01
   292 -1152.033308311      1147.84827     -2299.88158     0.7934558775954E-01
   293 -1152.005231429      1147.65080     -2299.65603     0.7944718222646E-01
   294 -1151.977051640      1147.59721     -2299.57427     0.7802346750775E-01
   295 -1151.964298454      1147.58286     -2299.54716     0.7622346671866E-01
   296 -1151.966347438      1147.58574     -2299.55208     0.7657555742472E-01
   297 -1151.980212979      1147.60398     -2299.58420     0.7822865077065E-01
   298 -1152.005914756      1147.65654     -2299.66245     0.7931897626828E-01
   299 -1152.030127053      1147.77961     -2299.80974     0.7929715490479E-01
   300 -1152.010884071      1148.11635     -2300.12723     0.7846618165744E-01
   301 -1151.956740406      1148.38359     -2300.34033     0.7792693143067E-01
   302 -1152.028376196      1147.96986     -2299.99823     0.7876330886148E-01
   303 -1152.021673486      1147.71833     -2299.74000     0.7933245524867E-01
   304 -1151.991107685      1147.62576     -2299.61687     0.7878453267709E-01
   305 -1151.971227746      1147.59604     -2299.56727     0.7717882191943E-01
   306 -1151.965519529      1147.59001     -2299.55553     0.7629395927171E-01
   307 -1151.973542314      1147.59966     -2299.57320     0.7746028049677E-01
   308 -1151.993901888      1147.63259     -2299.62649     0.7887753343458E-01
   309 -1152.019019366      1147.70712     -2299.72614     0.7928356351080E-01
   310 -1152.030810395      1147.93731     -2299.96812     0.7875773100890E-01
   311 -1151.969491959      1148.33247     -2300.30197     0.7789823437766E-01
   312 -1152.000582956      1148.18029     -2300.18087     0.7817531488188E-01
   313 -1152.032501656      1147.81967     -2299.85217     0.7902897890965E-01
   314 -1152.004970927      1147.65504     -2299.66001     0.7914124830864E-01
   315 -1151.978300974      1147.60267     -2299.58097     0.7796439115067E-01
   316 -1151.966004581      1147.58759     -2299.55360     0.7647011362530E-01
   317 -1151.967801051      1147.58987     -2299.55767     0.7677541991022E-01
   318 -1151.981705923      1147.60824     -2299.58995     0.7826206663199E-01
   319 -1152.007431790      1147.66188     -2299.66932     0.7920281164541E-01
   320 -1152.031427462      1147.79503     -2299.82646     0.7909162648013E-01
   321 -1152.006567460      1148.14373     -2300.15030     0.7823038948865E-01
   322 -1151.959255515      1148.37181     -2300.33106     0.7778429297235E-01
   323 -1152.030298329      1147.94337     -2299.97366     0.7869214240122E-01
   324 -1152.019954121      1147.70378     -2299.72374     0.7927803041839E-01
   325 -1151.989626557      1147.61791     -2299.60753     0.7877840743975E-01
   326 -1151.970745872      1147.59100     -2299.56175     0.7734004389888E-01
   327 -1151.966131564      1147.58669     -2299.55282     0.7670210789729E-01
   328 -1151.975414976      1147.59787     -2299.57329     0.7788023853494E-01
   329 -1151.997172762      1147.63439     -2299.63156     0.7907999895846E-01
   330 -1152.023033491      1147.72051     -2299.74355     0.7929361201479E-01
   331 -1152.027844794      1147.97838     -2300.00623     0.7863101596246E-01
   332 -1151.960665548      1148.36653     -2300.32720     0.7781687727466E-01
   333 -1152.012090111      1148.10879     -2300.12088     0.7831853946031E-01
   334 -1152.030946286      1147.78206     -2299.81300     0.7915285775389E-01
   335 -1152.000761831      1147.64187     -2299.64263     0.7918240659951E-01
   336 -1151.975773763      1147.59870     -2299.57447     0.7798848388074E-01
   337 -1151.965580424      1147.58771     -2299.55329     0.7673635801831E-01
   338 -1151.969686416      1147.59282     -2299.56251     0.7734408082857E-01
   339 -1151.986186767      1147.61593     -2299.60212     0.7872617193494E-01
   340 -1152.004265396      1147.65319     -2299.65746     0.7925950827053E-01
   341 -1152.033141440      1147.82247     -2299.85561     0.7904405910993E-01
   342 -1152.006917480      1148.14517     -2300.15208     0.7821539304930E-01
   343 -1151.960197120      1148.37109     -2300.33129     0.7775835930637E-01
   344 -1152.030537032      1147.94694     -2299.97747     0.7864929366538E-01
   345 -1152.020550917      1147.70760     -2299.72815     0.7925580910362E-01
   346 -1151.990026020      1147.62074     -2299.61077     0.7883857705861E-01
   347 -1151.970899457      1147.59354     -2299.56444     0.7748775017728E-01
   348 -1151.966166007      1147.58906     -2299.55523     0.7685124037676E-01
   349 -1151.975514308      1147.60026     -2299.57578     0.7794411514439E-01
   350 -1151.997432005      1147.63710     -2299.63453     0.7901757467583E-01
   351 -1152.023331779      1147.72398     -2299.74731     0.7914624358222E-01
   352 -1152.027688187      1147.98470     -2300.01239     0.7842120024161E-01
   353 -1151.959886564      1148.37330     -2300.33319     0.7758233480457E-01
   354 -1152.012824530      1148.10769     -2300.12051     0.7807614349099E-01
   355 -1152.030793653      1147.78261     -2299.81341     0.7890218939994E-01
   356 -1152.000315886      1147.64394     -2299.64426     0.7895362809269E-01
   357 -1151.975368476      1147.60138     -2299.57675     0.7780801590341E-01
   358 -1151.965334080      1147.59074     -2299.55608     0.7660938991608E-01
   359 -1151.969742512      1147.59618     -2299.56592     0.7719626717307E-01
   360 -1151.986669056      1147.62013     -2299.60679     0.7845164094651E-01
   361 -1152.005762968      1147.66073     -2299.66650     0.7889840856463E-01
   362 -1152.033260284      1147.83436     -2299.86762     0.7855884771523E-01
   363 -1152.003029391      1148.17051     -2300.17354     0.7767046860101E-01
   364 -1151.962924033      1148.36238     -2300.32531     0.7725509326653E-01
   365 -1152.031300059      1147.93438     -2299.96568     0.7813912712632E-01
   366 -1152.018952705      1147.70477     -2299.72372     0.7870704393865E-01
   367 -1151.988562305      1147.62211     -2299.61067     0.7827286886571E-01
   368 -1151.969992037      1147.59640     -2299.56639     0.7696119410572E-01
   369 -1151.965851447      1147.59265     -2299.55850     0.7639196689105E-01
   370 -1151.975888752      1147.60467     -2299.58056     0.7744639465548E-01
   371 -1151.998535686      1147.64367     -2299.64221     0.7836912983361E-01
   372 -1152.024629511      1147.73738     -2299.76201     0.7837069400356E-01
   373 -1152.024687508      1148.01386     -2300.03855     0.7755098886153E-01
   374 -1151.955739646      1148.39086     -2300.34660     0.7671930276015E-01
   375 -1152.017034715      1148.07696     -2300.09399     0.7728391076707E-01
   376 -1152.028606427      1147.76822     -2299.79682     0.7806207794908E-01
   377 -1151.997444787      1147.64166     -2299.63911     0.7803460505943E-01
   378 -1151.973468162      1147.60269     -2299.57615     0.7687199845883E-01
   379 -1151.964443276      1147.59342     -2299.55786     0.7577612059983E-01
   380 -1151.969912039      1147.59994     -2299.56985     0.7642383571786E-01
   381 -1151.988042511      1147.62626     -2299.61430     0.7754040876219E-01
   382 -1152.010010894      1147.67797     -2299.68798     0.7785695644102E-01
   383 -1152.032789341      1147.86745     -2299.90024     0.7733158829824E-01
   384 -1151.989961728      1148.23873     -2300.22869     0.7635841399310E-01
   385 -1151.974250144      1148.31251     -2300.28676     0.7614059533152E-01
   386 -1152.032266861      1147.89172     -2299.92399     0.7702528958153E-01
   387 -1152.021598085      1147.72587     -2299.74747     0.7743348935010E-01
   388 -1151.992512475      1147.63552     -2299.62804     0.7719013930524E-01
   389 -1151.972350624      1147.60491     -2299.57726     0.7609179242817E-01
   390 -1151.965934671      1147.59791     -2299.56385     0.7532944167763E-01
   391 -1151.972966099      1147.60575     -2299.57871     0.7596300083921E-01
   392 -1151.992828113      1147.63660     -2299.62943     0.7678325224728E-01
   393 -1152.019462578      1147.71741     -2299.73688     0.7680576306063E-01
   394 -1152.028558084      1147.95532     -2299.98388     0.7599325608424E-01
   395 -1151.962133020      1148.36031     -2300.32245     0.7497295960652E-01
   396 -1152.003718050      1148.15688     -2300.16060     0.7522931679559E-01
   397 -1152.030100605      1147.80769     -2299.83779     0.7599851475156E-01
   398 -1152.000500383      1147.65479     -2299.65529     0.7610513584793E-01
   399 -1151.974181782      1147.60796     -2299.58214     0.7511109823349E-01
   400 -1151.962892100      1147.59544     -2299.55833     0.7389001082279E-01
   401 -1151.966321587      1147.59939     -2299.56571     0.7419678425667E-01
   402 -1151.982480624      1147.62124     -2299.60372     0.7515712320282E-01
   403 -1151.999332393      1147.65467     -2299.65400     0.7548038260930E-01
   404 -1152.030153687      1147.82688     -2299.85704     0.7503594252063E-01
   405 -1152.005790685      1148.14102     -2300.14681     0.7411773592996E-01
   406 -1151.954117926      1148.39076     -2300.34488     0.7352846263559E-01
   407 -1152.026789571      1147.96277     -2299.98956     0.7432568696115E-01
   408 -1152.017691096      1147.71694     -2299.73464     0.7493114147210E-01
   409 -1151.986561845      1147.62838     -2299.61494     0.7462901762833E-01
   410 -1151.966911768      1147.60135     -2299.56826     0.7344734564473E-01
   411 -1151.962028133      1147.59753     -2299.55956     0.7280380473586E-01
   412 -1151.971664924      1147.60939     -2299.58105     0.7364483262302E-01
   413 -1151.994131692      1147.64763     -2299.64176     0.7435799428927E-01
   414 -1152.020321420      1147.73812     -2299.75845     0.7423603536156E-01
   415 -1152.022360139      1148.00978     -2300.03215     0.7332754813075E-01
   416 -1151.952460748      1148.39677     -2300.34923     0.7240993775649E-01
   417 -1152.011681599      1148.09695     -2300.10863     0.7287647722566E-01
   418 -1152.025563544      1147.78067     -2299.80623     0.7363432958432E-01
   419 -1151.994129221      1147.65026     -2299.64439     0.7367313372678E-01
   420 -1151.969528718      1147.61124     -2299.58077     0.7263947774407E-01
   421 -1151.960144632      1147.60266     -2299.56281     0.7157946844776E-01
   422 -1151.965565334      1147.60963     -2299.57519     0.7208139277358E-01
   423 -1151.983860368      1147.63625     -2299.62012     0.7295458615590E-01
   424 -1152.005914690      1147.68786     -2299.69378     0.7311370625090E-01
   425 -1152.028753429      1147.87939     -2299.90815     0.7244443951479E-01
   426 -1151.984683183      1148.25444     -2300.23912     0.7140245530120E-01
   427 -1151.970355167      1148.32117     -2300.29152     0.7113402065042E-01
   428 -1152.028139778      1147.89836     -2299.92650     0.7196820260287E-01
   429 -1152.015780410      1147.72850     -2299.74428     0.7237091261757E-01
   430 -1151.986419127      1147.64367     -2299.63009     0.7212420147307E-01
   431 -1151.966773977      1147.61577     -2299.58255     0.7109222614038E-01
   432 -1151.961075656      1147.61018     -2299.57126     0.7040184792430E-01
   433 -1151.969045139      1147.61911     -2299.58816     0.7093168986777E-01
   434 -1151.989995088      1147.65242     -2299.64242     0.7147489448324E-01
   435 -1152.017063453      1147.74121     -2299.75828     0.7124870080018E-01
   436 -1152.021182550      1147.99999     -2300.02118     0.7026139047881E-01
   437 -1151.950588273      1148.39949     -2300.35008     0.6920241441406E-01
   438 -1152.006178408      1148.12222     -2300.12840     0.6952111189505E-01
   439 -1152.023350284      1147.79595     -2299.81930     0.7019753786277E-01
   440 -1151.992002508      1147.66003     -2299.65203     0.7020572408051E-01
   441 -1151.966751048      1147.61888     -2299.58564     0.6919177839844E-01
   442 -1151.956830212      1147.60860     -2299.56543     0.6809451574653E-01
   443 -1151.961856378      1147.61402     -2299.57588     0.6843357844994E-01
   444 -1151.979880479      1147.63909     -2299.61897     0.6912232849321E-01
   445 -1152.001842609      1147.68970     -2299.69154     0.6918587777858E-01
   446 -1152.025270956      1147.87947     -2299.90474     0.6842206843833E-01
   447 -1151.982130342      1148.25458     -2300.23671     0.6731187411612E-01
   448 -1151.964919722      1148.33510     -2300.30002     0.6695704018675E-01
   449 -1152.024389172      1147.90799     -2299.93238     0.6772604337914E-01
   450 -1152.013785698      1147.74339     -2299.75718     0.6809084160852E-01
   451 -1151.984187791      1147.65250     -2299.63669     0.6789667652523E-01
   452 -1151.963527065      1147.62239     -2299.58592     0.6692581647760E-01
   453 -1151.956912411      1147.61625     -2299.57316     0.6615531099944E-01
   454 -1151.964105367      1147.62506     -2299.58917     0.6650485367219E-01
   455 -1151.984422094      1147.65758     -2299.64200     0.6690610764501E-01
   456 -1152.011505907      1147.74260     -2299.75411     0.6659792160524E-01
   457 -1152.018594900      1147.99122     -2300.00982     0.6554486206640E-01
   458 -1151.948725367      1148.40045     -2300.34918     0.6438707225539E-01
   459 -1151.997964493      1148.15837     -2300.15633     0.6455546523994E-01
   460 -1152.019933393      1147.81833     -2299.83826     0.6518679233223E-01
   461 -1151.988862061      1147.67414     -2299.66300     0.6521969741260E-01
   462 -1151.962729477      1147.63155     -2299.59428     0.6426932987822E-01
   463 -1151.952041005      1147.62171     -2299.57375     0.6314122038896E-01
   464 -1151.956442952      1147.62760     -2299.58404     0.6332307311938E-01
   465 -1151.973948322      1147.65236     -2299.62631     0.6385993337520E-01
   466 -1151.995222290      1147.69933     -2299.69455     0.6386335192013E-01
   467 -1152.020466978      1147.88237     -2299.90283     0.6303733356771E-01
   468 -1151.981287281      1148.24892     -2300.23021     0.6189047468823E-01
   469 -1151.954819388      1148.37233     -2300.32715     0.6140579113183E-01
   470 -1152.019107099      1147.93610     -2299.95520     0.6212537377607E-01
   471 -1152.016866631      1147.81935     -2299.83622     0.6238353313849E-01
   472 -1151.987048238      1147.68603     -2299.67307     0.6246222443022E-01
   473 -1151.961362193      1147.64401     -2299.60538     0.6164387055928E-01
   474 -1151.950448310      1147.63275     -2299.58320     0.6060936863186E-01
   475 -1151.954178238      1147.63605     -2299.59023     0.6068897925602E-01
   476 -1151.971098194      1147.65763     -2299.62872     0.6113973055289E-01
   477 -1151.993729340      1147.70743     -2299.70116     0.6107845178516E-01
   478 -1152.017985733      1147.88792     -2299.90590     0.6020569978481E-01
   479 -1151.976876948      1148.26492     -2300.24180     0.5900138251231E-01
   480 -1151.953387088      1148.37501     -2300.32840     0.5850680655016E-01
   481 -1152.016739264      1147.93800     -2299.95474     0.5919974110825E-01
   482 -1152.011364400      1147.79956     -2299.81092     0.5948789638249E-01
   483 -1151.981498138      1147.68597     -2299.66747     0.5944783506026E-01
   484 -1151.957695989      1147.64792     -2299.60561     0.5859947266827E-01
   485 -1151.948240481      1147.63811     -2299.58635     0.5765102318619E-01
   486 -1151.953012658      1147.64355     -2299.59656     0.5770766834257E-01
   487 -1151.971095874      1147.66959     -2299.64069     0.5797984296967E-01
   488 -1151.996828300      1147.73554     -2299.73237     0.5767709247537E-01
   489 -1152.014473569      1147.94194     -2299.95641     0.5660867781702E-01
   490 -1151.956980406      1148.35336     -2300.31034     0.5529829477499E-01
   491 -1151.968708374      1148.29721     -2300.26592     0.5501081513528E-01
   492 -1152.013983116      1147.89851     -2299.91249     0.5565287452511E-01
   493 -1151.988763938      1147.71763     -2299.70639     0.5590450468173E-01
   494 -1151.959583332      1147.66033     -2299.61992     0.5528787381189E-01
   495 -1151.944862065      1147.64502     -2299.58989     0.5414807382874E-01
   496 -1151.945131038      1147.64730     -2299.59243     0.5385481061297E-01
   497 -1151.958545813      1147.66514     -2299.62369     0.5419520656691E-01
   498 -1151.984592580      1147.71776     -2299.70236     0.5404349233886E-01
   499 -1152.009626505      1147.85302     -2299.86265     0.5319632985213E-01
   500 -1151.982808588      1148.21437     -2300.19718     0.5179714895142E-01
   501 -1151.932502853      1148.45055     -2300.38305     0.5093006309070E-01
   502 -1152.007921020      1147.99828     -2300.00620     0.5144103860685E-01
   503 -1151.994870102      1147.76139     -2299.75626     0.5178834908421E-01
   504 -1151.962970513      1147.68211     -2299.64508     0.5134673326974E-01
   505 -1151.943609719      1147.66054     -2299.60415     0.5017292005456E-01
   506 -1151.939424936      1147.65999     -2299.59942     0.4941782554593E-01
   507 -1151.950006721      1147.67294     -2299.62295     0.4979593187765E-01
   508 -1151.973756012      1147.71343     -2299.68718     0.4986768401044E-01
   509 -1152.000918644      1147.81611     -2299.81703     0.4924890367043E-01
   510 -1151.995036477      1148.11751     -2300.11255     0.4797750199398E-01
   511 -1151.922391584      1148.48776     -2300.41015     0.4691079107404E-01
   512 -1151.996229785      1148.10206     -2300.09829     0.4727961372727E-01
   513 -1151.998870824      1147.81253     -2299.81141     0.4780455980642E-01
   514 -1151.965791069      1147.70525     -2299.67105     0.4764774355081E-01
   515 -1151.942460302      1147.67503     -2299.61749     0.4662230270141E-01
   516 -1151.934649018      1147.67041     -2299.60506     0.4564764184998E-01
   517 -1151.941914074      1147.67916     -2299.62108     0.4587462955382E-01
   518 -1151.962534511      1147.70929     -2299.67183     0.4607006678242E-01
   519 -1151.988515841      1147.77973     -2299.76824     0.4565882375167E-01
   520 -1152.002278242      1148.01069     -2300.01296     0.4448815441511E-01
   521 -1151.936151433      1148.42977     -2300.36592     0.4322623340806E-01
   522 -1151.968788646      1148.27337     -2300.24216     0.4311698811150E-01
   523 -1152.003479231      1147.94172     -2299.94519     0.4379155007056E-01
   524 -1151.969897606      1147.73068     -2299.70057     0.4427058463877E-01
   525 -1151.939760441      1147.68455     -2299.62431     0.4348238887641E-01
   526 -1151.927674343      1147.67479     -2299.60247     0.4223356098363E-01
   527 -1151.932788974      1147.67988     -2299.61267     0.4264627164464E-01
   528 -1151.950934080      1147.70158     -2299.65251     0.4333786923491E-01
   529 -1151.980881720      1147.76771     -2299.74859     0.4320408403548E-01
   530 -1152.002008588      1147.93044     -2299.93245     0.4239723616655E-01
   531 -1151.954496849      1148.34745     -2300.30195     0.4114508741461E-01
   532 -1151.939417440      1148.41632     -2300.35573     0.4077085111155E-01
   533 -1152.001379991      1147.96729     -2299.96867     0.4153854660958E-01
   534 -1151.989559658      1147.81149     -2299.80105     0.4190636526860E-01
   535 -1151.959422464      1147.72481     -2299.68423     0.4178818057967E-01
   536 -1151.938277185      1147.69697     -2299.63525     0.4093007347247E-01
   537 -1151.931196481      1147.69165     -2299.62284     0.4012113562650E-01
   538 -1151.937912334      1147.69935     -2299.63727     0.4023989098124E-01
   539 -1151.958036093      1147.72853     -2299.68657     0.4037434794657E-01
   540 -1151.986133460      1147.80950     -2299.79563     0.3984051663029E-01
   541 -1151.995590227      1148.05103     -2300.04662     0.3862062025094E-01
   542 -1151.923167900      1148.47844     -2300.40160     0.3733685173381E-01
   543 -1151.970904941      1148.24744     -2300.21835     0.3730071863227E-01
   544 -1151.995783580      1147.89402     -2299.88980     0.3779452447381E-01
   545 -1151.963506387      1147.74648     -2299.70999     0.3776214469820E-01
   546 -1151.936069130      1147.70522     -2299.64129     0.3679641084286E-01
   547 -1151.924463183      1147.69640     -2299.62086     0.3553299235135E-01
   548 -1151.928157675      1147.70139     -2299.62955     0.3547384040698E-01
   549 -1151.945109289      1147.72276     -2299.66787     0.3574845866836E-01
   550 -1151.965310441      1147.76174     -2299.72705     0.3565280937131E-01
   551 -1151.994601431      1147.93168     -2299.92629     0.3471193803346E-01
   552 -1151.962707138      1148.28392     -2300.24662     0.3353747369475E-01
   553 -1151.917620111      1148.49271     -2300.41033     0.3284212748544E-01
   554 -1151.992404996      1148.03307     -2300.02547     0.3339761139602E-01
   555 -1151.977155510      1147.80439     -2299.78154     0.3376709366926E-01
   556 -1151.944786443      1147.72918     -2299.67397     0.3337660296437E-01
   557 -1151.925377499      1147.70950     -2299.63488     0.3221798683870E-01
   558 -1151.921146687      1147.70910     -2299.63025     0.3147243644666E-01
   559 -1151.931785718      1147.72059     -2299.65237     0.3193360505511E-01
   560 -1151.955735655      1147.75809     -2299.71383     0.3208880053654E-01
   561 -1151.983576781      1147.85496     -2299.83853     0.3156299677776E-01
   562 -1151.980972591      1148.14908     -2300.13006     0.3042278533119E-01
   563 -1151.904984421      1148.54135     -2300.44633     0.2945395864062E-01
   564 -1151.978538193      1148.16590     -2300.14444     0.2979880437257E-01
   565 -1151.983839231      1147.86652     -2299.85036     0.3033068138961E-01
   566 -1151.949981930      1147.75548     -2299.70546     0.3024552544232E-01
   567 -1151.925590245      1147.72553     -2299.65112     0.2924117681475E-01
   568 -1151.916871805      1147.72113     -2299.63800     0.2818774851753E-01
   569 -1151.923231830      1147.72846     -2299.65169     0.2846275464587E-01
   570 -1151.942943973      1147.75427     -2299.69721     0.2883688164856E-01
   571 -1151.967991814      1147.81238     -2299.78037     0.2862284393311E-01
   572 -1151.988566139      1148.01744     -2300.00600     0.2767173041404E-01
   573 -1151.932102849      1148.43077     -2300.36287     0.2657374260805E-01
   574 -1151.938045580      1148.40225     -2300.34029     0.2633565338226E-01
   575 -1151.988085269      1147.98443     -2299.97251     0.2695821053737E-01
   576 -1151.963258463      1147.80495     -2299.76821     0.2723375669555E-01
   577 -1151.932996185      1147.74911     -2299.68211     0.2667922244073E-01
   578 -1151.916969384      1147.73553     -2299.65250     0.2549780054668E-01
   579 -1151.915749576      1147.73692     -2299.65267     0.2508297109421E-01
   580 -1151.927523475      1147.74991     -2299.67744     0.2551153083635E-01
   581 -1151.952498009      1147.79084     -2299.74333     0.2559235672222E-01
   582 -1151.980355922      1147.90116     -2299.88151     0.2499123964281E-01
   583 -1151.968884619      1148.22304     -2300.19193     0.2384817058754E-01
   584 -1151.897199446      1148.57354     -2300.47074     0.2298625566141E-01
   585 -1151.977796409      1148.14238     -2300.12018     0.2335419370903E-01
   586 -1151.973880928      1147.86943     -2299.84331     0.2373274347654E-01
   587 -1151.940071686      1147.77574     -2299.71581     0.2341887448516E-01
   588 -1151.917471260      1147.75111     -2299.66858     0.2223270112491E-01
   589 -1151.910289775      1147.74833     -2299.65862     0.2121374213889E-01
   590 -1151.917935011      1147.75604     -2299.67398     0.2163018541616E-01
   591 -1151.938949333      1147.78328     -2299.72223     0.2205939212434E-01
   592 -1151.965806964      1147.85124     -2299.81705     0.2184150921310E-01
   593 -1151.980961006      1148.07855     -2300.05951     0.2096500985487E-01
   594 -1151.913710092      1148.50733     -2300.42104     0.1999781078023E-01
   595 -1151.945811402      1148.35548     -2300.30129     0.1996898161401E-01
   596 -1151.982036987      1148.00738     -2299.98942     0.2053817792092E-01
   597 -1151.948452452      1147.80670     -2299.75516     0.2084959661754E-01
   598 -1151.917919382      1147.76232     -2299.68024     0.1997466951586E-01
   599 -1151.904990559      1147.75334     -2299.65833     0.1854676068881E-01
   600 -1151.908394359      1147.75675     -2299.66515     0.1889559118301E-01
   601 -1151.924498150      1147.77312     -2299.69762     0.1989586629689E-01
   602 -1151.953294787      1147.82558     -2299.77888     0.2015018737298E-01
   603 -1151.978880159      1147.95807     -2299.93695     0.1969052002492E-01
   604 -1151.949912954      1148.33668     -2300.28659     0.1876794244399E-01
   605 -1151.900145156      1148.56734     -2300.46749     0.1834372111542E-01
   606 -1151.978855936      1148.09428     -2300.07313     0.1901635741179E-01
   607 -1151.964190630      1147.84702     -2299.81121     0.2070175788055E-01
   608 -1151.926830418      1147.74293     -2299.66976     0.2288075248990E-01
   609 -1151.903201055      1147.70732     -2299.61052     0.2366561264699E-01
   610 -1151.895872789      1147.70060     -2299.59647     0.2437074993113E-01
   611 -1151.903448066      1147.71091     -2299.61436     0.3068960800425E-01
   612 -1151.924676081      1147.74039     -2299.66507     0.3822107875224E-01
   613 -1151.961279349      1147.81374     -2299.77502     0.4394587979405E-01
   614 -1151.998242150      1147.99745     -2299.99569     0.4888963668378E-01
   615 -1151.959501623      1148.47665     -2300.43615     0.5446230148658E-01
   616 -1151.913379148      1148.72418     -2300.63756     0.6311647425185E-01
   617 -1152.011885250      1148.18899     -2300.20088     0.7699083609385E-01
   618 -1151.998782135      1148.03887     -2300.03765     0.8923492350991E-01
   619 -1151.966362536      1147.99982     -2299.96618     0.1073710105725
   620 -1151.946082118      1148.03128     -2299.97736     0.1262231065998
   621 -1151.941840275      1148.09551     -2300.03735     0.1438424001195
   622 -1151.953414839      1148.18823     -2300.14164     0.1647514054578
   623 -1151.981214812      1148.32791     -2300.30913     0.1864261573277
   624 -1152.021510801      1148.55988     -2300.58139     0.2009221349385
   625 -1152.052261418      1148.95917     -2301.01143     0.2042546313023
   626 -1152.021219268      1149.54484     -2301.56606     0.2074703110362
   627 -1151.953805818      1149.83339     -2301.78719     0.2095665636650
   628 -1152.058975063      1149.10885     -2301.16782     0.2067525136119
   629 -1152.027389948      1148.82733     -2300.85472     0.1992123453443
   630 -1151.972410266      1148.70846     -2300.68087     0.1872845263066
   631 -1151.938576276      1148.68750     -2300.62608     0.1654629036939
   632 -1151.931116549      1148.72255     -2300.65366     0.1501889915796
   633 -1151.946239273      1148.81038     -2300.75662     0.1501868369582
   634 -1151.971920745      1148.98092     -2300.95284     0.1653033593804
   635 -1151.982121894      1149.26721     -2301.24934     0.1964909539262
   636 -1152.003386136      1149.46023     -2301.46362     0.2026651036866
   637 -1152.043347650      1149.48906     -2301.53241     0.1973139701581
   638 -1151.933291251      1149.79908     -2301.73237     0.1862494401614
   639 -1152.005474259      1149.21289     -2301.21837     0.1670260790271
   640 -1152.007589380      1148.80525     -2300.81284     0.1544674263590
   641 -1151.961519915      1148.58202     -2300.54354     0.1475799022008
   642 -1151.933400438      1148.51080     -2300.44420     0.1508851445014
   643 -1151.927912234      1148.53536     -2300.46327     0.1462280253839
   644 -1151.930025236      1148.66829     -2300.59831     0.1414157175413
   645 -1151.919910658      1148.89913     -2300.81904     0.1502643184720
   646 -1151.938922358      1148.96942     -2300.90835     0.1720549559961
   647 -1152.001548838      1148.80412     -2300.80567     0.1718810287174
   648 -1152.041797428      1148.75282     -2300.79462     0.1679715502423
   649 -1151.994969289      1149.06626     -2301.06123     0.1606058973587
   650 -1151.922379295      1149.25110     -2301.17348     0.1557272470325
   651 -1152.034231674      1148.57032     -2300.60455     0.1580336629581
   652 -1152.029576760      1148.42562     -2300.45519     0.1695690926451
   653 -1152.011129236      1148.50174     -2300.51287     0.1866426050004
   654 -1151.978906805      1148.78546     -2300.76436     0.1662984389659
   655 -1151.936102477      1149.06317     -2300.99927     0.1511384687467
   656 -1151.960130122      1148.93066     -2300.89079     0.1501921396005
   657 -1151.982215115      1148.70166     -2300.68388     0.1636304354576
   658 -1151.993935597      1148.56670     -2300.56063     0.1919337384430
   659 -1152.015339712      1148.57887     -2300.59421     0.1881373277144
   660 -1152.030098569      1148.82299     -2300.85309     0.1870398535326
   661 -1151.938442385      1149.44037     -2301.37882     0.1967644469389
   662 -1152.019219403      1149.26512     -2301.28434     0.2080274525130
   663 -1152.064400985      1149.02177     -2301.08617     0.2130345945325
   664 -1152.012251406      1149.13526     -2301.14751     0.2060740655758
   665 -1151.946827949      1149.23422     -2301.18105     0.1723780747808
   666 -1151.950383718      1148.92543     -2300.87582     0.1491830969473
   667 -1151.950533434      1148.58654     -2300.53707     0.1431041847334
   668 -1151.941615537      1148.34796     -2300.28958     0.1505214050596
   669 -1151.947647111      1148.21719     -2300.16483     0.1728899505964
   670 -1151.977864356      1148.18862     -2300.16648     0.1838386179595
   671 -1152.023624739      1148.31519     -2300.33882     0.1847684342839
   672 -1152.010879285      1148.79173     -2300.80261     0.1857696013094
   673 -1151.936808349      1149.27488     -2301.21169     0.1833941228383
   674 -1152.051229928      1148.79664     -2300.84787     0.1787392670263
   675 -1152.019304525      1148.61509     -2300.63439     0.1752289425161
   676 -1151.985733622      1148.29689     -2300.28263     0.1708765699253
   677 -1151.954731898      1148.00719     -2299.96192     0.1519462962109
   678 -1151.924757839      1147.84284     -2299.76760     0.1340285653696
   679 -1151.911129859      1147.78240     -2299.69353     0.1298593109829
   680 -1151.919976613      1147.80339     -2299.72337     0.1385444092717
   681 -1151.950993708      1147.89787     -2299.84886     0.1606006589493
   682 -1152.002086257      1148.07291     -2300.07499     0.1663003335477
   683 -1152.052997363      1148.38898     -2300.44198     0.1680937010326
   684 -1151.999423824      1149.05747     -2301.05689     0.1700127759135
   685 -1151.909402171      1149.38855     -2301.29795     0.1726338907532
   686 -1152.055308577      1148.44080     -2300.49611     0.1756729527720
   687 -1152.038602536      1148.21137     -2300.24998     0.1776625386901
   688 -1151.982938546      1148.11333     -2300.09627     0.1803518753069
   689 -1151.937120352      1148.17597     -2300.11309     0.1555921586649
   690 -1151.916539078      1148.28220     -2300.19874     0.1374418347942
   691 -1151.924384318      1148.37653     -2300.30092     0.1342611374568
   692 -1151.950557179      1148.49782     -2300.44838     0.1449358878186
   693 -1151.973564495      1148.72926     -2300.70282     0.1723668458826
   694 -1151.993707978      1148.99911     -2300.99282     0.1965891732512
   695 -1152.050469089      1149.10707     -2301.15754     0.1973615383900
   696 -1151.992226207      1149.50287     -2301.49510     0.1971803070108
   697 -1151.950413571      1149.53829     -2301.48871     0.1950052603937
   698 -1152.022167412      1148.87941     -2300.90158     0.1890323339898
   699 -1151.983409599      1148.62514     -2300.60855     0.1847581978266
   700 -1151.951174464      1148.47745     -2300.42862     0.1799400505681
   701 -1151.941929001      1148.40915     -2300.35108     0.1526043481187
   702 -1151.945522789      1148.44484     -2300.39037     0.1421601869169
   703 -1151.936554604      1148.62142     -2300.55798     0.1457768633915
   704 -1151.928765514      1148.75688     -2300.68565     0.1643170003399
   705 -1151.992044995      1148.54907     -2300.54111     0.1810223080008
   706 -1152.036981016      1148.42204     -2300.45902     0.1758421026885
   707 -1152.029067694      1148.61507     -2300.64414     0.1698415369565
   708 -1151.884808503      1149.13087     -2301.01568     0.1648270003300
   709 -1152.004910660      1148.46920     -2300.47411     0.1613612770658
   710 -1152.004759066      1148.09643     -2300.10119     0.1613172920392
   711 -1151.975293462      1148.02753     -2300.00282     0.1630538260290
   712 -1151.948586988      1148.18169     -2300.13027     0.1596072206033
   713 -1151.908158600      1148.46105     -2300.36921     0.1441247133581
   714 -1151.920621615      1148.47619     -2300.39681     0.1411141059078
   715 -1151.947604873      1148.33684     -2300.28445     0.1512134568408
   716 -1151.957940185      1148.26396     -2300.22190     0.1705250238878
   717 -1151.983554702      1148.24081     -2300.22436     0.1723890454656
   718 -1152.017632506      1148.35143     -2300.36906     0.1753056382229
   719 -1151.978738059      1148.83999     -2300.81873     0.1818604183928
   720 -1151.919844712      1149.22286     -2301.14270     0.1892414544873
   721 -1152.042631113      1148.77978     -2300.82241     0.1943210437960
   722 -1152.016567861      1148.82967     -2300.84624     0.1957805525406
   723 -1151.957775404      1149.01103     -2300.96881     0.1903368607006
   724 -1151.948141307      1148.94102     -2300.88916     0.1608851285683
   725 -1151.939445664      1148.77543     -2300.71488     0.1432441277701
   726 -1151.928492244      1148.59270     -2300.52119     0.1383986762366
   727 -1151.926746748      1148.43996     -2300.36671     0.1461298658545
   728 -1151.941662543      1148.35962     -2300.30128     0.1672091653704
   729 -1151.981279096      1148.37780     -2300.35908     0.1893353506348
   730 -1152.038235140      1148.56180     -2300.60003     0.1988999384978
   731 -1152.034788826      1149.13191     -2301.16670     0.2044491588967
   732 -1151.899898304      1149.89399     -2301.79388     0.2054867460833
   733 -1152.035641754      1149.24071     -2301.27635     0.2023876632883
   734 -1152.056647880      1148.79261     -2300.84925     0.2003482076875
   735 -1151.993673739      1148.19420     -2300.18788     0.1869873844435
   736 -1151.931917194      1147.95936     -2299.89127     0.1561255474860
   737 -1151.903087374      1147.86227     -2299.76535     0.1372097837174
   738 -1151.908341855      1147.85357     -2299.76191     0.1364664979876
   739 -1151.943671926      1147.92892     -2299.87260     0.1520196127315
   740 -1152.005486892      1148.12666     -2300.13215     0.1772399268420
   741 -1152.065934004      1148.54825     -2300.61418     0.1860903954242
   742 -1152.002897682      1149.43227     -2301.43517     0.1868726833186
   743 -1151.881676292      1149.96516     -2301.84683     0.1866025868877
   744 -1152.067184731      1148.79440     -2300.86158     0.1859583738522
   745 -1152.026468151      1148.21745     -2300.24391     0.1810913260560
   746 -1151.952365217      1148.02206     -2299.97442     0.1551018716891
   747 -1151.909849408      1147.99043     -2299.90028     0.1311670465264
   748 -1151.901163743      1148.04846     -2299.94962     0.1239516782419
   749 -1151.919341499      1148.16934     -2300.08868     0.1327828481068
   750 -1151.959468962      1148.33774     -2300.29721     0.1579429805444
   751 -1152.025894582      1148.57109     -2300.59699     0.1925160158759
   752 -1152.075464259      1149.00015     -2301.07562     0.1988064353798
   753 -1151.927896766      1149.96099     -2301.88889     0.1991161318405
   754 -1151.978957814      1149.66908     -2301.64804     0.1986118738810
   755 -1152.069520646      1148.76277     -2300.83229     0.1957914710537
   756 -1151.995712260      1148.39506     -2300.39077     0.1701400242229
   757 -1151.928312267      1148.32820     -2300.25651     0.1303785524644
   758 -1151.894522300      1148.34623     -2300.24075     0.1099012597334
   759 -1151.892646733      1148.36834     -2300.26099     0.1093319180122
   760 -1151.921189965      1148.36682     -2300.28801     0.1269362984231
   761 -1151.962280335      1148.38879     -2300.35107     0.1525800258382
   762 -1152.045794543      1148.56611     -2300.61190     0.1923897831777
   763 -1152.066874681      1149.08798     -2301.15486     0.1981763169980
   764 -1151.867141423      1150.17675     -2302.04389     0.1984639575335
   765 -1152.038142473      1149.39315     -2301.43129     0.1983734472538
   766 -1152.060694822      1148.68227     -2300.74297     0.1954457152381
   767 -1151.977816870      1148.40039     -2300.37820     0.1511977879767
   768 -1151.918225568      1148.26387     -2300.18209     0.1128592421896
   769 -1151.892425384      1148.16517     -2300.05760     0.9712925706456E-01
   770 -1151.894780002      1148.10926     -2300.00404     0.9885534346714E-01
   771 -1151.922303621      1148.14058     -2300.06289     0.1150028721806
   772 -1151.974450549      1148.23806     -2300.21251     0.1474226939575
   773 -1152.050848398      1148.49518     -2300.54603     0.1905221824843
   774 -1152.063757964      1149.14221     -2301.20597     0.1972028959852
   775 -1151.851972226      1150.22397     -2302.07594     0.1988020470923
   776 -1152.054157710      1149.25469     -2301.30885     0.2009169707141
   777 -1152.058031760      1148.55123     -2300.60926     0.1997959598697
   778 -1151.973816081      1148.28216     -2300.25597     0.1604751283334
   779 -1151.914275245      1148.19779     -2300.11206     0.1231118120770
   780 -1151.888671269      1148.18426     -2300.07294     0.1078532494186
   781 -1151.894047969      1148.20902     -2300.10307     0.1115122160551
   782 -1151.927307134      1148.27206     -2300.19937     0.1327149528181
   783 -1151.973644165      1148.35900     -2300.33265     0.1626974305250
   784 -1152.057091699      1148.641473079     -2300.698564778
$end
