$energy      SCF               SCFKIN            SCFPOT
     1 -688.1478054996      689.8102842449     -1377.958089745
     2 -688.1421220568      689.8841271927     -1378.026249250
     3 -688.1947357191      689.6504347410     -1377.845170460
     4 -688.2680934153      689.2296480908     -1377.497741506
     5 -688.3338960991      688.7762751892     -1377.110171288
     6 -688.3903386292      688.3835440197     -1376.773882649
     7 -688.4456377816      688.0765560228     -1376.522193804
     8 -688.5061493194      687.8462825388     -1376.352431858
     9 -688.5721701000      687.6896951326     -1376.261865233
    10 -688.6342504821      687.6256335194     -1376.259884001
    11 -688.6718673255      687.6662880623     -1376.338155388
    12 -688.6829520478      687.6822829454     -1376.365234993
    13 -688.7199678331      687.3956450091     -1376.115612842
    14 -688.7544705668      686.9832348228     -1375.737705390
    15 -688.7617005157      686.6912960508     -1375.452996566
    16 -688.7611880897      686.5363280726     -1375.297516162
    17 -688.7672926649      686.4774318622     -1375.244724527
    18 -688.7837427195      686.4842952041     -1375.268037924
    19 -688.8046662214      686.5532644022     -1375.357930624
    20 -688.8145767146      686.6952021280     -1375.509778843
    21 -688.7971926438      686.8617594569     -1375.658952101
    22 -688.7949918279      686.7806406567     -1375.575632485
    23 -688.8153739574      686.4501168659     -1375.265490823
    24 -688.8076627134      686.2108713060     -1375.018534019
    25 -688.7905473197      686.1176429008     -1374.908190220
    26 -688.7812138252      686.1310003608     -1374.912214186
    27 -688.7845102876      686.2157434314     -1375.000253719
    28 -688.7980035504      686.3527847700     -1375.150788320
    29 -688.8080727127      686.5491165645     -1375.357189277
    30 -688.7932103475      686.7821066657     -1375.575317013
    31 -688.7827252986      686.8113676995     -1375.594092998
    32 -688.7962932768      686.5604106489     -1375.356703926
    33 -688.7874943443      686.3391719938     -1375.126666338
    34 -688.7670751007      686.2424684911     -1375.009543592
    35 -688.7519821780      686.2476399497     -1374.999622128
    36 -688.7491298649      686.3189881442     -1375.068118009
    37 -688.7589507461      686.4297001666     -1375.188650913
    38 -688.7730474509      686.5809108735     -1375.353958324
    39 -688.7711132052      686.7895267047     -1375.560639910
    40 -688.7483167519      686.9497430065     -1375.698059758
    41 -688.7590419074      686.7834888123     -1375.542530720
    42 -688.7661739336      686.5028125360     -1375.268986470
    43 -688.7493363806      686.3434090525     -1375.092745433
    44 -688.7316373361      686.2993302828     -1375.030967619
    45 -688.7256841246      686.3265863509     -1375.052270476
    46 -688.7339765172      686.3983167650     -1375.132293282
    47 -688.7500393926      686.5205857753     -1375.270625168
    48 -688.7574893558      686.7122999146     -1375.469789270
    49 -688.7444527570      686.9070411707     -1375.651493928
    50 -688.7506741477      686.8483296084     -1375.599003756
    51 -688.7647049877      686.6036487895     -1375.368353777
    52 -688.7542929783      686.4323772250     -1375.186670203
    53 -688.7375122559      686.3647464069     -1375.102258663
    54 -688.7284176812      686.3662745464     -1375.094692228
    55 -688.7302736088      686.4136118059     -1375.143885415
    56 -688.7404725907      686.4990410949     -1375.239513686
    57 -688.7541638035      686.6180906105     -1375.372254414
    58 -688.7590183990      686.7746095753     -1375.533627974
    59 -688.7440701413      686.9183196034     -1375.662389745
    60 -688.7500507332      686.8219173578     -1375.571968091
    61 -688.7615241004      686.5829461027     -1375.344470203
    62 -688.7503582733      686.4339001454     -1375.184258419
    63 -688.7351862256      686.3823655834     -1375.117551809
    64 -688.7272578533      686.3908981260     -1375.118155979
    65 -688.7287105900      686.4340697186     -1375.162780309
    66 -688.7400219997      686.4958999406     -1375.235921940
    67 -688.7547512257      686.5915915457     -1375.346342771
    68 -688.7526387464      686.7556379470     -1375.508276693
    69 -688.7382878759      686.8680716320     -1375.606359508
    70 -688.7514183399      686.7273263930     -1375.478744733
    71 -688.7520891137      686.5535535347     -1375.305642648
    72 -688.7371104210      686.4715080588     -1375.208618480
    73 -688.7231017867      686.4547067114     -1375.177808498
    74 -688.7179285519      686.4642761248     -1375.182204677
    75 -688.7247836447      686.4787055740     -1375.203489219
    76 -688.7396210991      686.5185098284     -1375.258130928
    77 -688.7510530444      686.6298213980     -1375.380874442
    78 -688.7394378159      686.8339631966     -1375.573401013
    79 -688.7239431023      686.9405853053     -1375.664528408
    80 -688.7482835069      686.7499148325     -1375.498198339
    81 -688.7507971011      686.5686898453     -1375.319486946
    82 -688.7357789289      686.4858767266     -1375.221655656
    83 -688.7245767701      686.4461182332     -1375.170695003
    84 -688.7252373864      686.4192669243     -1375.144504311
    85 -688.7357639887      686.4244156253     -1375.160179614
    86 -688.7495173782      686.5025445628     -1375.252061941
    87 -688.7488894060      686.6963680974     -1375.445257503
    88 -688.7258568483      686.9149170726     -1375.640773921
    89 -688.7423485248      686.8308837404     -1375.573232265
    90 -688.7527956479      686.6433130152     -1375.396108663
    91 -688.7385144250      686.5350133478     -1375.273527773
    92 -688.7249530786      686.4633653207     -1375.188318399
    93 -688.7219929551      686.4068482053     -1375.128841160
    94 -688.7284678247      686.3899555876     -1375.118423412
    95 -688.7421733599      686.4410288145     -1375.183202174
    96 -688.7534341366      686.5924452201     -1375.345879357
    97 -688.7382712146      686.8556018000     -1375.593873015
    98 -688.7259766136      686.9815445229     -1375.707521136
    99 -688.7520767864      686.7922931541     -1375.544369940
   100 -688.7497685925      686.6113105186     -1375.361079111
   101 -688.7343031607      686.4905347606     -1375.224837921
   102 -688.7244291276      686.4031106162     -1375.127539744
   103 -688.7245116054      686.3570486710     -1375.081560276
   104 -688.7354962032      686.3712465775     -1375.106742781
   105 -688.7508959815      686.4811754060     -1375.232071388
   106 -688.7465024136      686.7326807298     -1375.479183143
   107 -688.7240065158      686.9695419166     -1375.693548432
   108 -688.7479179008      686.8517060549     -1375.599623956
   109 -688.7521639474      686.6587017429     -1375.410865690
   110 -688.7374630596      686.5112518537     -1375.248714913
   111 -688.7251615173      686.3948202153     -1375.119981733
   112 -688.7214800370      686.3235355596     -1375.045015597
   113 -688.7295403189      686.3163726301     -1375.045912949
   114 -688.7467856372      686.4004548774     -1375.147240515
   115 -688.7574729337      686.6136127637     -1375.371085697
   116 -688.7401634331      686.9201358658     -1375.660299299
   117 -688.7381324312      687.0064282325     -1375.744560664
   118 -688.7552561075      686.8189285235     -1375.574184631
   119 -688.7480592113      686.6171052268     -1375.365164438
   120 -688.7316675357      686.4589402858     -1375.190607821
   121 -688.7204426746      686.3530074866     -1375.073450161
   122 -688.7211897121      686.3102142716     -1375.031403984
   123 -688.7343240151      686.3501340977     -1375.084458113
   124 -688.7514717157      686.5017152847     -1375.253187000
   125 -688.7492894326      686.7870196797     -1375.536309112
   126 -688.7285247036      687.0392578028     -1375.767782506
   127 -688.7457132403      686.9286553499     -1375.674368590
   128 -688.7508215105      686.6797380672     -1375.430559578
   129 -688.7364641132      686.4699699925     -1375.206434106
   130 -688.7214153043      686.3283685270     -1375.049783831
   131 -688.7162613467      686.2645835597     -1374.980844906
   132 -688.7245480625      686.2892331289     -1375.013781191
   133 -688.7427732185      686.4163298278     -1375.159103046
   134 -688.7559168290      686.6598222093     -1375.415739038
   135 -688.7442825159      686.9648733456     -1375.709155862
   136 -688.7362200894      687.0624141712     -1375.798634261
   137 -688.7498549774      686.8492978420     -1375.599152819
   138 -688.7455696415      686.5904192951     -1375.335988937
   139 -688.7292222599      686.4068329012     -1375.136055161
   140 -688.7170531650      686.3151865699     -1375.032239735
   141 -688.7168911600      686.3153200273     -1375.032211187
   142 -688.7292093802      686.4044124503     -1375.133621831
   143 -688.7467050886      686.5806390654     -1375.327344154
   144 -688.7516509926      686.8376736083     -1375.589324601
   145 -688.7336847167      687.0667950588     -1375.800479776
   146 -688.7415665562      686.9668462266     -1375.708412783
   147 -688.7541596302      686.6582600511     -1375.412419681
   148 -688.7419243941      686.4186891296     -1375.160613524
   149 -688.7248050085      686.2964093878     -1375.021214396
   150 -688.7166539432      686.2795136931     -1374.996167636
   151 -688.7211790621      686.3510819628     -1375.072261025
   152 -688.7360730669      686.4931741354     -1375.229247202
   153 -688.7508204197      686.6946884696     -1375.445508889
   154 -688.7441261706      686.9367675760     -1375.680893747
   155 -688.7272885559      687.0402135666     -1375.767502123
   156 -688.7403198811      686.8220669191     -1375.562386800
   157 -688.7430752685      686.5461816270     -1375.289256895
   158 -688.7294841004      686.3862318614     -1375.115715962
   159 -688.7173268873      686.3436145627     -1375.060941450
   160 -688.7160660012      686.3864001983     -1375.102466199
   161 -688.7278730214      686.4835144399     -1375.211387461
   162 -688.7460546584      686.6277139375     -1375.373768596
   163 -688.7496501625      686.8394789967     -1375.589129159
   164 -688.7271466274      687.0359767498     -1375.763123377
   165 -688.7356617750      686.9065566986     -1375.642218474
   166 -688.7513136580      686.5947340535     -1375.346047711
   167 -688.7396855192      686.3948598197     -1375.134545339
   168 -688.7229349304      686.3263198501     -1375.049254781
   169 -688.7162097842      686.3430342972     -1375.059244081
   170 -688.7245232872      686.4084300480     -1375.132953335
   171 -688.7423919565      686.5250160813     -1375.267408038
   172 -688.7510976627      686.7238258087     -1375.474923471
   173 -688.7345850752      686.9526530768     -1375.687238152
   174 -688.7325939988      686.9410476723     -1375.673641671
   175 -688.7500896848      686.6841930533     -1375.434282738
   176 -688.7440865011      686.4802655980     -1375.224352099
   177 -688.7278084884      686.3926056045     -1375.120414093
$end
