$coord
   -0.21818929108388     -0.10845365043767      0.09223394206650      ti
    0.98263340060603     -2.99093890346718      1.87937874847241       o
   -2.42120385988259     -1.04108451962232     -2.51998910450657       o
   -3.78811288063830     -1.13593138601276     -3.80164842201032       h
   -0.34210203512423      2.76217886234117      2.03353580337915       o
    0.40828345683231      4.32236869402320      2.59464594792064       h
    2.17626625127816      1.31668917082905     -1.65679263159515       o
    3.90853095414111      0.90747672462981     -1.11955917674266       h
    2.41637012940728     -2.26716736950313      2.43199457404659       h
$end
