$coord
    0.26175617118711      0.02862311481698      0.03003851969051      ti
    0.32236157799488     -2.54984205309083      2.12466897997324       o
   -2.49787515135431     -0.81257222159232     -1.87592546293718       o
   -3.49881905332494     -0.28564136464372     -3.38539674596608       h
   -1.30652754649469      2.25555934878665      2.08450228410091       o
   -1.73192795366607      2.56527998176083      3.89224170384825       h
    2.67615833979960      0.96901641203769     -2.36811918513847       o
    3.13898893043027      0.26104922464080     -3.97131275853613       h
    1.97381403251111     -3.09845902919521      3.08094164588858       h
$end
