$coord
    0.02855659645710      0.01766459297238      0.02587205151272      ti
    0.72660593419077     -2.65478440340098      2.20069681969672       o
   -2.59602393621674     -0.81726025418279     -1.92374970704518       o
   -3.13968567245547     -2.53745319753625     -1.24463580310826       h
   -0.80679551777670      2.51834598763403      1.87821581101024       o
   -0.94237070664616      4.23449321630959      1.44859904689116       h
    2.52940787749810      0.80015709884449     -2.14499449631333       o
    2.86551683516450      2.64128835730514     -2.14899523550926       h
    2.14347364472158     -3.26785578050059      1.15559965560383       h
$end
