$coord
   -0.07094768896045      0.08764700982414     -0.03390697805714      ti
    1.02382678468635     -2.49260073674482      2.14524790858775       o
   -2.55675523820277     -0.89376524975482     -1.78130309601133       o
   -4.15132542433823     -1.45584709147385     -2.37517523354605       h
   -0.76234254508977      2.51635516115303      2.04679298809179       o
   -2.43639366751133      3.12259045396693      1.72752413588599       h
    2.59480997614898      0.43992295250261     -2.18932180221243       o
    3.09829197740506      2.12823527113122     -1.56462898734079       h
    2.76820198644451     -2.62179016306602      1.55265454872715       h
$end
