$energy      SCF               SCFKIN            SCFPOT
     1 -1152.114467382      1148.281717553     -2300.396184935
     2 -1152.111593871      1148.307842186     -2300.419436057
     3 -1152.107455440      1148.278613324     -2300.386068764
     4 -1152.108329432      1148.163334058     -2300.271663490
     5 -1152.107730540      1148.027690109     -2300.135420649
     6 -1152.102798762      1147.940852501     -2300.043651263
     7 -1152.098132049      1147.919291352     -2300.017423401
     8 -1152.097854328      1147.949796924     -2300.047651252
     9 -1152.101661380      1148.017981209     -2300.119642589
    10 -1152.104030231      1148.117468315     -2300.221498547
    11 -1152.100620678      1148.223377121     -2300.323997799
    12 -1152.097614522      1148.272190691     -2300.369805213
    13 -1152.100095322      1148.241172097     -2300.341267419
    14 -1152.100893251      1148.198591034     -2300.299484285
    15 -1152.097658745      1148.206209510     -2300.303868255
    16 -1152.094931681      1148.272867561     -2300.367799242
    17 -1152.096102191      1148.380927648     -2300.477029839
    18 -1152.099965703      1148.514111429     -2300.614077132
    19 -1152.101247881      1148.662512350     -2300.763760231
    20 -1152.097127693      1148.798312328     -2300.895440021
    21 -1152.093393458      1148.866493583     -2300.959887040
    22 -1152.094648525      1148.849770936     -2300.944419461
    23 -1152.094646298      1148.809906487     -2300.904552785
    24 -1152.090344400      1148.805623167     -2300.895967567
    25 -1152.085373810      1148.847675498     -2300.933049308
    26 -1152.082963210      1148.921315462     -2301.004278672
    27 -1152.082862701      1149.010355829     -2301.093218530
    28 -1152.081998773      1149.101796089     -2301.183794862
    29 -1152.078289209      1149.173583772     -2301.251872982
    30 -1152.074063646      1149.190325301     -2301.264388947
    31 -1152.073481933      1149.133994996     -2301.207476929
    32 -1152.073528948      1149.045979361     -2301.119508308
    33 -1152.070793813      1148.983535502     -2301.054329315
    34 -1152.068238653      1148.963264107     -2301.031502759
    35 -1152.069311929      1148.971503602     -2301.040815531
    36 -1152.074048265      1148.989365546     -2301.063413811
    37 -1152.079314380      1149.003255269     -2301.082569649
    38 -1152.081823868      1148.998172732     -2301.079996600
    39 -1152.081999615      1148.947863138     -2301.029862753
    40 -1152.084761029      1148.829793791     -2300.914554820
    41 -1152.088719019      1148.678317329     -2300.767036348
    42 -1152.089313145      1148.555771600     -2300.645084744
    43 -1152.088560507      1148.483120530     -2300.571681038
    44 -1152.090000970      1148.446513467     -2300.536514437
    45 -1152.094241781      1148.425858216     -2300.520099997
    46 -1152.098394600      1148.409045241     -2300.507439841
    47 -1152.098995283      1148.384207603     -2300.483202886
    48 -1152.096889149      1148.325961724     -2300.422850873
    49 -1152.097375250      1148.213158976     -2300.310534226
    50 -1152.098562306      1148.084026082     -2300.182588388
    51 -1152.096178371      1147.998775980     -2300.094954352
    52 -1152.092632432      1147.973725658     -2300.066358090
    53 -1152.091604600      1147.990933483     -2300.082538082
    54 -1152.093512105      1148.029898190     -2300.123410295
    55 -1152.095447571      1148.079646991     -2300.175094562
    56 -1152.094628944      1148.129067433     -2300.223696377
    57 -1152.091510099      1148.157522028     -2300.249032127
    58 -1152.090988539      1148.143884897     -2300.234873436
    59 -1152.092687459      1148.112867611     -2300.205555070
    60 -1152.092016933      1148.116505831     -2300.208522764
    61 -1152.090151547      1148.169086564     -2300.259238111
    62 -1152.090279691      1148.252781189     -2300.343060880
    63 -1152.092752016      1148.347925043     -2300.440677059
    64 -1152.095888621      1148.442684824     -2300.538573445
    65 -1152.097635625      1148.530551302     -2300.628186927
    66 -1152.096439307      1148.604401396     -2300.700840704
    67 -1152.096627323      1148.641587356     -2300.738214679
    68 -1152.099738955      1148.647585966     -2300.747324922
    69 -1152.100250342      1148.667786629     -2300.768036972
    70 -1152.097691106      1148.721466021     -2300.819157128
    71 -1152.095172304      1148.794088388     -2300.889260692
    72 -1152.094421811      1148.864739579     -2300.959161391
    73 -1152.095472493      1148.920665564     -2301.016138057
    74 -1152.095489984      1148.968291878     -2301.063781862
    75 -1152.091057220      1149.015264907     -2301.106322127
    76 -1152.086569480      1149.038482041     -2301.125051521
    77 -1152.085775197      1149.029219801     -2301.114994997
    78 -1152.083862403      1149.026647967     -2301.110510370
    79 -1152.079727219      1149.051818066     -2301.131545285
    80 -1152.076790249      1149.086944514     -2301.163734763
    81 -1152.077735105      1149.103775150     -2301.181510255
    82 -1152.082415409      1149.090454802     -2301.172870211
    83 -1152.086396772      1149.062812486     -2301.149209258
    84 -1152.085668320      1149.034840594     -2301.120508914
    85 -1152.085608701      1148.980379705     -2301.065988406
    86 -1152.090454351      1148.888161487     -2300.978615837
    87 -1152.093916948      1148.802222552     -2300.896139500
    88 -1152.093739257      1148.747801814     -2300.841541071
    89 -1152.093065070      1148.708047383     -2300.801112453
    90 -1152.094615163      1148.656861901     -2300.751477064
    91 -1152.098217914      1148.586849817     -2300.685067731
    92 -1152.099716025      1148.515323634     -2300.615039660
    93 -1152.096510924      1148.450046658     -2300.546557582
    94 -1152.095172385      1148.361409633     -2300.456582018
    95 -1152.097862604      1148.250986728     -2300.348849332
    96 -1152.098080201      1148.168181228     -2300.266261429
    97 -1152.095473807      1148.130604456     -2300.226078263
    98 -1152.093777797      1148.118468709     -2300.212246506
    99 -1152.094940006      1148.109403413     -2300.204343419
   100 -1152.097988118      1148.098001706     -2300.195989824
   101 -1152.098801870      1148.097064751     -2300.195866621
   102 -1152.095611471      1148.106916067     -2300.202527538
   103 -1152.095023091      1148.097056155     -2300.192079246
   104 -1152.098075553      1148.072977099     -2300.171052653
   105 -1152.098706831      1148.078402585     -2300.177109416
   106 -1152.096907722      1148.124048669     -2300.220956391
   107 -1152.095630520      1148.189521896     -2300.285152416
   108 -1152.096177229      1148.254337318     -2300.350514547
   109 -1152.097923980      1148.313105546     -2300.411029526
   110 -1152.097071163      1148.379253889     -2300.476325052
   111 -1152.092136218      1148.452764529     -2300.544900747
   112 -1152.090120283      1148.499806074     -2300.589926357
   113 -1152.092119639      1148.521014842     -2300.613134480
   114 -1152.091265876      1148.558514220     -2300.649780096
   115 -1152.086744671      1148.623696968     -2300.710441639
   116 -1152.081852533      1148.696248474     -2300.778101007
   117 -1152.079471186      1148.754365839     -2300.833837026
   118 -1152.079251116      1148.799259081     -2300.878510197
   119 -1152.076185007      1148.856325012     -2300.932510019
   120 -1152.069079867      1148.927496388     -2300.996576255
   121 -1152.065959149      1148.972833956     -2301.038793105
   122 -1152.068110598      1148.989316835     -2301.057427433
   123 -1152.068260640      1149.019134953     -2301.087395593
   124 -1152.065857826      1149.069945215     -2301.135803042
   125 -1152.065474592      1149.110270275     -2301.175744867
   126 -1152.070327356      1149.112467054     -2301.182794410
   127 -1152.077310504      1149.088974804     -2301.166285308
   128 -1152.079733754      1149.073341730     -2301.153075483
   129 -1152.078449604      1149.059143996     -2301.137593599
   130 -1152.082627597      1149.005026009     -2301.087653606
   131 -1152.090242226      1148.927814190     -2301.018056416
   132 -1152.093230881      1148.876031523     -2300.969262404
   133 -1152.092305658      1148.847783847     -2300.940089505
   134 -1152.092669346      1148.804552754     -2300.897222100
   135 -1152.096683244      1148.724305333     -2300.820988577
   136 -1152.099666278      1148.630196763     -2300.729863041
   137 -1152.096250534      1148.551528091     -2300.647778625
   138 -1152.091772129      1148.466608915     -2300.558381044
   139 -1152.093665224      1148.351925966     -2300.445591190
   140 -1152.095354168      1148.254209357     -2300.349563525
   141 -1152.092310047      1148.211346573     -2300.303656620
   142 -1152.088054818      1148.205014325     -2300.293069143
   143 -1152.087193322      1148.196658192     -2300.283851514
   144 -1152.089869344      1148.172299950     -2300.262169293
   145 -1152.090255787      1148.153044359     -2300.243300146
   146 -1152.085515417      1148.147759810     -2300.233275226
   147 -1152.083912515      1148.121462306     -2300.205374821
   148 -1152.087416285      1148.078645726     -2300.166062010
   149 -1152.088432219      1148.073412044     -2300.161844263
   150 -1152.086615026      1148.118791839     -2300.205406865
   151 -1152.085989818      1148.184087850     -2300.270077669
   152 -1152.088689558      1148.236562268     -2300.325251826
   153 -1152.092630905      1148.269858456     -2300.362489362
   154 -1152.092381345      1148.300027892     -2300.392409236
   155 -1152.088773933      1148.319083855     -2300.407857788
   156 -1152.089851515      1148.299674702     -2300.389526216
   157 -1152.092686318      1148.274913715     -2300.367600033
   158 -1152.091664424      1148.293943075     -2300.385607499
   159 -1152.088640216      1148.356528918     -2300.445169134
   160 -1152.087008107      1148.432864577     -2300.519872684
   161 -1152.088002662      1148.498133761     -2300.586136423
   162 -1152.089125909      1148.552552814     -2300.641678723
   163 -1152.085815878      1148.609118705     -2300.694934583
   164 -1152.081849127      1148.647833515     -2300.729682643
   165 -1152.083958637      1148.648916307     -2300.732874944
   166 -1152.086740966      1148.656553191     -2300.743294158
   167 -1152.085839447      1148.710359630     -2300.796199076
   168 -1152.083543465      1148.799825947     -2300.883369412
   169 -1152.083298818      1148.890316929     -2300.973615747
   170 -1152.086042531      1148.958730936     -2301.044773467
   171 -1152.087201468      1149.015085042     -2301.102286510
   172 -1152.082572001      1149.070607007     -2301.153179008
   173 -1152.078904982      1149.093511886     -2301.172416868
   174 -1152.081871301      1149.068402111     -2301.150273411
   175 -1152.084911637      1149.042425927     -2301.127337565
   176 -1152.084804171      1149.044912528     -2301.129716700
   177 -1152.084609128      1149.055607033     -2301.140216161
   178 -1152.088307420      1149.036720367     -2301.125027787
   179 -1152.095161837      1148.979253763     -2301.074415599
   180 -1152.098433380      1148.912216525     -2301.010649905
   181 -1152.095959367      1148.846430218     -2300.942389585
   182 -1152.096447120      1148.748555742     -2300.845002861
   183 -1152.101908883      1148.624543566     -2300.726452450
   184 -1152.104121918      1148.532169641     -2300.636291559
   185 -1152.101224110      1148.492621909     -2300.593846018
   186 -1152.097182474      1148.477222024     -2300.574404498
   187 -1152.095950470      1148.449178790     -2300.545129260
   188 -1152.095704544      1148.407730973     -2300.503435517
   189 -1152.090346818      1148.378407209     -2300.468754026
   190 -1152.081345147      1148.352578048     -2300.433923195
   191 -1152.078180453      1148.293290787     -2300.371471240
   192 -1152.078733513      1148.225906762     -2300.304640275
   193 -1152.076113262      1148.202717473     -2300.278830735
   194 -1152.071431999      1148.224970757     -2300.296402755
   195 -1152.069161925      1148.256353682     -2300.325515608
   196 -1152.071547645      1148.265880026     -2300.337427671
   197 -1152.074827325      1148.258310838     -2300.333138163
   198 -1152.073322760      1148.251764434     -2300.325087194
   199 -1152.071291403      1148.225504813     -2300.296796216
   200 -1152.075508648      1148.162120494     -2300.237629142
   201 -1152.079906451      1148.112507557     -2300.192414009
   202 -1152.080595036      1148.118126238     -2300.198721274
   203 -1152.080524664      1148.167978249     -2300.248502913
   204 -1152.082568056      1148.230070579     -2300.312638635
   205 -1152.086201294      1148.284767095     -2300.370968389
   206 -1152.087269204      1148.335433142     -2300.422702345
   207 -1152.083289989      1148.382283853     -2300.465573842
   208 -1152.081336779      1148.396123049     -2300.477459827
   209 -1152.083760115      1148.386003905     -2300.469764020
   210 -1152.083863338      1148.409865868     -2300.493729206
   211 -1152.081322074      1148.489034097     -2300.570356171
   212 -1152.079602020      1148.601441874     -2300.681043895
   213 -1152.080167750      1148.715988695     -2300.796156444
   214 -1152.081590553      1148.814086760     -2300.895677313
   215 -1152.079881230      1148.893416415     -2300.973297645
   216 -1152.075121642      1148.942080041     -2301.017201683
   217 -1152.074777637      1148.936084281     -2301.010861917
   218 -1152.077038365      1148.908365110     -2300.985403475
   219 -1152.076657744      1148.912290418     -2300.988948162
   220 -1152.075028218      1148.955597154     -2301.030625373
   221 -1152.075032194      1149.011496168     -2301.086528361
   222 -1152.077874438      1149.047375471     -2301.125249909
   223 -1152.081584850      1149.048806443     -2301.130391293
   224 -1152.081502441      1149.021786391     -2301.103288831
   225 -1152.080052748      1148.954451419     -2301.034504167
   226 -1152.083938952      1148.836762541     -2300.920701493
   227 -1152.088931362      1148.720357012     -2300.809288374
   228 -1152.091116814      1148.656307396     -2300.747424209
   229 -1152.092007849      1148.647528312     -2300.739536162
   230 -1152.093705972      1148.664699703     -2300.758405675
   231 -1152.097029959      1148.674011268     -2300.771041228
   232 -1152.099034666      1148.665316481     -2300.764351147
   233 -1152.095411825      1148.644172591     -2300.739584416
   234 -1152.090907924      1148.591635722     -2300.682543646
   235 -1152.090604585      1148.506939226     -2300.597543811
   236 -1152.089575853      1148.444460154     -2300.534036008
   237 -1152.086007685      1148.439264015     -2300.525271700
   238 -1152.082134652      1148.478959985     -2300.561094636
   239 -1152.080344733      1148.524227724     -2300.604572458
   240 -1152.081605168      1148.538181516     -2300.619786685
   241 -1152.082465370      1148.513633800     -2300.596099170
   242 -1152.079757517      1148.455095289     -2300.534852806
   243 -1152.079595101      1148.347356374     -2300.426951475
   244 -1152.083713498      1148.215063511     -2300.298777008
   245 -1152.086376839      1148.123889527     -2300.210266366
   246 -1152.087137730      1148.101729328     -2300.188867058
   247 -1152.088236899      1148.131425845     -2300.219662744
   248 -1152.091169925      1148.176270961     -2300.267440886
   249 -1152.094995753      1148.208270749     -2300.303266502
   250 -1152.095510364      1148.222781710     -2300.318292074
   251 -1152.092840137      1148.211504593     -2300.304344730
   252 -1152.093645239      1148.163258631     -2300.256903869
   253 -1152.095476071      1148.124687265     -2300.220163335
   254 -1152.094504807      1148.150706389     -2300.245211196
   255 -1152.092640943      1148.246698427     -2300.339339369
   256 -1152.091946265      1148.383045329     -2300.474991593
$end
