$coord
   -0.00040610651909      0.13373596046308      0.02024457905403      ti
    0.99248132602920     -2.54438315917200      1.83181352880965      o
   -2.57279731669058     -1.00188910094353     -1.81859236290868      o
   -3.93608864573750     -0.19507752049470     -2.46152538133276      h
   -1.05055413061996      2.52640911313659      1.73949530495763      o
   -0.59171898795205      2.15613598568636      3.65343223111259      h
    2.72982353403860      0.60780985466658     -1.89044296301542      o
    2.34111423843594      1.86596532544734     -3.14857065482202      h
    0.63531515006406     -3.64184671310590      3.18073386856120      h
$redundant
     number_of_atoms             9
     degrees_of_freedom         21
     internal_coordinates       21
     frozen_coordinates          0
# definitions of redundant internals
   1 k  1.0000000000000 tors    4    3    1    2 val= 147.18111
        1.0000000000000 tors    4    3    1    5
        1.0000000000000 tors    4    3    1    7
   2 k  1.0000000000000 stre    3    4           val=   1.70964
   3 k  1.0000000000000 bend    1    4    3      val= 131.05966
   4 k  1.0000000000000 tors    6    5    1    2 val= 130.55252
        1.0000000000000 tors    6    5    1    3
        1.0000000000000 tors    6    5    1    7
   5 k  1.0000000000000 stre    5    6           val=   2.00269
   6 k  1.0000000000000 bend    1    6    5      val= 107.87522
   7 k  1.0000000000000 tors    8    7    1    2 val=  56.53481
        1.0000000000000 tors    8    7    1    3
        1.0000000000000 tors    8    7    1    5
   8 k  1.0000000000000 stre    7    8           val=   1.82125
   9 k  1.0000000000000 bend    1    8    7      val= 108.44022
  10 k  1.0000000000000 tors    9    2    1    3 val=  47.99394
        1.0000000000000 tors    9    2    1    5
        1.0000000000000 tors    9    2    1    7
  11 k  1.0000000000000 stre    2    9           val=   1.77527
  12 k  1.0000000000000 bend    1    9    2      val= 146.86689
  13 k  1.0000000000000 stre    1    5           val=   3.12786
  14 k  1.0000000000000 stre    1    3           val=   3.35979
  15 k  1.0000000000000 stre    1    7           val=   3.36595
  16 k  1.0000000000000 stre    1    2           val=   3.38230
  17 k -0.2383731887098 bend    3    5    1      val=   2.31868
       -0.3579761161007 bend    7    5    1
        0.5802523679141 bend    7    3    1
       -0.5107629333873 bend    2    5    1
        0.3528466672978 bend    2    3    1
        0.3048917315874 bend    2    7    1
  18 k  0.3771778471208 bend    3    5    1      val=   2.23411
       -0.6767906866114 bend    7    5    1
       -0.1749811222386 bend    7    3    1
        0.3056404410117 bend    2    5    1
        0.4807397903855 bend    2    3    1
       -0.2110592802407 bend    2    7    1
  19 k -0.6294501924132 bend    3    5    1      val=   3.71807
       -0.1184490644435 bend    7    5    1
       -0.2830317791064 bend    7    3    1
        0.4688639515819 bend    2    5    1
        0.1526427290104 bend    2    3    1
        0.5162577637253 bend    2    7    1
  20 k -0.4548154312822 bend    3    5    1      val=   6.58386
        0.2433923884270 bend    7    5    1
        0.3146720672799 bend    7    3    1
        0.2532618693943 bend    2    5    1
        0.3618517677327 bend    2    3    1
       -0.6631789219334 bend    2    7    1
  21 k  0.0122990693822 bend    3    5    1      val=  -0.30450
        0.3674803932568 bend    7    5    1
       -0.5448992984697 bend    7    3    1
       -0.4472753802187 bend    2    5    1
        0.6058644213333 bend    2    3    1
        0.0276529420517 bend    2    7    1
        21 non zero eigenvalues  of BmBt
           1          11.200498448    1    0
         1
           2           5.582775484    2    0
         2
           3           3.436067632    3    0
         3
           4           3.205837219    4    0
         4
           5           3.058185210    5    0
         5
           6           2.551164209    6    0
         6
           7           2.307032049    7    0
         7
           8           2.115343466    8    0
         8
           9           2.034565467    9    0
         9
          10           1.864908445   10    0
        10
          11           1.536696241   11    0
        11
          12           1.307217603   12    0
        12
          13           1.119667296   13    0
        13
          14           0.698450942   14    0
        14
          15           0.493537013   15    0
        15
          16           0.299119375   16    0
        16
          17           0.153591025   17    0
        17
          18           0.130227883   18    0
        18
          19           0.094147406   19    0
        19
          20           0.084563958   20    0
        20
          21           0.081291784   21    0
        21
$user-defined bonds
$end
