$coord
   -0.13074034113791     -0.11188765751055     -0.02810570540572      ti
    0.87064293244275     -2.50584610236612      2.05059765312027      o
   -2.16174012633236     -0.55858893417480     -1.73992715579033      o
   -2.39207939382831     -0.92546009483719     -3.52015060750990      h
   -0.73723450729211      2.57810425938392      2.03664585912653      o
    0.29108090782359      3.35440403007186      3.48643305639792      h
    2.29605736359748      0.74456183768052     -2.32516358371772      o
    3.27149786741052      2.27591136657837     -2.41417953754211      h
    0.79286468194596     -3.48668639958362      3.43188706703922      h
$redundant
     number_of_atoms             9
     degrees_of_freedom         21
     internal_coordinates       21
     frozen_coordinates          0
# definitions of redundant internals
   1 k  1.0000000000000 tors    4    3    1    2 val= 110.87696
        1.0000000000000 tors    4    3    1    5
        1.0000000000000 tors    4    3    1    7
   2 k  1.0000000000000 stre    3    4           val=   1.86337
   3 k  1.0000000000000 bend    1    4    3      val= 121.89937
   4 k  1.0000000000000 tors    6    5    1    2 val= 110.97412
        1.0000000000000 tors    6    5    1    3
        1.0000000000000 tors    6    5    1    7
   5 k  1.0000000000000 stre    5    6           val=   1.90582
   6 k  1.0000000000000 bend    1    6    5      val= 132.44431
   7 k  1.0000000000000 tors    8    7    1    2 val= 124.44727
        1.0000000000000 tors    8    7    1    3
        1.0000000000000 tors    8    7    1    5
   8 k  1.0000000000000 stre    7    8           val=   1.80195
   9 k  1.0000000000000 bend    1    8    7      val= 139.25174
  10 k  1.0000000000000 tors    9    2    1    3 val= 132.36697
        1.0000000000000 tors    9    2    1    5
        1.0000000000000 tors    9    2    1    7
  11 k  1.0000000000000 stre    2    9           val=   1.78251
  12 k  1.0000000000000 bend    1    9    2      val= 153.04761
  13 k  1.0000000000000 stre    1    2           val=   3.25763
  14 k  1.0000000000000 stre    1    5           val=   3.27664
  15 k  1.0000000000000 stre    1    7           val=   3.30949
  16 k  1.0000000000000 stre    1    3           val=   3.49406
  17 k  0.4973667017860 bend    5    2    1      val=   2.22962
        0.2089483172872 bend    7    2    1
        0.4986740725931 bend    7    5    1
       -0.5589883603103 bend    3    2    1
       -0.1707656546000 bend    3    5    1
       -0.3444738571029 bend    3    7    1
  18 k  0.2229171550400 bend    5    2    1      val=   0.44811
        0.4975738805132 bend    7    2    1
       -0.3101003360728 bend    7    5    1
        0.4179070637359 bend    3    2    1
       -0.6286031298004 bend    3    5    1
       -0.1917752545877 bend    3    7    1
  19 k -0.5103497288997 bend    5    2    1      val=   8.34401
        0.4289932390016 bend    7    2    1
        0.3497026748010 bend    7    5    1
       -0.2136997754463 bend    3    2    1
       -0.3190758270014 bend    3    5    1
        0.5345456172652 bend    3    7    1
  20 k -0.4612438245711 bend    5    2    1      val=   3.97842
        0.4831650300237 bend    7    2    1
        0.0922944792016 bend    7    5    1
        0.0944583540905 bend    3    2    1
        0.4193334842773 bend    3    5    1
       -0.6004368954957 bend    3    7    1
  21 k -0.1633705377277 bend    5    2    1      val=   7.81328
       -0.4048671013856 bend    7    2    1
        0.6457520463217 bend    7    5    1
        0.5069153714982 bend    3    2    1
       -0.2913848884699 bend    3    5    1
       -0.2247857762400 bend    3    7    1
        21 non zero eigenvalues  of BmBt
           1          16.081658894    1    0
         1
           2           7.554492452    2    0
         2
           3           5.059193803    3    0
         3
           4           3.668263035    4    0
         4
           5           3.144276414    5    0
         5
           6           2.942075372    6    0
         6
           7           2.661417259    7    0
         7
           8           2.322649473    8    0
         8
           9           1.954817996    9    0
         9
          10           1.888086888   10    0
        10
          11           1.700451418   11    0
        11
          12           1.189918429   12    0
        12
          13           0.931389101   13    0
        13
          14           0.716270294   14    0
        14
          15           0.650933287   15    0
        15
          16           0.309659046   16    0
        16
          17           0.143500788   17    0
        17
          18           0.119286372   18    0
        18
          19           0.086384855   19    0
        19
          20           0.080727568   20    0
        20
          21           0.074294817   21    0
        21
$user-defined bonds
$end
