$energy      SCF               SCFKIN            SCFPOT
     1 -1152.101170248      1148.82713     -2300.92830     0.1996061473066
     2 -1152.100533976      1148.71909     -2300.81962     0.2000067647281
     3 -1152.099330696      1148.66476     -2300.76409     0.1993122223611
     4 -1152.100479594      1148.66396     -2300.76444     0.1973450859348
     5 -1152.102530584      1148.69464     -2300.79717     0.1940486023863
     6 -1152.102609410      1148.71702     -2300.81963     0.1895140859019
     7 -1152.099410366      1148.68013     -2300.77954     0.1841052871980
     8 -1152.096983973      1148.53788     -2300.63486     0.1783273895647
     9 -1152.097362685      1148.30502     -2300.40238     0.1724347970748
    10 -1152.094604902      1148.06939     -2300.16399     0.1663656132943
    11 -1152.088546111      1147.89799     -2299.98653     0.1599128730798
    12 -1152.083169332      1147.81220     -2299.89537     0.1530724503322
    13 -1152.079089117      1147.80202     -2299.88111     0.1458962597575
    14 -1152.074209152      1147.83369     -2299.90789     0.1384929548840
    15 -1152.066778103      1147.85587     -2299.92265     0.1311185586446
    16 -1152.057484584      1147.81509     -2299.87258     0.1241204710327
    17 -1152.051013323      1147.68145     -2299.73247     0.1177493853002
    18 -1152.045873991      1147.49973     -2299.54560     0.1119622337883
    19 -1152.037987978      1147.35178     -2299.38977     0.1064703499944
    20 -1152.029400128      1147.28390     -2299.31330     0.1010888392180
    21 -1152.022854806      1147.30274     -2299.32559     0.9582474070025E-01
    22 -1152.017954662      1147.38734     -2299.40529     0.9075266070809E-01
    23 -1152.013250267      1147.49462     -2299.50787     0.8596711428049E-01
    24 -1152.007141119      1147.57435     -2299.58149     0.8158367942977E-01
    25 -1152.000577604      1147.58219     -2299.58276     0.7768729212028E-01
    26 -1151.997457693      1147.50298     -2299.50044     0.7417910896684E-01
    27 -1151.995061608      1147.39163     -2299.38669     0.7078768803825E-01
    28 -1151.990419866      1147.32217     -2299.31259     0.6735156560046E-01
    29 -1151.985753312      1147.33230     -2299.31805     0.6384369399476E-01
    30 -1151.983044715      1147.42312     -2299.40616     0.6020649383975E-01
    31 -1151.981719449      1147.56911     -2299.55083     0.5642461131450E-01
    32 -1151.980327011      1147.72550     -2299.70583     0.5265402452869E-01
    33 -1151.976832679      1147.84541     -2299.82224     0.4915181287776E-01
    34 -1151.973377665      1147.88578     -2299.85916     0.4615157539459E-01
    35 -1151.973477717      1147.84150     -2299.81497     0.4368260118757E-01
    36 -1151.972820229      1147.78082     -2299.75364     0.4155987937829E-01
    37 -1151.969270658      1147.77526     -2299.74453     0.3950479801719E-01
    38 -1151.965673086      1147.85304     -2299.81872     0.3736999742377E-01
    39 -1151.963778549      1148.00517     -2299.96895     0.3515694514276E-01
    40 -1151.963165090      1148.19674     -2300.15991     0.3293927143821E-01
    41 -1151.962147342      1148.38095     -2300.34309     0.3089602305123E-01
    42 -1151.958182891      1148.51398     -2300.47217     0.2910685655492E-01
    43 -1151.954579254      1148.55639     -2300.51097     0.2765665652232E-01
    44 -1151.953528751      1148.51849     -2300.47202     0.2647448120033E-01
    45 -1151.950240909      1148.47614     -2300.42638     0.2530717571201E-01
    46 -1151.944515015      1148.48856     -2300.43308     0.2392028981208E-01
    47 -1151.939823300      1148.56838     -2300.50820     0.2222332676302E-01
    48 -1151.937610017      1148.69402     -2300.63163     0.2024398535845E-01
    49 -1151.937491994      1148.82270     -2300.76020     0.1804700269371E-01
    50 -1151.936596034      1148.91166     -2300.84826     0.1572750577792E-01
    51 -1151.933417761      1148.92087     -2300.85429     0.1412519863533E-01
    52 -1151.931612769      1148.82093     -2300.75254     0.1305635322467E-01
    53 -1151.932790216      1148.64331     -2300.57610     0.1291081869201E-01
    54 -1151.931461828      1148.48506     -2300.41652     0.1346897995269E-01
    55 -1151.929562290      1148.40027     -2300.32983     0.1449798454879E-01
    56 -1151.930288597      1148.39373     -2300.32402     0.1585773025787E-01
    57 -1151.933994994      1148.43392     -2300.36791     0.1749101923264E-01
    58 -1151.941307443      1148.46551     -2300.40682     0.1940093769668E-01
    59 -1151.946965671      1148.45694     -2300.40391     0.2154996233655E-01
    60 -1151.945847825      1148.39124     -2300.33708     0.2390707211077E-01
    61 -1151.945863823      1148.23514     -2300.18101     0.2646309839966E-01
    62 -1151.947460852      1148.03162     -2299.97908     0.2908247425243E-01
    63 -1151.945970943      1147.86866     -2299.81463     0.3155106641932E-01
    64 -1151.943100506      1147.79173     -2299.73483     0.3365955161096E-01
    65 -1151.940838189      1147.79949     -2299.74033     0.3528798239682E-01
    66 -1151.940863977      1147.85129     -2299.79216     0.3652982636992E-01
    67 -1151.944404854      1147.89626     -2299.84066     0.3751495173414E-01
    68 -1151.943747602      1147.92628     -2299.87003     0.3821019353034E-01
    69 -1151.935778782      1147.92901     -2299.86479     0.3865968105629E-01
    70 -1151.930320822      1147.86334     -2299.79367     0.3915624676929E-01
    71 -1151.929557995      1147.75274     -2299.68230     0.3977493744133E-01
    72 -1151.929017572      1147.66754     -2299.59655     0.4050209114858E-01
    73 -1151.926949245      1147.65335     -2299.58030     0.4123120168674E-01
    74 -1151.923942949      1147.70878     -2299.63273     0.4188107335822E-01
    75 -1151.924507682      1147.78755     -2299.71206     0.4245972533973E-01
    76 -1151.930652315      1147.85260     -2299.78325     0.4303306209605E-01
    77 -1151.934532356      1147.91861     -2299.85314     0.4375366019466E-01
    78 -1151.934894290      1147.98175     -2299.91664     0.4489905327120E-01
    79 -1151.939615209      1148.00607     -2299.94568     0.4680844784165E-01
    80 -1151.948084375      1148.00321     -2299.95129     0.4966593944120E-01
    81 -1151.955868786      1148.01444     -2299.97031     0.5353708905771E-01
    82 -1151.961157419      1148.06448     -2300.02564     0.5841121506178E-01
    83 -1151.964797061      1148.14737     -2300.11217     0.6429587065346E-01
    84 -1151.973398273      1148.22517     -2300.19857     0.7117242001661E-01
    85 -1151.986903364      1148.29220     -2300.27911     0.7888443438555E-01
    86 -1151.996689679      1148.38050     -2300.37719     0.8724468417085E-01
    87 -1152.002880639      1148.47680     -2300.47969     0.9613500661292E-01
    88 -1152.012767005      1148.53411     -2300.54688     0.1054523474568
    89 -1152.024208674      1148.55717     -2300.58138     0.1151893024970
    90 -1152.032393681      1148.57908     -2300.61148     0.1253699612724
    91 -1152.036874613      1148.61511     -2300.65198     0.1358351650073
    92 -1152.041720342      1148.65237     -2300.69409     0.1461061666466
    93 -1152.053287373      1148.67031     -2300.72360     0.1558907109575
    94 -1152.066083130      1148.70225     -2300.76833     0.1657442359607
    95 -1152.072576990      1148.78353     -2300.85611     0.1755391424217
    96 -1152.076428507      1148.88299     -2300.95942     0.1845360808413
    97 -1152.084074110      1148.95670     -2301.04077     0.1941268060128
    98 -1152.089225163      1149.03155     -2301.12078     0.2043220934026
    99 -1152.085424613      1149.15249     -2301.23791     0.2132234240717
   100 -1152.071743373      1149.33244     -2301.40418     0.2193492729110
   101 -1152.054048110      1149.54330     -2301.59735     0.2226315048723
   102 -1152.035293930      1149.76736     -2301.80266     0.2236831342009
   103 -1152.011105971      1150.01219     -2302.02330     0.2239514753378
   104 -1151.986010503      1150.22885     -2302.21486     0.2242123441839
   105 -1151.976337730      1150.306426452     -2302.282764182
$end
