$coord
    0.05103617404284     -0.09406011934216     -0.14969588451082      ti
    0.94498472723255     -2.51008064941485      2.05825899531709      o
   -2.98221426445749     -1.20616035806571     -1.89204189834748      o
   -3.47437000316351      0.33723812308995     -2.78074683946366      h
   -0.81974584853860      2.33205135930753      1.90215457763042      o
    0.26505200496225      3.64952495545434      2.54464445527634      h
    2.66452760479630      1.55681237822388     -1.75910816866658      o
    4.16534186343784      0.79910703209160     -0.82980094980444      h
   -0.32662389286084     -3.05603726906935      3.27073317142454      h
$redundant
     number_of_atoms             9
     degrees_of_freedom         21
     internal_coordinates       21
     frozen_coordinates          0
# definitions of redundant internals
   1 k  1.0000000000000 tors    4    3    1    2 val=  60.31693
        1.0000000000000 tors    4    3    1    5
        1.0000000000000 tors    4    3    1    7
   2 k  1.0000000000000 stre    3    4           val=   1.84773
   3 k  1.0000000000000 bend    1    4    3      val= 101.26467
   4 k  1.0000000000000 tors    6    5    1    2 val=  89.34080
        1.0000000000000 tors    6    5    1    3
        1.0000000000000 tors    6    5    1    7
   5 k  1.0000000000000 stre    5    6           val=   1.82354
   6 k  1.0000000000000 bend    1    6    5      val= 126.45736
   7 k  1.0000000000000 tors    8    7    1    2 val= 103.65112
        1.0000000000000 tors    8    7    1    3
        1.0000000000000 tors    8    7    1    5
   8 k  1.0000000000000 stre    7    8           val=   1.92098
   9 k  1.0000000000000 bend    1    8    7      val= 100.11568
  10 k  1.0000000000000 tors    9    2    1    3 val=  55.39890
        1.0000000000000 tors    9    2    1    5
        1.0000000000000 tors    9    2    1    7
  11 k  1.0000000000000 stre    2    9           val=   1.83988
  12 k  1.0000000000000 bend    1    9    2      val= 117.26178
  13 k  1.0000000000000 stre    1    5           val=   3.29460
  14 k  1.0000000000000 stre    1    2           val=   3.39284
  15 k  1.0000000000000 stre    1    7           val=   3.48510
  16 k  1.0000000000000 stre    1    3           val=   3.67058
  17 k  0.2532001462440 bend    2    5    1      val=   1.61847
        0.3188056147253 bend    7    5    1
        0.6306439940003 bend    7    2    1
       -0.4705268184949 bend    3    5    1
       -0.3363719116922 bend    3    2    1
       -0.3193732438614 bend    3    7    1
  18 k  0.5278192981311 bend    2    5    1      val=   3.82829
       -0.3261079499504 bend    7    5    1
       -0.0150433426736 bend    7    2    1
        0.1275880451361 bend    3    5    1
        0.4671180718832 bend    3    2    1
       -0.6167301589830 bend    3    7    1
  19 k  0.3459570567615 bend    2    5    1      val=  13.15936
        0.5392418628728 bend    7    5    1
       -0.3586102059547 bend    7    2    1
        0.4998562502985 bend    3    5    1
       -0.4170339345268 bend    3    2    1
       -0.1927617049059 bend    3    7    1
  20 k  0.3279892364557 bend    2    5    1      val=   7.00042
       -0.6158937285250 bend    7    5    1
        0.2756987515802 bend    7    2    1
        0.3110686532943 bend    3    5    1
       -0.5150984691809 bend    3    2    1
        0.2738576898593 bend    3    7    1
  21 k  0.5841395710078 bend    2    5    1      val=   0.57048
        0.0048138007577 bend    7    5    1
       -0.4349899010275 bend    7    2    1
       -0.5520065647974 bend    3    5    1
        0.0157051154494 bend    3    2    1
        0.4056891379842 bend    3    7    1
        21 non zero eigenvalues  of BmBt
           1           4.401665111    1    0
         1
           2           3.610793181    2    0
         2
           3           2.958009891    3    0
         3
           4           2.828118391    4    0
         4
           5           2.594457751    5    0
         5
           6           2.391348305    6    0
         6
           7           2.183399011    7    0
         7
           8           2.115014407    8    0
         8
           9           2.049752777    9    0
         9
          10           1.840975969   10    0
        10
          11           1.775979469   11    0
        11
          12           1.362354988   12    0
        12
          13           0.754095629   13    0
        13
          14           0.654406147   14    0
        14
          15           0.575867090   15    0
        15
          16           0.252265985   16    0
        16
          17           0.134589636   17    0
        17
          18           0.116675864   18    0
        18
          19           0.109591298   19    0
        19
          20           0.090308867   20    0
        20
          21           0.077881871   21    0
        21
$user-defined bonds
$end
