$coord
    0.07525399687207     -0.01586311704990      0.00177596461969      ti
    0.89715806405380     -2.72510319150440      2.03215120104158       o
   -2.82560827588193     -0.82864679899649     -1.98880012766273       o
   -2.65129823663103     -0.21040324147117     -3.91605282004044       h
   -0.87535364804212      2.48505619413189      2.36078232342754       o
   -1.33040404721108      4.12260007533746      1.52300228905820       h
    2.42205537047806      1.00144713603982     -2.36340299562863       o
    4.23247102037479      0.70968891687656     -2.62429140457551       h
    1.74960577472137     -2.41728230021162      3.57675381568912       h
$end
