$coord
   -0.09507590119774      0.13746756061893      0.00878760446314      ti
    0.89173832950469     -2.60315084935431      1.63315499226195       o
   -2.69679925143127     -1.13395492145037     -1.98909133445981       o
   -3.34374567021638     -2.51224330606048     -2.59194420646846       h
   -0.58031543123001      2.52222068209689      2.30526859471221       o
    0.18512418601894      4.09489631228413      1.74014316008356       h
    2.55170872456489      1.00165859639409     -1.95018357413721       o
    3.04930763042408      1.05818805290584     -3.70530659327616       h
    1.01076669840937     -4.38450421208077      1.64420932322149       h
$end
