$coord
    0.05259958204581      0.02397854592757      0.01889952900022      ti
    1.21822574656550     -2.65944843646956      1.78847970894619       o
   -2.78187831241343     -0.32724633107578     -1.73911817262908       o
   -3.27132153822831     -1.75942932705056     -3.07528210509320       h
   -1.03054060369127      2.10978001674484      2.00775445872080       o
   -1.60785307112351      3.87363394856295      2.11044331061749       h
    2.45107324908420      0.84006754785320     -2.25181599029002       o
    2.13801176927970      2.06408643885167     -3.55418708415543       h
    1.27594043930780     -3.63943735432523      3.28146823372622       h
$end
