$energy      SCF               SCFKIN            SCFPOT
     1 -1152.114467382      1148.281717553     -2300.396184935
     2 -1152.110046406      1148.502647474     -2300.612693879
     3 -1152.104067538      1148.657875958     -2300.761943496
     4 -1152.111331531      1148.659212169     -2300.770543700
     5 -1152.112460616      1148.620579337     -2300.733039952
     6 -1152.103706996      1148.628061381     -2300.731768377
     7 -1152.095294601      1148.683602740     -2300.778897341
     8 -1152.093520990      1148.774201295     -2300.867722285
     9 -1152.097483745      1148.901242089     -2300.998725833
    10 -1152.099144489      1149.076111483     -2301.175255972
    11 -1152.089698508      1149.278052352     -2301.367750860
    12 -1152.080895313      1149.390167249     -2301.471062562
    13 -1152.086187878      1149.336568837     -2301.422756715
    14 -1152.086121202      1149.235228386     -2301.321349588
    15 -1152.077717392      1149.168655210     -2301.246372601
    16 -1152.070769645      1149.140478983     -2301.211248628
    17 -1152.071137698      1149.141037571     -2301.212175269
    18 -1152.077723601      1149.173844878     -2301.251568479
    19 -1152.082682008      1149.251006615     -2301.333688623
    20 -1152.077252723      1149.353691206     -2301.430943930
    21 -1152.072169144      1149.368424683     -2301.440593827
    22 -1152.081732456      1149.213603077     -2301.295335533
    23 -1152.086105339      1149.007515291     -2301.093620631
    24 -1152.080783588      1148.841883398     -2300.922666986
    25 -1152.075759197      1148.723590311     -2300.799349508
    26 -1152.077307904      1148.642782938     -2300.720090842
    27 -1152.084473080      1148.602432451     -2300.686905531
    28 -1152.089595647      1148.614492899     -2300.704088545
    29 -1152.083902288      1148.660728579     -2300.744630867
    30 -1152.077575663      1148.629361979     -2300.706937642
    31 -1152.084993267      1148.440689210     -2300.525682477
    32 -1152.086333100      1148.219015827     -2300.305348928
    33 -1152.077913165      1148.055535061     -2300.133448226
    34 -1152.070650956      1147.952422247     -2300.023073203
    35 -1152.070783695      1147.898263736     -2299.969047431
    36 -1152.076732712      1147.897637317     -2299.974370030
    37 -1152.080368850      1147.961334004     -2300.041702854
    38 -1152.073319947      1148.064173312     -2300.137493260
    39 -1152.067998811      1148.085769749     -2300.153768560
    40 -1152.076380744      1147.962439550     -2300.038820294
    41 -1152.077281954      1147.828213534     -2299.905495488
    42 -1152.069929848      1147.759707536     -2299.829637384
    43 -1152.065616161      1147.751233574     -2299.816849734
    44 -1152.069304916      1147.793514610     -2299.862819526
    45 -1152.077923014      1147.894041379     -2299.971964393
    46 -1152.082103440      1148.061556622     -2300.143660062
    47 -1152.075149372      1148.255121328     -2300.330270700
    48 -1152.074838342      1148.337240486     -2300.412078828
    49 -1152.085139180      1148.287026237     -2300.372165417
    50 -1152.084469698      1148.247796421     -2300.332266118
    51 -1152.077338290      1148.271220266     -2300.348558556
    52 -1152.074617443      1148.346116636     -2300.420734079
    53 -1152.079339449      1148.467736806     -2300.547076255
    54 -1152.086605001      1148.647025158     -2300.733630159
    55 -1152.085733787      1148.886562021     -2300.972295808
    56 -1152.075476181      1149.112646619     -2301.188122800
    57 -1152.078708549      1149.178284795     -2301.256993344
    58 -1152.085214720      1149.133683718     -2301.218898438
    59 -1152.079414265      1149.107832077     -2301.187246342
    60 -1152.071431974      1149.121501521     -2301.192933495
    61 -1152.070582284      1149.163182793     -2301.233765077
    62 -1152.077429233      1149.236698987     -2301.314128220
    63 -1152.084383818      1149.357540981     -2301.441924799
    64 -1152.080591018      1149.512451904     -2301.593042922
    65 -1152.076304276      1149.579235560     -2301.655539836
    66 -1152.088191989      1149.457960159     -2301.546152148
    67 -1152.093515981      1149.274546388     -2301.368062369
    68 -1152.089146901      1149.118570370     -2301.207717270
    69 -1152.086667199      1148.995047452     -2301.081714651
    70 -1152.091724394      1148.903811761     -2300.995536155
    71 -1152.101732805      1148.860710062     -2300.962442867
    72 -1152.106978786      1148.882079601     -2300.989058387
    73 -1152.100349599      1148.929207829     -2301.029557428
    74 -1152.100151833      1148.859019856     -2300.959171689
    75 -1152.109510450      1148.646858903     -2300.756369353
    76 -1152.107818430      1148.428531786     -2300.536350216
    77 -1152.099458043      1148.259152666     -2300.358610709
    78 -1152.094804716      1148.137946986     -2300.232751702
    79 -1152.097454652      1148.068108996     -2300.165563647
    80 -1152.103726793      1148.064977285     -2300.168704079
    81 -1152.103905108      1148.137201159     -2300.241106267
    82 -1152.094027689      1148.227913510     -2300.321941199
    83 -1152.093703351      1148.192934255     -2300.286637606
    84 -1152.100266379      1148.038079567     -2300.138345946
    85 -1152.096019931      1147.891096738     -2299.987116669
    86 -1152.086954050      1147.795230052     -2299.882184102
    87 -1152.082286794      1147.749999361     -2299.832286154
    88 -1152.084603766      1147.760589936     -2299.845193702
    89 -1152.089980381      1147.841073542     -2299.931053923
    90 -1152.089077769      1147.996172467     -2300.085250236
    91 -1152.078655186      1148.166735191     -2300.245390376
    92 -1152.078313568      1148.211789856     -2300.290103424
    93 -1152.085479506      1148.137372964     -2300.222852469
    94 -1152.082958675      1148.066912833     -2300.149871508
    95 -1152.076155225      1148.043614257     -2300.119769482
    96 -1152.073488205      1148.070464500     -2300.143952704
    97 -1152.077355606      1148.154328803     -2300.231684409
    98 -1152.084359165      1148.307503120     -2300.391862285
    99 -1152.085619236      1148.532776174     -2300.618395410
   100 -1152.077449337      1148.770893218     -2300.848342555
   101 -1152.078990063      1148.878751591     -2300.957741654
   102 -1152.087352973      1148.857764155     -2300.945117128
   103 -1152.084740578      1148.829667777     -2300.914408356
   104 -1152.076878005      1148.837091611     -2300.913969615
   105 -1152.072601161      1148.884620030     -2300.957221190
   106 -1152.074850285      1148.977779240     -2301.052629525
   107 -1152.080219893      1149.126266635     -2301.206486528
   108 -1152.078766020      1149.327958340     -2301.406724360
   109 -1152.068917587      1149.505188217     -2301.574105804
   110 -1152.072419121      1149.506989957     -2301.579409078
   111 -1152.079481692      1149.373149135     -2301.452630828
   112 -1152.075744490      1149.228005719     -2301.303750208
   113 -1152.069777743      1149.110861695     -2301.180639438
   114 -1152.069562823      1149.032271946     -2301.101834769
   115 -1152.076495696      1149.003678408     -2301.080174105
   116 -1152.084536250      1149.037568308     -2301.122104558
   117 -1152.082511716      1149.121398340     -2301.203910056
   118 -1152.076969193      1149.141262747     -2301.218231940
   119 -1152.086477687      1148.978840633     -2301.065318320
   120 -1152.091399359      1148.741150896     -2300.832550254
   121 -1152.086158966      1148.533257979     -2300.619416946
   122 -1152.081014767      1148.379934648     -2300.460949415
   123 -1152.082182176      1148.288597526     -2300.370779702
   124 -1152.089184151      1148.268042682     -2300.357226833
   125 -1152.094020723      1148.324979363     -2300.419000086
   126 -1152.087299077      1148.425381060     -2300.512680137
   127 -1152.083030384      1148.428286844     -2300.511317228
   128 -1152.091139766      1148.266346158     -2300.357485924
   129 -1152.090508276      1148.070687330     -2300.161195607
   130 -1152.081980078      1147.920996332     -2300.002976410
   131 -1152.075381562      1147.833898557     -2299.909280119
   132 -1152.075382711      1147.815293487     -2299.890676198
   133 -1152.080197095      1147.872347642     -2299.952544736
   134 -1152.080899615      1148.008352578     -2300.089252193
   135 -1152.070484096      1148.175166066     -2300.245650162
   136 -1152.066752714      1148.225435574     -2300.292188288
   137 -1152.073387459      1148.129130299     -2300.202517758
   138 -1152.071868183      1148.015054399     -2300.086922581
   139 -1152.065917903      1147.945774696     -2300.011692599
   140 -1152.063890546      1147.935114871     -2299.999005416
   141 -1152.069061615      1147.989810178     -2300.058871794
   142 -1152.078827206      1148.116479087     -2300.195306294
   143 -1152.083913716      1148.315262960     -2300.399176676
   144 -1152.079260258      1148.527782094     -2300.607042352
   145 -1152.083697914      1148.608668535     -2300.692366449
   146 -1152.094685264      1148.559215135     -2300.653900399
   147 -1152.094771336      1148.505856788     -2300.600628124
   148 -1152.089384275      1148.498875970     -2300.588260245
   149 -1152.086819089      1148.547228126     -2300.634047215
   150 -1152.090311220      1148.653201090     -2300.743512310
   151 -1152.097000507      1148.819824764     -2300.916825270
   152 -1152.097210602      1149.042257385     -2301.139467987
   153 -1152.088551893      1149.247605264     -2301.336157157
   154 -1152.091544324      1149.292148959     -2301.383693282
   155 -1152.098073524      1149.209854322     -2301.307927845
   156 -1152.094152423      1149.122420667     -2301.216573090
   157 -1152.087450450      1149.069972105     -2301.157422554
   158 -1152.085740646      1149.059917667     -2301.145658313
   159 -1152.091157565      1149.096238859     -2301.187396424
   160 -1152.098786833      1149.183926437     -2301.282713271
   161 -1152.097593965      1149.312600604     -2301.410194569
   162 -1152.091221569      1149.382544517     -2301.473766086
   163 -1152.099133653      1149.269394955     -2301.368528608
   164 -1152.104208344      1149.065179929     -2301.169388274
   165 -1152.098994256      1148.879528423     -2300.978522679
   166 -1152.093047765      1148.739976402     -2300.833024167
   167 -1152.092897381      1148.650966893     -2300.743864274
   168 -1152.098838379      1148.615925440     -2300.714763819
   169 -1152.103572404      1148.640573583     -2300.744145987
   170 -1152.096969424      1148.700777874     -2300.797747298
   171 -1152.091013373      1148.670690616     -2300.761703989
   172 -1152.097404872      1148.480127091     -2300.577531963
   173 -1152.095418984      1148.259172387     -2300.354591371
   174 -1152.085267975      1148.088955902     -2300.174223877
   175 -1152.076860642      1147.982554149     -2300.059414791
   176 -1152.075099901      1147.940421004     -2300.015520905
   177 -1152.078750766      1147.965479398     -2300.044230164
   178 -1152.079521900      1148.061008758     -2300.140530658
   179 -1152.070425539      1148.185996669     -2300.256422208
   180 -1152.068370562      1148.203747039     -2300.272117601
   181 -1152.076672943      1148.088495147     -2300.165168090
   182 -1152.076661161      1147.966542349     -2300.043203511
   183 -1152.071929148      1147.893112715     -2299.965041864
   184 -1152.070304912      1147.875282788     -2299.945587700
   185 -1152.074691848      1147.914958706     -2299.989650554
   186 -1152.082895898      1148.016245783     -2300.099141681
   187 -1152.086416720      1148.181068153     -2300.267484873
   188 -1152.079838725      1148.361975615     -2300.441814340
   189 -1152.080446195      1148.427252237     -2300.507698432
   190 -1152.087954020      1148.371600233     -2300.459554254
   191 -1152.085332324      1148.314620402     -2300.399952726
   192 -1152.077637592      1148.299079274     -2300.376716866
   193 -1152.072877530      1148.326830599     -2300.399708129
   194 -1152.073969949      1148.398503133     -2300.472473081
   195 -1152.078811240      1148.518708182     -2300.597519422
   196 -1152.079366154      1148.690837733     -2300.770203887
   197 -1152.070709271      1148.872388026     -2300.943097296
   198 -1152.070001830      1148.937787174     -2301.007789003
   199 -1152.078420691      1148.876442917     -2300.954863608
   200 -1152.078207719      1148.806108807     -2300.884316526
   201 -1152.072802858      1148.773939970     -2300.846742828
   202 -1152.069857440      1148.783817060     -2300.853674500
   203 -1152.072673542      1148.835346020     -2300.908019562
   204 -1152.079564193      1148.932435444     -2301.011999638
   205 -1152.082713306      1149.079860085     -2301.162573391
   206 -1152.075943257      1149.240632081     -2301.316575338
   207 -1152.075074889      1149.287758396     -2301.362833284
   208 -1152.083453848      1149.194717853     -2301.278171701
   209 -1152.082223914      1149.083356278     -2301.165580192
   210 -1152.074636075      1149.004932986     -2301.079569061
   211 -1152.069859615      1148.958120786     -2301.027980401
   212 -1152.072095834      1148.938055317     -2301.010151151
   213 -1152.079333602      1148.948899164     -2301.028232767
   214 -1152.082871512      1148.997589379     -2301.080460892
   215 -1152.076762254      1149.044489819     -2301.121252073
   216 -1152.078439183      1148.962202364     -2301.040641547
   217 -1152.087929003      1148.750889640     -2300.838818643
   218 -1152.086953698      1148.543793505     -2300.630747203
   219 -1152.080778487      1148.388543668     -2300.469322154
   220 -1152.078213911      1148.283162428     -2300.361376339
   221 -1152.082094635      1148.225762081     -2300.307856716
   222 -1152.088987017      1148.225501419     -2300.314488436
   223 -1152.089464988      1148.288836599     -2300.378301586
   224 -1152.080861287      1148.360263837     -2300.441125124
   225 -1152.083532125      1148.308129989     -2300.391662115
   226 -1152.090706899      1148.165840249     -2300.256547148
   227 -1152.087585660      1148.050291759     -2300.137877419
   228 -1152.081672866      1147.986159759     -2300.067832625
   229 -1152.080274186      1147.967091577     -2300.047365763
   230 -1152.084808982      1147.993004065     -2300.077813047
   231 -1152.090871187      1148.073277749     -2300.164148936
   232 -1152.088831248      1148.209325335     -2300.298156584
   233 -1152.080534839      1148.326392246     -2300.406927085
   234 -1152.085923719      1148.304622344     -2300.390546062
   235 -1152.090871790      1148.215247850     -2300.306119640
   236 -1152.085764882      1148.156502920     -2300.242267801
   237 -1152.079754067      1148.138918852     -2300.218672920
   238 -1152.079054584      1148.156407645     -2300.235462229
   239 -1152.084164994      1148.211568269     -2300.295733262
   240 -1152.089706707      1148.316002766     -2300.405709473
   241 -1152.086114748      1148.466998616     -2300.553113364
   242 -1152.080372459      1148.572526739     -2300.652899198
   243 -1152.089426984      1148.536707634     -2300.626134618
   244 -1152.094680351      1148.458552981     -2300.553233332
   245 -1152.091440092      1148.417356984     -2300.508797077
   246 -1152.088717841      1148.417450258     -2300.506168099
   247 -1152.091402509      1148.454247171     -2300.545649680
   248 -1152.099104366      1148.532703455     -2300.631807821
   249 -1152.104991238      1148.666774439     -2300.771765677
   250 -1152.099649435      1148.846382494     -2300.946031929
   251 -1152.095240167      1148.960209560     -2301.055449727
   252 -1152.103335489      1148.940190869     -2301.043526358
   253 -1152.103132259      1148.901200106     -2301.004332365
   254 -1152.094383084      1148.903068636     -2300.997451720
   255 -1152.086455383      1148.939912877     -2301.026368259
   256 -1152.084273902      1149.000055887     -2301.084329789
$end
