$energy      SCF               SCFKIN            SCFPOT
     1 -1152.077920029      1148.51471     -2300.59263     0.1691429034544
     2 -1152.082027403      1148.32046     -2300.40249     0.1682870708502
     3 -1152.078209929      1148.16104     -2300.23925     0.1667943757514
     4 -1152.072251304      1148.08663     -2300.15888     0.1648902166881
     5 -1152.070867296      1148.09540     -2300.16626     0.1629490540231
     6 -1152.074792436      1148.15894     -2300.23373     0.1611050067667
     7 -1152.079968871      1148.24366     -2300.32363     0.1592073796329
     8 -1152.077801901      1148.31751     -2300.39531     0.1570986359791
     9 -1152.070441074      1148.30597     -2300.37642     0.1548000119548
    10 -1152.072442382      1148.13408     -2300.20652     0.1524140789703
    11 -1152.075721597      1147.89231     -2299.96803     0.1499267701949
    12 -1152.070982544      1147.70185     -2299.77283     0.1472386073372
    13 -1152.063680047      1147.61186     -2299.67554     0.1445527698350
    14 -1152.060420768      1147.61229     -2299.67271     0.1421139093134
    15 -1152.062858859      1147.66949     -2299.73235     0.1399395411452
    16 -1152.066598626      1147.75421     -2299.82081     0.1378636186132
    17 -1152.061890449      1147.84364     -2299.90553     0.1357680108677
    18 -1152.052845215      1147.85908     -2299.91193     0.1337377884196
    19 -1152.054117806      1147.72532     -2299.77944     0.1318553005491
    20 -1152.056234135      1147.53497     -2299.59120     0.1300088463038
    21 -1152.050336938      1147.40486     -2299.45520     0.1280492517535
    22 -1152.042076881      1147.37488     -2299.41695     0.1261163535292
    23 -1152.038473618      1147.42537     -2299.46384     0.1244219342304
    24 -1152.041777762      1147.51830     -2299.56008     0.1229863536952
    25 -1152.046375743      1147.63284     -2299.67921     0.1216911675852
    26 -1152.041341858      1147.75496     -2299.79630     0.1204577945649
    27 -1152.032736435      1147.79893     -2299.83166     0.1194010081402
    28 -1152.035876100      1147.68683     -2299.72270     0.1185964259744
    29 -1152.039395913      1147.52172     -2299.56111     0.1179156581273
    30 -1152.034481182      1147.41898     -2299.45346     0.1171934653998
    31 -1152.027516398      1147.41161     -2299.43913     0.1164809115721
    32 -1152.026208935      1147.47199     -2299.49820     0.1159059840517
    33 -1152.032721444      1147.56256     -2299.59528     0.1155081199025
    34 -1152.039396561      1147.67529     -2299.71468     0.1152428283398
    35 -1152.034587838      1147.80236     -2299.83695     0.1150830063372
    36 -1152.027960441      1147.84408     -2299.87204     0.1151409915345
    37 -1152.035915449      1147.72206     -2299.75798     0.1154618304989
    38 -1152.042594357      1147.56224     -2299.60483     0.1158735755306
    39 -1152.039375331      1147.47922     -2299.51860     0.1162390055774
    40 -1152.034242476      1147.49557     -2299.52981     0.1165177772365
    41 -1152.035697261      1147.57450     -2299.61019     0.1167554120375
    42 -1152.045241724      1147.68248     -2299.72772     0.1169462978327
    43 -1152.052844168      1147.82500     -2299.87785     0.1169985419907
    44 -1152.046502901      1147.99322     -2300.03972     0.1168981960811
    45 -1152.040516901      1148.06430     -2300.10481     0.1168986217808
    46 -1152.050997962      1147.96216     -2300.01316     0.1172108917812
    47 -1152.056200755      1147.84004     -2299.89624     0.1176600784178
    48 -1152.049698735      1147.80880     -2299.85850     0.1180415233318
    49 -1152.042150225      1147.87038     -2299.91253     0.1182811156793
    50 -1152.042564205      1147.97840     -2300.02096     0.1183944865946
    51 -1152.051119626      1148.10512     -2300.15624     0.1183272750987
    52 -1152.055359051      1148.26508     -2300.32044     0.1179382358105
    53 -1152.044041833      1148.44036     -2300.48440     0.1173066398611
    54 -1152.036837525      1148.48410     -2300.52093     0.1168039583207
    55 -1152.046477499      1148.34316     -2300.38964     0.1165931882539
    56 -1152.047366706      1148.19745     -2300.24482     0.1162783589957
    57 -1152.036983200      1148.13633     -2300.17331     0.1155039227760
    58 -1152.028246464      1148.14340     -2300.17164     0.1142379203997
    59 -1152.030367044      1148.16839     -2300.19876     0.1125885354734
    60 -1152.040156134      1148.20252     -2300.24267     0.1105256130172
    61 -1152.042124741      1148.27813     -2300.32025     0.1079452824222
    62 -1152.029607060      1148.35909     -2300.38870     0.1050157025764
    63 -1152.027014970      1148.28843     -2300.31544     0.1021776764824
    64 -1152.037524061      1148.06709     -2300.10461     0.9958698179332E-01
    65 -1152.035317658      1147.87905     -2299.91437     0.9683687726348E-01
    66 -1152.022306519      1147.78841     -2299.81072     0.9364408529570E-01
    67 -1152.013337568      1147.76012     -2299.77346     0.9016910351938E-01
    68 -1152.015952156      1147.75267     -2299.76862     0.8655303482206E-01
    69 -1152.022329925      1147.78420     -2299.80653     0.8281509347171E-01
    70 -1152.017353387      1147.88511     -2299.90246     0.7895939290266E-01
    71 -1152.001957018      1147.98385     -2299.98581     0.7524991081664E-01
    72 -1151.999682907      1147.93043     -2299.93011     0.7199160482684E-01
    73 -1152.005831228      1147.76446     -2299.77029     0.6921926582861E-01
    74 -1151.998165142      1147.64891     -2299.64707     0.6656702508472E-01
    75 -1151.982380662      1147.61956     -2299.60194     0.6387709218916E-01
    76 -1151.974238012      1147.62709     -2299.60133     0.6125262162639E-01
    77 -1151.978110866      1147.64797     -2299.62608     0.5877430562625E-01
    78 -1151.983715640      1147.71680     -2299.70052     0.5644753058722E-01
    79 -1151.978836675      1147.85350     -2299.83234     0.5424643222767E-01
    80 -1151.967864029      1147.97120     -2299.93907     0.5232844387232E-01
    81 -1151.969466789      1147.93954     -2299.90901     0.5084099299863E-01
    82 -1151.977965027      1147.80045     -2299.77841     0.4978955294992E-01
    83 -1151.973241525      1147.69997     -2299.67322     0.4894248410107E-01
    84 -1151.961672702      1147.66512     -2299.62679     0.4817599797389E-01
    85 -1151.958754164      1147.65285     -2299.61160     0.4751035625778E-01
    86 -1151.966269830      1147.66220     -2299.62847     0.4694284224956E-01
    87 -1151.973946479      1147.73704     -2299.71099     0.4643426799190E-01
    88 -1151.971666303      1147.89081     -2299.86247     0.4595904044037E-01
    89 -1151.963578136      1148.03502     -2299.99860     0.4553361383651E-01
    90 -1151.965523740      1148.04223     -2300.00776     0.4528228396005E-01
    91 -1151.975202294      1147.92931     -2299.90452     0.4535254373033E-01
    92 -1151.971832902      1147.83911     -2299.81095     0.4561598910690E-01
    93 -1151.961424364      1147.80209     -2299.76351     0.4598707550146E-01
    94 -1151.959570538      1147.78417     -2299.74374     0.4649730894385E-01
    95 -1151.967209614      1147.79709     -2299.76430     0.4717123174806E-01
    96 -1151.975230855      1147.88540     -2299.86063     0.4799613067955E-01
    97 -1151.974649024      1148.05799     -2300.03264     0.4886590443787E-01
    98 -1151.968540300      1148.22729     -2300.19583     0.4962415725439E-01
    99 -1151.971129904      1148.26195     -2300.23308     0.5033767694300E-01
   100 -1151.982722850      1148.15743     -2300.14015     0.5128687294714E-01
   101 -1151.981376394      1148.05789     -2300.03926     0.5247006972207E-01
   102 -1151.972849449      1148.00080     -2299.97365     0.5390356354878E-01
   103 -1151.972366922      1147.96506     -2299.93743     0.5560516795978E-01
   104 -1151.980510170      1147.97352     -2299.95403     0.5754960708324E-01
   105 -1151.989407816      1148.06913     -2300.05854     0.5962216394641E-01
   106 -1151.990328471      1148.25674     -2300.24707     0.6152909653704E-01
   107 -1151.984956444      1148.44697     -2300.43193     0.6285792848452E-01
   108 -1151.985997396      1148.50410     -2300.49010     0.6369618742019E-01
   109 -1151.996052371      1148.40701     -2300.40306     0.6446322173172E-01
   110 -1151.993527550      1148.29666     -2300.29019     0.6520801600334E-01
   111 -1151.984323604      1148.21676     -2300.20109     0.6589290164051E-01
   112 -1151.982729945      1148.16151     -2300.14424     0.6653300940291E-01
   113 -1151.989342514      1148.16000     -2300.14934     0.6716713007090E-01
   114 -1151.996905723      1148.24959     -2300.24649     0.6772174806697E-01
   115 -1151.997083282      1148.42416     -2300.42124     0.6788111905838E-01
   116 -1151.991861049      1148.58746     -2300.57932     0.6730734819828E-01
   117 -1151.991282954      1148.61394     -2300.60522     0.6618964597050E-01
   118 -1151.999319181      1148.48196     -2300.48128     0.6501520458520E-01
   119 -1151.995434380      1148.33129     -2300.32673     0.6395132785289E-01
   120 -1151.985966240      1148.21042     -2300.19639     0.6295537845070E-01
   121 -1151.983551180      1148.12969     -2300.11324     0.6204428513484E-01
   122 -1151.988369856      1148.12027     -2300.10864     0.6120510362265E-01
   123 -1151.992823420      1148.21032     -2300.20314     0.6025155892202E-01
   124 -1151.990316316      1148.37197     -2300.36229     0.5883248281651E-01
   125 -1151.983802576      1148.49886     -2300.48267     0.5682791115227E-01
   126 -1151.982383934      1148.47662     -2300.45900     0.5469463047694E-01
   127 -1151.988746083      1148.30241     -2300.29116     0.5291598917062E-01
   128 -1151.982799838      1148.12374     -2300.10654     0.5144495536132E-01
   129 -1151.973808579      1147.98227     -2299.95608     0.4997581244018E-01
   130 -1151.972459082      1147.89714     -2299.86960     0.4834634948071E-01
   131 -1151.977629000      1147.89820     -2299.87583     0.4652716751524E-01
   132 -1151.981299198      1148.00079     -2299.98209     0.4460416240977E-01
   133 -1151.979334788      1148.15460     -2300.13393     0.4268506694150E-01
   134 -1151.973429126      1148.25319     -2300.22662     0.4099522884072E-01
   135 -1151.975350855      1148.18723     -2300.16258     0.3997741908809E-01
   136 -1151.980912829      1147.99623     -2299.97714     0.3981907315816E-01
   137 -1151.974104408      1147.82302     -2299.79712     0.4025147381487E-01
   138 -1151.966903591      1147.70319     -2299.67009     0.4097540278276E-01
   139 -1151.967807265      1147.65589     -2299.62370     0.4178552916730E-01
   140 -1151.974404834      1147.70525     -2299.67966     0.4264791159693E-01
   141 -1151.978263213      1147.85408     -2299.83235     0.4347722710149E-01
   142 -1151.976891565      1148.03296     -2300.00985     0.4401923539938E-01
   143 -1151.971549855      1148.13204     -2300.10359     0.4426627757701E-01
   144 -1151.975854261      1148.04587     -2300.02173     0.4467857890275E-01
   145 -1151.981016136      1147.84785     -2299.82887     0.4531311167417E-01
   146 -1151.973738367      1147.68203     -2299.65577     0.4580255355205E-01
   147 -1151.966529678      1147.58610     -2299.55263     0.4584793262295E-01
   148 -1151.967200273      1147.57584     -2299.54304     0.4535634253971E-01
   149 -1151.972575764      1147.66623     -2299.63881     0.4437718466959E-01
   150 -1151.975649150      1147.84265     -2299.81830     0.4288182220652E-01
   151 -1151.975681492      1148.02712     -2300.00280     0.4088019326790E-01
   152 -1151.968108801      1148.13658     -2300.10469     0.3885878185929E-01
   153 -1151.969347925      1148.06263     -2300.03198     0.3749016107823E-01
   154 -1151.973366464      1147.87122     -2299.84459     0.3675291944611E-01
   155 -1151.965420364      1147.71893     -2299.68435     0.3613551864726E-01
   156 -1151.957620254      1147.64866     -2299.60628     0.3527907247328E-01
   157 -1151.958040555      1147.67265     -2299.63069     0.3404058078231E-01
   158 -1151.963275066      1147.79852     -2299.76179     0.3248970107126E-01
   159 -1151.966724476      1148.00170     -2299.96842     0.3093617140047E-01
   160 -1151.966612446      1148.20309     -2300.16970     0.2981571762556E-01
   161 -1151.956516798      1148.32535     -2300.28187     0.2947996460214E-01
   162 -1151.957878100      1148.24533     -2300.20321     0.3019658144988E-01
   163 -1151.964438797      1148.03962     -2300.00406     0.3170060452561E-01
   164 -1151.958628142      1147.88446     -2299.84309     0.3334471457101E-01
   165 -1151.952642823      1147.82497     -2299.77762     0.3474266261861E-01
   166 -1151.954286091      1147.86958     -2299.82386     0.3580694680112E-01
   167 -1151.959315232      1148.01682     -2299.97613     0.3666844119676E-01
   168 -1151.963026398      1148.22301     -2300.18603     0.3733713860766E-01
   169 -1151.966783067      1148.39544     -2300.36223     0.3774919818191E-01
   170 -1151.959263378      1148.48741     -2300.44667     0.3819405910984E-01
   171 -1151.958484051      1148.39866     -2300.35715     0.3908960036824E-01
   172 -1151.968969591      1148.16192     -2300.13089     0.4038366795088E-01
   173 -1151.967440642      1147.97394     -2299.94138     0.4166127837958E-01
   174 -1151.962872899      1147.89054     -2299.85341     0.4273580052281E-01
   175 -1151.963514223      1147.92076     -2299.88427     0.4351518083428E-01
   176 -1151.966238867      1148.04864     -2300.01488     0.4404721755533E-01
   177 -1151.971201399      1148.20499     -2300.17619     0.4428562696135E-01
   178 -1151.981238100      1148.30321     -2300.28444     0.4425515365343E-01
   179 -1151.976713235      1148.35283     -2300.32954     0.4429379177922E-01
   180 -1151.969332478      1148.27611     -2300.24544     0.4482032270885E-01
   181 -1151.980010680      1148.02759     -2300.00760     0.4579604276642E-01
   182 -1151.980863048      1147.81976     -2299.80063     0.4673744700080E-01
   183 -1151.975277483      1147.72839     -2299.70366     0.4742197658869E-01
   184 -1151.971886972      1147.76165     -2299.73354     0.4782027674286E-01
   185 -1151.969588050      1147.88364     -2299.85323     0.4798925562033E-01
   186 -1151.974288713      1147.99829     -2299.97258     0.4787427830309E-01
   187 -1151.987017220      1148.04273     -2300.02975     0.4749402529398E-01
   188 -1151.982473131      1148.07811     -2300.06058     0.4718298304480E-01
   189 -1151.967553104      1148.04640     -2300.01395     0.4728444721968E-01
   190 -1151.976638510      1147.83325     -2299.80989     0.4788124190909E-01
   191 -1151.980920158      1147.64446     -2299.62538     0.4854249288272E-01
   192 -1151.975764409      1147.58026     -2299.55602     0.4907091748111E-01
   193 -1151.969287929      1147.64703     -2299.61632     0.4943566379340E-01
   194 -1151.963975932      1147.78404     -2299.74802     0.4962249240368E-01
   195 -1151.971146463      1147.87717     -2299.84832     0.4946737307337E-01
   196 -1151.986070432      1147.90513     -2299.89120     0.4902999659997E-01
   197 -1151.981509987      1147.96273     -2299.94424     0.4865145973815E-01
   198 -1151.962709992      1147.99467     -2299.95738     0.4863452772879E-01
   199 -1151.973309013      1147.83222     -2299.80553     0.4908784266245E-01
   200 -1151.982606158      1147.67508     -2299.65768     0.4962476120385E-01
   201 -1151.978600471      1147.64717     -2299.62577     0.5002361497048E-01
   202 -1151.969160872      1147.74984     -2299.71900     0.5009797955425E-01
   203 -1151.962152455      1147.89275     -2299.85491     0.4965291604541E-01
   204 -1151.972065997      1147.95674     -2299.92880     0.4860788832541E-01
   205 -1151.986560872      1147.97165     -2299.95821     0.4735260604946E-01
   206 -1151.980236419      1148.04631     -2300.02655     0.4622486431678E-01
   207 -1151.957244784      1148.12643     -2300.08368     0.4541871484829E-01
   208 -1151.967362322      1148.00770     -2299.97506     0.4492759425632E-01
   209 -1151.980308361      1147.87083     -2299.85113     0.4448581331921E-01
   210 -1151.976287824      1147.86566     -2299.84194     0.4382676617330E-01
   211 -1151.963214244      1147.98287     -2299.94608     0.4307330706225E-01
   212 -1151.955079642      1148.10226     -2300.05734     0.4258742146680E-01
   213 -1151.966181526      1148.11748     -2300.08366     0.4269944604182E-01
   214 -1151.980842738      1148.10046     -2300.08131     0.4357567466777E-01
   215 -1151.980508079      1148.16201     -2300.14252     0.4522649817174E-01
   216 -1151.958323334      1148.30043     -2300.25875     0.4746320243971E-01
   217 -1151.961174664      1148.28750     -2300.24867     0.5011666344028E-01
   218 -1151.986249762      1148.14953     -2300.13578     0.5276729961605E-01
   219 -1151.989324835      1148.12901     -2300.11833     0.5552042957057E-01
   220 -1151.975193780      1148.22997     -2300.20517     0.5856402117742E-01
   221 -1151.965575778      1148.30288     -2300.26845     0.6159750776435E-01
   222 -1151.978232886      1148.23590     -2300.21413     0.6428142101034E-01
   223 -1151.994326315      1148.14121     -2300.13553     0.6642516640894E-01
   224 -1152.001010966      1148.13017     -2300.13118     0.6829666586587E-01
   225 -1151.985628620      1148.25162     -2300.23725     0.6972701486588E-01
   226 -1151.974073530      1148.32604     -2300.30011     0.7096863191419E-01
   227 -1152.004681033      1148.17864     -2300.18332     0.7232459276940E-01
   228 -1152.013249975      1148.10715     -2300.12040     0.7359701064468E-01
   229 -1151.995186627      1148.15416     -2300.14935     0.7515486299710E-01
   230 -1151.980255667      1148.16485     -2300.14510     0.7617262054826E-01
   231 -1151.990167320      1148.02576     -2300.01593     0.7633472075743E-01
   232 -1152.003774964      1147.88240     -2299.88617     0.7604877697732E-01
   233 -1152.011448964      1147.83212     -2299.84356     0.7562025925839E-01
   234 -1151.999939079      1147.94637     -2299.94631     0.7524391001835E-01
   235 -1151.978104447      1148.09197     -2300.07007     0.7514843035014E-01
   236 -1152.007848107      1147.97648     -2299.98433     0.7563844949717E-01
   237 -1152.021247303      1147.88696     -2299.90821     0.7632470988191E-01
   238 -1152.001307979      1147.92836     -2299.92967     0.7710124996590E-01
   239 -1151.980695686      1147.94937     -2299.93007     0.7725825235965E-01
   240 -1151.987281820      1147.81279     -2299.80007     0.7658266943122E-01
   241 -1152.000871667      1147.66740     -2299.66827     0.7559397634644E-01
   242 -1152.010947126      1147.61615     -2299.62709     0.7444909469352E-01
   243 -1152.003836773      1147.74735     -2299.75119     0.7336342300874E-01
   244 -1151.973430263      1147.97750     -2299.95093     0.7249065312888E-01
   245 -1152.000712105      1147.92024     -2299.92096     0.7218061729974E-01
   246 -1152.020129376      1147.81830     -2299.83843     0.7230480191630E-01
   247 -1151.999049490      1147.86643     -2299.86548     0.7241042963528E-01
   248 -1151.973081986      1147.92321     -2299.89629     0.7202311733547E-01
   249 -1151.976299326      1147.82042     -2299.79672     0.7103852397876E-01
   250 -1151.991161874      1147.69260     -2299.68376     0.7005837971215E-01
   251 -1152.005255689      1147.65146     -2299.65672     0.6898390892547E-01
   252 -1152.005639817      1147.79509     -2299.80073     0.6792507932546E-01
   253 -1151.968846153      1148.10517     -2300.07402     0.6702550388610E-01
   254 -1151.987574711      1148.12356     -2300.11113     0.6675046241173E-01
   255 -1152.017591561      1147.97931     -2299.99690     0.6702201496897E-01
   256 -1151.998255669      1148.00282     -2300.00108     0.6722744821179E-01
   257 -1151.969343987      1148.06675     -2300.03610     0.6683672319710E-01
   258 -1151.967349282      1147.99101     -2299.95836     0.6598905593251E-01
   259 -1151.981208780      1147.86508     -2299.84629     0.6554151085638E-01
   260 -1151.997422355      1147.81225     -2299.80967     0.6524759913435E-01
   261 -1152.009981667      1147.91137     -2299.92135     0.6478447104203E-01
   262 -1151.983764184      1148.22476     -2300.20852     0.6427674903935E-01
   263 -1151.968400671      1148.40407     -2300.37247     0.6425265527236E-01
   264 -1152.019613601      1148.19209     -2300.21170     0.6496203247031E-01
   265 -1152.015139778      1148.12935     -2300.14449     0.6552809147334E-01
   266 -1151.984328822      1148.14534     -2300.12967     0.6578979707228E-01
   267 -1151.970637622      1148.08103     -2300.05167     0.6537773166415E-01
   268 -1151.977319404      1147.94096     -2299.91828     0.6513904374998E-01
   269 -1151.988540955      1147.85637     -2299.84491     0.6544485412077E-01
   270 -1152.005962980      1147.87774     -2299.88371     0.6572573767217E-01
   271 -1152.014126512      1148.07131     -2300.08543     0.6573434923095E-01
   272 -1151.973829861      1148.44556     -2300.41939     0.6577191124804E-01
   273 -1151.994716751      1148.45092     -2300.44564     0.6665074106595E-01
   274 -1152.026285267      1148.23273     -2300.25902     0.6802591984045E-01
   275 -1151.999391463      1148.16109     -2300.16048     0.6925338906992E-01
   276 -1151.975346600      1148.08372     -2300.05907     0.6937893626776E-01
   277 -1151.972077377      1147.94637     -2299.91845     0.6886004996641E-01
   278 -1151.976508315      1147.85743     -2299.83394     0.6880279395088E-01
   279 -1151.990184246      1147.84828     -2299.83847     0.6897642890861E-01
   280 -1152.011824240      1147.95338     -2299.96521     0.6883654190633E-01
   281 -1152.009097503      1148.25071     -2300.25981     0.6831921348255E-01
   282 -1151.959506436      1148.62133     -2300.58083     0.6792270582726E-01
   283 -1152.011467141      1148.41931     -2300.43078     0.6840911931875E-01
   284 -1152.012464301      1148.20961     -2300.22208     0.6876515669417E-01
   285 -1151.986346706      1148.05672     -2300.04306     0.6791857574284E-01
   286 -1151.972150076      1147.89965     -2299.87180     0.6605688091255E-01
   287 -1151.965712054      1147.80109     -2299.76680     0.6456256448300E-01
   288 -1151.970282257      1147.77709     -2299.74738     0.6395761353692E-01
   289 -1151.989791792      1147.82980     -2299.81959     0.6358986077927E-01
   290 -1152.015136148      1147.99356     -2300.00869     0.6281094253846E-01
   291 -1152.000354187      1148.36039     -2300.36075     0.6162069970488E-01
   292 -1151.953209950      1148.67038     -2300.62359     0.6067800217760E-01
   293 -1152.007392144      1148.34531     -2300.35270     0.6050196856321E-01
   294 -1152.004966588      1148.03909     -2300.04405     0.5994690633843E-01
   295 -1151.981228335      1147.83373     -2299.81496     0.5861941291807E-01
   296 -1151.960927595      1147.72891     -2299.68984     0.5702919313754E-01
   297 -1151.953697186      1147.70288     -2299.65657     0.5625297090825E-01
   298 -1151.963617625      1147.73664     -2299.70026     0.5664834079179E-01
   299 -1151.987700933      1147.82617     -2299.81387     0.5725852269034E-01
   300 -1152.013813001      1148.02685     -2300.04067     0.5743052723889E-01
   301 -1151.992312257      1148.40673     -2300.39904     0.5715952179348E-01
   302 -1151.941823950      1148.66304     -2300.60487     0.5709240854095E-01
   303 -1152.009576321      1148.20493     -2300.21451     0.5785786194795E-01
   304 -1152.006428381      1147.86260     -2299.86903     0.5848657591781E-01
   305 -1151.975258025      1147.71361     -2299.68887     0.5842792007279E-01
   306 -1151.955049406      1147.67658     -2299.63163     0.5783540589108E-01
   307 -1151.953217077      1147.69993     -2299.65315     0.5809898683233E-01
   308 -1151.967166576      1147.76002     -2299.72719     0.5972896497160E-01
   309 -1151.988240685      1147.84635     -2299.83459     0.6130186874476E-01
   310 -1152.013671333      1148.03802     -2300.05169     0.6246290484316E-01
   311 -1152.002722753      1148.33803     -2300.34076     0.6267253279422E-01
   312 -1151.946952022      1148.59472     -2300.54167     0.6276168701079E-01
   313 -1152.014309595      1148.15873     -2300.17304     0.6378803669303E-01
   314 -1152.013205647      1147.84552     -2299.85872     0.6477090033800E-01
   315 -1151.981707419      1147.73493     -2299.71664     0.6491466833295E-01
   316 -1151.962955059      1147.72277     -2299.68573     0.6420056610561E-01
   317 -1151.961198561      1147.75850     -2299.71969     0.6426652954733E-01
   318 -1151.970918717      1147.82360     -2299.79451     0.6609137435169E-01
   319 -1151.988951371      1147.90993     -2299.89888     0.6828115647619E-01
   320 -1152.016181576      1148.02607     -2300.04225     0.6955096823613E-01
   321 -1152.022492826      1148.24057     -2300.26307     0.6956701031814E-01
   322 -1151.956933304      1148.57211     -2300.52905     0.6919498705003E-01
   323 -1152.009134808      1148.26292     -2300.27206     0.6976036520322E-01
   324 -1152.022920875      1147.93846     -2299.96138     0.7049112246064E-01
   325 -1151.993537200      1147.82322     -2299.81676     0.7039935731673E-01
   326 -1151.972385256      1147.81746     -2299.78985     0.6915733744272E-01
   327 -1151.964656051      1147.86075     -2299.82540     0.6819074007869E-01
   328 -1151.967165097      1147.91773     -2299.88489     0.6913061545813E-01
   329 -1151.982473607      1147.95101     -2299.93349     0.7080775826699E-01
   330 -1152.010855265      1147.98349     -2299.99434     0.7158793951317E-01
   331 -1152.031761095      1148.11916     -2300.15092     0.7116442264373E-01
   332 -1151.982106039      1148.48834     -2300.47045     0.7013609419694E-01
   333 -1151.974929659      1148.50573     -2300.48066     0.6972161787681E-01
   334 -1152.028891604      1148.09716     -2300.12605     0.7006569449852E-01
   335 -1152.013406605      1147.95556     -2299.96897     0.6995870584333E-01
   336 -1151.984158458      1147.93186     -2299.91602     0.6877879158112E-01
   337 -1151.963866903      1147.95014     -2299.91401     0.6662717884251E-01
   338 -1151.959117581      1147.94195     -2299.90107     0.6533328142419E-01
   339 -1151.969035202      1147.90736     -2299.87639     0.6604268359773E-01
   340 -1151.989338684      1147.89274     -2299.88208     0.6704724379297E-01
   341 -1152.015410931      1147.95558     -2299.97099     0.6710973120490E-01
   342 -1152.018735774      1148.20259     -2300.22133     0.6632524806474E-01
   343 -1151.949405841      1148.60852     -2300.55793     0.6540921682811E-01
   344 -1152.007708783      1148.35193     -2300.35964     0.6552054517235E-01
   345 -1152.021645820      1148.07390     -2300.09555     0.6579130484611E-01
   346 -1151.987365840      1147.97391     -2299.96128     0.6498276719233E-01
   347 -1151.963072666      1147.91186     -2299.87493     0.6257635316184E-01
   348 -1151.954581349      1147.84883     -2299.80342     0.6036417989745E-01
   349 -1151.957504695      1147.81391     -2299.77142     0.6068059071367E-01
   350 -1151.971063440      1147.82785     -2299.79891     0.6237011016380E-01
   351 -1151.999461736      1147.89351     -2299.89297     0.6377380283162E-01
   352 -1152.024138658      1148.06105     -2300.08518     0.6397083059499E-01
   353 -1151.987052330      1148.46697     -2300.45402     0.6346184868211E-01
   354 -1151.955486031      1148.62111     -2300.57660     0.6335340395480E-01
   355 -1152.024294675      1148.15785     -2300.18214     0.6410644923227E-01
   356 -1152.005896333      1147.92298     -2299.92888     0.6423742896457E-01
   357 -1151.974554304      1147.82957     -2299.80413     0.6294093932754E-01
   358 -1151.956142583      1147.79661     -2299.75275     0.6069478516240E-01
   359 -1151.951953828      1147.79585     -2299.74781     0.5991160604736E-01
   360 -1151.960951068      1147.81816     -2299.77911     0.6169043195646E-01
   361 -1151.982008478      1147.86840     -2299.85041     0.6401932534827E-01
   362 -1152.009565468      1147.95521     -2299.96477     0.6511702263571E-01
   363 -1152.024663202      1148.18278     -2300.20744     0.6509060020409E-01
   364 -1151.959888504      1148.59585     -2300.55574     0.6450213106763E-01
   365 -1151.991489046      1148.43102     -2300.42251     0.6477087618130E-01
   366 -1152.026676322      1148.08538     -2300.11206     0.6538035509008E-01
   367 -1151.993237347      1147.87927     -2299.87251     0.6508987401808E-01
   368 -1151.962963259      1147.83595     -2299.79891     0.6262577739994E-01
   369 -1151.949419370      1147.83323     -2299.78265     0.5974658050912E-01
   370 -1151.950356375      1147.84382     -2299.79418     0.5999146497662E-01
   371 -1151.961720855      1147.86374     -2299.82546     0.6247526055861E-01
   372 -1151.985151968      1147.90229     -2299.88744     0.6495074565908E-01
   373 -1152.011953684      1147.97497     -2299.98692     0.6582596488398E-01
   374 -1152.023995377      1148.21487     -2300.23886     0.6560287343034E-01
   375 -1151.955017952      1148.62990     -2300.58492     0.6494608176621E-01
   376 -1151.998595732      1148.42120     -2300.41979     0.6525481504719E-01
   377 -1152.025174441      1148.07107     -2300.09625     0.6586456519913E-01
   378 -1151.992943710      1147.92762     -2299.92056     0.6534796200385E-01
   379 -1151.965045274      1147.89180     -2299.85684     0.6282846708044E-01
   380 -1151.951847845      1147.88466     -2299.83651     0.5992696795650E-01
   381 -1151.951597830      1147.88538     -2299.83698     0.5978785526241E-01
   382 -1151.961620345      1147.89299     -2299.85461     0.6212042386953E-01
   383 -1151.983375042      1147.92079     -2299.90416     0.6477787571826E-01
   384 -1152.010925460      1147.99290     -2300.00382     0.6590767070072E-01
   385 -1152.025221430      1148.22260     -2300.24782     0.6583636185454E-01
   386 -1151.958627524      1148.64834     -2300.60696     0.6523994791003E-01
   387 -1151.994191457      1148.48416     -2300.47835     0.6554378418503E-01
   388 -1152.026139607      1148.11663     -2300.14276     0.6618396618275E-01
   389 -1151.994921623      1147.95590     -2299.95082     0.6564947435144E-01
   390 -1151.966429077      1147.90339     -2299.86982     0.6300543799934E-01
   391 -1151.952421812      1147.88271     -2299.83513     0.5981572690806E-01
   392 -1151.951017193      1147.87707     -2299.82809     0.5936758459758E-01
   393 -1151.959497272      1147.88311     -2299.84261     0.6165018906106E-01
   394 -1151.979405227      1147.90974     -2299.88915     0.6469074044258E-01
   395 -1152.005773550      1147.97156     -2299.97733     0.6621109609915E-01
   396 -1152.027657485      1148.16546     -2300.19312     0.6644078522120E-01
   397 -1151.975556854      1148.57283     -2300.54839     0.6587841811189E-01
   398 -1151.975090553      1148.57226     -2300.54735     0.6593086110299E-01
   399 -1152.027901202      1148.14290     -2300.17080     0.6662392671302E-01
   400 -1152.006097386      1147.95900     -2299.96510     0.6646048917736E-01
   401 -1151.975810948      1147.88673     -2299.86254     0.6455232586430E-01
   402 -1151.957902967      1147.86120     -2299.81910     0.6143753522005E-01
   403 -1151.952428882      1147.85595     -2299.80838     0.5991612138482E-01
   404 -1151.958140182      1147.86373     -2299.82187     0.6154178416241E-01
   405 -1151.974899140      1147.88690     -2299.86180     0.6458995787363E-01
   406 -1152.000068928      1147.93628     -2299.93635     0.6650186298673E-01
   407 -1152.027232707      1148.08687     -2300.11410     0.6700895534343E-01
   408 -1151.994798821      1148.45129     -2300.44609     0.6646724108649E-01
   409 -1151.954015292      1148.63615     -2300.59016     0.6621725799829E-01
   410 -1152.027068157      1148.17323     -2300.20030     0.6692245906272E-01
   411 -1152.009945178      1147.95079     -2299.96074     0.6689851888956E-01
   412 -1151.977736209      1147.87762     -2299.85536     0.6499472121496E-01
   413 -1151.958085670      1147.85722     -2299.81530     0.6153323967452E-01
   414 -1151.951300547      1147.85485     -2299.80615     0.5947751138044E-01
   415 -1151.955958700      1147.86072     -2299.81668     0.6089636791590E-01
   416 -1151.971147717      1147.87801     -2299.84916     0.6411266719931E-01
   417 -1151.992317100      1147.91240     -2299.90472     0.6624088511882E-01
   418 -1152.023787562      1148.03572     -2300.05951     0.6720842251774E-01
   419 -1152.012475870      1148.33981     -2300.35229     0.6683134879613E-01
   420 -1151.941408538      1148.69193     -2300.63334     0.6635205280223E-01
   421 -1152.021527948      1148.26687     -2300.28840     0.6701166406552E-01
   422 -1152.017159683      1147.99945     -2300.01661     0.6723768314699E-01
   423 -1151.983559605      1147.90634     -2299.88990     0.6566224841686E-01
   424 -1151.960721048      1147.87703     -2299.83775     0.6204372512551E-01
   425 -1151.951168249      1147.86819     -2299.81936     0.5912889667560E-01
   426 -1151.952931514      1147.86986     -2299.82279     0.5969451458175E-01
   427 -1151.964335094      1147.88248     -2299.84681     0.6280696012138E-01
   428 -1151.987156747      1147.91852     -2299.90568     0.6602268320248E-01
   429 -1152.015941241      1148.00564     -2300.02158     0.6740996800162E-01
   430 -1152.024143266      1148.25972     -2300.28387     0.6737048040304E-01
   431 -1151.951348400      1148.68207     -2300.63342     0.6681257889404E-01
   432 -1152.006107738      1148.41822     -2300.42433     0.6726265044773E-01
   433 -1152.025550564      1148.08206     -2300.10761     0.6777651108310E-01
   434 -1151.992352353      1147.94148     -2299.93383     0.6671863782940E-01
   435 -1151.965208187      1147.89690     -2299.86211     0.6315861273154E-01
   436 -1151.951998634      1147.88291     -2299.83491     0.5926828894052E-01
   437 -1151.950319406      1147.88322     -2299.83354     0.5859688192439E-01
   438 -1151.957294732      1147.89343     -2299.85073     0.6105701021242E-01
   439 -1151.974396118      1147.91850     -2299.89289     0.6500083974333E-01
   440 -1151.997877972      1147.96412     -2299.96200     0.6741139892946E-01
   441 -1152.027073076      1148.10634     -2300.13341     0.6833202441153E-01
   442 -1152.003686218      1148.44733     -2300.45102     0.6792293892021E-01
   443 -1151.948452832      1148.70665     -2300.65510     0.6761090193663E-01
   444 -1152.026556890      1148.24909     -2300.27565     0.6837116620571E-01
   445 -1152.014031989      1148.00561     -2300.01964     0.6841712647387E-01
   446 -1151.981256478      1147.92066     -2299.90192     0.6635266326332E-01
   447 -1151.960223534      1147.89273     -2299.85295     0.6227852411674E-01
   448 -1151.951656687      1147.88505     -2299.83670     0.5936031081733E-01
   449 -1151.953564498      1147.88748     -2299.84104     0.6011285936435E-01
   450 -1151.964549357      1147.89906     -2299.86361     0.6353810483141E-01
   451 -1151.986534333      1147.93023     -2299.91677     0.6718496410060E-01
   452 -1152.015243987      1148.00714     -2300.02239     0.6886568409753E-01
   453 -1152.027488134      1148.23731     -2300.26480     0.6894165011705E-01
   454 -1151.958198368      1148.65990     -2300.61810     0.6833479407360E-01
   455 -1152.000792255      1148.45549     -2300.45628     0.6868224448950E-01
   456 -1152.028413824      1148.09626     -2300.12467     0.6923736816247E-01
   457 -1151.996337282      1147.94249     -2299.93882     0.6824097039379E-01
   458 -1151.968091167      1147.89434     -2299.86243     0.6460729248050E-01
   459 -1151.953695628      1147.87781     -2299.83151     0.6031881643040E-01
   460 -1151.950683231      1147.87433     -2299.82501     0.5906974278641E-01
   461 -1151.955891421      1147.87892     -2299.83481     0.6106730729100E-01
   462 -1151.970500416      1147.89642     -2299.86692     0.6509786177189E-01
   463 -1151.989828543      1147.92799     -2299.91781     0.6785282557009E-01
   464 -1152.022419707      1148.03828     -2300.06070     0.6946061069674E-01
   465 -1152.022308709      1148.30374     -2300.32605     0.6928898063396E-01
   466 -1151.945196502      1148.71313     -2300.65832     0.6869326369247E-01
   467 -1152.016280377      1148.35547     -2300.37175     0.6925918219556E-01
   468 -1152.023969324      1148.04614     -2300.07010     0.6959828451591E-01
   469 -1151.990247919      1147.92574     -2299.91599     0.6804144689920E-01
   470 -1151.964935282      1147.88614     -2299.85108     0.6392577380038E-01
   471 -1151.952825470      1147.87387     -2299.82670     0.5989336644546E-01
   472 -1151.951419013      1147.87456     -2299.82598     0.5927526507803E-01
   473 -1151.958194898      1147.88422     -2299.84241     0.6185243993091E-01
   474 -1151.974635648      1147.90735     -2299.88199     0.6606823996785E-01
   475 -1151.998064892      1147.95121     -2299.94927     0.6882462673623E-01
   476 -1152.027613133      1148.08443     -2300.11204     0.6992343639797E-01
   477 -1152.008944556      1148.41382     -2300.42276     0.6953843764315E-01
   478 -1151.947329864      1148.70871     -2300.65604     0.6913406617710E-01
   479 -1152.026664626      1148.26151     -2300.28818     0.6987352024508E-01
   480 -1152.017017360      1148.00935     -2300.02636     0.6991511891875E-01
   481 -1151.983935070      1147.92102     -2299.90496     0.6771120534611E-01
   482 -1151.962013961      1147.89194     -2299.85395     0.6320211842201E-01
   483 -1151.952324940      1147.88322     -2299.83555     0.5960901818610E-01
   484 -1151.952578396      1147.88436     -2299.83694     0.5969209594086E-01
   485 -1151.960972831      1147.89390     -2299.85487     0.6285272122552E-01
   486 -1151.979275945      1147.91876     -2299.89804     0.6718614971030E-01
   487 -1152.005494420      1147.97444     -2299.97993     0.6978649244670E-01
   488 -1152.030800374      1148.13822     -2300.16902     0.7052721355932E-01
   489 -1151.992009554      1148.52211     -2300.51412     0.7001381319058E-01
   490 -1151.963825523      1148.65373     -2300.61755     0.6986896255718E-01
   491 -1152.030866234      1148.20369     -2300.23456     0.7063377950660E-01
   492 -1152.031317499      1148.15295     -2300.18426     0.7070268680356E-01
   493 -1151.998477001      1147.94201     -2299.94049     0.6969442342514E-01
   494 -1151.968316496      1147.88069     -2299.84901     0.6558282935748E-01
   495 -1151.953230340      1147.85845     -2299.81168     0.6089495237568E-01
   496 -1151.950178735      1147.85378     -2299.80396     0.5972294232583E-01
   497 -1151.954921138      1147.85808     -2299.81300     0.6178937773930E-01
   498 -1151.968607763      1147.87348     -2299.84209     0.6600112594061E-01
   499 -1151.993385346      1147.91258     -2299.90597     0.6964440297244E-01
   500 -1152.021823260      1148.00262     -2300.02444     0.7101699543770E-01
   501 -1152.024593887      1148.27377     -2300.29837     0.7086372369231E-01
   502 -1151.950253896      1148.67427     -2300.62452     0.7023065000177E-01
   503 -1152.015936750      1148.34458     -2300.36052     0.7072024500748E-01
   504 -1152.026733765      1148.03222     -2300.05895     0.7105816595841E-01
   505 -1151.992892920      1147.90980     -2299.90270     0.6953419365759E-01
   506 -1151.966784311      1147.87343     -2299.84022     0.6541328638432E-01
   507 -1151.954099888      1147.86375     -2299.81785     0.6120540191243E-01
   508 -1151.952338758      1147.86486     -2299.81720     0.6034762323700E-01
   509 -1151.958742532      1147.87371     -2299.83245     0.6269030575467E-01
   510 -1151.974688738      1147.89580     -2299.87049     0.6681307984544E-01
   511 -1151.997236003      1147.93816     -2299.93540     0.6960330385210E-01
   512 -1152.027432274      1148.06783     -2300.09526     0.7078962361913E-01
   513 -1152.013664417      1148.38581     -2300.39948     0.7038112035701E-01
   514 -1151.946028119      1148.71951     -2300.66554     0.6983015507033E-01
   515 -1152.025435369      1148.28994     -2300.31538     0.7048350457554E-01
   516 -1152.019323759      1148.02698     -2300.04630     0.7050446641430E-01
   517 -1151.985865955      1147.93283     -2299.91869     0.6820082547453E-01
   518 -1151.962921160      1147.90144     -2299.86437     0.6329210897958E-01
   519 -1151.952113477      1147.89209     -2299.84421     0.5898829961359E-01
   520 -1151.950905875      1147.89394     -2299.84484     0.5830602364300E-01
   521 -1151.957081939      1147.90432     -2299.86140     0.6091360522111E-01
   522 -1151.972007330      1147.92734     -2299.89935     0.6554546472304E-01
   523 -1151.994243640      1147.96850     -2299.96274     0.6902316978745E-01
   524 -1152.024664230      1148.08402     -2300.10869     0.7066032477534E-01
   525 -1152.018753097      1148.37540     -2300.39415     0.7047555625058E-01
   526 -1151.945782791      1148.74664     -2300.69242     0.6993879958649E-01
   527 -1152.021319622      1148.35219     -2300.37350     0.7062874396771E-01
   528 -1152.022450941      1148.06418     -2300.08663     0.7083569787025E-01
   529 -1151.989000179      1147.95438     -2299.94338     0.6872113623153E-01
   530 -1151.964755737      1147.91643     -2299.88119     0.6372248375416E-01
   531 -1151.952700935      1147.90281     -2299.85551     0.5896200481963E-01
   532 -1151.950049370      1147.90061     -2299.85066     0.5765420119304E-01
   533 -1151.954248737      1147.90559     -2299.85984     0.5967486560418E-01
   534 -1151.966242303      1147.92042     -2299.88667     0.6429224138871E-01
   535 -1151.983090211      1147.94499     -2299.92808     0.6820845674078E-01
   536 -1152.014444958      1148.02352     -2300.03797     0.7111805001832E-01
   537 -1152.031510481      1148.21594     -2300.24745     0.7154479599619E-01
   538 -1151.970879783      1148.64359     -2300.61447     0.7092594886575E-01
   539 -1151.988836593      1148.55837     -2300.54721     0.7111824531251E-01
   540 -1152.031966917      1148.16596     -2300.19792     0.7175945540022E-01
   541 -1152.004370181      1147.98085     -2299.98522     0.7084664936677E-01
   542 -1151.974302150      1147.91982     -2299.89413     0.6688011691130E-01
   543 -1151.957174161      1147.89736     -2299.85454     0.6137968340829E-01
   544 -1151.950596929      1147.89062     -2299.84122     0.5828690428361E-01
   545 -1151.952848655      1147.89387     -2299.84672     0.5938167343906E-01
   546 -1151.962421491      1147.90628     -2299.86870     0.6340837613303E-01
   547 -1151.981349880      1147.93478     -2299.91613     0.6839584806565E-01
   548 -1152.008052134      1147.99506     -2300.00311     0.7134204197188E-01
   549 -1152.032198139      1148.16495     -2300.19715     0.7216379543411E-01
   550 -1151.990188297      1148.55473     -2300.54492     0.7162047229712E-01
   551 -1151.968804456      1148.65366     -2300.62247     0.7149684901088E-01
   552 -1152.032205389      1148.20951     -2300.24171     0.7223269641674E-01
   553 -1152.025247533      1148.06924     -2300.09449     0.7220492457121E-01
   554 -1151.994914954      1147.95645     -2299.95137     0.7047000760337E-01
   555 -1151.970382079      1147.91157     -2299.88195     0.6614604506275E-01
   556 -1151.957225205      1147.89243     -2299.84966     0.6157044651070E-01
   557 -1151.953136056      1147.88544     -2299.83857     0.5977015239492E-01
   558 -1151.956886856      1147.88751     -2299.84440     0.6155035475741E-01
   559 -1151.968801175      1147.90017     -2299.86897     0.6589982039976E-01
   560 -1151.989226596      1147.93065     -2299.91988     0.7002825780826E-01
   561 -1152.019577593      1148.01633     -2300.03591     0.7228492687323E-01
   562 -1152.030178828      1148.24648     -2300.27666     0.7243190142846E-01
   563 -1151.959356046      1148.67248     -2300.63184     0.7175091421920E-01
   564 -1152.005404478      1148.45015     -2300.45555     0.7210524352177E-01
   565 -1152.030945696      1148.09412     -2300.12506     0.7257417688917E-01
   566 -1151.998825820      1147.94133     -2299.94015     0.7114174831552E-01
   567 -1151.970717610      1147.89173     -2299.86245     0.6663533372090E-01
   568 -1151.955708424      1147.87462     -2299.83033     0.6133193156785E-01
   569 -1151.951000059      1147.87160     -2299.82260     0.5903031830081E-01
   570 -1151.955761599      1147.87833     -2299.83410     0.6123592499630E-01
   571 -1151.968487712      1147.89603     -2299.86452     0.6587937925042E-01
   572 -1151.985212322      1147.92200     -2299.90722     0.6952454456847E-01
   573 -1152.017250838      1148.00760     -2300.02485     0.7227267967096E-01
   574 -1152.032183231      1148.21012     -2300.24230     0.7255604843163E-01
   575 -1151.967240150      1148.64516     -2300.61240     0.7185278857770E-01
   576 -1151.994823124      1148.51595     -2300.51077     0.7205307207990E-01
   577 -1152.032930332      1148.16088     -2300.19381     0.7259936775322E-01
   578 -1152.001324833      1147.95835     -2299.95968     0.7132852224891E-01
   579 -1151.970500958      1147.90444     -2299.87494     0.6633567274527E-01
   580 -1151.953890371      1147.88773     -2299.84162     0.5997953893248E-01
   581 -1151.948096448      1147.88581     -2299.83390     0.5682067419691E-01
   582 -1151.953253275      1147.89310     -2299.84635     0.5946694752741E-01
   583 -1151.965574477      1147.91070     -2299.87627     0.6457853252354E-01
   584 -1151.987489381      1147.94811     -2299.93560     0.6973616249161E-01
   585 -1152.015255102      1148.02402     -2300.03927     0.7224609593379E-01
   586 -1152.031808759      1148.23900     -2300.27081     0.7269124468296E-01
   587 -1151.970296406      1148.65760     -2300.62789     0.7205457607104E-01
   588 -1151.993424653      1148.54955     -2300.54297     0.7226266727834E-01
   589 -1152.032620183      1148.17786     -2300.21048     0.7283359558963E-01
   590 -1152.002930885      1147.98918     -2299.99212     0.7157864990515E-01
   591 -1151.972696219      1147.93189     -2299.90459     0.6667175595777E-01
   592 -1151.955610799      1147.91189     -2299.86750     0.6010649190847E-01
   593 -1151.948535973      1147.90720     -2299.85573     0.5621504678034E-01
   594 -1151.949657887      1147.91180     -2299.86146     0.5674616401049E-01
   595 -1151.956666449      1147.92441     -2299.88108     0.6033438065521E-01
   596 -1151.971061868      1147.94839     -2299.91946     0.6600937640795E-01
   597 -1151.992033783      1147.98742     -2299.97946     0.7052050705646E-01
   598 -1152.022484985      1148.08887     -2300.11135     0.7294627048908E-01
   599 -1152.026912405      1148.34358     -2300.37049     0.7307543302769E-01
   600 -1151.953526741      1148.75375     -2300.70727     0.7246142037721E-01
   601 -1152.013685901      1148.45577     -2300.46946     0.7299668923095E-01
   602 -1152.028565872      1148.13030     -2300.15886     0.7332329432247E-01
   603 -1151.995695834      1147.99430     -2299.99000     0.7122013475697E-01
   604 -1151.969033457      1147.94676     -2299.91579     0.6545100873910E-01
   605 -1151.954319232      1147.92786     -2299.88218     0.5891985096685E-01
   606 -1151.948230884      1147.92203     -2299.87026     0.5536104553400E-01
   607 -1151.949102246      1147.92506     -2299.87416     0.5580379112998E-01
   608 -1151.955291843      1147.93552     -2299.89081     0.5923733612905E-01
   609 -1151.968090462      1147.95636     -2299.92445     0.6500929760909E-01
   610 -1151.987591284      1147.99114     -2299.97873     0.7023637549527E-01
   611 -1152.017378102      1148.07594     -2300.09332     0.7337790129009E-01
   612 -1152.031795357      1148.28899     -2300.32078     0.7390308026383E-01
   613 -1151.967945962      1148.70987     -2300.67782     0.7330541519976E-01
   614 -1151.997311738      1148.56970     -2300.56701     0.7358237839862E-01
   615 -1152.033137007      1148.23227     -2300.26541     0.7407098955688E-01
   616 -1152.000561026      1148.01624     -2300.01680     0.7226777657354E-01
   617 -1151.969603575      1147.95813     -2299.92773     0.6564830555083E-01
   618 -1151.952351520      1147.93714     -2299.88949     0.5728443828769E-01
   619 -1151.944600401      1147.93201     -2299.87661     0.5220820269222E-01
   620 -1151.944441626      1147.93663     -2299.88107     0.5191002311552E-01
   621 -1151.948361111      1147.94834     -2299.89670     0.5424726908599E-01
   622 -1151.956929052      1147.96838     -2299.92531     0.5920815775947E-01
   623 -1151.966394622      1147.98516     -2299.95156     0.6391771564181E-01
   624 -1151.989501425      1148.03052     -2300.02002     0.7085116934672E-01
   625 -1152.016982929      1148.11152     -2300.12851     0.7397525525214E-01
   626 -1152.031209385      1148.33286     -2300.36407     0.7461555200619E-01
   627 -1151.968634360      1148.74034     -2300.70898     0.7404614021486E-01
   628 -1151.998560068      1148.59469     -2300.59325     0.7432531353337E-01
   629 -1152.032987009      1148.26524     -2300.29823     0.7478131988311E-01
   630 -1152.000322523      1148.04617     -2300.04650     0.7271853352807E-01
   631 -1151.969527132      1147.98593     -2299.95546     0.6538499460503E-01
   632 -1151.952019063      1147.96229     -2299.91431     0.5616989894807E-01
   633 -1151.943355259      1147.95462     -2299.89797     0.5015714984193E-01
   634 -1151.941067603      1147.95683     -2299.89790     0.4828173821347E-01
   635 -1151.941960194      1147.96568     -2299.90764     0.4858570649627E-01
   636 -1151.946030075      1147.98219     -2299.92822     0.5111175799506E-01
   637 -1151.953655256      1148.00668     -2299.96034     0.5597537101687E-01
   638 -1151.963559479      1148.03258     -2299.99614     0.6178748271193E-01
   639 -1151.981781753      1148.07681     -2300.05859     0.6939500300225E-01
   640 -1152.007733436      1148.14891     -2300.15664     0.7437105438609E-01
   641 -1152.031406300      1148.31190     -2300.34330     0.7607738794043E-01
   642 -1151.997309547      1148.67580     -2300.67311     0.7587194834640E-01
   643 -1151.967315260      1148.81597     -2300.78329     0.7580614568182E-01
   644 -1152.031497891      1148.38556     -2300.41706     0.7656617006364E-01
   645 -1152.015153534      1148.16431     -2300.17946     0.7576128662341E-01
   646 -1151.984784276      1148.07345     -2300.05823     0.7098549957213E-01
   647 -1151.964317036      1148.02945     -2299.99377     0.6247420504892E-01
   648 -1151.951892351      1148.00441     -2299.95630     0.5448099324712E-01
   649 -1151.944077422      1147.99003     -2299.93410     0.4862580513260E-01
   650 -1151.939089360      1147.98320     -2299.92229     0.4457352009970E-01
   651 -1151.936217230      1147.98323     -2299.91945     0.4196129436662E-01
   652 -1151.935160274      1147.99034     -2299.92550     0.4061462140991E-01
   653 -1151.935734345      1148.00541     -2299.94115     0.4041060695302E-01
   654 -1151.937795511      1148.02893     -2299.96672     0.4131016335237E-01
   655 -1151.941185909      1148.06097     -2300.00215     0.4330800476202E-01
   656 -1151.945789072      1148.10112     -2300.04691     0.4642332955072E-01
   657 -1151.951632468      1148.14847     -2300.10010     0.5076341887458E-01
   658 -1151.959062943      1148.20198     -2300.16105     0.5655907253400E-01
   659 -1151.969006279      1148.26109     -2300.23010     0.6404920626471E-01
   660 -1151.983408773      1148.32764     -2300.31105     0.7264854690232E-01
   661 -1152.004633198      1148.41300     -2300.41763     0.7939734092373E-01
   662 -1152.025215897      1148.56130     -2300.58652     0.8221191625479E-01
   663 -1152.005002648      1148.85668     -2300.86168     0.8267124700718E-01
   664 -1151.970882039      1149.02599     -2300.99687     0.8286767454299E-01
   665 -1152.025481066      1148.66423     -2300.68971     0.8376358818331E-01
   666 -1152.020622251      1148.40860     -2300.42922     0.8343829784448E-01
   667 -1151.996066440      1148.27210     -2300.26817     0.7954550173755E-01
   668 -1151.978580029      1148.18458     -2300.16316     0.7207660690711E-01
   669 -1151.967788913      1148.11764     -2300.08543     0.6506013203556E-01
   670 -1151.960362170      1148.06208     -2300.02245     0.5976012986977E-01
   671 -1151.954634113      1148.01506     -2299.96969     0.5570752296608E-01
   672 -1151.949939737      1147.97681     -2299.92675     0.5244610986730E-01
   673 -1151.945949206      1147.94779     -2299.89374     0.4961720446294E-01
   674 -1151.942457164      1147.92819     -2299.87064     0.4693709484872E-01
   675 -1151.939297720      1147.91789     -2299.85719     0.4416627774665E-01
   676 -1151.936305618      1147.91680     -2299.85311     0.4109148538490E-01
   677 -1151.933299379      1147.92479     -2299.85809     0.3750957363262E-01
   678 -1151.930082772      1147.94209     -2299.87218     0.3324978794945E-01
   679 -1151.926466969      1147.96929     -2299.89575     0.2818498015437E-01
   680 -1151.922324722      1148.00715     -2299.92947     0.2233804175006E-01
   681 -1151.917693155      1148.05667     -2299.97437     0.1600917791572E-01
   682 -1151.913128006      1148.11791     -2300.03104     0.1012728308996E-01
   683 -1151.922550273      1148.17795     -2300.10050     0.1795073981358E-01
   684 -1151.953448694      1148.27810     -2300.23155     0.4980023484668E-01
   685 -1151.998991941      1148.39371     -2300.39270     0.8743014470137E-01
   686 -1152.038265228      1148.65147     -2300.68973     0.9851338706062E-01
   687 -1151.919354993      1149.32965     -2301.24901     0.1031210359329
   688 -1152.009202348      1149.00470     -2301.01390     0.1103797513119
   689 -1152.047457559      1148.58648     -2300.63394     0.1174398798144
   690 -1151.997407094      1148.43849     -2300.43590     0.1006671582216
   691 -1151.961985851      1148.42089     -2300.38288     0.6503421981854E-01
   692 -1151.946379257      1148.42684     -2300.37322     0.5241729382892E-01
   693 -1151.944811971      1148.42830     -2300.37311     0.5588975793839E-01
   694 -1151.954759566      1148.41496     -2300.36972     0.7229348797969E-01
   695 -1151.976587749      1148.38915     -2300.36574     0.1026617685885
   696 -1152.012525501      1148.36992     -2300.38245     0.1487581259853
   697 -1152.062602967      1148.40667     -2300.46927     0.1832695187703
   698 -1152.091523424      1148.66018     -2300.75170     0.1855784526268
   699 -1151.933630806      1149.39721     -2301.33085     0.1861793165801
   700 -1152.078826059      1148.80178     -2300.88060     0.1880297611876
   701 -1152.080134440      1148.52135     -2300.60149     0.1881598042857
   702 -1152.023752061      1148.42764     -2300.45139     0.1720615305800
   703 -1151.981598169      1148.41988     -2300.40147     0.1248104616666
   704 -1151.957917500      1148.41273     -2300.37065     0.9861008936942E-01
   705 -1151.948104872      1148.38794     -2300.33605     0.8732907631772E-01
   706 -1151.949733120      1148.34860     -2300.29833     0.8757336686972E-01
   707 -1151.962879352      1148.30580     -2300.26868     0.9944444729132E-01
   708 -1151.989786248      1148.27504     -2300.26482     0.1259985432803
   709 -1152.033419386      1148.28066     -2300.31408     0.1690165461674
   710 -1152.085454625      1148.39238     -2300.47783     0.1769906759801
   711 -1152.048411235      1148.88060     -2300.92901     0.1790276254136
   712 -1151.944957450      1149.24266     -2301.18762     0.1818052827244
   713 -1152.098823468      1148.35970     -2300.45852     0.1830850208162
   714 -1152.066225286      1148.15661     -2300.22283     0.1824717873928
   715 -1152.019164244      1148.04974     -2300.06890     0.1476560429844
   716 -1151.986752842      1148.00309     -2299.98984     0.1134793360688
   717 -1151.968434855      1147.98685     -2299.95528     0.9513978719474E-01
   718 -1151.961135422      1147.98687     -2299.94800     0.8849979228342E-01
   719 -1151.963407881      1147.99256     -2299.95597     0.9149518513268E-01
   720 -1151.975768661      1147.99704     -2299.97281     0.1048686583902
   721 -1152.000759395      1148.00183     -2300.00259     0.1319448284567
   722 -1152.041366765      1148.03123     -2300.07259     0.1702229934625
   723 -1152.087413971      1148.16930     -2300.25671     0.1799840827656
   724 -1152.037246296      1148.69522     -2300.73246     0.1788502025472
   725 -1151.958897571      1148.99821     -2300.95710     0.1779185145879
   726 -1152.082874837      1148.27557     -2300.35845     0.1785514138879
   727 -1152.045586540      1148.11968     -2300.16527     0.1753530585882
   728 -1151.998186065      1148.08826     -2300.08644     0.1403870964050
   729 -1151.966045154      1148.09660     -2300.06265     0.1069251681818
   730 -1151.947740101      1148.10010     -2300.04784     0.8860960404559E-01
   731 -1151.940025512      1148.08430     -2300.02432     0.8101106484046E-01
   732 -1151.940977480      1148.05452     -2299.99550     0.8188714586191E-01
   733 -1151.950330492      1148.02591     -2299.97624     0.9151395272888E-01
   734 -1151.969354106      1148.01600     -2299.98535     0.1123078839414
   735 -1152.000068087      1148.04351     -2300.04358     0.1479658933972
   736 -1152.042482858      1148.13649     -2300.17898     0.1837098387562
   737 -1152.078613597      1148.36760     -2300.44622     0.1858463276320
   738 -1152.007961545      1148.93894     -2300.94690     0.1843637985013
   739 -1151.980226968      1149.044060112     -2301.024287080
$end
