$energy      SCF               SCFKIN            SCFPOT
     1 -1152.076567676      1149.30731     -2301.38388     0.2118930915690
     2 -1152.080663003      1149.17317     -2301.25383     0.2096754174637
     3 -1152.083307390      1149.02992     -2301.11323     0.2068893249925
     4 -1152.083130925      1148.93377     -2301.01690     0.2034227592645
     5 -1152.083039787      1148.88466     -2300.96770     0.1993717303547
     6 -1152.088070421      1148.83481     -2300.92288     0.1948526373468
     7 -1152.096079165      1148.75579     -2300.85187     0.1897629275693
     8 -1152.095920749      1148.65703     -2300.75295     0.1839160432473
     9 -1152.089833927      1148.50221     -2300.59204     0.1774515104909
    10 -1152.087157990      1148.25363     -2300.34078     0.1708508632893
    11 -1152.086886414      1147.95995     -2300.04684     0.1643898547813
    12 -1152.083475611      1147.71333     -2299.79681     0.1579630606544
    13 -1152.076652906      1147.56811     -2299.64476     0.1513720374184
    14 -1152.067956299      1147.52154     -2299.58950     0.1445764508302
    15 -1152.061195807      1147.51827     -2299.57947     0.1376905940894
    16 -1152.056768517      1147.50503     -2299.56180     0.1308866669071
    17 -1152.046992035      1147.47015     -2299.51714     0.1242485561444
    18 -1152.033913347      1147.38421     -2299.41812     0.1178613737232
    19 -1152.024095328      1147.23087     -2299.25496     0.1118618513437
    20 -1152.017915925      1147.05683     -2299.07475     0.1062319702360
    21 -1152.011188358      1146.94313     -2298.95432     0.1007741459256
    22 -1152.002984177      1146.93591     -2298.93890     0.9533042953447E-01
    23 -1151.993877834      1147.02503     -2299.01890     0.8991000001205E-01
    24 -1151.987761502      1147.14550     -2299.13326     0.8464557932072E-01
    25 -1151.985026363      1147.23798     -2299.22300     0.7966022724954E-01
    26 -1151.978744728      1147.28888     -2299.26762     0.7491306541733E-01
    27 -1151.970159380      1147.27973     -2299.24988     0.7031602571904E-01
    28 -1151.964732561      1147.20679     -2299.17152     0.6586398928045E-01
    29 -1151.962828804      1147.12151     -2299.08434     0.6150652965305E-01
    30 -1151.960230359      1147.10348     -2299.06371     0.5714104413750E-01
    31 -1151.955841209      1147.19217     -2299.14801     0.5270452451544E-01
    32 -1151.950453221      1147.36655     -2299.31700     0.4826707717976E-01
    33 -1151.948652336      1147.55326     -2299.50191     0.4402129239885E-01
    34 -1151.949374261      1147.69915     -2299.64852     0.4014499572008E-01
    35 -1151.946138974      1147.79421     -2299.74035     0.3668632649423E-01
    36 -1151.941162385      1147.82248     -2299.76364     0.3366432510093E-01
    37 -1151.939551628      1147.78890     -2299.72845     0.3104771742085E-01
    38 -1151.940021492      1147.75696     -2299.69698     0.2864046358571E-01
    39 -1151.938971265      1147.80300     -2299.74197     0.2620258661363E-01
    40 -1151.936352999      1147.95455     -2299.89091     0.2360124945168E-01
    41 -1151.932896626      1148.18119     -2300.11409     0.2088265767088E-01
    42 -1151.932634256      1148.40556     -2300.33820     0.1823974588308E-01
    43 -1151.933735797      1148.57378     -2300.50752     0.1588710351421E-01
    44 -1151.931226392      1148.66822     -2300.59944     0.1478720088437E-01
    45 -1151.925586281      1148.69582     -2300.62141     0.1482788151995E-01
    46 -1151.922158778      1148.66450     -2300.58665     0.1581509578936E-01
    47 -1151.918687303      1148.65205     -2300.57073     0.1733698597083E-01
    48 -1151.914762993      1148.72339     -2300.63815     0.1907805036941E-01
    49 -1151.912204615      1148.89211     -2300.80431     0.2088451179459E-01
    50 -1151.908946660      1149.12676     -2301.03571     0.2276189989996E-01
    51 -1151.907829531      1149.33527     -2301.24310     0.2485734966469E-01
    52 -1151.911947497      1149.42418     -2301.33613     0.2724548519866E-01
    53 -1151.914083605      1149.38023     -2301.29431     0.2976941167836E-01
    54 -1151.914433980      1149.21826     -2301.13269     0.3216311144390E-01
    55 -1151.916832840      1148.98507     -2300.90191     0.3414928139188E-01
    56 -1151.920122855      1148.76755     -2300.68767     0.3557178022602E-01
    57 -1151.926551772      1148.62261     -2300.54916     0.3631561541724E-01
    58 -1151.935592906      1148.57228     -2300.50787     0.3626056098878E-01
    59 -1151.940809460      1148.60207     -2300.54288     0.3542585394319E-01
    60 -1151.943468737      1148.62583     -2300.56930     0.3411843253712E-01
    61 -1151.948297072      1148.55117     -2300.49947     0.3273300823214E-01
    62 -1151.946407988      1148.38784     -2300.33425     0.3141114622060E-01
    63 -1151.937121525      1148.16885     -2300.10597     0.3006338747976E-01
    64 -1151.927160213      1147.93455     -2299.86171     0.2860307692921E-01
    65 -1151.918572014      1147.75244     -2299.67101     0.2703974931609E-01
    66 -1151.913529111      1147.66863     -2299.58216     0.2547179700572E-01
    67 -1151.910073005      1147.70034     -2299.61042     0.2407662599309E-01
    68 -1151.902132784      1147.82220     -2299.72433     0.2310852652848E-01
    69 -1151.894950287      1147.92661     -2299.82156     0.2294607100293E-01
    70 -1151.896218514      1147.91496     -2299.81118     0.2387382776268E-01
    71 -1151.894491714      1147.82048     -2299.71497     0.2583330595610E-01
    72 -1151.888253577      1147.68306     -2299.57132     0.2867976447014E-01
    73 -1151.887500535      1147.51729     -2299.40479     0.3218834009529E-01
    74 -1151.892976466      1147.37883     -2299.27180     0.3607433248512E-01
    75 -1151.902096359      1147.32333     -2299.22543     0.4010394929534E-01
    76 -1151.910881831      1147.37653     -2299.28742     0.4414206094309E-01
    77 -1151.914644447      1147.51027     -2299.42491     0.4827709118199E-01
    78 -1151.922419654      1147.60879     -2299.53120     0.5287540264810E-01
    79 -1151.941737366      1147.58808     -2299.52982     0.5818035855663E-01
    80 -1151.957096150      1147.51185     -2299.46894     0.6398267560547E-01
    81 -1151.963374453      1147.43479     -2299.39816     0.6995936422915E-01
    82 -1151.971345939      1147.34957     -2299.32092     0.7598254002513E-01
    83 -1151.984053139      1147.28766     -2299.27171     0.8203621314217E-01
    84 -1151.997424117      1147.30810     -2299.30553     0.8794063127188E-01
    85 -1152.007029949      1147.44028     -2299.44731     0.9351866808058E-01
    86 -1152.010059845      1147.65353     -2299.66359     0.9910167645729E-01
    87 -1152.018310878      1147.82997     -2299.84828     0.1054090330890
    88 -1152.037868912      1147.90312     -2299.94099     0.1133751724039
    89 -1152.051417721      1147.95312     -2300.00453     0.1236005122580
    90 -1152.054260758      1148.03471     -2300.08897     0.1363817160604
    91 -1152.059261542      1148.12828     -2300.18754     0.1517302469954
    92 -1152.069795793      1148.25471     -2300.32451     0.1691882311646
    93 -1152.079578635      1148.47711     -2300.55669     0.1877220717001
    94 -1152.081691692      1148.83037     -2300.91206     0.2046847881195
    95 -1152.073029749      1149.27500     -2301.34803     0.2163216784445
    96 -1152.066597189      1149.68159     -2301.74819     0.2238128542344
    97 -1152.062293157      1150.00156     -2302.06385     0.2291860695093
    98 -1152.040204404      1150.30927     -2302.34947     0.2318479044030
    99 -1152.002048142      1150.60571     -2302.60776     0.2305089398835
   100 -1151.966671533      1150.82175     -2302.78842     0.2275120631247
   101 -1151.943004859      1150.94791     -2302.89092     0.2248830790164
   102 -1151.933046490      1151.01480     -2302.94784     0.2195156361246
   103 -1151.933147056      1151.03808     -2302.97123     0.2118938002080
   104 -1151.941727455      1150.96479     -2302.90652     0.2066093881055
   105 -1151.968434052      1150.69602     -2302.66445     0.2057079720508
   106 -1152.000772644      1150.28523     -2302.28600     0.2091814745284
   107 -1152.019316679      1149.87170     -2301.89101     0.2152319363666
   108 -1152.029518209      1149.50663     -2301.53615     0.2195973855627
   109 -1152.041424907      1149.20197     -2301.24339     0.2154457518905
   110 -1152.050550675      1148.99980     -2301.05035     0.2068146815797
   111 -1152.053274625      1148.89841     -2300.95169     0.1967373264108
   112 -1152.050056378      1148.83105     -2300.88111     0.1840442781859
   113 -1152.040077475      1148.71945     -2300.75952     0.1692688507725
   114 -1152.036643133      1148.48378     -2300.52042     0.1544125943793
   115 -1152.033128883      1148.19210     -2300.22523     0.1404357923872
   116 -1152.017428309      1147.96548     -2299.98291     0.1273968011800
   117 -1152.001120039      1147.80991     -2299.81103     0.1154182243823
   118 -1151.997543548      1147.69141     -2299.68895     0.1046998643220
   119 -1152.000530024      1147.63422     -2299.63475     0.9495432764791E-01
   120 -1151.995932247      1147.66603     -2299.66196     0.8554255425013E-01
   121 -1151.981031918      1147.72661     -2299.70764     0.7624793980927E-01
   122 -1151.966918177      1147.68944     -2299.65636     0.6741763809145E-01
   123 -1151.964741081      1147.49219     -2299.45693     0.5885484297097E-01
   124 -1151.961594686      1147.25272     -2299.21432     0.5185747442141E-01
   125 -1151.947092377      1147.10494     -2299.05204     0.4591708471107E-01
   126 -1151.932376591      1147.05706     -2298.98944     0.4081983757839E-01
   127 -1151.930571271      1147.06219     -2298.99276     0.3655066513198E-01
   128 -1151.937537514      1147.12510     -2299.06264     0.3299027390564E-01
   129 -1151.936816822      1147.27780     -2299.21462     0.2999250294118E-01
   130 -1151.925749182      1147.45559     -2299.38134     0.2767299138066E-01
   131 -1151.920218542      1147.50805     -2299.42827     0.2649300000686E-01
   132 -1151.928649536      1147.38458     -2299.31323     0.2686071395991E-01
   133 -1151.934451760      1147.22756     -2299.16201     0.2840324035817E-01
   134 -1151.928365232      1147.17259     -2299.10095     0.3046706765787E-01
   135 -1151.921849289      1147.22556     -2299.14741     0.3274078250636E-01
   136 -1151.928363125      1147.33222     -2299.26059     0.3518943666582E-01
   137 -1151.945128777      1147.48857     -2299.43370     0.3780859521943E-01
   138 -1151.953835899      1147.73651     -2299.69035     0.4064147136262E-01
   139 -1151.946208300      1148.02768     -2299.97389     0.4362860008184E-01
   140 -1151.941015862      1148.18568     -2300.12670     0.4661898029723E-01
   141 -1151.951405902      1148.13746     -2300.08887     0.4960771577182E-01
   142 -1151.954643854      1148.05803     -2300.01268     0.5237550889393E-01
   143 -1151.943112799      1148.08564     -2300.02875     0.5464720274773E-01
   144 -1151.930369829      1148.21417     -2300.14454     0.5625394110905E-01
   145 -1151.930387057      1148.38083     -2300.31122     0.5731649469793E-01
   146 -1151.941012040      1148.57535     -2300.51637     0.5780606553525E-01
   147 -1151.943067373      1148.84299     -2300.78605     0.5752459351263E-01
   148 -1151.925273232      1149.14513     -2301.07040     0.5666895006401E-01
   149 -1151.911045080      1149.28004     -2301.19109     0.5600515599518E-01
   150 -1151.920477913      1149.14364     -2301.06412     0.5630193339693E-01
   151 -1151.924927210      1148.93978     -2300.86471     0.5748187526053E-01
   152 -1151.915384434      1148.82153     -2300.73691     0.5904265084125E-01
   153 -1151.904324828      1148.80233     -2300.70666     0.6089920474648E-01
   154 -1151.903792589      1148.83140     -2300.73519     0.6343338649084E-01
   155 -1151.916767054      1148.87496     -2300.79173     0.6667551337058E-01
   156 -1151.929313496      1148.95704     -2300.88635     0.7036234911231E-01
   157 -1151.927582282      1149.06722     -2300.99481     0.7464489420160E-01
   158 -1151.924999097      1149.05755     -2300.98255     0.7998850846831E-01
   159 -1151.942172161      1148.80440     -2300.74658     0.8613317974408E-01
   160 -1151.959219794      1148.44945     -2300.40867     0.9185073841215E-01
   161 -1151.962588772      1148.16303     -2300.12561     0.9611163829902E-01
   162 -1151.962004437      1147.99513     -2299.95714     0.9904594371456E-01
   163 -1151.967922440      1147.92010     -2299.88802     0.1019889058069
   164 -1151.984842151      1147.89226     -2299.87710     0.1056342494838
   165 -1152.005456513      1147.89849     -2299.90395     0.1099801519187
   166 -1152.015853144      1147.93868     -2299.95453     0.1149336504729
   167 -1152.018323414      1147.93387     -2299.95219     0.1205716579672
   168 -1152.027362552      1147.77997     -2299.80733     0.1268203099023
   169 -1152.039737514      1147.51802     -2299.55776     0.1335480085487
   170 -1152.045298881      1147.28844     -2299.33374     0.1403794867242
   171 -1152.044878007      1147.18962     -2299.23450     0.1451202466699
   172 -1152.045011880      1147.23906     -2299.28407     0.1476349629204
   173 -1152.050786188      1147.40005     -2299.45083     0.1495266322648
   174 -1152.060718000      1147.63392     -2299.69464     0.1514054592483
   175 -1152.064273639      1147.92799     -2299.99226     0.1535111087055
   176 -1152.056021096      1148.24176     -2300.29778     0.1552029079978
   177 -1152.041679969      1148.49993     -2300.54161     0.1556075787390
   178 -1152.025423619      1148.68155     -2300.70697     0.1560452123260
   179 -1152.004671299      1148.84807     -2300.85275     0.1575415504477
   180 -1151.981107203      1149.05941     -2301.04051     0.1599215136959
   181 -1151.963982067      1149.30827     -2301.27225     0.1623560124672
   182 -1151.963060982      1149.52793     -2301.49099     0.1645231063861
   183 -1151.980054693      1149.65342     -2301.63348     0.1702466790406
   184 -1152.004340007      1149.67455     -2301.67889     0.1810943246925
   185 -1152.022420013      1149.61162     -2301.63404     0.1934110135734
   186 -1152.036921072      1149.45521     -2301.49213     0.2022311005648
   187 -1152.045700497      1149.26323     -2301.30893     0.2066145681286
   188 -1152.042804167      1149.13787     -2301.18068     0.2124120749878
   189 -1152.035539615      1149.114557837     -2301.150097452
$end
